273.4221,11.05,226.308
273.5468,11.05,226.3715
273.6706,11.05,226.437
273.7933,11.05,226.5043
273.9149,11.05,226.5737
274.0342,11.04853,226.6469
274.152,11.05,226.722
274.2688,11.05,226.7991
274.3843,11.05,226.8782
274.4984,11.05,226.9593
274.6112,11.04777,227.0422
274.7208,11.05,227.1289
274.829,11.05,227.2175
274.9357,11.05,227.3082
275.0408,11.04792,227.4007
275.1439,11.05,227.4948
275.2438,11.05,227.5928
275.3419,11.05,227.6927
275.4381,11.05,227.7943
275.5324,11.05,227.8978
275.6247,11.04999,228.0029
275.713,11.05,228.1116
275.7992,11.05,228.2219
275.8832,11.05,228.3338
275.965,11.05,228.4474
276.0446,11.04751,228.5626
276.1194,11.05,228.6806
276.1918,11.05,228.8003
276.2619,11.05,228.9214
276.3295,11.04757,229.044
276.3919,11.05,229.1686
276.4517,11.05,229.295
276.5089,11.05,229.4228
276.5634,11.05,229.5517
276.6151,11.04721,229.6818
276.6612,11.05,229.8137
276.7043,11.05,229.9468
276.7446,11.04175,230.0808
276.783,11.05,230.214
276.8172,11.05,230.3491
276.8485,11.05,230.4855
276.8737,11.05,230.6232
276.8956,11.05,230.7614
276.9145,11.05,230.9001
276.9301,11.04249,231.0392
276.9428,11.05,231.1776
276.9486,11.05,231.317
276.9512,11.05,231.4569
276.9504,11.05,231.5969
276.9469,11.05,231.7368
276.9414,11.05,231.8766
276.9337,11.04571,232.0163
276.9257,11.05,232.1552
276.9178,11.05,232.2948
276.9104,11.05,232.4223
276.9038,11.05,232.5379
276.8979,11.05,232.6415
276.8927,11.05,232.7331
276.8881,11.05,232.8127
276.8842,11.05,232.8804
276.881,11.0481,232.9361
276.8785,11.04355,232.9797
276.8767,11.04983,233.0116
276.8755,11.04863,233.0331
276.8746,11.04694,233.0494
276.874,11.04568,233.0586
276.8737,11.04484,233.064
276.8735,11.04433,233.0671
276.8735,11.04409,233.0685
276.8734,11.04405,233.0688
276.8734,11.04405,233.0688
276.8734,11.04405,233.0688
276.8734,11.04405,233.0688
276.8734,11.04405,233.0688
276.8734,11.04405,233.0688
276.8734,11.04405,233.0688
276.8734,11.04405,233.0688
276.8734,11.04405,233.0688
276.8734,11.04405,233.0688
276.8734,11.04405,233.0688
276.8734,11.04405,233.0688
276.8734,11.04405,233.0688
276.8734,11.04405,233.0688
276.8734,11.04405,233.0688
276.8734,11.04405,233.0688
276.8734,11.04405,233.0688
276.8734,11.04405,233.0688
276.8734,11.04405,233.0688
276.8734,11.04405,233.0688
276.8734,11.04405,233.0688
276.8734,11.04405,233.0688
276.8734,11.04405,233.0688
276.8734,11.04405,233.0688
276.8734,11.04405,233.0688
276.8734,11.04399,233.0691
276.8735,11.04375,233.0704
276.8735,11.04279,233.0756
276.8737,11.04096,233.0845
276.874,11.05,233.0972
276.8743,11.05,233.1076
276.8751,11.05,233.1297
276.8766,11.05,233.1637
276.8788,11.05,233.2063
276.8816,11.05,233.2567
276.8851,11.05,233.3132
276.8897,11.05,233.381
276.8955,11.05,233.4584
276.9027,11.05,233.5476
276.9117,11.05,233.6487
276.9225,11.05,233.7617
276.9352,11.05,233.8866
276.9505,11.04669,234.0231
276.9684,11.05,234.1615
276.9873,11.05,234.3
277.0072,11.04993,234.4386
277.0283,11.049,234.5769
277.0515,11.04667,234.7149
277.0758,11.04275,234.8527
277.1013,11.05,234.9902
277.1279,11.05,235.1271
277.1557,11.04257,235.2643
277.1858,11.05,235.4002
277.2172,11.05,235.5361
277.2499,11.05,235.6721
277.2838,11.05,235.8079
277.3191,11.05,235.9433
277.357,11.04231,236.078
277.3952,11.05,236.2113
277.4356,11.05,236.3447
277.4775,11.05,236.4783
277.5208,11.04485,236.6113
277.5668,11.05,236.7432
277.6143,11.05,236.8746
277.6632,11.04996,237.0057
277.7136,11.05,237.1362
277.7654,11.05,237.2662
277.8182,11.05,237.3959
277.8713,11.05,237.5253
277.9244,11.05,237.6548
277.9776,11.05,237.7843
278.0307,11.04882,237.9137
278.0838,11.04112,238.0431
278.1368,11.04922,238.1722
278.1897,11.04216,238.3011
278.2426,11.05,238.4302
278.2956,11.05,238.5592
278.3487,11.05,238.6887
278.4019,11.05,238.8181
278.455,11.05,238.9476
278.5081,11.04251,239.0771
278.5608,11.05,239.2054
278.6137,11.05,239.3344
278.6668,11.05,239.4638
278.7199,11.05,239.5933
278.7731,11.05,239.7228
278.8262,11.04958,239.8522
278.8793,11.0434,239.9817
278.9323,11.05,240.1108
278.9853,11.05,240.24
279.0385,11.04815,240.3694
279.0916,11.05,240.4988
279.1447,11.05,240.6283
279.1978,11.05,240.7577
279.2509,11.05,240.8872
279.304,11.04965,241.0167
279.3571,11.05,241.146
279.4103,11.05,241.2755
279.4634,11.05,241.405
279.5165,11.0498,241.5344
279.5696,11.04441,241.6639
279.6227,11.05,241.7931
279.6757,11.05,241.9223
279.7288,11.04664,242.0518
279.7816,11.05,242.1804
279.8347,11.05,242.3098
279.8878,11.05,242.4393
279.9409,11.05,242.5687
279.9941,11.05,242.6982
280.0472,11.0472,242.8277
280.1003,11.05,242.957
280.1534,11.04056,243.0864
280.206,11.04995,243.2146
280.2588,11.04551,243.3433
280.3119,11.05,243.4726
280.3649,11.05,243.6019
280.4181,11.05,243.7314
280.4712,11.05,243.8608
280.5243,11.05,243.9903
280.5775,11.05,244.1198
280.6306,11.05,244.2492
280.6837,11.05,244.3787
280.7368,11.05,244.5082
280.79,11.05,244.6376
280.8431,11.05,244.7671
280.8962,11.05,244.8966
280.9493,11.04631,245.026
281.0024,11.04999,245.1553
281.0555,11.04613,245.2847
281.1086,11.05,245.414
281.1616,11.05,245.5433
281.2148,11.05,245.6728
281.2679,11.05,245.8022
281.321,11.05,245.9317
281.3741,11.04529,246.0612
281.4269,11.05,246.1897
281.4799,11.05,246.319
281.5331,11.05,246.4484
281.5862,11.05,246.5779
281.6393,11.0471,246.7074
281.6924,11.05,246.8367
281.7455,11.05,246.9661
281.7986,11.05,247.0956
281.8517,11.05,247.225
281.9049,11.05,247.3545
281.958,11.05,247.484
282.0111,11.04984,247.6134
282.0643,11.0448,247.7429
282.1173,11.05,247.8721
282.1703,11.05,248.0014
282.2234,11.05,248.1308
282.2766,11.05,248.2603
282.3297,11.04774,248.3898
282.3828,11.05,248.5191
282.4359,11.05,248.6486
282.489,11.05,248.778
282.5422,11.05,248.9075
282.5953,11.04829,249.037
282.6482,11.05,249.166
282.7014,11.05,249.2954
282.7545,11.05,249.4249
282.8076,11.05,249.5544
282.8607,11.05,249.6838
282.9139,11.05,249.8133
282.967,11.05,249.9427
283.0201,11.04291,250.0722
283.0728,11.04333,250.2005
283.1258,11.05,250.3297
283.1787,11.05,250.4588
283.2319,11.05,250.5882
283.285,11.05,250.7177
283.3381,11.05,250.8472
283.3913,11.05,250.9766
283.4444,11.05,251.1061
283.4975,11.05,251.2356
283.5507,11.05,251.365
283.6038,11.05,251.4945
283.6569,11.05,251.624
283.71,11.04882,251.7534
283.7632,11.04094,251.8828
283.8161,11.04982,252.0119
283.869,11.05,252.1407
283.9221,11.05,252.2702
283.9752,11.05,252.3996
284.0284,11.04899,252.5291
284.0815,11.04162,252.6585
284.1344,11.05,252.7876
284.1873,11.05,252.9165
284.2404,11.04735,253.046
284.2933,11.05,253.1747
284.3464,11.05,253.3042
284.3995,11.04927,253.4336
284.4526,11.04231,253.563
284.5056,11.05,253.6922
284.5586,11.05,253.8212
284.6117,11.05,253.9506
284.6648,11.0419,254.0801
284.7175,11.05,254.2084
284.7704,11.05,254.3373
284.8235,11.05,254.4668
284.8766,11.05,254.5962
284.9297,11.05,254.7257
284.9828,11.05,254.8552
285.0359,11.04839,254.9847
285.0888,11.04002,255.1142
285.1415,11.04347,255.2433
285.1941,11.05,255.3725
285.2464,11.05,255.5019
285.2989,11.05,255.6316
285.351,11.05,255.7615
285.4029,11.05,255.8915
285.4545,11.04942,256.0215
285.5059,11.05,256.1515
285.5568,11.05,256.2819
285.6074,11.05,256.4124
285.6577,11.05,256.5429
285.7076,11.05,256.6737
285.7572,11.0486,256.8045
285.8063,11.05,256.9355
285.8547,11.04439,257.0668
285.9024,11.05,257.1971
285.9498,11.05,257.3285
285.9963,11.05,257.4605
286.0428,11.0477,257.5925
286.0882,11.04016,257.7248
286.133,11.05,257.857
286.177,11.05,257.989
286.2208,11.05,258.1219
286.2632,11.05,258.2552
286.305,11.04559,258.3888
286.346,11.05,258.5222
286.3864,11.05,258.656
286.4228,11.05,258.7786
286.4551,11.05,258.8897
286.4836,11.05,258.9895
286.5083,11.04233,259.0779
286.5294,11.05,259.1551
286.5471,11.05,259.2215
286.5612,11.05,259.2764
286.572,11.05,259.3198
286.5795,11.05,259.3516
286.5844,11.05,259.3735
286.588,11.05,259.3905
286.5898,11.05,259.3995
286.591,11.05,259.4054
286.5916,11.05,259.4089
286.5919,11.05,259.4103
286.5919,11.05,259.4107
286.5919,11.05,259.4107
286.5919,11.05,259.4107
286.5919,11.05,259.4107
286.5919,11.05,259.4107
286.5919,11.05,259.4107
286.5919,11.05,259.4107
286.5919,11.05,259.4107
286.5919,11.05,259.4107
286.5919,11.05,259.4107
286.5919,11.05,259.4107
286.5919,11.05,259.4107
286.5919,11.05,259.4107
286.5919,11.05,259.4107
286.5919,11.05,259.4107
286.5919,11.05,259.4107
286.5919,11.05,259.4107
286.5919,11.05,259.4107
286.5919,11.05,259.4107
286.5919,11.05,259.4107
286.5919,11.05,259.4107
286.5919,11.05,259.4107
286.5919,11.05,259.4107
286.5919,11.05,259.4107
286.5919,11.05,259.4107
286.5919,11.05,259.4107
286.5919,11.05,259.4107
286.5919,11.05,259.4107
286.5919,11.05,259.4107
286.5919,11.05,259.4107
286.5919,11.05,259.4107
286.5919,11.05,259.4107
286.5919,11.05,259.4107
286.5919,11.05,259.4107
286.5919,11.05,259.4107
286.5919,11.05,259.4107
286.5919,11.05,259.4107
286.5919,11.05,259.4107
286.5919,11.05,259.4107
286.5919,11.05,259.4107
286.5919,11.05,259.4107
286.5919,11.05,259.4107
286.5919,11.05,259.4107
286.5919,11.05,259.4107
286.5919,11.05,259.4107
286.5919,11.05,259.4107
286.5919,11.05,259.4107
286.5919,11.05,259.4107
286.5919,11.05,259.4107
286.5919,11.05,259.4107
286.5919,11.05,259.4107
286.5919,11.05,259.4107
286.5919,11.05,259.4107
286.5919,11.05,259.4107
286.5919,11.05,259.4107
286.5919,11.05,259.4107
286.5919,11.05,259.4107
286.5919,11.05,259.4107
286.5919,11.05,259.4107
286.5919,11.05,259.4107
286.5919,11.05,259.4107
286.5919,11.05,259.4107
286.5919,11.05,259.4107
286.5919,11.05,259.4107
286.5919,11.05,259.4107
286.5919,11.05,259.4107
286.5919,11.05,259.4107
286.5919,11.05,259.4107
286.5919,11.05,259.4107
286.5919,11.05,259.4107
286.5919,11.05,259.4107
286.5919,11.05,259.4107
286.5919,11.05,259.4107
286.5919,11.05,259.4107
286.5919,11.05,259.4107
286.5919,11.05,259.4107
286.5919,11.05,259.4107
286.5919,11.05,259.4107
286.5919,11.05,259.4107
286.5919,11.05,259.4107
286.5919,11.05,259.4107
286.5919,11.05,259.4107
286.5919,11.05,259.4107
286.5919,11.05,259.4107
286.5919,11.05,259.4107
286.5919,11.05,259.4107
286.5919,11.05,259.4107
286.5919,11.05,259.4107
286.5919,11.05,259.4107
286.5919,11.05,259.4107
286.5919,11.05,259.4107
286.5919,11.05,259.4107
286.5919,11.05,259.4107
286.5919,11.05,259.4107
286.5919,11.05,259.4107
286.5919,11.05,259.4107
286.5908,11.05,259.4113
286.5881,11.05,259.4125
286.5835,11.05,259.4147
286.5755,11.05,259.4186
286.5641,11.05,259.4241
286.5476,11.05,259.432
286.5214,11.05,259.4446
286.4893,11.05,259.4601
286.4508,11.04952,259.4785
286.4035,11.04398,259.5013
286.3484,11.05,259.5278
286.2831,11.05,259.5592
286.2069,11.05,259.5959
286.1199,11.05,259.6377
286.0222,11.04939,259.6847
285.9142,11.05,259.7367
285.7953,11.05,259.7938
285.6692,11.05,259.8545
285.543,11.05,259.9152
285.4169,11.05,259.9759
285.2907,11.04833,260.0365
285.1646,11.05,260.0972
285.0385,11.04814,260.1578
284.9128,11.05,260.2183
284.7866,11.05,260.279
284.6605,11.05,260.3397
284.5343,11.05,260.4003
284.4082,11.04825,260.461
284.2825,11.05,260.5215
284.1564,11.05,260.5821
284.0302,11.04886,260.6428
283.9043,11.05,260.7034
283.7782,11.05,260.764
283.652,11.05,260.8247
283.5259,11.05,260.8855
283.3998,11.05,260.9463
283.2738,11.04993,261.0073
283.1479,11.04412,261.0683
283.0223,11.04938,261.1293
282.8968,11.05,261.1905
282.7711,11.05,261.252
282.6454,11.05,261.3137
282.5199,11.05,261.3758
282.3946,11.04882,261.4381
282.2697,11.05,261.5005
282.1446,11.05,261.5634
282.0198,11.04951,261.6268
281.8954,11.05,261.6906
281.7709,11.05,261.7547
281.6467,11.05,261.8192
281.5226,11.05,261.8841
281.399,11.05,261.9497
281.2756,11.04969,262.0159
281.1525,11.04142,262.0824
281.0302,11.04886,262.1491
280.9082,11.05,262.2163
280.7862,11.05,262.2848
280.6644,11.05,262.3539
280.543,11.05,262.4235
280.4219,11.04677,262.4937
280.3021,11.05,262.5644
280.1818,11.05,262.6357
280.0621,11.04515,262.7083
279.9431,11.05,262.7809
279.8244,11.04943,262.8547
279.7061,11.05,262.9292
279.5885,11.04997,263.0052
279.4714,11.04154,263.0818
279.3555,11.05,263.1587
279.2399,11.05,263.2365
279.1242,11.05,263.3154
279.0097,11.04988,263.3959
278.8958,11.05,263.4771
278.7823,11.05,263.5592
278.6696,11.05,263.6421
278.5574,11.05,263.7258
278.4465,11.05,263.8112
278.3363,11.05,263.8976
278.2267,11.05,263.9847
278.118,11.04332,264.0728
278.0113,11.04984,264.162
277.9043,11.05,264.2516
277.7986,11.05,264.3434
277.6937,11.05,264.436
277.5896,11.05,264.5296
277.4864,11.05,264.6242
277.3849,11.05,264.7207
277.2845,11.05,264.8181
277.1849,11.05,264.9165
277.0864,11.04023,265.0159
276.9888,11.05,265.1154
276.8939,11.05,265.2172
276.7995,11.05,265.3206
276.7062,11.05,265.4249
276.6141,11.05,265.5303
276.5231,11.04186,265.6367
276.4336,11.05,265.7425
276.3466,11.05,265.8514
276.2605,11.05,265.9617
276.1757,11.04327,266.0731
276.0925,11.0447,266.1843
276.011,11.04985,266.2963
275.9318,11.05,266.4114
275.8539,11.05,266.5276
275.7774,11.05,266.6449
275.7024,11.04769,266.763
275.6307,11.05,266.8824
275.5604,11.04999,267.0034
275.4911,11.05,267.125
275.4224,11.05,267.2469
275.3537,11.04986,267.3688
275.285,11.05,267.4907
275.2163,11.05,267.6126
275.1476,11.05,267.7346
275.0789,11.04214,267.8565
275.0104,11.04986,267.978
274.942,11.05,268.0995
274.8733,11.05,268.2214
274.8046,11.05,268.3434
274.7359,11.05,268.4653
274.6672,11.05,268.5872
274.5985,11.04227,268.7091
274.5304,11.05,268.8299
274.462,11.05,268.9514
274.3933,11.04322,269.0733
274.3252,11.05,269.1942
274.2567,11.04781,269.3158
274.1883,11.05,269.4372
274.1196,11.05,269.5591
274.0509,11.04675,269.681
273.9823,11.05,269.8027
273.9137,11.04993,269.9245
273.845,11.04729,270.0464
273.7766,11.05,270.1678
273.7079,11.05,270.2896
273.6393,11.05,270.4116
273.5706,11.05,270.5335
273.5019,11.05,270.6554
273.4332,11.05,270.7774
273.3645,11.05,270.8993
273.2958,11.04944,271.0212
273.2271,11.05,271.143
273.1584,11.04285,271.265
273.0904,11.05,271.3858
273.0219,11.0494,271.5073
272.9532,11.05,271.6292
272.8845,11.05,271.7511
272.8158,11.04795,271.873
272.7474,11.05,271.9944
272.6787,11.05,272.1163
272.61,11.05,272.2383
272.5413,11.05,272.3602
272.4726,11.04994,272.4821
272.4039,11.05,272.604
272.3352,11.05,272.7259
272.2665,11.05,272.8479
272.1978,11.05,272.9698
272.1292,11.05,273.0917
272.0605,11.04541,273.2137
271.9919,11.05,273.3353
271.9233,11.05,273.4571
271.8546,11.05,273.579
271.7859,11.05,273.7009
271.7172,11.04296,273.8228
271.6491,11.05,273.9437
271.5806,11.04465,274.0652
271.5125,11.05,274.1862
271.4439,11.05,274.3079
271.3752,11.04813,274.4298
271.3068,11.05,274.5512
271.2381,11.05,274.6731
271.1694,11.05,274.795
271.1007,11.05,274.917
271.032,11.04681,275.0389
270.9634,11.05,275.1607
270.8947,11.05,275.2826
270.826,11.05,275.4045
270.7573,11.05,275.5264
270.6886,11.05,275.6483
270.6199,11.05,275.7703
270.5512,11.05,275.8922
270.4825,11.04975,276.0141
270.4138,11.05,276.136
270.3452,11.05,276.2579
270.2765,11.04326,276.3799
270.2084,11.05,276.5007
270.1399,11.05,276.6223
270.0712,11.04362,276.7442
270.0027,11.04999,276.8658
269.9341,11.04822,276.9874
269.8657,11.05,277.1089
269.797,11.05,277.2308
269.7283,11.05,277.3527
269.6596,11.05,277.4746
269.5909,11.04998,277.5966
269.5222,11.05,277.7185
269.4535,11.05,277.8404
269.3848,11.05,277.9623
269.3161,11.04103,278.0843
269.248,11.05,278.205
269.1797,11.05,278.3264
269.111,11.05,278.4483
269.0423,11.04776,278.5703
268.9737,11.05,278.692
268.905,11.05,278.8139
268.8363,11.04376,278.9358
268.7682,11.04596,279.0567
268.7,11.05,279.1776
268.6314,11.05,279.2995
268.5627,11.05,279.4214
268.494,11.04848,279.5433
268.4255,11.05,279.6648
268.3568,11.05,279.7867
268.2881,11.05,279.9087
268.2195,11.04883,280.0306
268.1509,11.05,280.1523
268.0822,11.04146,280.2742
268.0137,11.04976,280.3957
267.9453,11.05,280.5171
267.8766,11.05,280.639
267.8079,11.05,280.761
267.7392,11.05,280.8829
267.6705,11.04997,281.0048
267.6018,11.05,281.1267
267.5331,11.05,281.2487
267.4644,11.05,281.3706
267.3957,11.0441,281.4925
267.3276,11.05,281.6134
267.2591,11.05,281.7351
267.1904,11.05,281.857
267.1217,11.05,281.9789
267.0529,11.04648,282.1009
266.9844,11.05,282.2226
266.9157,11.05,282.3444
266.847,11.05,282.4663
266.7784,11.05,282.5882
266.7097,11.05,282.7102
266.641,11.05,282.8321
266.5722,11.05,282.954
266.5035,11.04272,283.076
266.4354,11.05,283.1968
266.3669,11.05,283.3184
266.2982,11.05,283.4403
266.2296,11.05,283.5622
266.1608,11.05,283.6841
266.0921,11.05,283.8061
266.0292,11.04893,283.9175
265.9721,11.04865,284.0186
265.9207,11.05,284.1094
265.8751,11.05,284.1898
265.8353,11.05,284.2598
265.8014,11.05,284.3192
265.7734,11.05,284.3682
265.7513,11.05,284.4067
265.7351,11.05,284.4348
265.7245,11.05,284.4529
265.7163,11.05,284.4668
265.7121,11.05,284.4739
265.7094,11.05,284.4785
265.7081,11.05,284.4807
265.7075,11.05,284.4816
265.7074,11.05,284.4818
265.7074,11.05,284.4818
265.7074,11.05,284.4818
265.7074,11.05,284.4818
265.7074,11.05,284.4818
265.7074,11.05,284.4818
265.7074,11.05,284.4818
265.7074,11.05,284.4818
265.7074,11.05,284.4818
265.7074,11.05,284.4818
265.7074,11.05,284.4818
265.7074,11.05,284.4818
265.7074,11.05,284.4818
265.7074,11.05,284.4818
265.7074,11.05,284.4818
265.7074,11.05,284.4818
265.7074,11.05,284.4818
265.7074,11.05,284.4818
265.7074,11.05,284.4818
265.7074,11.05,284.4818
265.7074,11.05,284.4818
265.7074,11.05,284.4818
265.7074,11.05,284.4818
265.7074,11.05,284.4818
265.7074,11.05,284.4818
265.7074,11.05,284.4818
265.7074,11.05,284.4818
265.7074,11.05,284.4818
265.7074,11.05,284.4818
265.7074,11.05,284.4818
265.7074,11.05,284.4818
265.7074,11.05,284.4818
265.7074,11.05,284.4818
265.7074,11.05,284.4818
265.7074,11.05,284.4818
265.7074,11.05,284.4818
265.7074,11.05,284.4818
265.7074,11.05,284.4818
265.7074,11.05,284.4818
265.7074,11.05,284.4818
265.7074,11.05,284.4818
265.7074,11.05,284.4818
265.7074,11.05,284.4818
265.7074,11.05,284.4818
265.7074,11.05,284.4818
265.7074,11.05,284.4818
265.7074,11.05,284.4818
265.7074,11.05,284.4818
265.7071,11.05,284.482
265.7057,11.05,284.4829
265.7028,11.05,284.4848
265.6952,11.05,284.4894
265.6834,11.05,284.4965
265.6677,11.05,284.5056
265.6473,11.05,284.5171
265.6217,11.05,284.5311
265.5902,11.05,284.5478
265.5476,11.04971,284.5692
265.4947,11.04371,284.5946
265.4332,11.05,284.6232
265.3618,11.05,284.6552
265.2791,11.05,284.691
265.1848,11.05,284.7302
265.0789,11.04214,284.7724
264.9657,11.05,284.8163
264.8415,11.04975,284.8615
264.7081,11.05,284.9039
264.574,11.05,284.9443
264.4394,11.05,284.9827
264.3042,11.04955,285.0191
264.1685,11.04642,285.0534
264.0323,11.04869,285.0856
263.8956,11.05,285.1134
263.758,11.05,285.1391
263.6199,11.05,285.1627
263.4816,11.05,285.184
263.3429,11.05,285.203
263.2036,11.04988,285.2175
263.0641,11.04482,285.2296
262.9254,11.05,285.2406
262.7858,11.05,285.248
262.6459,11.05,285.2535
262.506,11.05,285.2576
262.366,11.05,285.2616
262.2261,11.04902,285.2657
262.0863,11.04058,285.2697
261.9474,11.05,285.2737
261.8083,11.05,285.2777
261.6683,11.05,285.2817
261.5284,11.05,285.2857
261.3885,11.05,285.2898
261.2485,11.04871,285.2938
261.1088,11.05,285.2979
260.9689,11.05,285.3019
260.8289,11.05,285.3059
260.689,11.05,285.3099
260.549,11.05,285.314
260.4091,11.05,285.318
260.2692,11.04825,285.3221
260.1295,11.05,285.326
259.9896,11.05,285.3301
259.8497,11.05,285.3341
259.7097,11.05,285.3382
259.5698,11.05,285.3422
259.4298,11.05,285.3462
259.2899,11.04772,285.3503
259.1504,11.05,285.3543
259.0105,11.04986,285.3583
258.8706,11.05,285.3623
258.7306,11.05,285.3664
258.5907,11.05,285.3704
258.4507,11.05,285.3745
258.3108,11.04713,285.3785
258.1714,11.05,285.3825
258.0315,11.04876,285.3865
257.892,11.05,285.3905
257.752,11.05,285.3946
257.6121,11.05,285.3986
257.4722,11.05,285.4026
257.3322,11.04652,285.4067
257.1929,11.05,285.4107
257.053,11.04647,285.4147
256.9138,11.05,285.4187
256.774,11.05,285.4228
256.634,11.05,285.4268
256.4941,11.05,285.4308
256.3542,11.04591,285.4349
256.2149,11.05,285.4389
256.0751,11.04288,285.4429
255.9362,11.05,285.4469
255.7967,11.05,285.4509
255.6568,11.05,285.455
255.5168,11.05,285.459
255.3769,11.04534,285.463
255.2378,11.05,285.467
255.098,11.05,285.4711
254.9581,11.05,285.4751
254.8181,11.05,285.4791
254.6782,11.05,285.4832
254.5383,11.05,285.4872
254.3983,11.04457,285.4912
254.2593,11.05,285.4952
254.1196,11.05,285.4993
253.9797,11.05,285.5033
253.8397,11.05,285.5073
253.6998,11.05,285.5114
253.5599,11.05,285.5154
253.4199,11.04377,285.5194
253.2809,11.05,285.5234
253.1413,11.05,285.5274
253.0014,11.05,285.5315
252.8615,11.05,285.5355
252.7215,11.05,285.5396
252.5816,11.05,285.5436
252.4416,11.04292,285.5476
252.3027,11.05,285.5516
252.1632,11.05,285.5556
252.0233,11.04932,285.5597
251.8835,11.05,285.5637
251.7436,11.05,285.5677
251.6037,11.05,285.5718
251.4637,11.04207,285.5758
251.3249,11.05,285.5798
251.1855,11.05,285.5838
251.0455,11.0474,285.5879
250.9061,11.05,285.5919
250.7663,11.05,285.5959
250.6263,11.05,285.5999
250.4864,11.04126,285.604
250.3475,11.05,285.608
250.2083,11.05,285.612
250.0683,11.04412,285.616
249.9292,11.05,285.62
249.7896,11.05,285.6241
249.6496,11.05,285.6281
249.5097,11.04052,285.6321
249.3709,11.05,285.6361
249.2317,11.05,285.6401
249.0918,11.05,285.6442
248.9518,11.05,285.6482
248.8119,11.05,285.6522
248.672,11.05,285.6563
248.532,11.05,285.6603
248.3921,11.05,285.6643
248.2521,11.05,285.6683
248.1122,11.05,285.6724
247.9722,11.05,285.6764
247.8323,11.05,285.6805
247.6924,11.05,285.6845
247.5524,11.05,285.6885
247.4125,11.05,285.6925
247.2725,11.05,285.6966
247.1326,11.05,285.7006
246.9927,11.05,285.7047
246.8527,11.05,285.7087
246.7128,11.05,285.7127
246.5728,11.05,285.7167
246.4329,11.05,285.7208
246.293,11.05,285.7248
246.153,11.05,285.7289
246.0131,11.04979,285.7329
245.8732,11.05,285.7369
245.7332,11.04996,285.7409
245.5933,11.05,285.745
245.4534,11.05,285.749
245.3134,11.05,285.753
245.1735,11.05,285.757
245.0455,11.0474,285.7605
244.9258,11.05,285.7637
244.8179,11.05,285.7665
244.722,11.04862,285.769
244.638,11.05,285.771
244.5659,11.05,285.7726
244.5058,11.05,285.7739
244.4577,11.05,285.7748
244.4215,11.05,285.7754
244.3974,11.05,285.7757
244.38,11.05,285.7758
244.3669,11.05,285.7759
244.3577,11.05,285.7759
244.3515,11.05,285.7759
244.3484,11.05,285.7759
244.3481,11.05,285.7759
244.3481,11.05,285.7759
244.3481,11.05,285.7759
244.3481,11.05,285.7759
244.3481,11.05,285.7759
244.3481,11.05,285.7759
244.3481,11.05,285.7759
244.3481,11.05,285.7759
244.3481,11.05,285.7759
244.3481,11.05,285.7759
244.3481,11.05,285.7759
244.3481,11.05,285.7759
244.3481,11.05,285.7759
244.3481,11.05,285.7759
244.3481,11.05,285.7759
244.3481,11.05,285.7759
244.3481,11.05,285.7759
244.3481,11.05,285.7759
244.3481,11.05,285.7759
244.3481,11.05,285.7759
244.3481,11.05,285.7759
244.3481,11.05,285.7759
244.3481,11.05,285.7759
244.3481,11.05,285.7759
244.3481,11.05,285.7759
244.3481,11.05,285.7759
244.3481,11.05,285.7759
244.3481,11.05,285.7759
244.3481,11.05,285.7759
244.3481,11.05,285.7759
244.3481,11.05,285.7759
244.3481,11.05,285.7759
244.3481,11.05,285.7759
244.3481,11.05,285.7759
244.3481,11.05,285.7759
244.3481,11.05,285.7759
244.3481,11.05,285.7759
244.3481,11.05,285.7759
244.3481,11.05,285.7759
244.3481,11.05,285.7759
244.3481,11.05,285.7759
244.3481,11.05,285.7759
244.3481,11.05,285.7759
244.3481,11.05,285.7759
244.3481,11.05,285.7759
244.3481,11.05,285.7759
244.3481,11.05,285.7759
244.3481,11.05,285.7759
244.3481,11.05,285.7759
244.3476,11.05,285.7757
244.3461,11.05,285.775
244.3402,11.05,285.7719
244.3315,11.05,285.7673
244.3195,11.05,285.7606
244.3036,11.05,285.7516
244.2822,11.05,285.7391
244.2509,11.05,285.7198
244.2133,11.05,285.6958
244.1693,11.05,285.6669
244.1186,11.05,285.6326
244.0589,11.04565,285.591
243.992,11.05,285.543
243.9165,11.05,285.4869
243.8325,11.05,285.4224
243.74,11.05,285.3495
243.6401,11.05,285.267
243.535,11.05,285.1745
243.4313,11.04181,285.0805
243.3288,11.05,284.9861
243.2284,11.05,284.8895
243.1291,11.05,284.7908
243.0314,11.04877,284.6906
242.9339,11.05,284.5905
242.8363,11.05,284.4901
242.7387,11.05,284.3898
242.6412,11.05,284.2895
242.5436,11.05,284.1891
242.446,11.04002,284.0888
242.349,11.05,283.989
242.252,11.05,283.8893
242.1544,11.05,283.789
242.0568,11.04595,283.6886
241.9595,11.05,283.5886
241.862,11.05,283.4884
241.7644,11.05,283.3881
241.6668,11.05,283.2877
241.5692,11.05,283.1874
241.4717,11.04041,283.0871
241.3746,11.05,282.9873
241.2775,11.05,282.8876
241.1799,11.05,282.7873
241.0821,11.04149,282.6872
240.9847,11.05,282.5876
240.8872,11.05,282.4881
240.789,11.05,282.3883
240.6907,11.05,282.2887
240.5921,11.05,282.1893
240.4934,11.05,282.0901
240.3945,11.05,281.991
240.2954,11.05,281.8922
240.1961,11.05,281.7935
240.0963,11.05,281.6954
239.9963,11.05,281.5975
239.896,11.05,281.4999
239.7954,11.05,281.4026
239.6945,11.05,281.3055
239.593,11.05,281.2092
239.4911,11.05,281.1132
239.3893,11.04963,281.0172
239.2875,11.05,280.9212
239.1856,11.05,280.8252
239.0837,11.04114,280.7292
238.9824,11.05,280.6338
238.8811,11.05,280.5382
238.7792,11.05,280.4422
238.6773,11.05,280.3462
238.5755,11.05,280.2502
238.4736,11.05,280.1542
238.3717,11.04574,280.0582
238.2702,11.05,279.9625
238.1685,11.05,279.8666
238.0666,11.04441,279.7706
237.9652,11.05,279.675
237.8635,11.05,279.5792
237.7617,11.05,279.4832
237.6598,11.05,279.3872
237.5579,11.05,279.2912
237.4561,11.05,279.1952
237.3542,11.05,279.0992
237.2523,11.04999,279.0032
237.1505,11.05,278.9072
237.0486,11.04703,278.8112
236.9471,11.05,278.7155
236.8453,11.05,278.6196
236.7434,11.05,278.5236
236.6416,11.05,278.4276
236.5397,11.05,278.3316
236.4378,11.05,278.2356
236.336,11.05,278.1396
236.2341,11.04762,278.0436
236.1325,11.05,277.9478
236.0307,11.04882,277.8519
235.929,11.05,277.756
235.8271,11.05,277.66
235.7253,11.05,277.564
235.6234,11.05,277.468
235.5215,11.05,277.372
235.4197,11.05,277.276
235.3178,11.05,277.18
235.216,11.04107,277.084
235.1146,11.05,276.9885
235.0133,11.04978,276.893
234.9114,11.05,276.797
234.8096,11.05,276.701
234.7077,11.05,276.605
234.6058,11.05,276.509
234.504,11.05,276.413
234.4021,11.05,276.317
234.3003,11.05,276.221
234.1984,11.05,276.125
234.0965,11.04894,276.0291
233.9948,11.05,275.9332
233.8929,11.05,275.8372
233.7911,11.05,275.7412
233.6892,11.05,275.6452
233.5874,11.05,275.5492
233.4855,11.05,275.4532
233.3836,11.05,275.3572
233.2818,11.05,275.2612
233.1799,11.05,275.1652
233.0781,11.04231,275.0692
232.9767,11.05,274.9737
232.8752,11.05,274.878
232.7734,11.04995,274.782
232.6715,11.04987,274.686
232.5696,11.04974,274.59
232.4678,11.04957,274.494
232.3659,11.04936,274.398
232.2641,11.0491,274.302
232.1622,11.0488,274.206
232.0603,11.04542,274.11
231.9589,11.04807,274.0144
231.857,11.04764,273.9184
231.7552,11.04716,273.8224
231.6533,11.04664,273.7264
231.5515,11.04608,273.6304
231.4496,11.04547,273.5345
231.3477,11.04483,273.4384
231.2459,11.04413,273.3424
231.144,11.04339,273.2465
231.0422,11.04777,273.1505
230.9407,11.04178,273.0548
230.8389,11.0409,272.9588
230.737,11.05,272.8629
230.6357,11.05,272.7673
230.5338,11.05,272.6713
230.432,11.05,272.5753
230.3302,11.05,272.4792
230.2285,11.05,272.3831
230.1268,11.05,272.2868
230.0252,11.0492,272.1905
229.924,11.05,272.0941
229.8227,11.05,271.9975
229.7216,11.05,271.9007
229.6207,11.05,271.8037
229.5199,11.05,271.7065
229.4195,11.05,271.609
229.3194,11.05,271.5113
229.2194,11.05,271.4133
229.1197,11.05,271.3151
229.0205,11.04947,271.2163
228.9214,11.05,271.1176
228.8228,11.04958,271.0183
228.7245,11.05,270.9186
228.6266,11.05,270.8187
228.529,11.05,270.7184
228.4318,11.05,270.6177
228.3353,11.05,270.5162
228.2393,11.05,270.4144
228.1437,11.05,270.3122
228.0485,11.04704,270.2095
227.9544,11.05,270.1064
227.8608,11.04999,270.0025
227.7676,11.05,269.8981
227.6749,11.04115,269.7932
227.5828,11.04304,269.6879
227.4919,11.04495,269.5815
227.4015,11.04664,269.4747
227.3118,11.04807,269.3673
227.2227,11.04916,269.2594
227.1343,11.04983,269.1509
227.0466,11.04507,269.0418
226.96,11.05,268.9329
226.8745,11.05,268.8223
226.7897,11.05,268.711
226.7056,11.05,268.5991
226.6232,11.05,268.486
226.5416,11.05,268.3722
226.4609,11.05,268.2579
226.3811,11.05,268.1429
226.3021,11.04906,268.0274
226.2242,11.05,267.9113
226.1481,11.05,267.7939
226.073,11.04327,267.6758
225.9989,11.05,267.5576
225.9261,11.05,267.4386
225.8541,11.05,267.3185
225.7843,11.05,267.1972
225.7157,11.04286,267.0753
225.6479,11.05,266.9537
225.5819,11.05,266.8309
225.5168,11.05,266.707
225.4541,11.05,266.5818
225.3928,11.04749,266.456
225.3328,11.05,266.3297
225.2741,11.05,266.2027
225.2168,11.0429,266.075
225.161,11.05,265.9477
225.108,11.05,265.8186
225.0563,11.04601,265.6885
225.0062,11.04995,265.558
224.9575,11.05,265.427
224.9119,11.05,265.2947
224.8679,11.05,265.1618
224.8255,11.04899,265.0285
224.7848,11.04235,264.8949
224.7453,11.04984,264.7612
224.7098,11.05,264.6263
224.6758,11.05,264.4906
224.6436,11.05,264.3544
224.6131,11.05,264.2178
224.5845,11.04175,264.0808
224.5575,11.05,263.9445
224.5345,11.05,263.8071
224.5134,11.05,263.6688
224.4942,11.04919,263.5301
224.477,11.05,263.3914
224.4638,11.05,263.252
224.4526,11.05,263.1125
224.4434,11.05,262.9729
224.4363,11.05,262.8331
224.4314,11.05,262.6933
224.4306,11.04048,262.5533
224.4309,11.05,262.4142
224.4346,11.05,262.2751
224.4404,11.05,262.1352
224.4507,11.05,261.9957
224.4632,11.05,261.8563
224.478,11.05,261.7171
224.4951,11.04565,261.5782
224.5134,11.05,261.4401
224.5351,11.05,261.302
224.5615,11.05,261.1645
224.5902,11.04905,261.0276
224.6213,11.05,260.8914
224.6547,11.0436,260.7556
224.6889,11.05,260.6206
224.7256,11.05,260.486
224.7626,11.05,260.351
224.7995,11.05,260.216
224.8333,11.05,260.0926
224.8639,11.04136,259.9808
224.8919,11.05,259.8785
224.9168,11.05,259.7874
224.9386,11.05,259.7077
224.9572,11.05,259.6397
224.9727,11.05,259.5832
224.985,11.05,259.5383
224.9941,11.05,259.505
225,11.05,259.4833
225.0047,11.04997,259.4664
225.0071,11.04994,259.4575
225.0086,11.04991,259.4522
225.0094,11.04989,259.4492
225.0098,11.04988,259.4478
225.0099,11.04988,259.4474
225.0099,11.04988,259.4474
225.0099,11.04988,259.4474
225.0099,11.04988,259.4474
225.0099,11.04988,259.4474
225.0099,11.04988,259.4474
225.0099,11.04988,259.4474
225.0099,11.04988,259.4474
225.0099,11.04988,259.4474
225.0099,11.04988,259.4474
225.0099,11.04988,259.4474
225.0099,11.04988,259.4474
225.0099,11.04988,259.4474
225.0099,11.04988,259.4474
225.0099,11.04988,259.4474
225.0099,11.04988,259.4474
225.0099,11.04988,259.4474
225.0099,11.04988,259.4474
225.0099,11.04988,259.4474
225.0099,11.04988,259.4474
225.0099,11.04988,259.4474
225.0099,11.04988,259.4474
225.0099,11.04988,259.4474
225.0099,11.04988,259.4474
225.0099,11.04988,259.4474
225.0099,11.04988,259.4474
225.0099,11.04988,259.4474
225.0099,11.04988,259.4474
225.0099,11.04988,259.4474
225.0099,11.04988,259.4474
225.0099,11.04988,259.4474
225.0099,11.04988,259.4474
225.0099,11.04988,259.4474
225.0099,11.04988,259.4474
225.0099,11.04988,259.4474
225.0099,11.04988,259.4474
225.0099,11.04988,259.4474
225.0099,11.04988,259.4474
225.0099,11.04988,259.4474
225.0099,11.04988,259.4474
225.0099,11.04988,259.4474
