-0.0147463,0.2794412,-0.004292259,0.96004
-0.01473879,0.2811166,-0.004317993,0.9595507
-0.01472272,0.2846635,-0.004372474,0.9585045
-0.01471415,0.2865356,-0.004401229,0.9579465
-0.01470513,0.2884912,-0.004431268,0.9573594
-0.01469574,0.2905116,-0.004462301,0.9567482
-0.01468598,0.2925978,-0.004494345,0.9561123
-0.01466528,0.2969646,-0.004561419,0.954765
-0.01465425,0.299264,-0.004596739,0.9540467
-0.01464281,0.3016278,-0.004633046,0.9533021
-0.01463096,0.3040561,-0.004670346,0.9525304
-0.01461868,0.3065481,-0.004708623,0.9517312
-0.01459284,0.3117238,-0.004788122,0.9500487
-0.01457925,0.3144071,-0.004829339,0.949164
-0.01456511,0.3171725,-0.004871815,0.9482434
-0.01455051,0.3200008,-0.004915258,0.9472928
-0.01453543,0.3228919,-0.004959666,0.9463112
-0.01450381,0.3288631,-0.005051383,0.9442527
-0.01448716,0.3319598,-0.00509895,0.9431685
-0.01446999,0.3351186,-0.005147468,0.9420508
-0.0144523,0.3383391,-0.005196936,0.940899
-0.01443407,0.3416213,-0.005247351,0.9397122
-0.01439597,0.3483678,-0.005350977,0.9372322
-0.01437609,0.3518317,-0.005404183,0.9359373
-0.01435551,0.3553748,-0.005458605,0.9345977
-0.01433435,0.3589759,-0.00551392,0.9332204
-0.01431259,0.3626381,-0.00557017,0.9318035
-0.01426723,0.3701366,-0.005685349,0.9288504
-0.0142436,0.3739739,-0.005744289,0.9273121
-0.01421921,0.3778875,-0.005804402,0.9257241
-0.01419416,0.3818586,-0.005865399,0.9240932
-0.01416844,0.3858858,-0.005927258,0.9224187
-0.01411492,0.3941113,-0.006053602,0.9189344
-0.0140871,0.3983076,-0.006118058,0.9171234
-0.01405844,0.4025775,-0.006183643,0.9152572
-0.01402903,0.4069013,-0.006250058,0.9133431
-0.01399888,0.4112796,-0.006317308,0.9113799
-0.01393626,0.4201967,-0.006454276,0.9073031
-0.01390364,0.4247525,-0.006524254,0.9051793
-0.01387021,0.4293599,-0.006595023,0.9030029
-0.01383595,0.434019,-0.006666588,0.9007728
-0.01380087,0.4387282,-0.006738922,0.8984886
-0.01372812,0.4482976,-0.006885908,0.8937525
-0.01369029,0.4531738,-0.006960807,0.8912899
-0.01365157,0.458098,-0.007036443,0.888769
-0.01361194,0.4630696,-0.007112808,0.8861889
-0.01357139,0.4680879,-0.007189888,0.8835485
-0.01348743,0.4782624,-0.00734617,0.8780828
-0.01344385,0.4834348,-0.007425618,0.8752456
-0.0133993,0.4886493,-0.007505714,0.8723451
-0.01335373,0.4939079,-0.007586487,0.8693786
-0.01330715,0.4992084,-0.007667902,0.8663458
-0.01321086,0.5099331,-0.007832634,0.860077
-0.01316097,0.5153719,-0.007916176,0.856829
-0.01311,0.5208494,-0.008000311,0.8535104
-0.01305792,0.5263644,-0.008085022,0.8501204
-0.01300474,0.531916,-0.008170294,0.8466579
-0.01289495,0.5431272,-0.008342498,0.83951
-0.01283816,0.5487995,-0.008429625,0.835813
-0.01278019,0.5545049,-0.008517262,0.8320387
-0.01272103,0.5602413,-0.008605373,0.8281871
-0.01266065,0.5660089,-0.008693963,0.8242561
-0.0125362,0.5776304,-0.008872471,0.816154
-0.01247193,0.583497,-0.008962583,0.8119701
-0.01240638,0.5893909,-0.009053112,0.8077021
-0.01233952,0.5953096,-0.009144024,0.8033497
-0.01227137,0.6012508,-0.009235282,0.7989128
-0.0122019,0.6072142,-0.009326881,0.7943897
-0.01205855,0.6192324,-0.009511481,0.7850575
-0.01198482,0.6252701,-0.009604221,0.7802573
-0.01190971,0.631324,-0.009697209,0.7753671
-0.01183319,0.6373933,-0.009790435,0.7703856
-0.01175526,0.643476,-0.009883865,0.7653121
-0.01159471,0.6557069,-0.01007173,0.7548594
-0.01151223,0.6618373,-0.0101659,0.7494902
-0.01142829,0.6679749,-0.01026017,0.7440253
-0.01134286,0.674119,-0.01035454,0.7384631
-0.01125592,0.6802676,-0.01044899,0.7328029
-0.01107705,0.6925999,-0.01063841,0.7211584
-0.0109853,0.6987664,-0.01073313,0.715185
-0.01089199,0.7049307,-0.01082782,0.7091099
-0.01079709,0.7110913,-0.01092244,0.702932
-0.01070062,0.7172456,-0.01101698,0.6966512
-0.01050242,0.7295569,-0.01120608,0.6837478
-0.01040088,0.7356966,-0.01130038,0.6771372
-0.01029771,0.741823,-0.01139448,0.6704199
-0.01019289,0.7479337,-0.01148835,0.6635957
-0.0100864,0.7540274,-0.01158194,0.6566634
-0.00986794,0.7661815,-0.01176863,0.6424407
-0.00975618,0.7722241,-0.01186145,0.6351647
-0.00964271,0.7782415,-0.01195388,0.6277774
-0.009527541,0.7842305,-0.01204587,0.6202795
-0.009410637,0.7901907,-0.01213742,0.6126686
-0.009171165,0.8020362,-0.01231937,0.597078
-0.009048815,0.8079051,-0.01240951,0.5891126
-0.008924716,0.8137349,-0.01249906,0.5810333
-0.008798847,0.8195242,-0.01258798,0.5728388
-0.00867121,0.8252703,-0.01267624,0.5645292
-0.008410149,0.836643,-0.01285093,0.5475332
-0.008276933,0.8422551,-0.01293713,0.5388603
-0.008141927,0.8478143,-0.01302252,0.530071
-0.008005133,0.8533177,-0.01310706,0.5211651
-0.007866547,0.8587631,-0.0131907,0.5121426
-0.007583471,0.8694891,-0.01335545,0.4937133
-0.007439222,0.8747549,-0.01343633,0.4843222
-0.007293171,0.8799523,-0.01351617,0.4748138
-0.007145322,0.8850785,-0.0135949,0.4651883
-0.006995672,0.8901312,-0.01367251,0.4554455
-0.006690449,0.9000218,-0.01382443,0.4355743
-0.006535138,0.9048454,-0.01389852,0.425463
-0.006378043,0.9095843,-0.01397131,0.4152355
-0.006219165,0.9142356,-0.01404276,0.404892
-0.006058251,0.9188036,-0.01411292,0.3944159
-0.005731047,0.9276585,-0.01424893,0.3731138
-0.005564794,0.9319388,-0.01431468,0.3622901
-0.0053968,0.9361171,-0.01437886,0.351353
-0.00522706,0.9401907,-0.01444143,0.3403023
-0.005055584,0.9441567,-0.01450235,0.3291385
-0.004706914,0.9517664,-0.01461923,0.3064389
-0.004530028,0.9553977,-0.01467501,0.2949229
-0.004351456,0.9589092,-0.01472895,0.2832972
-0.004171219,0.9622981,-0.014781,0.2715631
-0.003989324,0.9655616,-0.01483113,0.2597211
-0.003620064,0.9717092,-0.01492556,0.235681
-0.003433023,0.974582,-0.01496968,0.2235039
-0.003244401,0.977317,-0.01501169,0.2112238
-0.003054226,0.979911,-0.01505154,0.1988428
-0.002862213,0.9823649,-0.01508923,0.186342
-0.002473686,0.9868272,-0.01515777,0.1610474
-0.002277206,0.9888298,-0.01518853,0.1482559
-0.002079283,0.990676,-0.01521689,0.1353703
-0.001879651,0.9923653,-0.01524283,0.1223736
-0.001678935,0.9938895,-0.01526624,0.1093062
-0.001272888,0.996442,-0.01530545,0.082871
-0.001067913,0.9974619,-0.01532112,0.06952638
-0.000861675,0.998307,-0.0153341,0.05609952
-0.0006539128,0.9989753,-0.01534436,0.04257343
-0.0004449709,0.9994623,-0.01535184,0.02897053
-2.369572E-05,0.9998809,-0.01535827,0.001543937
0.0001885782,0.9998067,-0.01535713,-0.01227589
0.0004018878,0.9995397,-0.01535303,-0.02616314
0.0006161772,0.9990771,-0.01534592,-0.04011419
0.0008317172,0.9984149,-0.01533575,-0.05414665
0.001265424,0.9964824,-0.01530607,-0.08238259
0.001483526,0.9952066,-0.01528647,-0.09658184
0.001702395,0.9937205,-0.01526364,-0.1108311
0.00192226,0.9920196,-0.01523752,-0.1251451
0.002142775,0.9901028,-0.01520808,-0.1395014
0.002585571,0.9856113,-0.01513909,-0.1683291
0.002807741,0.9830314,-0.01509946,-0.1827932
0.003030357,0.9802256,-0.01505636,-0.1972863
0.003253643,0.9771873,-0.01500969,-0.2118231
0.003477238,0.973918,-0.01495947,-0.2263799
0.003925181,0.9666758,-0.01484823,-0.2555427
0.004149382,0.9626989,-0.01478715,-0.2701391
0.004373659,0.9584817,-0.01472237,-0.2847404
0.004598233,0.9540164,-0.01465378,-0.299361
0.004822739,0.9493064,-0.01458144,-0.3139772
0.005177843,0.9413451,-0.01445915,-0.3370958
0.005309254,0.9382374,-0.01441141,-0.3456511
0.005409839,0.9357989,-0.01437396,-0.3521996
0.005480731,0.9340489,-0.01434708,-0.356815
0.005513288,0.9332365,-0.0143346,-0.3589345
0.005515967,0.9331693,-0.01433357,-0.359109
0.005515967,0.9331693,-0.01433357,-0.359109
0.005515967,0.9331693,-0.01433357,-0.359109
0.005515967,0.9331693,-0.01433357,-0.359109
0.005515967,0.9331693,-0.01433357,-0.359109
0.005515967,0.9331693,-0.01433357,-0.359109
0.005515967,0.9331693,-0.01433357,-0.359109
0.005515967,0.9331693,-0.01433357,-0.359109
0.005515967,0.9331693,-0.01433357,-0.359109
0.005515967,0.9331693,-0.01433357,-0.359109
0.005515967,0.9331693,-0.01433357,-0.359109
0.005515967,0.9331693,-0.01433357,-0.359109
0.005515967,0.9331693,-0.01433357,-0.359109
0.005515967,0.9331693,-0.01433357,-0.359109
0.005515967,0.9331693,-0.01433357,-0.359109
0.005515967,0.9331693,-0.01433357,-0.359109
0.005515967,0.9331693,-0.01433357,-0.359109
0.005515967,0.9331693,-0.01433357,-0.359109
0.005515967,0.9331693,-0.01433357,-0.359109
0.005515967,0.9331693,-0.01433357,-0.359109
0.005515967,0.9331693,-0.01433357,-0.359109
0.005515967,0.9331693,-0.01433357,-0.359109
0.005515967,0.9331693,-0.01433357,-0.359109
0.005515967,0.9331693,-0.01433357,-0.359109
0.005515967,0.9331693,-0.01433357,-0.359109
0.005515967,0.9331693,-0.01433357,-0.359109
0.005515967,0.9331693,-0.01433357,-0.359109
0.005515967,0.9331693,-0.01433357,-0.359109
0.005515967,0.9331693,-0.01433357,-0.359109
0.005515967,0.9331693,-0.01433357,-0.359109
0.005515967,0.9331693,-0.01433357,-0.359109
0.005515967,0.9331693,-0.01433357,-0.359109
0.005515967,0.9331693,-0.01433357,-0.359109
0.005515967,0.9331693,-0.01433357,-0.359109
0.005515967,0.9331693,-0.01433357,-0.359109
0.005515967,0.9331693,-0.01433357,-0.359109
0.005515967,0.9331693,-0.01433357,-0.359109
0.005515967,0.9331693,-0.01433357,-0.359109
0.005515967,0.9331693,-0.01433357,-0.359109
0.005515967,0.9331693,-0.01433357,-0.359109
0.005515967,0.9331693,-0.01433357,-0.359109
0.005515967,0.9331693,-0.01433357,-0.359109
0.005515967,0.9331693,-0.01433357,-0.359109
0.005515967,0.9331693,-0.01433357,-0.359109
0.005515967,0.9331693,-0.01433357,-0.359109
0.005515967,0.9331693,-0.01433357,-0.359109
0.005515967,0.9331693,-0.01433357,-0.359109
0.005515967,0.9331693,-0.01433357,-0.359109
0.005515967,0.9331693,-0.01433357,-0.359109
0.005515967,0.9331693,-0.01433357,-0.359109
0.005515967,0.9331693,-0.01433357,-0.359109
0.005515967,0.9331693,-0.01433357,-0.359109
0.005515967,0.9331693,-0.01433357,-0.359109
0.005515967,0.9331693,-0.01433357,-0.359109
0.005515967,0.9331693,-0.01433357,-0.359109
0.005515967,0.9331693,-0.01433357,-0.359109
0.005515967,0.9331693,-0.01433357,-0.359109
0.005515967,0.9331693,-0.01433357,-0.359109
0.005515967,0.9331693,-0.01433357,-0.359109
0.005515967,0.9331693,-0.01433357,-0.359109
0.005515967,0.9331693,-0.01433357,-0.359109
0.005515967,0.9331693,-0.01433357,-0.359109
0.005515967,0.9331693,-0.01433357,-0.359109
0.005515967,0.9331693,-0.01433357,-0.359109
0.005515967,0.9331693,-0.01433357,-0.359109
0.005515967,0.9331693,-0.01433357,-0.359109
0.005515967,0.9331693,-0.01433357,-0.359109
0.005515967,0.9331693,-0.01433357,-0.359109
0.005515967,0.9331693,-0.01433357,-0.359109
0.005515967,0.9331693,-0.01433357,-0.359109
0.005515967,0.9331693,-0.01433357,-0.359109
0.005515967,0.9331693,-0.01433357,-0.359109
0.005515967,0.9331693,-0.01433357,-0.359109
0.005515967,0.9331693,-0.01433357,-0.359109
0.005515967,0.9331693,-0.01433357,-0.359109
0.005515967,0.9331693,-0.01433357,-0.359109
0.005515967,0.9331693,-0.01433357,-0.359109
0.005515967,0.9331693,-0.01433357,-0.359109
0.005515967,0.9331693,-0.01433357,-0.359109
0.005515967,0.9331693,-0.01433357,-0.359109
0.005515967,0.9331693,-0.01433357,-0.359109
0.005515967,0.9331693,-0.01433357,-0.359109
0.005515967,0.9331693,-0.01433357,-0.359109
0.005515967,0.9331693,-0.01433357,-0.359109
0.005515967,0.9331693,-0.01433357,-0.359109
0.005515967,0.9331693,-0.01433357,-0.359109
0.005515967,0.9331693,-0.01433357,-0.359109
0.005515967,0.9331693,-0.01433357,-0.359109
0.005515967,0.9331693,-0.01433357,-0.359109
0.005515967,0.9331693,-0.01433357,-0.359109
0.005515967,0.9331693,-0.01433357,-0.359109
0.005515967,0.9331693,-0.01433357,-0.359109
0.005515967,0.9331693,-0.01433357,-0.359109
0.005515967,0.9331693,-0.01433357,-0.359109
0.005515967,0.9331693,-0.01433357,-0.359109
0.005515967,0.9331693,-0.01433357,-0.359109
0.005515967,0.9331693,-0.01433357,-0.359109
0.005515967,0.9331693,-0.01433357,-0.359109
0.005515967,0.9331693,-0.01433357,-0.359109
0.005515967,0.9331693,-0.01433357,-0.359109
0.005512972,0.9332443,-0.01433472,-0.358914
0.005509702,0.9333262,-0.01433598,-0.3587011
0.005505438,0.9334328,-0.01433762,-0.3584235
0.00550018,0.9335641,-0.01433963,-0.3580812
0.005493923,0.9337203,-0.01434203,-0.3576739
0.005478425,0.9341062,-0.01434796,-0.3566649
0.005468895,0.9343428,-0.0143516,-0.3560444
0.005458368,0.9346036,-0.0143556,-0.3553591
0.005446835,0.9348888,-0.01435998,-0.3546083
0.005434301,0.9351979,-0.01436473,-0.3537923
0.00540623,0.9358873,-0.01437532,-0.3519647
0.005390403,0.9362742,-0.01438126,-0.3509344
0.00537358,0.9366839,-0.01438756,-0.3498391
0.005355748,0.9371167,-0.0143942,-0.3486781
0.005336899,0.9375724,-0.0144012,-0.347451
0.005317047,0.9380504,-0.01440855,-0.3461585
0.005273728,0.9390862,-0.01442445,-0.3433383
0.005250554,0.9396364,-0.01443291,-0.3418296
0.005226359,0.940208,-0.01444168,-0.3402545
0.005201149,0.9408004,-0.01445078,-0.3386132
0.005174638,0.9414198,-0.0144603,-0.3368872
0.005118547,0.9427186,-0.01448025,-0.3332354
0.00508896,0.9433973,-0.01449067,-0.3313092
0.005058346,0.9440949,-0.01450139,-0.3293162
0.0050267,0.944811,-0.01451239,-0.3272559
0.004993742,0.9455515,-0.01452376,-0.3251102
0.004924714,0.9470847,-0.01454731,-0.3206162
0.004888639,0.9478765,-0.01455947,-0.3182676
0.004851524,0.9486845,-0.01457188,-0.3158513
0.004813365,0.9495078,-0.01458453,-0.313367
0.004773873,0.9503526,-0.01459751,-0.3107959
0.004691727,0.952085,-0.01462412,-0.3054479
0.004649075,0.9529713,-0.01463773,-0.3026711
0.004605361,0.9538705,-0.01465154,-0.2998252
0.004560593,0.9547818,-0.01466554,-0.2969106
0.004514466,0.9557105,-0.01467981,-0.2939075
0.004419017,0.9575994,-0.01470882,-0.2876934
0.004369692,0.9585583,-0.01472355,-0.2844822
0.004319291,0.9595261,-0.01473841,-0.2812009
0.004267826,0.9605016,-0.0147534,-0.2778504
0.004214971,0.9614903,-0.01476858,-0.2744094
0.004106039,0.9634862,-0.01479924,-0.2673174
0.004049949,0.9644919,-0.01481469,-0.2636657
0.003992771,0.9655018,-0.0148302,-0.2599432
0.003934509,0.9665151,-0.01484576,-0.2561502
0.003875151,0.967531,-0.01486137,-0.2522857
0.003752572,0.9695768,-0.01489279,-0.2443054
0.003689632,0.9706001,-0.01490851,-0.2402077
0.003625586,0.9716225,-0.01492421,-0.2360381
0.003560435,0.9726431,-0.01493989,-0.2317965
0.003494157,0.9736613,-0.01495553,-0.2274816
0.00335774,0.9756936,-0.01498675,-0.2186003
0.003287862,0.9767018,-0.01500223,-0.214051
0.00321687,0.9777032,-0.01501762,-0.2094292
0.003144767,0.9786969,-0.01503288,-0.204735
0.003071247,0.979686,-0.01504807,-0.1999486
0.002920855,0.9816335,-0.01507799,-0.1901575
0.00284398,0.9825898,-0.01509267,-0.1851526
0.002765976,0.9835331,-0.01510716,-0.1800743
0.002686848,0.9844624,-0.01512144,-0.1749227
0.002606596,0.9853765,-0.01513548,-0.169698
0.002442138,0.9871606,-0.01516288,-0.1589912
0.002358207,0.9880252,-0.01517616,-0.1535269
0.002273152,0.9888697,-0.01518913,-0.1479895
0.002186668,0.989696,-0.01520183,-0.1423591
0.002099063,0.9904996,-0.01521417,-0.1366557
0.001920477,0.9920342,-0.01523774,-0.1250291
0.001829489,0.9927628,-0.01524893,-0.1191055
0.001737381,0.9934639,-0.0152597,-0.1131089
0.001644152,0.9941362,-0.01527003,-0.1070393
0.001549501,0.9947804,-0.01527992,-0.1008771
0.001356819,0.9959726,-0.01529824,-0.08833285
0.0012588,0.996518,-0.01530661,-0.08195141
0.001159665,0.9970278,-0.01531444,-0.07549739
0.001059414,0.9975004,-0.0153217,-0.06897067
0.0009577796,0.997936,-0.01532839,-0.06235388
0.0007511488,0.9986855,-0.0153399,-0.04890144
0.0006461854,0.9989967,-0.01534468,-0.04206793
0.000540122,0.9992636,-0.01534878,-0.0351628
0.0004326713,0.9994853,-0.01535219,-0.02816735
0.0003241245,0.9996594,-0.01535486,-0.02110055
0.0001038148,0.9998593,-0.01535793,-0.006757559
-7.959375E-06,0.999882,-0.01535828,0.0005193598
-0.000120809,0.9998512,-0.01535781,0.007866294
-0.0002350053,0.999765,-0.01535649,0.0153009
-0.0003502658,0.999622,-0.01535429,0.02280479
-0.000583903,0.9991592,-0.01534718,0.03801545
-0.0007022828,0.9988362,-0.01534222,0.04572242
-0.0008216809,0.99845,-0.01533629,0.05349569
-0.000942367,0.9979981,-0.01532935,0.06135281
-0.001064074,0.9974793,-0.01532138,0.06927637
-0.001310496,0.9962353,-0.01530227,0.08531941
-0.00143517,0.9955068,-0.01529108,0.09343612
-0.001560804,0.9947053,-0.01527877,0.1016154
-0.001687396,0.9938287,-0.0152653,0.109857
-0.001815232,0.9928735,-0.01525063,0.1181796
-0.002073696,0.9907257,-0.01521764,0.1350066
-0.002204282,0.9895299,-0.01519927,0.1435082
-0.002335761,0.9882507,-0.01517963,0.152068
-0.002468119,0.9868863,-0.01515867,0.160685
-0.002601647,0.9854315,-0.01513632,0.1693781
-0.002871216,0.9822536,-0.01508751,0.1869281
-0.003007234,0.9805269,-0.01506099,0.1957834
-0.003144041,0.9787063,-0.01503302,0.20469
-0.003281913,0.976786,-0.01500353,0.2136661
-0.003420562,0.9747677,-0.01497253,0.2226926
-0.003700082,0.9704308,-0.01490591,0.2408904
-0.003840908,0.9681088,-0.01487025,0.2500587
-0.003982419,0.9656823,-0.01483298,0.2592716
-0.004124629,0.9631489,-0.01479406,0.26853
-0.004267746,0.9605024,-0.01475341,0.2778475
-0.004555811,0.9548779,-0.01466702,0.2966016
-0.004700731,0.951896,-0.01462122,0.3060364
-0.004846193,0.9487991,-0.01457365,0.3155065
-0.004992467,0.9455792,-0.01452419,0.3250296
-0.005139242,0.9422404,-0.01447291,0.3345852
-0.005434182,0.9352,-0.01436477,0.3537869
-0.005582302,0.931495,-0.01430786,0.3634301
-0.005730814,0.9276646,-0.01424902,0.3730987
-0.005840821,0.9247519,-0.01420429,0.3802606
-0.00592069,0.9225966,-0.01417118,0.3854603
-0.005992386,0.9206326,-0.01414101,0.390128
-0.005992386,0.9206326,-0.01414101,0.390128
-0.005992386,0.9206326,-0.01414101,0.390128
-0.005992386,0.9206326,-0.01414101,0.390128
-0.005992386,0.9206326,-0.01414101,0.390128
-0.005992386,0.9206326,-0.01414101,0.390128
-0.005992386,0.9206326,-0.01414101,0.390128
-0.005992386,0.9206326,-0.01414101,0.390128
-0.005992386,0.9206326,-0.01414101,0.390128
-0.005992386,0.9206326,-0.01414101,0.390128
-0.005992386,0.9206326,-0.01414101,0.390128
-0.005992386,0.9206326,-0.01414101,0.390128
-0.005992386,0.9206326,-0.01414101,0.390128
-0.005992386,0.9206326,-0.01414101,0.390128
-0.005992386,0.9206326,-0.01414101,0.390128
-0.005992386,0.9206326,-0.01414101,0.390128
-0.005992386,0.9206326,-0.01414101,0.390128
-0.005992386,0.9206326,-0.01414101,0.390128
-0.005992386,0.9206326,-0.01414101,0.390128
-0.005992386,0.9206326,-0.01414101,0.390128
-0.005992386,0.9206326,-0.01414101,0.390128
-0.005992386,0.9206326,-0.01414101,0.390128
-0.005992386,0.9206326,-0.01414101,0.390128
-0.005992386,0.9206326,-0.01414101,0.390128
-0.005992386,0.9206326,-0.01414101,0.390128
-0.005992386,0.9206326,-0.01414101,0.390128
-0.005992386,0.9206326,-0.01414101,0.390128
-0.005992386,0.9206326,-0.01414101,0.390128
-0.005992386,0.9206326,-0.01414101,0.390128
-0.005992386,0.9206326,-0.01414101,0.390128
-0.005992386,0.9206326,-0.01414101,0.390128
-0.005992386,0.9206326,-0.01414101,0.390128
-0.005992386,0.9206326,-0.01414101,0.390128
-0.005992386,0.9206326,-0.01414101,0.390128
-0.005992386,0.9206326,-0.01414101,0.390128
-0.005992386,0.9206326,-0.01414101,0.390128
-0.005992386,0.9206326,-0.01414101,0.390128
-0.005992386,0.9206326,-0.01414101,0.390128
-0.005992386,0.9206326,-0.01414101,0.390128
-0.005992386,0.9206326,-0.01414101,0.390128
-0.005992386,0.9206326,-0.01414101,0.390128
-0.005992386,0.9206326,-0.01414101,0.390128
-0.005992386,0.9206326,-0.01414101,0.390128
-0.005992386,0.9206326,-0.01414101,0.390128
-0.005992386,0.9206326,-0.01414101,0.390128
-0.005992386,0.9206326,-0.01414101,0.390128
-0.005992386,0.9206326,-0.01414101,0.390128
-0.005992386,0.9206326,-0.01414101,0.390128
-0.005992386,0.9206326,-0.01414101,0.390128
-0.005992386,0.9206326,-0.01414101,0.390128
-0.005992386,0.9206326,-0.01414101,0.390128
-0.005992386,0.9206326,-0.01414101,0.390128
-0.005992386,0.9206326,-0.01414101,0.390128
-0.005992386,0.9206326,-0.01414101,0.390128
-0.005992386,0.9206326,-0.01414101,0.390128
-0.005992386,0.9206326,-0.01414101,0.390128
-0.005992386,0.9206326,-0.01414101,0.390128
-0.005992386,0.9206326,-0.01414101,0.390128
-0.005992386,0.9206326,-0.01414101,0.390128
-0.005992386,0.9206326,-0.01414101,0.390128
-0.005992386,0.9206326,-0.01414101,0.390128
-0.005992386,0.9206326,-0.01414101,0.390128
-0.005992386,0.9206326,-0.01414101,0.390128
-0.005992386,0.9206326,-0.01414101,0.390128
-0.005992386,0.9206326,-0.01414101,0.390128
-0.005992386,0.9206326,-0.01414101,0.390128
-0.005992386,0.9206326,-0.01414101,0.390128
-0.005992386,0.9206326,-0.01414101,0.390128
-0.005992386,0.9206326,-0.01414101,0.390128
-0.005992386,0.9206326,-0.01414101,0.390128
-0.005992386,0.9206326,-0.01414101,0.390128
-0.005992386,0.9206326,-0.01414101,0.390128
-0.005992386,0.9206326,-0.01414101,0.390128
-0.005992386,0.9206326,-0.01414101,0.390128
-0.005992386,0.9206326,-0.01414101,0.390128
-0.005992386,0.9206326,-0.01414101,0.390128
-0.005992386,0.9206326,-0.01414101,0.390128
-0.005992386,0.9206326,-0.01414101,0.390128
-0.005992386,0.9206326,-0.01414101,0.390128
-0.005992386,0.9206326,-0.01414101,0.390128
-0.005992386,0.9206326,-0.01414101,0.390128
-0.005992386,0.9206326,-0.01414101,0.390128
-0.005992386,0.9206326,-0.01414101,0.390128
-0.005992386,0.9206326,-0.01414101,0.390128
-0.005992386,0.9206326,-0.01414101,0.390128
-0.005992386,0.9206326,-0.01414101,0.390128
-0.005992386,0.9206326,-0.01414101,0.390128
-0.005992386,0.9206326,-0.01414101,0.390128
-0.005992386,0.9206326,-0.01414101,0.390128
-0.005992386,0.9206326,-0.01414101,0.390128
-0.005992386,0.9206326,-0.01414101,0.390128
-0.005992386,0.9206326,-0.01414101,0.390128
-0.005992386,0.9206326,-0.01414101,0.390128
-0.005992386,0.9206326,-0.01414101,0.390128
-0.005992386,0.9206326,-0.01414101,0.390128
-0.005991386,0.9206602,-0.01414144,0.3900629
-0.005985945,0.9208101,-0.01414374,0.3897087
-0.005981755,0.9209256,-0.01414551,0.3894359
-0.005976577,0.9210681,-0.0141477,0.3890988
-0.005970413,0.9212375,-0.0141503,0.3886975
-0.005955128,0.9216567,-0.01415674,0.3877024
-0.00594573,0.9219138,-0.01416069,0.3870906
-0.005935337,0.9221976,-0.01416505,0.3864139
-0.005923963,0.9225075,-0.01416981,0.3856734
-0.005911608,0.9228435,-0.01417497,0.3848691
-0.005883919,0.9235931,-0.01418648,0.3830664
-0.005868312,0.9240139,-0.01419295,0.3820504
-0.005851714,0.9244599,-0.0141998,0.3809698
-0.005834121,0.9249311,-0.01420704,0.3798244
-0.005815535,0.9254271,-0.01421466,0.3786144
-0.005795947,0.9259477,-0.01422265,0.3773391
-0.00575321,0.9270768,-0.01423999,0.3745568
-0.005730345,0.9276768,-0.01424921,0.3730682
-0.005706471,0.9283004,-0.01425879,0.3715139
-0.005681586,0.9289471,-0.01426872,0.3698938
-0.005655416,0.9296237,-0.01427912,0.36819
-0.005600044,0.9310434,-0.01430092,0.364585
-0.005570835,0.9317859,-0.01431233,0.3626834
-0.005540606,0.9325495,-0.01432406,0.3607154
-0.005509355,0.9333339,-0.0143361,0.3586809
-0.005477055,0.9341394,-0.01434848,0.356578
-0.005408874,0.9358217,-0.01437432,0.3521392
-0.005373238,0.9366914,-0.01438768,0.3498192
-0.005336563,0.9375796,-0.01440132,0.3474315
-0.005298859,0.9384856,-0.01441523,0.3449769
-0.005260108,0.9394091,-0.01442942,0.342454
-0.005178923,0.941319,-0.01445876,0.3371686
-0.00513677,0.9422975,-0.01447378,0.3344243
-0.005093555,0.9432913,-0.01448905,0.3316108
-0.005049031,0.9443053,-0.01450462,0.3287121
-0.005003427,0.9453336,-0.01452042,0.3257431
-0.00490907,0.9474281,-0.01455259,0.3196001
-0.004860275,0.9484938,-0.01456896,0.3164234
-0.004810422,0.9495704,-0.0145855,0.3131777
-0.004759499,0.9506574,-0.01460219,0.3098625
-0.004707205,0.9517603,-0.01461913,0.3064579
-0.004599412,0.9539915,-0.01465341,0.2994402
-0.004543886,0.9551187,-0.01467072,0.2958252
-0.004487277,0.9562523,-0.01468813,0.2921398
-0.004429583,0.9573918,-0.01470563,0.2883837
-0.004370793,0.9585363,-0.01472321,0.2845562
-0.004249378,0.9608476,-0.01475871,0.2766517
-0.004187009,0.9620073,-0.01477653,0.2725912
-0.004123529,0.9631689,-0.01479437,0.2684585
-0.004058962,0.9643306,-0.01481221,0.2642549
-0.003992993,0.9654973,-0.01483013,0.2599601
-0.003857714,0.9678255,-0.01486589,0.2511529
-0.0037884,0.9689854,-0.01488371,0.2466403
-0.003717975,0.9701409,-0.01490146,0.2420554
-0.003646409,0.9712916,-0.01491913,0.2373961
-0.003573447,0.9724402,-0.01493678,0.232646
-0.003424166,0.9747141,-0.0149717,0.2229273
-0.003347825,0.9758375,-0.01498896,0.2179572
-0.003270363,0.9769502,-0.01500605,0.2129141
-0.003191766,0.9780514,-0.01502297,0.2077972
-0.003111771,0.9791434,-0.01503974,0.2025892
-0.002948339,0.9812847,-0.01507263,0.1919491
-0.002864913,0.9823316,-0.01508871,0.1865178
-0.002780346,0.9833609,-0.01510452,0.1810122
-0.002694641,0.9843717,-0.01512005,0.1754325
-0.002607523,0.9853656,-0.01513531,0.1697607
-0.002429832,0.9872889,-0.01516485,0.1581924
-0.002339276,0.9882155,-0.01517909,0.1522969
-0.002247584,0.989117,-0.01519293,0.1463274
-0.002154756,0.9899922,-0.01520638,0.140284
-0.002060503,0.9908423,-0.01521943,0.1341477
-0.001868556,0.9924541,-0.01524419,0.1216513
-0.001770885,0.9932128,-0.01525585,0.1152925
-0.001672086,0.9939384,-0.01526699,0.1088603
-0.001571882,0.9946313,-0.01527763,0.1023366
-0.001470517,0.9952882,-0.01528772,0.09573739
-0.001264412,0.9964877,-0.01530615,0.08231919
-0.001159671,0.9970275,-0.01531444,0.07550016
-0.001053821,0.9975254,-0.01532209,0.06860894
-0.0009465445,0.9979813,-0.01532909,0.06162484
-0.0008381595,0.9983919,-0.0153354,0.05456857
-0.0007169655,0.9987919,-0.01534154,0.04667839
-0.0007044951,0.9988295,-0.01534212,0.04586652
-0.0007044951,0.9988295,-0.01534212,0.04586652
-0.0007044951,0.9988295,-0.01534212,0.04586652
-0.0007044951,0.9988295,-0.01534212,0.04586652
-0.0007044951,0.9988295,-0.01534212,0.04586652
-0.0007044951,0.9988295,-0.01534212,0.04586652
-0.0007044951,0.9988295,-0.01534212,0.04586652
-0.0007044951,0.9988295,-0.01534212,0.04586652
-0.0007044951,0.9988295,-0.01534212,0.04586652
-0.0007044951,0.9988295,-0.01534212,0.04586652
-0.0007044951,0.9988295,-0.01534212,0.04586652
-0.0007044951,0.9988295,-0.01534212,0.04586652
-0.0007044951,0.9988295,-0.01534212,0.04586652
-0.0007044951,0.9988295,-0.01534212,0.04586652
-0.0007044951,0.9988295,-0.01534212,0.04586652
-0.0007044951,0.9988295,-0.01534212,0.04586652
-0.0007044951,0.9988295,-0.01534212,0.04586652
-0.0007044951,0.9988295,-0.01534212,0.04586652
-0.0007044951,0.9988295,-0.01534212,0.04586652
-0.0007044951,0.9988295,-0.01534212,0.04586652
-0.0007044951,0.9988295,-0.01534212,0.04586652
-0.0007044951,0.9988295,-0.01534212,0.04586652
-0.0007044951,0.9988295,-0.01534212,0.04586652
-0.0007044951,0.9988295,-0.01534212,0.04586652
-0.0007044951,0.9988295,-0.01534212,0.04586652
-0.0007044951,0.9988295,-0.01534212,0.04586652
-0.0007044951,0.9988295,-0.01534212,0.04586652
-0.0007044951,0.9988295,-0.01534212,0.04586652
-0.0007044951,0.9988295,-0.01534212,0.04586652
-0.0007044951,0.9988295,-0.01534212,0.04586652
-0.0007044951,0.9988295,-0.01534212,0.04586652
-0.0007044951,0.9988295,-0.01534212,0.04586652
-0.0007044951,0.9988295,-0.01534212,0.04586652
-0.0007044951,0.9988295,-0.01534212,0.04586652
-0.0007044951,0.9988295,-0.01534212,0.04586652
-0.0007044951,0.9988295,-0.01534212,0.04586652
-0.0007044951,0.9988295,-0.01534212,0.04586652
-0.0007044951,0.9988295,-0.01534212,0.04586652
-0.0007044951,0.9988295,-0.01534212,0.04586652
-0.0007044951,0.9988295,-0.01534212,0.04586652
-0.0007044951,0.9988295,-0.01534212,0.04586652
-0.0007044951,0.9988295,-0.01534212,0.04586652
-0.0007044951,0.9988295,-0.01534212,0.04586652
-0.0007044951,0.9988295,-0.01534212,0.04586652
-0.0007044951,0.9988295,-0.01534212,0.04586652
-0.0007044951,0.9988295,-0.01534212,0.04586652
-0.0007044951,0.9988295,-0.01534212,0.04586652
-0.0007044951,0.9988295,-0.01534212,0.04586652
-0.0007044951,0.9988295,-0.01534212,0.04586652
-0.0007044951,0.9988295,-0.01534212,0.04586652
-0.0007044951,0.9988295,-0.01534212,0.04586652
-0.0007044951,0.9988295,-0.01534212,0.04586652
-0.0007034144,0.9988328,-0.01534217,0.04579616
-0.0007012885,0.9988391,-0.01534226,0.04565776
-0.0006938096,0.9988613,-0.01534261,0.04517086
-0.0006884718,0.9988769,-0.01534285,0.04482334
-0.0006817668,0.9988964,-0.01534314,0.04438683
-0.0006739897,0.9989188,-0.01534349,0.04388051
-0.0006651548,0.9989439,-0.01534387,0.04330532
-0.0006442781,0.9990018,-0.01534476,0.04194617
-0.0006322411,0.9990344,-0.01534526,0.04116251
-0.0006188364,0.99907,-0.01534581,0.04028982
-0.0006043629,0.9991076,-0.01534639,0.03934754
-0.0005888349,0.9991469,-0.01534699,0.03833661
-0.0005545809,0.99923,-0.01534827,0.03610655
-0.0005358469,0.9992733,-0.01534893,0.0348869
-0.0005157412,0.9993182,-0.01534962,0.03357794
-0.0004945869,0.9993635,-0.01535032,0.03220072
-0.0004723496,0.9994091,-0.01535102,0.03075298
-0.0004246752,0.9994998,-0.01535241,0.0276492
-0.0003989379,0.9995446,-0.0153531,0.02597361
-0.0003721362,0.9995885,-0.01535377,0.02422872
-0.0003442698,0.9996308,-0.01535442,0.02241451
-0.0003153365,0.9996713,-0.01535505,0.02053084
-0.000254253,0.9997451,-0.01535618,0.01655408
-0.0002218041,0.9997777,-0.01535668,0.01444153
-0.0001882979,0.9998069,-0.01535713,0.01226015
-0.0001537149,0.999832,-0.01535751,0.01000867
-0.0001180724,0.9998525,-0.01535783,0.007688208
-4.35876E-05,0.999878,-0.01535822,0.002838966
-4.440659E-06,0.999882,-0.01535828,0.000290352
3.577691E-05,0.9998794,-0.01535824,-0.002327963
7.705638E-05,0.9998695,-0.01535809,-0.005015412
0.0001193937,0.9998519,-0.01535782,-0.007771729
0.0001628216,0.9998259,-0.01535742,-0.01059905
0.000253159,0.9997463,-0.0153562,-0.01648036
0.0003000628,0.9996912,-0.01535535,-0.01953398
0.0003480382,0.9996253,-0.01535434,-0.02265735
0.0003970681,0.9995479,-0.01535315,-0.02584938
0.0004983239,0.9993557,-0.0153502,-0.03244151
0.0005508416,0.9992388,-0.0153484,-0.03586061
0.0006044237,0.9991076,-0.01534639,-0.03934901
0.0006590607,0.9989611,-0.01534414,-0.04290609
0.0007147482,0.9987987,-0.01534164,-0.04653155
0.0008292969,0.9984235,-0.01533588,-0.0539891
0.000888456,0.9982077,-0.01533256,-0.05784059
0.0009486609,0.9979729,-0.01532896,-0.06176015
0.001009918,0.9977181,-0.01532504,-0.06574824
0.00107221,0.9974425,-0.01532081,-0.06980365
0.001135566,0.9971452,-0.01531624,-0.07392839
0.001266014,0.9964793,-0.01530601,-0.08242106
0.001332791,0.9961101,-0.01530034,-0.08676849
0.001367918,0.9959083,-0.01529724,-0.08905537
0.001371016,0.9958903,-0.01529697,-0.0892571
0.001371016,0.9958903,-0.01529697,-0.0892571
0.001371016,0.9958903,-0.01529697,-0.0892571
0.001371016,0.9958903,-0.01529697,-0.0892571
0.001371016,0.9958903,-0.01529697,-0.0892571
0.001371016,0.9958903,-0.01529697,-0.0892571
0.001371016,0.9958903,-0.01529697,-0.0892571
0.001371016,0.9958903,-0.01529697,-0.0892571
0.001371016,0.9958903,-0.01529697,-0.0892571
0.001371016,0.9958903,-0.01529697,-0.0892571
0.001371016,0.9958903,-0.01529697,-0.0892571
0.001371016,0.9958903,-0.01529697,-0.0892571
0.001371016,0.9958903,-0.01529697,-0.0892571
0.001371016,0.9958903,-0.01529697,-0.0892571
0.001371016,0.9958903,-0.01529697,-0.0892571
0.001371016,0.9958903,-0.01529697,-0.0892571
0.001371016,0.9958903,-0.01529697,-0.0892571
0.001371016,0.9958903,-0.01529697,-0.0892571
0.001371016,0.9958903,-0.01529697,-0.0892571
0.001371016,0.9958903,-0.01529697,-0.0892571
0.001371016,0.9958903,-0.01529697,-0.0892571
0.001371016,0.9958903,-0.01529697,-0.0892571
0.001371016,0.9958903,-0.01529697,-0.0892571
0.001371016,0.9958903,-0.01529697,-0.0892571
0.001371016,0.9958903,-0.01529697,-0.0892571
0.001371016,0.9958903,-0.01529697,-0.0892571
0.001371016,0.9958903,-0.01529697,-0.0892571
0.001371016,0.9958903,-0.01529697,-0.0892571
0.001371016,0.9958903,-0.01529697,-0.0892571
0.001371016,0.9958903,-0.01529697,-0.0892571
0.001371016,0.9958903,-0.01529697,-0.0892571
0.001371016,0.9958903,-0.01529697,-0.0892571
0.001371016,0.9958903,-0.01529697,-0.0892571
0.001371016,0.9958903,-0.01529697,-0.0892571
0.001371016,0.9958903,-0.01529697,-0.0892571
0.001371016,0.9958903,-0.01529697,-0.0892571
0.001371016,0.9958903,-0.01529697,-0.0892571
0.001371016,0.9958903,-0.01529697,-0.0892571
0.001371016,0.9958903,-0.01529697,-0.0892571
0.001371016,0.9958903,-0.01529697,-0.0892571
0.001371016,0.9958903,-0.01529697,-0.0892571
0.001371016,0.9958903,-0.01529697,-0.0892571
0.001371016,0.9958903,-0.01529697,-0.0892571
0.001371016,0.9958903,-0.01529697,-0.0892571
0.001371016,0.9958903,-0.01529697,-0.0892571
0.001371016,0.9958903,-0.01529697,-0.0892571
0.001371016,0.9958903,-0.01529697,-0.0892571
0.001371016,0.9958903,-0.01529697,-0.0892571
0.001371016,0.9958903,-0.01529697,-0.0892571
0.001371016,0.9958903,-0.01529697,-0.0892571
0.001371016,0.9958903,-0.01529697,-0.0892571
0.001371016,0.9958903,-0.01529697,-0.0892571
0.001371016,0.9958903,-0.01529697,-0.0892571
0.001371016,0.9958903,-0.01529697,-0.0892571
0.001371016,0.9958903,-0.01529697,-0.0892571
0.001371016,0.9958903,-0.01529697,-0.0892571
0.001371016,0.9958903,-0.01529697,-0.0892571
0.001371016,0.9958903,-0.01529697,-0.0892571
0.001371016,0.9958903,-0.01529697,-0.0892571
0.001371016,0.9958903,-0.01529697,-0.0892571
0.001371016,0.9958903,-0.01529697,-0.0892571
0.001371016,0.9958903,-0.01529697,-0.0892571
0.001371016,0.9958903,-0.01529697,-0.0892571
0.001371016,0.9958903,-0.01529697,-0.0892571
0.001371016,0.9958903,-0.01529697,-0.0892571
0.001371016,0.9958903,-0.01529697,-0.0892571
0.001371016,0.9958903,-0.01529697,-0.0892571
0.001371016,0.9958903,-0.01529697,-0.0892571
0.001371016,0.9958903,-0.01529697,-0.0892571
0.001371016,0.9958903,-0.01529697,-0.0892571
0.001371016,0.9958903,-0.01529697,-0.0892571
0.001371016,0.9958903,-0.01529697,-0.0892571
0.001371016,0.9958903,-0.01529697,-0.0892571
0.001371016,0.9958903,-0.01529697,-0.0892571
0.001371016,0.9958903,-0.01529697,-0.0892571
0.001371016,0.9958903,-0.01529697,-0.0892571
0.001371016,0.9958903,-0.01529697,-0.0892571
0.001371016,0.9958903,-0.01529697,-0.0892571
0.001371016,0.9958903,-0.01529697,-0.0892571
0.001371016,0.9958903,-0.01529697,-0.0892571
0.001371016,0.9958903,-0.01529697,-0.0892571
0.001371016,0.9958903,-0.01529697,-0.0892571
0.001371016,0.9958903,-0.01529697,-0.0892571
0.001371016,0.9958903,-0.01529697,-0.0892571
0.001371016,0.9958903,-0.01529697,-0.0892571
0.001371016,0.9958903,-0.01529697,-0.0892571
0.001371016,0.9958903,-0.01529697,-0.0892571
0.001371016,0.9958903,-0.01529697,-0.0892571
0.001371016,0.9958903,-0.01529697,-0.0892571
0.001371016,0.9958903,-0.01529697,-0.0892571
0.001371016,0.9958903,-0.01529697,-0.0892571
0.001371016,0.9958903,-0.01529697,-0.0892571
0.001371016,0.9958903,-0.01529697,-0.0892571
0.001371016,0.9958903,-0.01529697,-0.0892571
0.001371016,0.9958903,-0.01529697,-0.0892571
0.001371016,0.9958903,-0.01529697,-0.0892571
0.001371016,0.9958903,-0.01529697,-0.0892571
0.001371016,0.9958903,-0.01529697,-0.0892571
0.001371016,0.9958903,-0.01529697,-0.0892571
0.001371016,0.9958903,-0.01529697,-0.0892571
0.001371016,0.9958903,-0.01529697,-0.0892571
0.001371016,0.9958903,-0.01529697,-0.0892571
0.001374183,0.9958717,-0.01529668,-0.08946322
0.001377363,0.9958531,-0.01529639,-0.08967026
0.001381604,0.9958282,-0.01529601,-0.08994637
0.001387206,0.9957952,-0.01529551,-0.09031109
0.001393872,0.9957557,-0.0152949,-0.0907451
0.001410385,0.9956572,-0.01529339,-0.09182016
0.001420237,0.9955978,-0.01529247,-0.09246156
0.001431155,0.9955316,-0.01529146,-0.09317236
0.001443432,0.9954565,-0.0152903,-0.09397161
0.001456745,0.9953743,-0.01528904,-0.09483833
0.001486582,0.9951873,-0.01528617,-0.09678088
0.001503094,0.9950821,-0.01528455,-0.09785582
0.001520672,0.9949688,-0.01528281,-0.09900025
0.001539605,0.9948454,-0.01528092,-0.1002329
0.001559597,0.9947135,-0.01527889,-0.1015344
0.001602757,0.9944227,-0.01527442,-0.1043443
0.001625924,0.9942633,-0.01527197,-0.1058525
0.001650144,0.9940941,-0.01526937,-0.1074294
0.001675725,0.9939127,-0.01526659,-0.1090948
0.001702358,0.9937208,-0.01526364,-0.1108287
0.001758783,0.9933043,-0.01525724,-0.1145022
0.001788571,0.9930788,-0.01525378,-0.1164415
0.001819719,0.992839,-0.0152501,-0.1184694
0.001851888,0.9925869,-0.01524622,-0.1205637
0.001885129,0.9923215,-0.01524215,-0.1227278
0.001954769,0.9917503,-0.01523337,-0.1272616
0.001991154,0.9914435,-0.01522866,-0.1296304
0.002028882,0.9911192,-0.01522368,-0.1320866
0.002067661,0.9907795,-0.01521846,-0.1346113
0.002107471,0.9904239,-0.015213,-0.1372031
0.002190239,0.9896625,-0.0152013,-0.1425916
0.002233182,0.9892556,-0.01519505,-0.1453874
0.00227746,0.9888277,-0.01518848,-0.14827
0.002322771,0.9883808,-0.01518162,-0.1512199
0.002369103,0.9879146,-0.01517446,-0.1542363
0.002464883,0.986921,-0.01515919,-0.160472
0.002514319,0.9863923,-0.01515107,-0.1636904
0.002564806,0.9858412,-0.01514261,-0.1669773
0.002616589,0.9852642,-0.01513374,-0.1703486
0.002669387,0.9846637,-0.01512452,-0.1737859
0.002778031,0.9833892,-0.01510494,-0.1808591
0.002833867,0.9827136,-0.01509456,-0.1844942
0.002891011,0.9820079,-0.01508372,-0.1882145
0.002949162,0.9812747,-0.01507246,-0.1920004
0.003008299,0.9805135,-0.01506077,-0.1958504
0.00312959,0.9789032,-0.01503604,-0.2037469
0.003192025,0.9780483,-0.01502291,-0.2078116
0.003255148,0.9771661,-0.01500935,-0.2119212
0.003319548,0.9762474,-0.01499524,-0.2161139
0.003384926,0.9752954,-0.01498062,-0.2203702
0.003518606,0.973288,-0.01494979,-0.2290733
0.003587188,0.9722263,-0.01493348,-0.2335383
0.003656736,0.9711276,-0.0149166,-0.2380661
0.003727241,0.9699908,-0.01489914,-0.2426562
0.003798691,0.9688153,-0.01488109,-0.2473079
0.003944416,0.9663438,-0.01484313,-0.2567952
0.004018977,0.9650408,-0.01482311,-0.2616494
0.004094469,0.9636948,-0.01480244,-0.2665642
0.00417087,0.9623051,-0.01478109,-0.2715382
0.004248178,0.9608707,-0.01475906,-0.2765712
0.004405526,0.9578629,-0.01471286,-0.2868152
0.004485833,0.9562817,-0.01468857,-0.2920435
0.004567017,0.9546516,-0.01466353,-0.2973289
0.004649084,0.9529711,-0.01463772,-0.3026718
0.004732018,0.9512393,-0.01461112,-0.3080711
0.004900458,0.9476178,-0.01455549,-0.3190372
0.004985954,0.9457256,-0.01452642,-0.3246033
0.005072568,0.9437713,-0.01449641,-0.3302422
0.005160005,0.9417601,-0.01446551,-0.3359347
0.005248256,0.9396908,-0.01443373,-0.3416802
0.005427164,0.9353735,-0.01436741,-0.3533278
0.005518077,0.9331163,-0.01433274,-0.3592466
0.00560976,0.9307963,-0.01429711,-0.3652155
0.005702202,0.9284124,-0.01426049,-0.3712338
0.005795386,0.9259636,-0.01422288,-0.3773005
0.005983953,0.9208658,-0.01414458,-0.3895769
0.006079604,0.9182065,-0.01410373,-0.3958042
0.006175939,0.9154776,-0.01406181,-0.4020759
0.006272968,0.9126771,-0.0140188,-0.4083929
0.006370659,0.9098045,-0.01397467,-0.4147529
0.006567998,0.9038373,-0.01388302,-0.4276004
0.00666762,0.9007404,-0.01383545,-0.4340861
0.006768129,0.8975576,-0.01378656,-0.4406297
0.006869215,0.8942968,-0.01373647,-0.4472107
0.006970892,0.8909558,-0.01368515,-0.4538303
0.007175923,0.8840296,-0.01357877,-0.4671786
0.007279517,0.8804324,-0.01352351,-0.473923
0.007383612,0.8767506,-0.01346696,-0.4807
0.007488204,0.8729827,-0.01340908,-0.4875093
0.00759326,0.869128,-0.01334987,-0.4943488
0.00780473,0.8611515,-0.01322735,-0.5081164
0.00791135,0.8570179,-0.01316386,-0.5150577
0.008018372,0.8527917,-0.01309895,-0.5220253
0.008125759,0.8484725,-0.0130326,-0.5290166
0.008233501,0.8440586,-0.01296481,-0.536031
0.008341582,0.8395486,-0.01289553,-0.5430675
0.008559123,0.8302159,-0.01275218,-0.5572303
0.0086683,0.8254009,-0.01267822,-0.5643381
0.008777705,0.8204857,-0.01260272,-0.5714608
0.008887327,0.8154685,-0.01252566,-0.5785977
0.009107114,0.8051248,-0.01236678,-0.5929066
0.009217469,0.7997843,-0.01228475,-0.6000911
0.009327935,0.7943372,-0.01220108,-0.6072829
0.009438477,0.7887832,-0.01211577,-0.6144796
0.009549077,0.7831207,-0.01202879,-0.62168
0.009770321,0.7714671,-0.01184979,-0.6360839
0.009881155,0.7654605,-0.01175753,-0.6432996
0.009991923,0.7593415,-0.01166354,-0.6505111
0.0101026,0.7531088,-0.0115678,-0.6577167
0.01021315,0.746762,-0.01147032,-0.6649141
0.01032356,0.7402995,-0.01137105,-0.6721019
0.0105442,0.726999,-0.01116676,-0.6864667
0.01065418,0.7201712,-0.01106188,-0.6936265
0.01076387,0.7132244,-0.01095518,-0.7007676
0.01087324,0.7061575,-0.01084663,-0.7078883
0.01098227,0.6989692,-0.01073622,-0.7149868
0.01119955,0.6842002,-0.01050936,-0.7291325
0.01130753,0.676631,-0.0103931,-0.7361621
0.011415,0.6689383,-0.01027494,-0.7431593
0.01152196,0.6611205,-0.01015486,-0.7501226
0.01162834,0.6531783,-0.01003286,-0.7570484
0.01183963,0.6368869,-0.009782625,-0.7708043
0.01194428,0.6285505,-0.009654578,-0.7776172
0.01202769,0.6217723,-0.009550464,-0.7830474
0.01209037,0.6165982,-0.00947099,-0.7871282
0.01215318,0.6113423,-0.009390258,-0.7912173
0.01227946,0.6005517,-0.009224515,-0.7994385
0.01232316,0.5967449,-0.009166042,-0.8022841
0.01234754,0.5946055,-0.009133182,-0.8038709
0.01235282,0.5941404,-0.009126037,-0.8042147
0.01235282,0.5941404,-0.009126037,-0.8042147
0.01235282,0.5941404,-0.009126037,-0.8042147
0.01235282,0.5941404,-0.009126037,-0.8042147
0.01235282,0.5941404,-0.009126037,-0.8042147
0.01235282,0.5941404,-0.009126037,-0.8042147
0.01235282,0.5941404,-0.009126037,-0.8042147
0.01235282,0.5941404,-0.009126037,-0.8042147
0.01235282,0.5941404,-0.009126037,-0.8042147
0.01235282,0.5941404,-0.009126037,-0.8042147
0.01235282,0.5941404,-0.009126037,-0.8042147
0.01235282,0.5941404,-0.009126037,-0.8042147
0.01235282,0.5941404,-0.009126037,-0.8042147
0.01235282,0.5941404,-0.009126037,-0.8042147
0.01235282,0.5941404,-0.009126037,-0.8042147
0.01235282,0.5941404,-0.009126037,-0.8042147
0.01235282,0.5941404,-0.009126037,-0.8042147
0.01235282,0.5941404,-0.009126037,-0.8042147
0.01235282,0.5941404,-0.009126037,-0.8042147
0.01235282,0.5941404,-0.009126037,-0.8042147
0.01235282,0.5941404,-0.009126037,-0.8042147
0.01235282,0.5941404,-0.009126037,-0.8042147
0.01235282,0.5941404,-0.009126037,-0.8042147
0.01235282,0.5941404,-0.009126037,-0.8042147
0.01235282,0.5941404,-0.009126037,-0.8042147
0.01235282,0.5941404,-0.009126037,-0.8042147
0.01235282,0.5941404,-0.009126037,-0.8042147
0.01235282,0.5941404,-0.009126037,-0.8042147
0.01235282,0.5941404,-0.009126037,-0.8042147
0.01235282,0.5941404,-0.009126037,-0.8042147
0.01235282,0.5941404,-0.009126037,-0.8042147
0.01235282,0.5941404,-0.009126037,-0.8042147
0.01235282,0.5941404,-0.009126037,-0.8042147
0.01235282,0.5941404,-0.009126037,-0.8042147
0.01235282,0.5941404,-0.009126037,-0.8042147
0.01235282,0.5941404,-0.009126037,-0.8042147
0.01235363,0.5940689,-0.009124939,-0.8042675
0.01235716,0.5937577,-0.009120159,-0.8044973
0.01235987,0.5935184,-0.009116482,-0.8046739
0.01236322,0.593223,-0.009111945,-0.8048917
0.01236719,0.5928717,-0.009106549,-0.8051504
0.01237197,0.5924492,-0.009100059,-0.8054614
0.01238341,0.5914351,-0.009084483,-0.8062063
0.01239008,0.5908433,-0.009075393,-0.8066401
0.01239736,0.5901952,-0.009065437,-0.8071145
0.01240545,0.5894746,-0.009054368,-0.807641
0.01241415,0.5886976,-0.009042434,-0.8082075
0.0124334,0.5869732,-0.009015948,-0.8094607
0.01244394,0.5860257,-0.009001392,-0.8101469
0.01245509,0.5850204,-0.008985952,-0.8108732
0.01246685,0.5839585,-0.00896964,-0.8116382
0.01247953,0.582809,-0.008951983,-0.8124641
0.01250636,0.580366,-0.008914458,-0.814211
0.01252067,0.579057,-0.008894351,-0.8151425
0.01253556,0.5776899,-0.008873354,-0.8161118
0.0125512,0.5762489,-0.00885122,-0.8171299
0.01256757,0.5747349,-0.008827964,-0.8181955
0.01260169,0.5715597,-0.008779192,-0.8204168
0.01261959,0.5698826,-0.008753432,-0.8215827
0.01263805,0.5681461,-0.00872676,-0.8227845
0.01265707,0.566349,-0.008699156,-0.8240225
0.01267694,0.564462,-0.008670172,-0.8253163
0.01271797,0.5605369,-0.008609883,-0.8279871
0.01273927,0.5584832,-0.008578337,-0.8293737
0.01276108,0.5563684,-0.008545853,-0.8307939
0.01278342,0.5541905,-0.008512401,-0.8322483
0.01280641,0.5519358,-0.008477769,-0.8337451
0.01285386,0.5472406,-0.00840565,-0.8368344
0.01287831,0.5447986,-0.008368141,-0.8384263
0.01290323,0.5422939,-0.008329668,-0.8400485
0.01292861,0.5397258,-0.008290223,-0.8417007
0.0129546,0.5370777,-0.008249547,-0.843393
0.01300791,0.531589,-0.008165242,-0.8468632
0.0130352,0.5287477,-0.008121599,-0.8486401
0.01306291,0.5258416,-0.008076961,-0.8504439
0.01309118,0.5228533,-0.008031061,-0.8522844
0.01311984,0.5197994,-0.007984152,-0.8541502
0.01317831,0.5134919,-0.007887268,-0.857957
0.01320809,0.5102382,-0.007837291,-0.859896
0.01323838,0.5069007,-0.007786027,-0.8618676
0.013269,0.5034955,-0.007733723,-0.8638613
0.01329994,0.5000235,-0.007680392,-0.8658757
0.01336277,0.4928722,-0.007570548,-0.8699662
0.01339463,0.4891935,-0.007514042,-0.8720401
0.01342676,0.4854451,-0.007456466,-0.8741323
0.01345917,0.4816264,-0.00739781,-0.8762421
0.01349197,0.4777206,-0.007337817,-0.8783776
0.01355826,0.4696985,-0.007214596,-0.8826934
0.01359174,0.4655797,-0.007151332,-0.8848727
0.01362541,0.4613895,-0.00708697,-0.8870648
0.0136594,0.4571098,-0.007021233,-0.8892776
0.01369355,0.4527575,-0.006954382,-0.8915014
0.01376231,0.4438339,-0.006817313,-0.8959775
0.01379687,0.4392617,-0.006747084,-0.8982279
0.01383167,0.4345981,-0.00667545,-0.9004936
0.01386656,0.4298598,-0.006602669,-0.902765
0.01390152,0.4250469,-0.006528743,-0.905041
0.01397158,0.415196,-0.006377432,-0.9096024
0.01400666,0.4101567,-0.006300028,-0.9118858
0.01404173,0.4050417,-0.006221461,-0.9141693
0.01407691,0.3998331,-0.006141456,-0.9164593
0.01411206,0.3945468,-0.006060259,-0.9187475
0.01418217,0.383743,-0.005894311,-0.9233122
0.0142171,0.3782247,-0.005809549,-0.9255865
0.01425192,0.3726287,-0.005723594,-0.9278535
0.01428672,0.3669364,-0.00563616,-0.9301193
0.01432138,0.3611659,-0.005547524,-0.9323751
0.01439014,0.3493883,-0.00536662,-0.9368522
0.01442422,0.3433802,-0.005274335,-0.9390709
0.01445807,0.337293,-0.005180835,-0.9412745
0.01449176,0.3311075,-0.005085824,-0.9434681
0.01452518,0.3248422,-0.004989589,-0.9456435
0.01459109,0.3120721,-0.00479344,-0.9499343
0.01462354,0.3055657,-0.004693502,-0.9520471
0.01465572,0.2989602,-0.00459204,-0.954142
0.0146875,0.292275,-0.004489354,-0.956211
0.01471887,0.2855074,-0.004385404,-0.9582535
0.01478027,0.2717308,-0.004173794,-0.9622508
0.01481025,0.2647204,-0.004066113,-0.9642029
0.01483981,0.2576092,-0.003956886,-0.9661272
0.01486883,0.250417,-0.003846413,-0.9680163
0.01489728,0.243144,-0.003734698,-0.9698686
0.0149524,0.2283542,-0.003507526,-0.973457
0.01497901,0.220838,-0.003392075,-0.9751896
0.01500502,0.2132213,-0.003275082,-0.9768832
0.01502355,0.2076177,-0.003189011,-0.9780895
0.01503509,0.2040485,-0.003134187,-0.9788403
0.01503998,0.2025134,-0.003110608,-0.9791591
0.01503998,0.2025134,-0.003110608,-0.9791591
0.01503998,0.2025134,-0.003110608,-0.9791591
0.01503998,0.2025134,-0.003110608,-0.9791591
0.01503998,0.2025134,-0.003110608,-0.9791591
0.01503998,0.2025134,-0.003110608,-0.9791591
0.01503998,0.2025134,-0.003110608,-0.9791591
0.01503998,0.2025134,-0.003110608,-0.9791591
0.01503998,0.2025134,-0.003110608,-0.9791591
0.01503998,0.2025134,-0.003110608,-0.9791591
0.01503998,0.2025134,-0.003110608,-0.9791591
0.01503998,0.2025134,-0.003110608,-0.9791591
0.01503998,0.2025134,-0.003110608,-0.9791591
0.01503998,0.2025134,-0.003110608,-0.9791591
0.01503998,0.2025134,-0.003110608,-0.9791591
0.01503998,0.2025134,-0.003110608,-0.9791591
0.01503998,0.2025134,-0.003110608,-0.9791591
0.01503998,0.2025134,-0.003110608,-0.9791591
0.01503998,0.2025134,-0.003110608,-0.9791591
0.01503998,0.2025134,-0.003110608,-0.9791591
0.01503998,0.2025134,-0.003110608,-0.9791591
0.01503998,0.2025134,-0.003110608,-0.9791591
0.01503998,0.2025134,-0.003110608,-0.9791591
0.01503998,0.2025134,-0.003110608,-0.9791591
0.01503998,0.2025134,-0.003110608,-0.9791591
0.01503998,0.2025134,-0.003110608,-0.9791591
0.01503998,0.2025134,-0.003110608,-0.9791591
0.01503998,0.2025134,-0.003110608,-0.9791591
0.01503998,0.2025134,-0.003110608,-0.9791591
0.01503998,0.2025134,-0.003110608,-0.9791591
0.01503998,0.2025134,-0.003110608,-0.9791591
0.01503998,0.2025134,-0.003110608,-0.9791591
0.01503998,0.2025134,-0.003110608,-0.9791591
0.01503998,0.2025134,-0.003110608,-0.9791591
0.01503998,0.2025134,-0.003110608,-0.9791591
0.01503998,0.2025134,-0.003110608,-0.9791591
0.01503998,0.2025134,-0.003110608,-0.9791591
0.01503998,0.2025134,-0.003110608,-0.9791591
0.01503998,0.2025134,-0.003110608,-0.9791591
0.01503998,0.2025134,-0.003110608,-0.9791591
0.01503998,0.2025134,-0.003110608,-0.9791591
0.01503998,0.2025134,-0.003110608,-0.9791591
0.01503998,0.2025134,-0.003110608,-0.9791591
0.01503977,0.2025811,-0.003111648,-0.9791451
0.01503933,0.202718,-0.003113751,-0.9791167
0.01503868,0.202923,-0.0031169,-0.9790743
0.0150366,0.2035746,-0.003126908,-0.978939
0.01503523,0.2040023,-0.003133478,-0.9788499
0.01503365,0.2044981,-0.003141092,-0.9787465
0.01503183,0.2050617,-0.00314975,-0.9786286
0.0150298,0.2056931,-0.003159448,-0.9784961
0.01502492,0.2071975,-0.003182557,-0.9781786
0.01502214,0.2080519,-0.003195679,-0.9779973
0.01501912,0.208974,-0.003209844,-0.9778005
0.01501586,0.2099638,-0.003225047,-0.9775885
0.01500862,0.2121463,-0.00325857,-0.9771172
0.01500457,0.2133569,-0.003277165,-0.9768536
0.01500027,0.2146358,-0.00329681,-0.9765734
0.01499571,0.2159824,-0.003317494,-0.9762765
0.01499089,0.2173958,-0.003339202,-0.9759627
0.0149858,0.2188768,-0.003361951,-0.9756317
0.01497469,0.2220766,-0.003411101,-0.9749082
0.01496871,0.2237783,-0.003437239,-0.9745191
0.01496245,0.2255463,-0.003464396,-0.9741114
0.01495589,0.2273819,-0.003492591,-0.9736846
0.01494904,0.2292847,-0.003521818,-0.9732383
0.01493427,0.2333283,-0.003583928,-0.9722767
0.01492641,0.2354494,-0.003616508,-0.9717653
0.01491823,0.2376361,-0.003650097,-0.9712328
0.01490972,0.2398902,-0.003684719,-0.9706786
0.0149008,0.2422288,-0.003720641,-0.9700976
0.0148819,0.2471026,-0.003795503,-0.9688677
0.01487191,0.2496389,-0.003834461,-0.9682173
0.01486155,0.2522407,-0.003874426,-0.9675426
0.01485081,0.2549074,-0.003915386,-0.9668435
0.01483968,0.2576392,-0.003957346,-0.9661191
0.01481607,0.263336,-0.004044849,-0.9645819
0.01480365,0.2662813,-0.00409009,-0.963773
0.0147908,0.2692914,-0.004136325,-0.9629363
0.01477751,0.2723655,-0.004183544,-0.9620713
0.0147637,0.2755224,-0.004232033,-0.961172
0.01473469,0.2820263,-0.004331934,-0.9592838
0.01471948,0.2853729,-0.004383339,-0.9582936
0.01470378,0.2887829,-0.004435717,-0.9572714
0.01468759,0.2922557,-0.004489059,-0.9562169
0.01467088,0.2957917,-0.004543372,-0.955129
0.01463571,0.3030858,-0.00465541,-0.9528396
0.01461732,0.3068255,-0.004712852,-0.9516419
0.01459836,0.3106266,-0.004771237,-0.950408
0.01457884,0.3144881,-0.00483055,-0.9491372
0.01455865,0.318429,-0.004891083,-0.9478223
0.01451646,0.3264904,-0.005014908,-0.9450758
0.01449444,0.3306116,-0.005078209,-0.943642
0.01447178,0.3347912,-0.005142407,-0.9421672
0.01444848,0.3390306,-0.005207525,-0.94065
0.01442442,0.343346,-0.005273811,-0.9390834
0.01437425,0.3521497,-0.005409036,-0.9358177
0.01434813,0.3566374,-0.005477968,-0.9341166
0.01432128,0.3611817,-0.005547769,-0.932369
0.01429371,0.3657819,-0.005618428,-0.9305739
0.01426528,0.3704564,-0.005690229,-0.9287229
0.01420612,0.3799689,-0.005836342,-0.9248717
0.01417537,0.3848063,-0.005910644,-0.9228696
0.01414381,0.389697,-0.005985767,-0.9208151
0.01411132,0.3946584,-0.006061974,-0.9186996
0.01407799,0.3996722,-0.006138987,-0.9165295
0.01400876,0.4098531,-0.006295366,-0.9120222
0.01397282,0.4150198,-0.006374727,-0.9096828
0.01393599,0.4202368,-0.006454862,-0.9072845
0.01389811,0.4255198,-0.006536008,-0.9048188
0.01385932,0.4308497,-0.006617876,-0.902293
0.01377885,0.4416536,-0.006783826,-0.8970542
0.01373715,0.4471249,-0.006867865,-0.8943397
0.01369446,0.4526416,-0.006952602,-0.8915603
0.01365076,0.4582026,-0.007038019,-0.8887151
0.01360589,0.4638243,-0.007124369,-0.8857941
0.01351299,0.4751957,-0.007299036,-0.8797461
0.01346493,0.4809434,-0.007387321,-0.8766171
0.01341578,0.4867312,-0.007476222,-0.8734168
0.0133655,0.4925594,-0.007565743,-0.8701434
0.01331395,0.4984415,-0.007656093,-0.8667873
0.0132074,0.5103149,-0.00783847,-0.8598505
0.01315236,0.516305,-0.007930479,-0.8562671
0.01309611,0.5223295,-0.008023016,-0.8526055
0.01303849,0.5284038,-0.008116319,-0.8488542
0.01297964,0.5345098,-0.008210108,-0.8450227
0.01285818,0.5468115,-0.008399065,-0.8371149
0.01279552,0.5530055,-0.008494205,-0.833036
0.01273157,0.5592272,-0.008589772,-0.8288722
0.01266613,0.5654907,-0.008685978,-0.8246118
0.01259936,0.5717776,-0.008782545,-0.8202649
0.01246174,0.5844213,-0.008976754,-0.8113051
0.01239085,0.5907753,-0.009074353,-0.80669
0.01231856,0.5971484,-0.009172245,-0.8019838
0.01224486,0.6035392,-0.009270407,-0.7971855
0.01216954,0.6099619,-0.009369061,-0.7922819
0.01201452,0.6228507,-0.009567034,-0.7821899
0.0119348,0.629314,-0.009666311,-0.7769994
0.01185358,0.6357871,-0.009765738,-0.7717118
0.01177065,0.6422841,-0.009865533,-0.7663128
0.01170722,0.647179,-0.009940719,-0.7621834
0.01164252,0.652107,-0.01001641,-0.7579714
0.01164127,0.6522022,-0.01001788,-0.7578895
0.01164127,0.6522022,-0.01001788,-0.7578895
0.01164127,0.6522022,-0.01001788,-0.7578895
0.01164127,0.6522022,-0.01001788,-0.7578895
0.01164127,0.6522022,-0.01001788,-0.7578895
0.01164127,0.6522022,-0.01001788,-0.7578895
0.01164127,0.6522022,-0.01001788,-0.7578895
0.01164127,0.6522022,-0.01001788,-0.7578895
0.01164127,0.6522022,-0.01001788,-0.7578895
0.01164127,0.6522022,-0.01001788,-0.7578895
0.01164127,0.6522022,-0.01001788,-0.7578895
0.01164127,0.6522022,-0.01001788,-0.7578895
0.01164127,0.6522022,-0.01001788,-0.7578895
0.01164127,0.6522022,-0.01001788,-0.7578895
0.01164127,0.6522022,-0.01001788,-0.7578895
0.01164127,0.6522022,-0.01001788,-0.7578895
0.01164127,0.6522022,-0.01001788,-0.7578895
0.01164127,0.6522022,-0.01001788,-0.7578895
0.01164127,0.6522022,-0.01001788,-0.7578895
0.01164127,0.6522022,-0.01001788,-0.7578895
0.01164127,0.6522022,-0.01001788,-0.7578895
0.01164127,0.6522022,-0.01001788,-0.7578895
0.01164127,0.6522022,-0.01001788,-0.7578895
0.01164127,0.6522022,-0.01001788,-0.7578895
0.01164127,0.6522022,-0.01001788,-0.7578895
0.01164127,0.6522022,-0.01001788,-0.7578895
0.01164127,0.6522022,-0.01001788,-0.7578895
0.01164127,0.6522022,-0.01001788,-0.7578895
0.01164127,0.6522022,-0.01001788,-0.7578895
0.01164127,0.6522022,-0.01001788,-0.7578895
0.01164127,0.6522022,-0.01001788,-0.7578895
0.01164127,0.6522022,-0.01001788,-0.7578895
0.01164127,0.6522022,-0.01001788,-0.7578895
0.01164127,0.6522022,-0.01001788,-0.7578895
0.01164127,0.6522022,-0.01001788,-0.7578895
0.01164127,0.6522022,-0.01001788,-0.7578895
0.01164127,0.6522022,-0.01001788,-0.7578895
0.01164127,0.6522022,-0.01001788,-0.7578895
0.01164127,0.6522022,-0.01001788,-0.7578895
0.01164127,0.6522022,-0.01001788,-0.7578895
0.01164127,0.6522022,-0.01001788,-0.7578895
0.01164127,0.6522022,-0.01001788,-0.7578895
0.01164127,0.6522022,-0.01001788,-0.7578895
0.01164127,0.6522022,-0.01001788,-0.7578895
0.01164127,0.6522022,-0.01001788,-0.7578895
0.01164127,0.6522022,-0.01001788,-0.7578895
0.01164127,0.6522022,-0.01001788,-0.7578895
0.01164127,0.6522022,-0.01001788,-0.7578895
0.01164127,0.6522022,-0.01001788,-0.7578895
0.01164127,0.6522022,-0.01001788,-0.7578895
0.01164127,0.6522022,-0.01001788,-0.7578895
0.01164127,0.6522022,-0.01001788,-0.7578895
0.01164127,0.6522022,-0.01001788,-0.7578895
0.01164127,0.6522022,-0.01001788,-0.7578895
0.01164127,0.6522022,-0.01001788,-0.7578895
0.01164127,0.6522022,-0.01001788,-0.7578895
0.01164127,0.6522022,-0.01001788,-0.7578895
0.01164127,0.6522022,-0.01001788,-0.7578895
0.01164127,0.6522022,-0.01001788,-0.7578895
0.01164127,0.6522022,-0.01001788,-0.7578895
0.01164127,0.6522022,-0.01001788,-0.7578895
0.01164127,0.6522022,-0.01001788,-0.7578895
0.01164127,0.6522022,-0.01001788,-0.7578895
0.01164127,0.6522022,-0.01001788,-0.7578895
0.01164127,0.6522022,-0.01001788,-0.7578895
0.01164127,0.6522022,-0.01001788,-0.7578895
0.01164127,0.6522022,-0.01001788,-0.7578895
0.01164127,0.6522022,-0.01001788,-0.7578895
0.01164127,0.6522022,-0.01001788,-0.7578895
0.01164127,0.6522022,-0.01001788,-0.7578895
0.01164127,0.6522022,-0.01001788,-0.7578895
0.01164127,0.6522022,-0.01001788,-0.7578895
0.01164127,0.6522022,-0.01001788,-0.7578895
0.01164127,0.6522022,-0.01001788,-0.7578895
0.01164127,0.6522022,-0.01001788,-0.7578895
0.01164127,0.6522022,-0.01001788,-0.7578895
0.01164127,0.6522022,-0.01001788,-0.7578895
0.01164127,0.6522022,-0.01001788,-0.7578895
0.01164127,0.6522022,-0.01001788,-0.7578895
0.01164127,0.6522022,-0.01001788,-0.7578895
0.01164127,0.6522022,-0.01001788,-0.7578895
0.01164127,0.6522022,-0.01001788,-0.7578895
0.01164127,0.6522022,-0.01001788,-0.7578895
0.01164127,0.6522022,-0.01001788,-0.7578895
0.01164127,0.6522022,-0.01001788,-0.7578895
0.01164127,0.6522022,-0.01001788,-0.7578895
0.01164127,0.6522022,-0.01001788,-0.7578895
0.01164127,0.6522022,-0.01001788,-0.7578895
0.01164127,0.6522022,-0.01001788,-0.7578895
0.01164196,0.6521496,-0.01001707,-0.7579347
0.01164353,0.6520305,-0.01001524,-0.7580371
0.01164582,0.6518578,-0.01001258,-0.7581857
0.01164879,0.6516324,-0.01000912,-0.7583795
0.01165246,0.6513541,-0.01000485,-0.7586185
0.01166188,0.6506395,-0.009993872,-0.7592314
0.01166782,0.6501877,-0.009986931,-0.7596184
0.01167445,0.6496832,-0.009979181,-0.7600499
0.01168177,0.6491255,-0.009970616,-0.7605263
0.01168977,0.6485146,-0.009961231,-0.7610472
0.01170782,0.6471331,-0.00994001,-0.7622224
0.01171807,0.6463467,-0.00992793,-0.7628893
0.01172899,0.6455062,-0.00991502,-0.7636006
0.01174058,0.6446125,-0.009901293,-0.7643553
0.01175284,0.6436647,-0.009886734,-0.7651536
0.01176578,0.6426624,-0.009871338,-0.7659955
0.01179401,0.6404654,-0.009837593,-0.7678335
0.01180911,0.6392846,-0.009819455,-0.7688169
0.01182487,0.6380492,-0.00980048,-0.7698424
0.01184127,0.6367587,-0.009780657,-0.7709101
0.01185831,0.635413,-0.009759987,-0.7720198
0.01189471,0.6325226,-0.009715591,-0.7743896
0.01191385,0.6309939,-0.009692109,-0.7756357
0.01193362,0.6294085,-0.009667758,-0.7769228
0.01195401,0.6277668,-0.009642541,-0.77825
0.01199663,0.6243108,-0.009589455,-0.781025
0.01201904,0.6224815,-0.009561358,-0.7824838
0.01204204,0.6205947,-0.009532376,-0.7839811
0.01206562,0.61865,-0.009502505,-0.7855166
0.01208979,0.6166468,-0.009471735,-0.7870902
0.01211454,0.6145845,-0.009440058,-0.7887014
0.01216611,0.6102514,-0.009373502,-0.7920589
0.01219273,0.6079952,-0.009338845,-0.7937922
0.0122199,0.6056787,-0.009303263,-0.7955611
0.01224761,0.6033022,-0.00926676,-0.7973649
0.01230461,0.5983656,-0.009190935,-0.8010761
0.01233407,0.5957891,-0.00915136,-0.8029941
0.01236404,0.5931507,-0.009110833,-0.8049451
0.0123945,0.5904501,-0.009069351,-0.8069279
0.01242545,0.5876864,-0.009026901,-0.808943
0.01245688,0.5848598,-0.008983484,-0.810989
0.01252146,0.5789847,-0.008893242,-0.8151937
0.01255444,0.57595,-0.008846628,-0.8173407
0.01258786,0.5728502,-0.008799015,-0.8195161
0.0126217,0.5696852,-0.008750401,-0.8217195
0.01265613,0.5664381,-0.008700524,-0.8239611
0.01272618,0.5597463,-0.008597737,-0.8285217
0.01276179,0.5562994,-0.008544792,-0.83084
0.01279777,0.552785,-0.008490811,-0.8331824
0.0128341,0.5492029,-0.008435789,-0.8355479
0.01287078,0.5455528,-0.008379724,-0.8379357
0.01294545,0.5380127,-0.008263907,-0.8427967
0.01298325,0.5341382,-0.008204394,-0.8452577
0.01302134,0.5301932,-0.008143798,-0.8477378
0.01305971,0.5261781,-0.008082125,-0.8502357
0.01309836,0.5220907,-0.008019342,-0.8527517
0.01317666,0.5136713,-0.00789002,-0.8578495
0.01321615,0.5093525,-0.007823683,-0.8604209
0.01325586,0.5049608,-0.007756227,-0.8630056
0.01329575,0.5004956,-0.007687639,-0.8656029
0.01333596,0.4959402,-0.007617669,-0.8682209
0.01341685,0.4866059,-0.007474293,-0.8734866
0.01345748,0.4818267,-0.007400884,-0.876132
0.01349822,0.4769721,-0.007326316,-0.8787843
0.01353905,0.472042,-0.00725059,-0.8814423
0.01357995,0.4670355,-0.00717369,-0.8841052
0.01366217,0.4567582,-0.007015829,-0.8894584
0.01370332,0.4515033,-0.006935113,-0.8921373
0.01374447,0.4461703,-0.006853198,-0.8948163
0.0137856,0.4407593,-0.006770084,-0.897494
0.01382682,0.435252,-0.006685492,-0.9001777
0.01390906,0.4239999,-0.006512659,-0.9055319
0.01395005,0.4182544,-0.006424407,-0.9082001
0.01399091,0.412429,-0.006334928,-0.9108603
0.01403163,0.4065234,-0.006244218,-0.9135113
0.01407231,0.4005188,-0.006151986,-0.9161599
0.01415309,0.3882664,-0.005963788,-0.9214192
0.01419315,0.3820176,-0.005867805,-0.9240274
0.01423296,0.3756874,-0.005770572,-0.9266192
0.01427261,0.3692568,-0.005671798,-0.9292005
0.01431196,0.3627438,-0.005571757,-0.9317623
0.01438967,0.3494715,-0.005367894,-0.9368212
0.01442799,0.3427097,-0.005264032,-0.9393159
0.01446591,0.3358652,-0.005158901,-0.9417849
0.01450343,0.3289351,-0.005052453,-0.9442277
0.0145406,0.3219042,-0.004944458,-0.9466477
0.01461351,0.3075919,-0.00472462,-0.9513945
0.0146492,0.3003104,-0.004612776,-0.9537179
0.01468435,0.2929445,-0.004499634,-0.9560062
0.01471901,0.2854761,-0.00438492,-0.9582628
0.01475308,0.2779234,-0.004268909,-0.9604805
0.0148193,0.2625661,-0.00403302,-0.9647918
0.0148514,0.2547617,-0.003913143,-0.9668819
0.0148828,0.2468732,-0.003791976,-0.9689261
0.01491354,0.2388817,-0.003669226,-0.9709273
0.01494351,0.2308076,-0.003545207,-0.9728783
0.01500104,0.214406,-0.003293277,-0.9766239
0.01502854,0.2060804,-0.003165393,-0.9784145
0.01505517,0.1976719,-0.003036239,-0.980148
0.01508094,0.1891612,-0.002905514,-0.981826
0.01510577,0.1805685,-0.002773529,-0.9834425
0.01515249,0.1631359,-0.002505762,-0.9864841
0.01517432,0.154297,-0.002369996,-0.9879052
0.01519508,0.1453776,-0.002232992,-0.9892571
0.01521476,0.1363771,-0.002094744,-0.990538
0.01523335,0.127277,-0.001954965,-0.9917484
0.01526702,0.1088394,-0.001671762,-0.9939407
0.01528205,0.09950189,-0.001528337,-0.9949189
0.01529582,0.09008645,-0.001383715,-0.9958155
0.01530831,0.08059358,-0.001237904,-0.9966287
0.01531951,0.0710051,-0.001090624,-0.9973577
0.01533782,0.05160126,-0.0007925788,-0.9985497
0.01534487,0.0417876,-0.00064184,-0.9990085
0.01535047,0.03190015,-0.0004899679,-0.9993731
0.01535459,0.02192109,-0.0003366885,-0.9996418
0.0153572,0.01187014,-0.0001823049,-0.9998116
0.01535774,-0.008444242,0.0001297259,-0.9998464
0.0153556,-0.01870447,0.0002873239,-0.9997071
0.01535181,-0.02903149,0.000445948,-0.9994605
0.01534633,-0.03944437,0.0006058907,-0.9991038
0.01533913,-0.04992152,0.0007668208,-0.9986351
0.01531944,-0.07106718,0.00109162,-0.9973533
0.01530689,-0.08173273,0.001255444,-0.996536
0.01529248,-0.09245807,0.001420186,-0.9955981
0.01527616,-0.1032615,0.001586127,-0.9945357
0.01525792,-0.1141207,0.001752926,-0.9933482
0.01522881,-0.1295571,0.00199003,-0.9914531
0.01521938,-0.1341734,0.002060937,-0.9908389
0.01521403,-0.1367181,0.002100024,-0.990491
0.01521403,-0.1367181,0.002100024,-0.990491
0.01521403,-0.1367181,0.002100024,-0.990491
0.01521403,-0.1367181,0.002100024,-0.990491
0.01521403,-0.1367181,0.002100024,-0.990491
0.01521403,-0.1367181,0.002100024,-0.990491
0.01521403,-0.1367181,0.002100024,-0.990491
0.01521403,-0.1367181,0.002100024,-0.990491
0.01521403,-0.1367181,0.002100024,-0.990491
0.01521403,-0.1367181,0.002100024,-0.990491
0.01521403,-0.1367181,0.002100024,-0.990491
0.01521403,-0.1367181,0.002100024,-0.990491
0.01521403,-0.1367181,0.002100024,-0.990491
0.01521403,-0.1367181,0.002100024,-0.990491
0.01521403,-0.1367181,0.002100024,-0.990491
0.01521403,-0.1367181,0.002100024,-0.990491
0.01521403,-0.1367181,0.002100024,-0.990491
0.01521403,-0.1367181,0.002100024,-0.990491
0.01521403,-0.1367181,0.002100024,-0.990491
0.01521403,-0.1367181,0.002100024,-0.990491
0.01521403,-0.1367181,0.002100024,-0.990491
0.01521403,-0.1367181,0.002100024,-0.990491
0.01521403,-0.1367181,0.002100024,-0.990491
0.01521403,-0.1367181,0.002100024,-0.990491
0.01521403,-0.1367181,0.002100024,-0.990491
0.01521403,-0.1367181,0.002100024,-0.990491
0.01521403,-0.1367181,0.002100024,-0.990491
0.01521403,-0.1367181,0.002100024,-0.990491
0.01521403,-0.1367181,0.002100024,-0.990491
0.01521403,-0.1367181,0.002100024,-0.990491
0.01521403,-0.1367181,0.002100024,-0.990491
0.01521403,-0.1367181,0.002100024,-0.990491
0.01521403,-0.1367181,0.002100024,-0.990491
0.01521403,-0.1367181,0.002100024,-0.990491
0.01521403,-0.1367181,0.002100024,-0.990491
0.01521403,-0.1367181,0.002100024,-0.990491
0.01521403,-0.1367181,0.002100024,-0.990491
0.01521403,-0.1367181,0.002100024,-0.990491
0.01521403,-0.1367181,0.002100024,-0.990491
0.01521388,-0.1367893,0.002101118,-0.9904811
0.01521355,-0.1369461,0.002103527,-0.9904595
0.01521307,-0.1371714,0.002106987,-0.9904283
0.01521245,-0.1374655,0.002111504,-0.9903876
0.01521075,-0.1382593,0.002123697,-0.990277
0.01520963,-0.138779,0.00213168,-0.9902043
0.01520836,-0.1393673,0.002140717,-0.9901217
0.01520694,-0.1400241,0.002150805,-0.990029
0.01520536,-0.1407497,0.002161951,-0.9899261
0.01520171,-0.142407,0.002187406,-0.989689
0.0151996,-0.1433581,0.002202016,-0.9895517
0.01519733,-0.1443781,0.002217683,-0.9894034
0.01519488,-0.1454658,0.002234389,-0.9892441
0.01519226,-0.1466225,0.002252157,-0.9890733
0.01518647,-0.1491414,0.002290847,-0.9886966
0.0151833,-0.1505033,0.002311767,-0.9884902
0.01517989,-0.1519528,0.002334031,-0.9882684
0.01517629,-0.1534708,0.002357348,-0.9880338
0.01517249,-0.1550569,0.002381709,-0.9877862
0.01516425,-0.1584336,0.002433577,-0.9872502
0.01515981,-0.1602241,0.002461079,-0.9869612
0.0151551,-0.1621023,0.002489928,-0.9866545
0.01515016,-0.1640483,0.002519818,-0.9863328
0.01514498,-0.1660619,0.002550747,-0.9859958
0.01513389,-0.1702923,0.002615728,-0.985274
0.01512792,-0.1725285,0.002650075,-0.9848849
0.01512168,-0.1748316,0.002685452,-0.9844786
0.01511517,-0.1772024,0.002721868,-0.9840546
0.01510837,-0.1796409,0.002759323,-0.9836124
0.01509392,-0.18472,0.002837338,-0.9826712
0.01508624,-0.1873592,0.002877877,-0.9821714
0.01507819,-0.1900849,0.002919744,-0.9816475
0.01506983,-0.1928771,0.002962632,-0.9811028
0.01506113,-0.1957348,0.003006526,-0.9805366
0.01504271,-0.2016509,0.003097398,-0.9793371
0.0150329,-0.2047274,0.003144653,-0.9786986
0.01502272,-0.2078701,0.003192926,-0.9780359
0.01501216,-0.211079,0.003242216,-0.9773484
0.01500121,-0.2143534,0.003292511,-0.9766355
0.0149781,-0.2210969,0.003396091,-0.975131
0.01496585,-0.2245839,0.003449652,-0.9743337
0.01495317,-0.2281363,0.003504217,-0.9735081
0.01494004,-0.2317535,0.003559778,-0.9726533
0.01492645,-0.2354354,0.003616331,-0.9717687
0.01491239,-0.2391815,0.003673873,-0.9708534
0.01488268,-0.2469019,0.003792458,-0.9689188
0.01486706,-0.2508571,0.00385321,-0.9679023
0.01485093,-0.2548753,0.00391493,-0.9668519
0.01483426,-0.2589567,0.003977621,-0.9657668
0.01481705,-0.2630999,0.004041262,-0.9646463
0.01478078,-0.2716106,0.004171986,-0.9622847
0.01476177,-0.275958,0.004238762,-0.9610471
0.01474215,-0.2803663,0.004306474,-0.9597703
0.01472193,-0.2848358,0.004375126,-0.9584534
0.01467956,-0.2939568,0.004515225,-0.9556954
0.01465732,-0.2986236,0.004586907,-0.9542474
0.01463441,-0.3033502,0.004659508,-0.9527554
0.0146108,-0.3081355,0.004733011,-0.9512185
0.01458649,-0.3129784,0.004807398,-0.9496361
0.01453571,-0.322837,0.004958828,-0.94633
0.0145091,-0.327871,0.005036149,-0.9445977
0.01448173,-0.3329605,0.005114324,-0.9428157
0.01445358,-0.3381057,0.005193356,-0.9409828
0.01442462,-0.3433062,0.005273237,-0.9390979
0.01439486,-0.3485615,0.005353959,-0.9371601
0.01433261,-0.3592699,0.00551844,-0.9331074
0.01430019,-0.3647035,0.005601901,-0.9309971
0.0142669,-0.3701896,0.005686168,-0.9288293
0.0142327,-0.3757268,0.005771219,-0.9266033
0.01419748,-0.3813333,0.005857336,-0.92431
0.01412422,-0.3926956,0.006031862,-0.9195403
0.01408614,-0.3984501,0.006120251,-0.9170614
0.01404708,-0.4042522,0.006209373,-0.9145187
0.01400702,-0.4101015,0.006299218,-0.9119107
0.01396582,-0.4160146,0.006390044,-0.9092283
0.01388028,-0.427977,0.006573786,-0.9036592
0.01383591,-0.434024,0.00666667,-0.9007704
0.01379044,-0.4401145,0.006760221,-0.8978103
0.01374387,-0.4462464,0.006854407,-0.8947784
0.01369604,-0.4524367,0.006949491,-0.8916643
