226.2095,11.04981,273.0124
226.1181,11.05,272.9064
226.0267,11.04911,272.8004
225.9378,11.05,272.6924
225.8502,11.05,272.5833
225.7639,11.05,272.4731
225.6804,11.05,272.3608
225.5982,11.05,272.2475
225.5175,11.05,272.1331
225.4382,11.0496,272.0178
225.3605,11.05,271.9015
225.2843,11.05,271.7841
225.2112,11.05,271.6647
225.1398,11.05,271.5444
225.07,11.04383,271.4231
225.0016,11.05,271.3014
224.9353,11.05,271.1785
224.8725,11.04641,271.0535
224.8109,11.04127,270.9284
224.7514,11.04839,270.8022
224.6942,11.05,270.675
224.6388,11.05,270.5465
224.5872,11.05,270.4164
224.5376,11.05,270.2856
224.49,11.05,270.1539
224.4445,11.04942,270.0216
224.4032,11.05,269.8881
224.364,11.05,269.7537
224.327,11.05,269.6187
224.2922,11.05,269.4832
224.2596,11.04518,269.3471
224.2288,11.05,269.2109
224.2031,11.04317,269.0736
224.1785,11.05,268.9369
224.1576,11.05,268.7989
224.1389,11.05,268.6602
224.1227,11.05,268.5212
224.1115,11.05,268.3817
224.1026,11.05,268.2421
224.0964,11.04998,268.1022
224.0927,11.05,267.9623
224.0915,11.05,267.8224
224.0949,11.05,267.6825
224.0997,11.05,267.5427
224.1054,11.05,267.4028
224.1111,11.05,267.263
224.1168,11.04997,267.1232
224.1226,11.05,266.9834
224.1283,11.05,266.8436
224.134,11.05,266.7038
224.1397,11.05,266.5639
224.1455,11.05,266.4241
224.1512,11.05,266.2843
224.1569,11.05,266.1445
224.1627,11.04997,266.0047
224.1684,11.05,265.8649
224.1741,11.05,265.7251
224.1798,11.05,265.5852
224.1856,11.05,265.4454
224.1913,11.04175,265.3056
224.197,11.05,265.1665
224.2027,11.04907,265.0273
224.2084,11.05,264.8878
224.2141,11.05,264.748
224.2199,11.05,264.6082
224.2256,11.05,264.4684
224.2313,11.04405,264.3285
224.237,11.05,264.1893
224.2428,11.04689,264.0498
224.2484,11.05,263.9107
224.2542,11.05,263.771
224.2599,11.05,263.6312
224.2656,11.05,263.4914
224.2714,11.04596,263.3515
224.2771,11.05,263.2122
224.2828,11.04337,263.0725
224.2885,11.05,262.9337
224.2942,11.05,262.7943
224.2999,11.05,262.6544
224.3056,11.05,262.5146
224.3114,11.04748,262.3748
224.3171,11.05,262.2354
224.3228,11.05,262.0956
224.3286,11.05,261.9558
224.3343,11.05,261.816
224.34,11.05,261.6762
224.3457,11.05,261.5364
224.3515,11.04873,261.3966
224.3572,11.05,261.257
224.3629,11.05,261.1172
224.3686,11.05,260.9774
224.3744,11.05,260.8375
224.3801,11.05,260.6977
224.3858,11.05,260.5579
224.3916,11.04956,260.4181
224.3973,11.05,260.2784
224.403,11.05,260.1385
224.4087,11.05,259.9987
224.4145,11.05,259.8589
224.4202,11.05,259.7191
224.4259,11.05,259.5793
224.4317,11.04996,259.4395
224.4374,11.05,259.2997
224.4431,11.05,259.1598
224.4488,11.0495,259.02
224.4546,11.05,258.8804
224.4603,11.05,258.7405
224.466,11.05,258.6007
224.4718,11.05,258.4609
224.4775,11.05,258.3211
224.4832,11.05,258.1813
224.4889,11.04784,258.0415
224.4946,11.05,257.9022
224.5004,11.05,257.7624
224.5061,11.04143,257.6226
224.5118,11.05,257.4835
224.5175,11.05,257.3443
224.5232,11.05,257.2045
224.529,11.04473,257.0647
224.5347,11.05,256.9257
224.5404,11.05,256.7861
224.5461,11.04367,256.6463
224.5518,11.05,256.5071
224.5575,11.05,256.3676
224.5632,11.05,256.2278
224.569,11.0402,256.088
224.5747,11.05,255.9493
224.5804,11.05,255.8103
224.5861,11.04552,255.6705
224.5918,11.05,255.5312
224.5975,11.05,255.3916
224.6032,11.05,255.2518
224.609,11.05,255.112
224.6147,11.05,254.9721
224.6205,11.05,254.8323
224.6262,11.04725,254.6925
224.6321,11.05,254.5531
224.6381,11.05,254.4134
224.6443,11.05,254.2736
224.6506,11.05,254.1338
224.6571,11.05,253.994
224.6637,11.05,253.8542
224.6706,11.0488,253.7144
224.6779,11.05,253.5749
224.6855,11.05,253.4352
224.6934,11.05,253.2955
224.7016,11.05,253.1558
224.7102,11.04967,253.0161
224.7194,11.05,252.8766
224.7291,11.04996,252.737
224.7391,11.05,252.5974
224.7496,11.05,252.4579
224.7605,11.05,252.3184
224.7724,11.05,252.179
224.7849,11.04804,252.0396
224.7976,11.0433,251.9007
224.8107,11.05,251.7624
224.8253,11.05,251.6236
224.8406,11.05,251.4845
224.8564,11.05,251.3454
224.873,11.05,251.2065
224.8902,11.04424,251.0676
224.9079,11.0497,250.9297
224.9272,11.05,250.7914
224.9473,11.05,250.6529
224.9681,11.05,250.5145
224.9897,11.05,250.3763
225.013,11.04979,250.2383
225.0371,11.04827,250.1004
225.0621,11.04515,249.9628
225.0879,11.04021,249.8253
225.1147,11.05,249.688
225.1422,11.05,249.5517
225.1718,11.05,249.4149
225.2023,11.04637,249.2783
225.2334,11.05,249.1424
225.2659,11.04995,249.0064
225.2995,11.05,248.8706
225.3352,11.05,248.7353
225.372,11.05,248.6003
225.4099,11.04806,248.4656
225.4487,11.05,248.3316
225.4888,11.05,248.1975
225.5313,11.04481,248.0642
225.5742,11.05,247.9318
225.619,11.05,247.7994
225.6651,11.05,247.6673
225.7124,11.05,247.5356
225.7622,11.05,247.4048
225.8134,11.05,247.2746
225.8658,11.05,247.1448
225.9195,11.04419,247.0156
225.9741,11.05,246.8876
226.0317,11.04874,246.7603
226.0907,11.05,246.6335
226.1511,11.05,246.5073
226.2129,11.05,246.3817
226.2761,11.05,246.2569
226.3421,11.05,246.1335
226.4095,11.04985,246.0108
226.4783,11.05,245.889
226.5486,11.05,245.7679
226.6203,11.04953,245.6478
226.6949,11.05,245.5295
226.771,11.05,245.412
226.8485,11.05,245.2955
226.9276,11.05,245.18
227.0081,11.04451,245.0655
227.09,11.05,244.9527
227.1748,11.05,244.8417
227.2612,11.05,244.7316
227.3492,11.05,244.6227
227.4386,11.04633,244.515
227.5284,11.05,244.4085
227.6222,11.05,244.3048
227.7175,11.05,244.2023
227.8143,11.05,244.1012
227.9141,11.04502,244.003
228.0139,11.04976,243.9061
228.1164,11.05,243.811
228.2204,11.05,243.7174
228.3259,11.05,243.6254
228.4328,11.04342,243.535
228.5401,11.05,243.4466
228.6509,11.05,243.3615
228.7633,11.05,243.2781
228.877,11.05,243.1965
228.992,11.05,243.1167
229.1096,11.04792,243.0408
229.2284,11.05,242.9669
229.3484,11.05,242.8951
229.4698,11.05,242.8252
229.5923,11.05,242.7575
229.7171,11.05,242.694
229.8427,11.05,242.6322
229.9688,11.05,242.5714
230.0951,11.05,242.5112
230.2215,11.05,242.451
230.3479,11.04885,242.3908
230.474,11.05,242.3308
230.6004,11.05,242.2706
230.7267,11.05,242.2104
230.8531,11.05,242.1501
230.9794,11.05,242.0897
231.1056,11.04893,242.0292
231.2317,11.05,241.9685
231.3578,11.05,241.9077
231.4838,11.05,241.8467
231.6097,11.05,241.7856
231.7354,11.05,241.724
231.861,11.05,241.6622
231.9865,11.05,241.6001
232.1118,11.05,241.5378
232.237,11.05,241.4751
232.3619,11.04844,241.4119
232.4862,11.05,241.3485
232.6107,11.05,241.2845
232.7351,11.05,241.2202
232.8592,11.05,241.1554
232.9828,11.05,241.0899
233.1063,11.04929,241.0238
233.2294,11.05,240.9574
233.3523,11.05,240.8904
233.475,11.05,240.8229
233.5971,11.05,240.7544
233.7188,11.05,240.6853
233.8403,11.05,240.6157
233.9614,11.05,240.5455
234.0821,11.04148,240.4747
234.2014,11.05,240.4038
234.3205,11.04992,240.3314
234.4397,11.05,240.2581
234.5585,11.05,240.1841
234.6765,11.05,240.1087
234.7939,11.04867,240.0326
234.9108,11.04873,239.9558
235.027,11.04909,239.8785
235.1429,11.05,239.8003
235.2578,11.05,239.7204
235.3722,11.05,239.6397
235.486,11.04673,239.5582
235.5989,11.05,239.4766
235.7115,11.05,239.3935
235.8228,11.05,239.3086
235.9334,11.05,239.2229
236.0434,11.04764,239.1363
236.1523,11.04698,239.0491
236.2605,11.05,238.9609
236.3682,11.05,238.8717
236.4744,11.05,238.7805
236.5798,11.04257,238.6884
236.6842,11.05,238.5966
236.7876,11.05,238.5029
236.8895,11.05,238.407
236.9905,11.05,238.3101
237.0906,11.04064,238.2122
237.1895,11.05,238.1148
237.2871,11.0497,238.0155
237.3831,11.05,237.9137
237.4781,11.05,237.8109
237.572,11.05,237.7071
237.6647,11.05,237.6023
237.7568,11.05,237.4968
237.8486,11.05,237.3912
237.9404,11.05,237.2855
238.0322,11.04871,237.1799
238.1238,11.04303,237.0744
238.2151,11.05,236.9693
238.3067,11.05,236.8639
238.3985,11.05,236.7583
238.4903,11.05,236.6526
238.5821,11.05,236.547
238.6739,11.05,236.4413
238.7657,11.05,236.3357
238.8575,11.05,236.23
238.9493,11.05,236.1244
239.0411,11.04744,236.0187
239.1328,11.05,235.9131
239.2246,11.05,235.8075
239.3164,11.05,235.7019
239.4082,11.05,235.5962
239.5,11.05,235.4906
239.5918,11.05,235.3849
239.6836,11.05,235.2793
239.7754,11.05,235.1736
239.8672,11.04418,235.068
239.9586,11.04999,234.9628
240.0502,11.04684,234.8574
240.1417,11.05,234.752
240.2334,11.05,234.6465
240.3253,11.05,234.5408
240.4171,11.0498,234.4352
240.5088,11.05,234.3296
240.6006,11.05,234.2239
240.6924,11.05,234.1183
240.7842,11.0498,234.0126
240.876,11.0494,233.907
240.9677,11.05,233.8015
241.0594,11.04556,233.6958
241.1509,11.05,233.5907
241.2427,11.05,233.4853
241.3346,11.04873,233.3798
241.4264,11.05,233.2746
241.5186,11.05,233.1694
241.611,11.04481,233.0642
241.703,11.05,232.9595
241.7955,11.0478,232.8548
241.8879,11.05,232.7504
241.9809,11.05,232.6459
242.0743,11.04304,232.5417
242.1673,11.05,232.4383
242.2609,11.04657,232.3348
242.3544,11.05,232.2318
242.4487,11.05,232.1285
242.5437,11.04917,232.0258
242.6389,11.05,231.9234
242.7346,11.04528,231.8212
242.8299,11.05,231.7197
242.9261,11.05,231.6183
243.0232,11.04933,231.5175
243.1206,11.05,231.4172
243.2185,11.04387,231.3172
243.316,11.05,231.2179
243.4145,11.05,231.119
243.5142,11.04946,231.0207
243.6143,11.05,230.923
243.7149,11.04225,230.8257
243.815,11.05,230.7293
243.9162,11.05,230.6334
244.0189,11.04955,230.5383
244.1221,11.05,230.4438
244.2258,11.04027,230.3499
244.3289,11.05,230.2569
244.4333,11.05,230.1648
244.5393,11.0432,230.0734
244.6453,11.05,229.9829
244.7523,11.05,229.8932
244.8602,11.05,229.804
244.9687,11.05,229.7156
245.0785,11.04223,229.6288
245.1878,11.05,229.5432
245.2985,11.05,229.4583
245.4102,11.05,229.374
245.5226,11.05,229.2905
245.6363,11.05,229.2089
245.7507,11.05,229.1283
245.8658,11.04704,229.0486
245.9813,11.05,228.97
246.0977,11.05,228.8923
246.2155,11.05,228.8168
246.334,11.05,228.7422
246.4532,11.05,228.6689
246.5731,11.04965,228.5966
246.6942,11.05,228.5267
246.8162,11.05,228.458
246.9388,11.05,228.3905
247.0622,11.04514,228.3242
247.1851,11.04653,228.2595
247.3087,11.05,228.196
247.4343,11.05,228.1345
247.5602,11.04323,228.0733
247.6858,11.04982,228.0122
247.8113,11.05,227.9511
247.9372,11.05,227.8898
248.0631,11.045,227.8286
248.188,11.05,227.7678
248.3137,11.05,227.7067
248.4396,11.05,227.6454
248.5655,11.04978,227.5842
248.6913,11.05,227.523
248.8172,11.05,227.4617
248.9431,11.05,227.4005
249.0689,11.04402,227.3393
249.1938,11.04549,227.2785
249.3185,11.05,227.2178
249.4442,11.05,227.1567
249.5701,11.05,227.0954
249.696,11.04854,227.0342
249.8218,11.05,226.973
249.9477,11.05,226.9118
250.0735,11.04318,226.8505
250.1984,11.05,226.7898
250.3239,11.05,226.7287
250.4498,11.05,226.6675
250.5757,11.04941,226.6063
250.7014,11.05,226.5451
250.8273,11.05,226.4839
250.9531,11.05,226.4226
251.079,11.04212,226.3614
251.2038,11.04409,226.3007
251.3282,11.05,226.2401
251.4538,11.05,226.179
251.5797,11.05,226.1178
251.7056,11.04598,226.0565
251.8313,11.05,225.9954
251.957,11.05,225.9342
252.0829,11.04132,225.873
252.2076,11.05,225.8123
252.3329,11.05,225.7514
252.4588,11.05,225.6901
252.5847,11.04878,225.6289
252.7102,11.05,225.5678
252.8361,11.05,225.5066
252.962,11.05,225.4453
253.0879,11.04023,225.3841
253.2125,11.04223,225.3235
253.3367,11.05,225.263
253.4621,11.05,225.202
253.588,11.05,225.1408
253.7139,11.04201,225.0795
253.8394,11.04957,225.0185
253.9648,11.05,224.9575
254.0907,11.05,224.8962
254.2166,11.05,224.835
254.3425,11.05,224.7737
254.4684,11.05,224.7125
254.5942,11.04796,224.6513
254.7197,11.05,224.5902
254.8455,11.05,224.529
254.9714,11.05,224.4678
255.0973,11.05,224.4065
255.2232,11.04057,224.3453
255.3481,11.05,224.2845
255.4733,11.05,224.2236
255.5992,11.05,224.1624
255.7251,11.05,224.1011
255.851,11.04801,224.0399
255.9767,11.05,223.9787
256.1026,11.05,223.9175
256.2285,11.05,223.8562
256.3543,11.05,223.795
256.4802,11.05,223.7337
256.6061,11.04723,223.6725
256.7315,11.05,223.6115
256.8573,11.05,223.5503
256.9832,11.05,223.4891
257.1091,11.05,223.4278
257.235,11.05,223.3666
257.3608,11.05,223.3053
257.4867,11.05,223.2441
257.6126,11.05,223.1829
257.7385,11.05,223.1216
257.8643,11.04542,223.0604
257.99,11.04995,222.9993
258.1157,11.05,222.9381
258.2416,11.05,222.8769
258.3675,11.05,222.8156
258.4933,11.05,222.7544
258.6192,11.04657,222.6931
258.7446,11.05,222.6322
258.8704,11.05,222.5711
258.9964,11.05,222.5101
259.1224,11.05,222.4491
259.2485,11.05,222.3883
259.3747,11.05,222.3278
259.501,11.05,222.2674
259.6274,11.05,222.2072
259.7539,11.05,222.1473
259.8805,11.04031,222.0875
260.0068,11.04895,222.0281
260.1332,11.05,221.9694
260.2598,11.05,221.962
260.3775,11.05,221.962
260.4852,11.05,221.9618
260.5849,11.05,221.9616
260.6783,11.05,221.9614
260.7666,11.05,221.9612
260.8509,11.04235,221.9611
260.9311,11.04944,221.9609
261.0091,11.0499,221.9607
261.0854,11.04077,221.9605
261.1607,11.05,221.9603
261.2374,11.05,221.9363
261.3223,11.05,221.901
261.4184,11.05,221.8615
261.526,11.05,221.8183
261.6451,11.05,221.7718
261.7759,11.05,221.7226
261.9072,11.05,221.674
262.0387,11.04812,221.6261
262.1703,11.05,221.5799
262.3026,11.05,221.5343
262.4352,11.04815,221.4895
262.5677,11.05,221.4456
262.7008,11.05,221.4024
262.8346,11.05,221.361
262.9686,11.05,221.3204
263.1028,11.05,221.2809
263.2374,11.04999,221.2422
263.3722,11.05,221.2045
263.5076,11.05,221.1688
263.6432,11.05,221.1341
263.7791,11.05,221.1005
263.9153,11.04419,221.0679
264.0519,11.04483,221.0376
264.1881,11.04991,221.0083
264.3251,11.05,220.9803
264.4625,11.05,220.9535
264.6001,11.05,220.9278
264.7382,11.05,220.9046
264.8764,11.04998,220.8827
265.0149,11.04972,220.8621
265.1535,11.05,220.8428
265.2923,11.05,220.8248
265.4313,11.05,220.8082
265.5707,11.05,220.7944
265.7101,11.04676,220.782
265.8492,11.05,220.7707
265.9888,11.05,220.7612
266.1286,11.05,220.7532
266.2685,11.05,220.7483
266.4084,11.05,220.7449
266.5484,11.05,220.7431
266.6884,11.04815,220.7428
266.8281,11.05,220.7458
266.968,11.05,220.7505
267.1079,11.05,220.7569
267.2477,11.05,220.7649
267.3873,11.05,220.7746
267.5267,11.05,220.7879
267.6659,11.05,220.8029
267.8049,11.04986,220.8196
267.9437,11.05,220.8382
268.0822,11.04147,220.8586
268.2191,11.05,220.8797
268.3561,11.05,220.9055
268.4933,11.05,220.9334
268.6301,11.05,220.9631
268.7665,11.05,220.9947
268.9024,11.049,221.0283
269.0373,11.04279,221.0658
269.1705,11.05,221.1048
269.3038,11.05,221.146
269.437,11.05,221.1894
269.5694,11.05,221.2348
269.7004,11.05,221.2842
269.8306,11.05,221.3357
269.96,11.05,221.3891
270.0885,11.04008,221.4446
270.2153,11.05,221.5005
270.3403,11.05,221.5618
270.465,11.05,221.6254
270.5886,11.04337,221.6911
270.711,11.04857,221.7588
270.8321,11.05,221.8284
270.951,11.05,221.9023
271.0686,11.04407,221.9782
271.1844,11.04619,222.0551
271.299,11.05,222.1345
271.4124,11.05,222.2164
271.5229,11.05,222.3024
271.6318,11.05,222.3903
271.739,11.05,222.4803
271.8447,11.05,222.5721
271.9485,11.05,222.666
272.0488,11.04701,222.7636
272.1469,11.05,222.8628
272.2434,11.05,222.9641
272.3379,11.04429,223.0673
272.4301,11.05,223.1714
272.5182,11.05,223.2798
272.6044,11.05,223.3901
272.6883,11.05,223.5021
272.77,11.05,223.6158
272.847,11.05,223.7327
272.9239,11.05,223.8496
272.996,11.05,223.9696
273.0656,11.04459,224.091
273.1324,11.04586,224.2136
273.1926,11.05,224.3277
273.2462,11.05,224.4322
273.2938,11.05,224.5264
273.3357,11.05,224.61
273.372,11.05,224.6831
273.4028,11.05,224.7454
273.4283,11.05,224.797
273.4485,11.05,224.8378
273.4633,11.05,224.8679
273.4732,11.05,224.8879
273.4814,11.05,224.9046
273.4855,11.05,224.9128
273.4879,11.05,224.9176
273.4902,11.05,224.9225
273.4902,11.05,224.9225
273.4898,11.05,224.9216
273.4888,11.05,224.9195
273.4868,11.05,224.9155
273.4832,11.05,224.9083
273.4781,11.05,224.8979
273.4691,11.05,224.8795
273.4576,11.05,224.8562
273.4434,11.05,224.8275
273.4254,11.05,224.7909
273.404,11.05,224.7476
273.3773,11.05,224.6935
273.3454,11.05,224.6287
273.3081,11.05,224.5531
273.2655,11.05,224.4668
273.2176,11.05,224.3697
273.1644,11.04403,224.2618
273.1067,11.0491,224.1447
273.0449,11.04699,224.0194
272.9832,11.05,223.8944
272.9214,11.05,223.769
272.8595,11.05,223.6434
272.7976,11.05,223.5179
272.7357,11.05,223.3924
272.6738,11.05,223.2669
272.6119,11.05,223.1414
272.55,11.04969,223.0159
272.4881,11.05,222.8904
272.4262,11.05,222.7649
272.3643,11.05,222.6394
272.3025,11.05,222.5139
272.2405,11.05,222.3884
272.1786,11.04554,222.2629
272.1168,11.04973,222.1375
272.055,11.04601,222.0121
271.9934,11.05,221.8869
271.9317,11.05,221.7615
271.8701,11.05,221.6358
271.8086,11.05,221.5101
271.7473,11.05,221.3843
271.686,11.05,221.2585
271.6304,11.05,221.1433
271.5801,11.04811,221.0388
271.5343,11.05,220.9435
271.4939,11.05,220.8588
271.4588,11.05,220.7849
271.429,11.05,220.7218
271.4045,11.05,220.6694
271.3852,11.05,220.6279
271.3709,11.05,220.5967
271.3592,11.05,220.5711
271.3521,11.05,220.5552
271.3469,11.05,220.5434
271.3435,11.05,220.5358
271.3414,11.05,220.5309
271.3402,11.05,220.528
271.34,11.05,220.5277
271.34,11.05,220.5277
271.34,11.05,220.5277
271.34,11.05,220.5277
271.34,11.05,220.5277
271.34,11.05,220.5277
271.34,11.05,220.5277
271.34,11.05,220.5277
271.34,11.05,220.5277
271.34,11.05,220.5277
271.34,11.05,220.5277
271.34,11.05,220.5277
271.34,11.05,220.5277
271.34,11.05,220.5277
271.34,11.05,220.5277
271.34,11.05,220.5277
271.34,11.05,220.5277
271.34,11.05,220.5277
271.34,11.05,220.5277
271.34,11.05,220.5277
271.34,11.05,220.5277
271.34,11.05,220.5277
271.34,11.05,220.5277
271.34,11.05,220.5277
271.34,11.05,220.5277
271.34,11.05,220.5277
271.34,11.05,220.5277
271.34,11.05,220.5277
271.34,11.05,220.5277
271.34,11.05,220.5277
271.34,11.05,220.5277
271.34,11.05,220.5277
271.34,11.05,220.5277
271.34,11.05,220.5277
271.34,11.05,220.5277
271.34,11.05,220.5277
271.34,11.05,220.5277
271.34,11.05,220.5277
271.34,11.05,220.5277
271.34,11.05,220.5277
271.34,11.05,220.5277
271.34,11.05,220.5277
271.34,11.05,220.5277
271.34,11.05,220.5277
271.34,11.05,220.5277
271.34,11.05,220.5277
271.34,11.05,220.5277
271.34,11.05,220.5277
271.34,11.05,220.5277
271.34,11.05,220.5277
271.34,11.05,220.5277
271.34,11.05,220.5277
271.34,11.05,220.5277
271.34,11.05,220.5277
271.34,11.05,220.5277
271.34,11.05,220.5277
271.34,11.05,220.5277
271.34,11.05,220.5277
271.34,11.05,220.5277
271.34,11.05,220.5277
271.34,11.05,220.5277
271.34,11.05,220.5277
271.34,11.05,220.5277
271.34,11.05,220.5277
271.34,11.05,220.5277
271.34,11.05,220.5277
271.34,11.05,220.5277
271.34,11.05,220.5277
271.34,11.05,220.5277
271.34,11.05,220.5277
271.34,11.05,220.5277
271.34,11.05,220.5277
271.34,11.05,220.5277
271.34,11.05,220.5277
271.34,11.05,220.5277
271.34,11.05,220.5277
271.34,11.05,220.5277
271.34,11.05,220.5277
271.34,11.05,220.5277
271.34,11.05,220.5277
271.34,11.05,220.5277
271.34,11.05,220.5277
271.34,11.05,220.5277
271.34,11.05,220.5277
271.34,11.05,220.5277
271.34,11.05,220.5277
271.34,11.05,220.5277
271.34,11.05,220.5277
271.34,11.05,220.5277
271.34,11.05,220.5277
271.34,11.05,220.5277
271.34,11.05,220.5277
271.34,11.05,220.5277
271.34,11.05,220.5277
271.34,11.05,220.5277
271.34,11.05,220.5277
271.34,11.05,220.5277
271.34,11.05,220.5277
271.34,11.05,220.5277
271.34,11.05,220.5277
271.34,11.05,220.5277
271.34,11.05,220.5277
271.34,11.05,220.5277
271.34,11.05,220.5277
271.34,11.05,220.5277
271.34,11.05,220.5277
271.34,11.05,220.5277
271.34,11.05,220.5277
271.34,11.05,220.5277
271.34,11.05,220.5277
271.34,11.05,220.5277
271.34,11.05,220.5277
271.34,11.05,220.5277
271.34,11.05,220.5277
271.34,11.05,220.5277
271.34,11.05,220.5277
271.34,11.05,220.5277
271.34,11.05,220.5277
271.34,11.05,220.5277
271.34,11.05,220.5277
271.34,11.05,220.5277
271.34,11.05,220.5277
271.34,11.05,220.5277
271.34,11.05,220.5277
271.34,11.05,220.5277
271.34,11.05,220.5277
271.34,11.05,220.5277
271.34,11.05,220.5277
271.34,11.05,220.5277
271.34,11.05,220.5277
271.34,11.05,220.5277
271.34,11.05,220.5277
271.34,11.05,220.5277
271.34,11.05,220.5277
271.34,11.05,220.5277
271.34,11.05,220.5277
271.34,11.05,220.5277
271.34,11.05,220.5277
271.34,11.05,220.5277
271.34,11.05,220.5277
271.34,11.05,220.5277
271.34,11.05,220.5277
271.34,11.05,220.5277
271.34,11.05,220.5277
271.34,11.05,220.5277
271.34,11.05,220.5277
271.34,11.05,220.5277
271.34,11.05,220.5277
271.34,11.05,220.5277
271.34,11.05,220.5277
271.34,11.05,220.5277
271.34,11.05,220.5277
271.34,11.05,220.5277
271.34,11.05,220.5277
271.34,11.05,220.5277
271.34,11.05,220.5277
271.34,11.05,220.5277
271.34,11.05,220.5277
271.34,11.05,220.5277
271.34,11.05,220.5277
271.34,11.05,220.5277
271.34,11.05,220.5277
271.34,11.05,220.5277
271.34,11.05,220.5277
271.34,11.05,220.5277
271.34,11.05,220.5277
271.34,11.05,220.5277
271.34,11.05,220.5277
271.34,11.05,220.5277
271.34,11.05,220.5277
271.34,11.05,220.5277
271.34,11.05,220.5277
271.34,11.05,220.5277
271.34,11.05,220.5277
271.34,11.05,220.5277
271.34,11.05,220.5277
271.34,11.05,220.5277
271.34,11.05,220.5277
271.34,11.05,220.5277
271.34,11.05,220.5277
271.34,11.05,220.5277
271.34,11.05,220.5277
271.34,11.05,220.5277
271.34,11.05,220.5277
271.34,11.05,220.5277
271.34,11.05,220.5277
271.34,11.05,220.5277
271.34,11.05,220.5277
271.34,11.05,220.5277
271.34,11.05,220.5277
271.34,11.05,220.5277
271.34,11.05,220.5277
271.34,11.05,220.5277
271.34,11.05,220.5277
271.34,11.05,220.5277
271.34,11.05,220.5277
271.34,11.05,220.5277
271.34,11.05,220.5277
271.34,11.05,220.5277
271.34,11.05,220.5277
271.34,11.05,220.5277
271.34,11.05,220.5277
271.34,11.05,220.5277
271.34,11.05,220.5277
271.34,11.05,220.5277
271.34,11.05,220.5277
271.34,11.05,220.5277
271.34,11.05,220.5277
271.34,11.05,220.5277
271.34,11.05,220.5277
271.34,11.05,220.5277
271.34,11.05,220.5277
271.34,11.05,220.5277
271.34,11.05,220.5277
271.34,11.05,220.5277
271.34,11.05,220.5277
271.3401,11.05,220.528
271.3405,11.05,220.5292
271.3417,11.05,220.5324
271.3437,11.05,220.5379
271.3468,11.05,220.5462
271.3526,11.05,220.5621
271.3606,11.05,220.5841
271.3706,11.05,220.6116
271.3828,11.05,220.645
271.3973,11.05,220.685
271.416,11.05,220.7363
271.4388,11.05,220.7989
271.4657,11.05,220.8727
271.4967,11.05,220.9578
271.5314,11.04644,221.0532
271.5692,11.05,221.1569
271.611,11.05,221.2717
271.657,11.05,221.3979
271.7049,11.05,221.5294
271.7528,11.05,221.6608
271.8007,11.05,221.7923
271.8485,11.04644,221.9238
271.8964,11.04618,222.0551
271.944,11.05,222.1858
271.9918,11.05,222.3172
272.0397,11.04802,222.4487
272.0876,11.04029,222.5801
272.1353,11.05,222.7112
272.183,11.05,222.842
272.2309,11.05,222.9734
272.2788,11.05,223.1049
272.3267,11.05,223.2364
272.3745,11.05,223.3679
272.4225,11.04628,223.4994
272.4703,11.05,223.6307
272.5181,11.05,223.7621
272.566,11.05,223.8936
272.6139,11.04921,224.0251
272.6617,11.05,224.1563
272.7096,11.05,224.2878
272.7575,11.05,224.4193
272.8054,11.05,224.5508
272.8533,11.05,224.6823
272.9012,11.05,224.8138
272.9491,11.05,224.9453
272.997,11.04256,225.0768
273.0445,11.04752,225.2071
273.0923,11.05,225.3383
273.1401,11.05,225.4697
273.188,11.05,225.6012
273.2359,11.05,225.7327
273.2838,11.05,225.8642
273.3317,11.05,225.9957
273.3796,11.05,226.1272
273.4275,11.05,226.2587
273.4754,11.05,226.3901
273.5233,11.05,226.5216
273.5712,11.04578,226.6531
273.619,11.05,226.7844
273.6668,11.05,226.9157
273.7147,11.0472,227.0472
273.7623,11.05,227.1779
273.8102,11.05,227.3094
273.8581,11.05,227.4409
273.906,11.05,227.5724
273.9539,11.05,227.7039
274.0018,11.05,227.8353
274.0497,11.0469,227.9668
274.0975,11.05,228.0982
274.1454,11.04554,228.2296
274.1932,11.05,228.3609
274.2411,11.05,228.4922
274.2889,11.05,228.6237
274.3368,11.05,228.7552
274.3847,11.05,228.8867
274.4326,11.04959,229.0182
274.4805,11.05,229.1495
274.5284,11.05,229.281
274.5763,11.05,229.4125
274.6241,11.05,229.544
274.6721,11.04999,229.6755
274.7199,11.04524,229.807
274.7677,11.05,229.9382
274.8156,11.04392,230.0695
274.863,11.05,230.1998
274.9108,11.05,230.331
274.9587,11.05,230.4625
275.0066,11.04994,230.594
275.0545,11.04627,230.7255
275.1024,11.05,230.8568
275.1502,11.05,230.9882
275.1981,11.05,231.1197
275.246,11.04998,231.2512
275.2939,11.04504,231.3827
275.3417,11.05,231.5139
275.3895,11.05,231.6452
275.4374,11.05,231.7767
275.4853,11.05,231.9082
275.5332,11.04803,232.0397
275.5809,11.05,232.1706
275.6288,11.05,232.3021
275.6767,11.05,232.4336
275.7245,11.05,232.565
275.7725,11.05,232.6965
275.8203,11.04996,232.828
275.8683,11.04476,232.9595
275.916,11.05,233.0907
275.9638,11.05,233.222
276.0117,11.04983,233.3535
276.0596,11.04553,233.485
276.1075,11.05,233.6163
276.1553,11.05,233.7476
276.2032,11.05,233.8791
276.2511,11.04986,234.0106
276.299,11.05,234.142
276.3469,11.05,234.2735
276.3948,11.04993,234.405
276.4427,11.04446,234.5365
276.4904,11.05,234.6677
276.5382,11.05,234.7989
276.5862,11.05,234.9304
276.634,11.04518,235.0619
276.6815,11.05,235.1924
276.7294,11.05,235.3237
276.7773,11.05,235.4552
276.8252,11.05,235.5867
276.8731,11.05,235.7182
276.921,11.05,235.8497
276.9689,11.04991,235.9812
277.0168,11.04965,236.1126
277.0646,11.04474,236.2441
277.1125,11.05,236.3754
277.1603,11.05,236.5067
277.2082,11.05,236.6382
277.2561,11.05,236.7697
277.304,11.05,236.9012
277.3519,11.04867,237.0326
277.3996,11.05,237.1638
277.4475,11.05,237.2952
277.4954,11.05,237.4267
277.5433,11.04986,237.5582
277.5912,11.04389,237.6897
277.6389,11.05,237.8208
277.6867,11.05,237.952
277.7346,11.04118,238.0835
277.7821,11.05,238.2137
277.8297,11.05,238.3446
277.8776,11.05,238.4761
277.9255,11.05,238.6076
277.9734,11.05,238.7391
278.0213,11.04943,238.8706
278.0692,11.04396,239.002
278.117,11.04983,239.1333
278.1648,11.04374,239.2645
278.2126,11.05,239.3956
278.2603,11.05,239.5268
278.3082,11.05,239.6583
278.3561,11.05,239.7898
278.404,11.05,239.9212
278.4519,11.04651,240.0527
278.4995,11.05,240.1834
278.5474,11.05,240.3148
278.5952,11.05,240.4463
278.6431,11.05,240.5777
278.691,11.04979,240.7092
278.7389,11.04347,240.8407
278.7867,11.05,240.9718
278.8344,11.05,241.103
278.8824,11.05,241.2345
278.9302,11.05,241.366
278.9781,11.05,241.4975
279.026,11.04915,241.6289
279.0739,11.04311,241.7604
279.1217,11.05,241.8916
279.1695,11.04935,242.0228
279.2173,11.05,242.1541
279.2652,11.04974,242.2855
279.3131,11.04319,242.417
279.3608,11.05,242.5481
279.4086,11.05,242.6792
279.4565,11.05,242.8107
279.5044,11.05,242.9422
279.5522,11.04314,243.0738
279.5995,11.05,243.2041
279.6469,11.05,243.3354
279.6945,11.05,243.467
279.7418,11.05,243.5987
279.789,11.05,243.7304
279.8359,11.04956,243.8623
279.8825,11.04213,243.9942
279.9287,11.05,244.1257
279.9747,11.05,244.2574
280.0206,11.04947,244.3896
280.0659,11.04453,244.522
280.1108,11.05,244.6543
280.1553,11.05,244.7867
280.1996,11.05,244.9194
280.2435,11.04656,245.0523
280.2863,11.05,245.1846
280.3289,11.05,245.3178
280.371,11.04595,245.4512
280.4125,11.05,245.5846
280.4531,11.05,245.7184
280.4932,11.05,245.8524
280.5327,11.05,245.9867
280.5716,11.05,246.1211
280.6099,11.05,246.2557
280.6469,11.05,246.3906
280.6833,11.05,246.5258
280.719,11.05,246.6611
280.754,11.04886,246.7966
280.7882,11.05,246.9322
280.8209,11.04414,247.0682
280.8529,11.05,247.2032
280.8839,11.05,247.3394
280.9142,11.05,247.476
280.9436,11.05,247.6128
280.9722,11.05,247.7498
280.9989,11.05,247.8872
281.0247,11.04847,248.0247
281.0495,11.04692,248.1621
281.0734,11.04321,248.2999
281.0962,11.05,248.4379
281.1169,11.05,248.5759
281.1367,11.05,248.7145
281.1553,11.05,248.8532
281.1728,11.05,248.992
281.188,11.05,249.1311
281.2021,11.04707,249.2704
281.2149,11.05,249.4093
281.2265,11.05,249.5487
281.2369,11.05,249.6882
281.2448,11.05,249.8279
281.2514,11.05,249.9677
281.2567,11.05,250.1076
281.2606,11.05,250.2475
281.2631,11.04023,250.3874
281.2647,11.05,250.5262
281.263,11.05,250.6653
281.2599,11.05,250.8052
281.2553,11.05,250.945
281.2493,11.0409,251.0849
281.2426,11.05,251.2232
281.232,11.05,251.362
281.2198,11.05,251.5014
281.206,11.05,251.6407
281.1906,11.05,251.7798
281.1736,11.05,251.9187
281.1533,11.0459,252.0571
281.1319,11.04755,252.1944
281.1086,11.05,252.3317
281.0833,11.04123,252.4693
281.0545,11.04627,252.6061
281.024,11.04928,252.7424
280.9917,11.05,252.8785
280.9576,11.04799,253.0142
280.9218,11.05,253.149
280.8841,11.05,253.2837
280.8428,11.05,253.4174
280.7996,11.05,253.5505
280.7545,11.05,253.683
280.7076,11.04274,253.8148
280.6599,11.05,253.9451
280.6075,11.04302,254.0744
280.5543,11.05,254.2023
280.4981,11.05,254.33
280.4398,11.04981,254.4573
280.3777,11.05,254.5826
280.3136,11.05,254.707
280.2476,11.05,254.8305
280.1796,11.05,254.9528
280.1097,11.04308,255.0741
280.0392,11.04808,255.1936
279.9637,11.05,255.311
279.8861,11.05,255.4275
279.8066,11.05,255.5427
279.7252,11.05,255.6565
279.6419,11.05,255.769
279.5547,11.05,255.8785
279.4657,11.05,255.9866
279.3748,11.05,256.093
279.2821,11.05,256.1978
279.1875,11.04186,256.301
279.092,11.05,256.4015
278.9924,11.05,256.499
278.8906,11.05,256.5951
278.787,11.05,256.6892
278.6822,11.04372,256.782
278.5776,11.05,256.8731
278.4717,11.05,256.9641
278.3656,11.04615,257.0554
278.2598,11.05,257.1463
278.1628,11.0472,257.2297
278.0737,11.04316,257.3063
277.9912,11.05,257.3773
277.9174,11.05,257.4409
277.8527,11.05,257.4967
277.7972,11.05,257.5447
277.7508,11.05,257.5849
277.7134,11.05,257.6172
277.6853,11.05,257.6418
277.6653,11.05,257.6593
277.6407,11.04899,257.6809
277.6073,11.04328,257.7106
277.5661,11.05,257.7473
277.5193,11.05,257.7892
277.4637,11.05,257.8392
277.3998,11.05,257.8969
277.3272,11.05,257.963
277.2461,11.04825,258.0374
277.1566,11.05,258.1198
277.0588,11.04566,258.2107
276.9587,11.05,258.3043
276.8575,11.05,258.4008
276.7566,11.05,258.4978
276.6561,11.05,258.5952
276.556,11.05,258.693
276.4563,11.05,258.7912
276.3575,11.05,258.8904
276.2592,11.05,258.9901
276.1614,11.05,259.0902
276.0641,11.04482,259.1908
275.9676,11.05,259.2914
275.8721,11.05,259.3934
275.777,11.05,259.4962
275.6826,11.05,259.5995
275.5887,11.04171,259.7033
275.4965,11.05,259.8067
275.405,11.05,259.9119
275.3138,11.04959,260.0181
275.2234,11.05,260.1248
275.1337,11.04388,260.2322
275.0452,11.04743,260.3391
274.9573,11.05,260.4474
274.8708,11.05,260.5573
274.785,11.05,260.668
274.7001,11.04607,260.7792
274.6166,11.05,260.8903
274.5345,11.04999,261.0034
274.4532,11.05,261.1174
274.373,11.05,261.2321
274.2937,11.04819,261.3474
274.2157,11.05,261.4629
274.1385,11.05,261.5796
274.0634,11.04494,261.6977
273.9894,11.05,261.816
273.9167,11.04978,261.9354
273.845,11.04613,262.0555
273.7759,11.05,262.1762
273.7079,11.05,262.2983
273.641,11.05,262.4213
273.5755,11.05,262.545
273.5112,11.05,262.6693
273.4483,11.05,262.7943
273.3881,11.05,262.9206
273.3293,11.04716,263.0476
273.2722,11.05,263.1745
273.2163,11.0453,263.3028
273.1616,11.05,263.4304
273.1068,11.05,263.559
273.0519,11.04661,263.6877
272.9971,11.05,263.8163
272.9423,11.05,263.9449
272.8874,11.04316,264.0737
272.833,11.05,264.2013
272.7783,11.05,264.3296
272.7234,11.05,264.4583
272.6685,11.05,264.5871
272.6136,11.04342,264.7158
272.5592,11.05,264.8434
272.5045,11.05,264.9718
272.4496,11.05,265.1006
272.3947,11.05,265.2293
272.3398,11.04979,265.358
272.285,11.05,265.4867
272.2301,11.05,265.6154
272.1752,11.05,265.7442
272.1204,11.05,265.8729
272.0655,11.0446,266.0016
272.0107,11.04986,266.1302
271.9559,11.05,266.2587
271.901,11.05,266.3874
271.8461,11.05,266.5161
271.7913,11.05,266.6449
271.7364,11.04913,266.7736
271.6816,11.05,266.9021
271.6267,11.04881,267.0309
271.572,11.05,267.1593
271.5171,11.05,267.288
271.4622,11.05,267.4167
271.4073,11.05,267.5455
271.3524,11.05,267.6742
271.2975,11.05,267.8029
271.2427,11.05,267.9317
271.1878,11.04541,268.0604
271.1333,11.04812,268.1882
271.0787,11.04218,268.3163
271.024,11.04928,268.4445
270.9693,11.05,268.5728
270.9144,11.05,268.7016
270.8596,11.05,268.8303
270.8047,11.05,268.959
270.7498,11.04025,269.0878
270.6955,11.05,269.2152
270.6409,11.05,269.3432
270.586,11.05,269.472
270.5311,11.04696,269.6007
270.4766,11.05,269.7287
270.4217,11.05,269.8573
270.3669,11.05,269.9861
270.312,11.05,270.1148
270.2571,11.05,270.2435
270.2022,11.05,270.3723
270.1473,11.05,270.501
270.0924,11.05,270.6297
270.0376,11.04823,270.7585
269.9827,11.05,270.8871
269.9279,11.04514,271.0158
269.8734,11.05,271.1436
269.8186,11.05,271.2721
269.7637,11.05,271.4008
269.7088,11.05,271.5296
269.6539,11.04999,271.6583
269.5991,11.05,271.787
269.5442,11.05,271.9158
269.4893,11.04751,272.0445
269.4347,11.05,272.1726
269.3798,11.05,272.3013
269.325,11.04304,272.43
269.2705,11.05,272.5576
269.2158,11.05,272.686
269.1609,11.05,272.8147
269.1061,11.05,272.9435
269.0512,11.04009,273.0722
268.9967,11.05,273.2001
268.9421,11.05,273.328
268.8872,11.05,273.4568
268.8323,11.05,273.5855
268.7775,11.05,273.7142
268.7226,11.04084,273.843
268.6682,11.05,273.9704
268.6136,11.05,274.0985
268.5588,11.05,274.2272
268.5039,11.05,274.356
268.449,11.0492,274.4847
268.3942,11.05,274.6132
268.3393,11.05,274.742
268.2845,11.05,274.8707
268.2296,11.05,274.9994
268.1747,11.05,275.1282
268.1198,11.05,275.2569
268.0649,11.0447,275.3856
268.0101,11.04987,275.5141
267.9554,11.05,275.6426
267.9005,11.05,275.7714
267.8456,11.04814,275.9001
267.7909,11.04899,276.0284
267.7361,11.05,276.1568
267.6813,11.05,276.2856
267.6264,11.05,276.4143
267.5715,11.05,276.543
267.5166,11.05,276.6718
267.4618,11.05,276.8005
267.4069,11.05,276.9292
267.352,11.04578,277.058
267.2975,11.05,277.1858
267.2427,11.04677,277.3144
267.1881,11.05,277.4423
267.1333,11.05,277.5709
267.0784,11.04224,277.6997
267.0237,11.0493,277.8281
266.969,11.05,277.9564
266.9141,11.04083,278.0851
266.8597,11.05,278.2126
266.8051,11.05,278.3407
266.7502,11.05,278.4694
266.6954,11.05,278.5981
266.6405,11.04531,278.7269
266.586,11.05,278.8546
266.5312,11.05,278.9832
266.4763,11.05,279.1119
266.4214,11.05,279.2407
266.3666,11.05,279.3694
266.3117,11.05,279.4981
266.2568,11.05,279.6269
266.2019,11.05,279.7556
266.147,11.05,279.8843
266.0921,11.04979,280.0131
266.0371,11.04827,280.1417
265.982,11.05,280.2702
265.9267,11.05,280.3987
265.8713,11.05,280.5273
265.8158,11.05,280.6557
265.76,11.04964,280.7841
265.7042,11.05,280.9123
265.6478,11.04796,281.0404
265.5915,11.05,281.1678
265.5346,11.05,281.2957
265.4775,11.05,281.4234
265.4197,11.05,281.5509
265.3617,11.05,281.6783
265.3033,11.05,281.8054
265.2444,11.05,281.9324
265.1853,11.04559,282.0592
265.1258,11.04782,282.1848
265.0659,11.04454,282.3104
265.0052,11.04997,282.4361
264.9439,11.05,282.5616
264.882,11.05,282.6871
264.8191,11.05,282.8121
264.7556,11.05,282.9369
264.6916,11.04527,283.0613
264.6276,11.05,283.1846
264.5624,11.05,283.3083
264.496,11.05,283.4315
264.4289,11.04006,283.5543
264.3622,11.05,283.6756
264.2942,11.05,283.797
264.2251,11.05,283.9187
264.1552,11.048,284.0399
264.0842,11.04104,284.1599
264.0128,11.04979,284.2795
263.9404,11.05,284.3985
263.8668,11.05,284.5175
263.7916,11.05,284.6356
263.7155,11.04912,284.7531
263.6388,11.05,284.8698
263.5611,11.05,284.9862
263.4825,11.05,285.102
263.4022,11.05,285.2166
263.3209,11.04994,285.3306
263.2388,11.05,285.4438
263.1557,11.05,285.5565
263.0717,11.04352,285.6684
262.9868,11.05,285.7791
262.9002,11.05,285.8885
262.8124,11.05,285.9975
262.7235,11.05,286.1057
262.6338,11.05,286.213
262.5419,11.05,286.3187
262.4491,11.05,286.4235
262.3553,11.05,286.5273
262.2604,11.05,286.6302
262.1646,11.05,286.7322
262.0666,11.04441,286.8322
261.9684,11.05,286.9312
261.8686,11.04895,287.0289
261.7676,11.05,287.1256
261.6655,11.05,287.2213
261.5612,11.05,287.3147
261.4559,11.05,287.4069
261.3496,11.05,287.4979
261.2422,11.05,287.5877
261.1337,11.05,287.6762
261.0232,11.04933,287.7621
260.9117,11.05,287.8465
260.799,11.05,287.9296
260.6854,11.04984,288.0113
260.5707,11.05,288.0916
260.454,11.05,288.1688
260.3363,11.05,288.2446
260.2176,11.04355,288.3188
260.0993,11.05,288.3914
259.9789,11.05,288.4621
259.8564,11.05,288.5297
259.7328,11.05,288.5956
259.6084,11.04835,288.6597
259.4835,11.05,288.7219
259.3573,11.05,288.7824
259.2302,11.05,288.8411
259.1014,11.05,288.896
258.9718,11.05,288.9489
258.8414,11.05,288.9999
258.7103,11.04699,289.049
258.5778,11.05,289.0938
258.4445,11.05,289.1366
258.3106,11.05,289.1773
258.176,11.049,289.2159
258.041,11.04789,289.2522
257.9055,11.05,289.285
257.7688,11.05,289.3147
257.6314,11.05,289.3421
257.4937,11.05,289.3671
257.3556,11.04926,289.3899
257.2169,11.05,289.4078
257.0777,11.04238,289.4233
256.9395,11.05,289.4377
256.8003,11.05,289.4483
256.6606,11.05,289.4564
256.5206,11.05,289.4594
256.3806,11.04605,289.4599
256.2412,11.05,289.4578
256.1014,11.05,289.453
255.9616,11.05,289.4457
255.8219,11.05,289.4357
255.6828,11.05,289.4203
255.5439,11.05,289.4023
255.4055,11.05,289.3816
255.2674,11.04482,289.3582
255.1309,11.05,289.3293
254.9948,11.05,289.2978
254.8591,11.05,289.2634
254.7241,11.05,289.2262
254.5899,11.05,289.1863
254.4565,11.05,289.1436
