224.1215,11.05,268.4759
224.1215,11.05,268.4759
224.1215,11.05,268.4759
224.1215,11.05,268.4759
224.1215,11.05,268.4759
224.1215,11.05,268.4759
224.1215,11.05,268.4759
224.1215,11.05,268.4759
224.1215,11.05,268.4759
224.1215,11.05,268.4759
224.1215,11.05,268.4759
224.1215,11.05,268.4759
224.1215,11.05,268.4759
224.1215,11.05,268.4759
224.1215,11.05,268.4759
224.1215,11.05,268.4759
224.1215,11.05,268.4759
224.1215,11.05,268.4759
224.1215,11.05,268.4759
224.1215,11.05,268.4759
224.1215,11.05,268.4759
224.1215,11.05,268.4759
224.1215,11.05,268.4759
224.1215,11.05,268.4759
224.1215,11.05,268.4759
224.1215,11.05,268.4759
224.1215,11.05,268.4759
224.1215,11.05,268.4759
224.1215,11.05,268.4759
224.1215,11.05,268.4759
224.1215,11.05,268.4759
224.1215,11.05,268.4759
224.1215,11.05,268.4759
224.1215,11.05,268.4759
224.1215,11.05,268.4759
224.1215,11.05,268.4759
224.1215,11.05,268.4759
224.1215,11.05,268.4759
224.1215,11.05,268.4759
224.1215,11.05,268.4759
224.1215,11.05,268.4759
224.1215,11.05,268.4759
224.1215,11.05,268.4759
224.1215,11.05,268.4759
224.1215,11.05,268.4759
224.1215,11.05,268.4759
224.1215,11.05,268.4759
224.1215,11.05,268.4759
224.1215,11.05,268.4759
224.1215,11.05,268.4759
224.1215,11.05,268.4759
224.1215,11.05,268.4759
224.1215,11.05,268.4759
224.1215,11.05,268.4759
224.1215,11.05,268.4759
224.1215,11.05,268.4759
224.1215,11.05,268.4759
224.1215,11.05,268.4759
224.1215,11.05,268.4759
224.1215,11.05,268.4759
224.1215,11.05,268.4759
224.1215,11.05,268.4759
224.1215,11.05,268.4759
224.1215,11.05,268.4759
224.1215,11.05,268.4759
224.1215,11.05,268.4759
224.1215,11.05,268.4759
224.1215,11.05,268.4759
224.1215,11.05,268.4759
224.1215,11.05,268.4759
224.1215,11.05,268.4759
224.1215,11.05,268.4759
224.1215,11.05,268.4759
224.1215,11.05,268.4759
224.1215,11.05,268.4759
224.1215,11.05,268.4759
224.1215,11.05,268.4759
224.1215,11.05,268.4759
224.1215,11.05,268.4759
224.1215,11.05,268.4759
224.1215,11.05,268.4759
224.1215,11.05,268.4759
224.1215,11.05,268.4759
224.1215,11.05,268.4759
224.1215,11.05,268.4759
224.1215,11.05,268.4759
224.1215,11.05,268.4759
224.1215,11.05,268.4759
224.1215,11.05,268.4759
224.1215,11.05,268.4759
224.1215,11.05,268.4759
224.1215,11.05,268.4759
224.1215,11.05,268.4759
224.1215,11.05,268.4759
224.1215,11.05,268.4759
224.1215,11.05,268.4759
224.1215,11.05,268.4759
224.1215,11.05,268.4759
224.1215,11.05,268.4759
224.1215,11.05,268.4759
224.1218,11.05,268.4757
224.1228,11.05,268.475
224.1256,11.05,268.473
224.1302,11.05,268.4695
224.1373,11.05,268.4642
224.1504,11.05,268.4536
224.1673,11.05,268.4397
224.1882,11.05,268.422
224.2137,11.05,268.3999
224.2454,11.05,268.3716
224.2853,11.04848,268.3345
224.3321,11.05,268.2896
224.3864,11.05,268.2361
224.4483,11.05,268.1736
224.5175,11.05,268.1013
224.5937,11.04953,268.0194
224.6765,11.05,267.9278
224.7649,11.0477,267.8255
224.8535,11.05,267.7198
224.941,11.05,267.6107
225.0269,11.04909,267.5002
225.1094,11.05,267.3872
225.1902,11.0457,267.2729
225.2697,11.05,267.1585
225.3468,11.0478,267.0419
225.4222,11.05,266.9246
225.4937,11.05,266.8043
225.5633,11.04096,266.6829
225.6316,11.05,266.5619
225.6968,11.05,266.4389
225.7582,11.05,266.3131
225.8175,11.05,266.1863
225.8746,11.04569,266.0586
225.9305,11.05,265.931
225.9849,11.05,265.8022
226.039,11.0481,265.6731
226.0929,11.05,265.5441
226.1469,11.05,265.415
226.201,11.04546,265.2859
226.2547,11.05,265.1575
226.3087,11.04898,265.0285
226.3626,11.05,264.8997
226.4166,11.05,264.7706
226.4706,11.05,264.6415
226.5246,11.05,264.5124
226.5786,11.05,264.3833
226.6326,11.05,264.2542
226.6866,11.05,264.1251
226.7407,11.05,263.996
226.7947,11.04673,263.8669
226.8485,11.05,263.7383
226.9025,11.05,263.6093
226.9565,11.05,263.4803
227.0105,11.04986,263.3511
227.0645,11.04477,263.222
227.1184,11.05,263.0932
227.1723,11.05,262.9643
227.2263,11.05,262.8352
227.2804,11.05,262.7061
227.3344,11.05,262.577
227.3884,11.04778,262.4479
227.4422,11.05,262.3193
227.4962,11.05,262.1902
227.5502,11.04531,262.0611
227.604,11.05,261.9326
227.6579,11.05,261.8037
227.7118,11.05,261.6746
227.7656,11.05,261.5454
227.8194,11.05,261.4162
227.873,11.05,261.2869
227.9263,11.05,261.1575
227.9795,11.04849,261.0281
228.0323,11.04869,260.899
228.0851,11.04085,260.7694
228.1374,11.05,260.6401
228.1895,11.05,260.511
228.2412,11.05,260.3809
228.2927,11.05,260.2508
228.3438,11.05,260.1205
228.3946,11.05,259.9901
228.445,11.05,259.8596
228.4946,11.05,259.7287
228.5438,11.04818,259.5977
228.5925,11.05,259.467
228.6408,11.05,259.3357
228.6886,11.05,259.2042
228.7355,11.04342,259.0723
228.7818,11.05,258.9411
228.8273,11.05,258.8092
228.8725,11.05,258.6768
228.917,11.05,258.5441
228.9603,11.05,258.411
229.0029,11.04999,258.2777
229.0449,11.04747,258.1442
229.0861,11.04048,258.0106
229.1266,11.05,257.8767
229.1654,11.05,257.743
229.2037,11.05,257.6084
229.2411,11.05,257.4736
229.2777,11.04768,257.3385
229.3135,11.05,257.2037
229.3475,11.04417,257.068
229.3809,11.05,256.933
229.413,11.05,256.7971
229.4442,11.05,256.6607
229.4734,11.04841,256.5238
229.5015,11.05,256.3871
229.5287,11.05,256.2499
229.5548,11.05,256.1124
229.5804,11.05,255.9748
229.6061,11.05,255.8372
229.6317,11.0471,255.6997
229.6572,11.05,255.5626
229.6828,11.05,255.4251
229.7085,11.05,255.2875
229.7341,11.05,255.1499
229.7597,11.04981,255.0124
229.7854,11.04496,254.8749
229.8109,11.05,254.7379
229.8365,11.05,254.6006
229.8621,11.05,254.463
229.8877,11.05,254.3255
229.9133,11.05,254.1879
229.939,11.04218,254.0503
229.9644,11.05,253.9135
229.99,11.05,253.7765
230.0156,11.0497,253.6389
230.0412,11.04787,253.5014
230.0669,11.04437,253.3638
230.0925,11.05,253.2263
230.1181,11.05,253.089
230.1437,11.05,252.9514
230.1693,11.05,252.8139
230.1949,11.05,252.6763
230.2206,11.05,252.5387
230.2462,11.05,252.4012
230.2718,11.05,252.2636
230.2975,11.05,252.126
230.3231,11.05,251.9884
230.3487,11.05,251.8509
230.3743,11.05,251.7133
230.4,11.05,251.5757
230.4256,11.0499,251.4382
230.4512,11.05,251.3006
230.4769,11.05,251.1631
230.5025,11.04919,251.0255
230.5281,11.05,250.8882
230.5537,11.05,250.7506
230.5793,11.04929,250.613
230.6049,11.05,250.4756
230.6305,11.05,250.3381
230.6562,11.05,250.2005
230.6818,11.04502,250.0629
230.7073,11.05,249.9261
230.7329,11.04805,249.7887
230.7584,11.05,249.6516
230.7841,11.05,249.5141
230.8097,11.05,249.3765
230.8353,11.05,249.2389
230.8609,11.05,249.1013
230.8866,11.04626,248.9638
230.9121,11.05,248.8267
230.9377,11.05,248.6893
230.9633,11.05,248.5517
230.989,11.05,248.4142
231.0146,11.04973,248.2766
231.0402,11.04797,248.139
231.0658,11.04454,248.0015
231.0915,11.05,247.8639
231.117,11.05,247.7266
231.1427,11.05,247.5891
231.1683,11.05,247.4515
231.1939,11.0409,247.3139
231.2194,11.05,247.1772
231.2449,11.04796,247.0403
231.2704,11.05,246.9034
231.296,11.05,246.7659
231.3217,11.05,246.6283
231.3473,11.05,246.4908
231.3729,11.05,246.3532
231.3985,11.05,246.2156
231.4242,11.04231,246.078
231.4496,11.05,245.9415
231.4751,11.05,245.8044
231.5008,11.05,245.6668
231.5264,11.05,245.5292
231.552,11.05,245.3917
231.5777,11.05,245.2541
231.6033,11.05,245.1165
231.6289,11.05,244.979
231.6545,11.05,244.8414
231.6802,11.04965,244.7038
231.7058,11.05,244.5663
231.7314,11.05,244.4288
231.757,11.05,244.2912
231.7827,11.05,244.1536
231.8083,11.04968,244.0161
231.8339,11.04875,243.8786
231.8596,11.05,243.7413
231.8853,11.05,243.6038
231.9112,11.05,243.4662
231.9371,11.05,243.3287
231.9633,11.05,243.1913
231.9897,11.04622,243.0538
232.016,11.04968,242.9171
232.0427,11.04771,242.7798
232.0699,11.04384,242.6426
232.0974,11.05,242.5055
232.125,11.05,242.3686
232.1531,11.04614,242.2315
232.1812,11.05,242.095
232.2103,11.05,241.9583
232.2397,11.05,241.8215
232.2696,11.05,241.6847
232.2998,11.05,241.5481
232.3305,11.04587,241.4116
232.3614,11.05,241.2757
232.3935,11.05,241.1396
232.4261,11.04998,241.0035
232.4593,11.05,240.8676
232.4931,11.05,240.7318
232.528,11.04708,240.5963
232.5632,11.05,240.4614
232.5993,11.05,240.3263
232.6361,11.05,240.1912
232.6736,11.046,240.0564
232.7116,11.05,239.9224
232.7512,11.04914,239.7883
232.7915,11.05,239.6545
232.8325,11.05,239.5208
232.8744,11.05,239.3872
232.9179,11.05,239.2542
232.9622,11.05,239.1215
233.0073,11.04993,238.989
233.0534,11.04642,238.8569
233.1002,11.05,238.7251
233.1489,11.05,238.5941
233.1986,11.05,238.4632
233.2492,11.04561,238.3327
233.3001,11.05,238.2031
233.3526,11.04318,238.0735
233.4056,11.05,237.9451
233.4611,11.05,237.817
233.5177,11.05,237.6891
233.5755,11.05,237.5616
233.6343,11.05,237.4346
233.6941,11.05,237.3081
233.7562,11.05,237.1827
233.8195,11.0458,237.0578
233.8831,11.04839,236.9338
233.9483,11.05,236.8107
234.015,11.04972,236.6876
234.0841,11.04106,236.5659
234.154,11.05,236.4456
234.2251,11.04361,236.3258
234.2965,11.05,236.2069
234.3702,11.04011,236.0884
234.4446,11.05,235.9712
234.5218,11.05,235.8555
234.6008,11.05,235.7399
234.681,11.05,235.6252
234.7625,11.05,235.5115
234.8466,11.05,235.3996
234.9321,11.05,235.2887
235.0188,11.04956,235.1788
235.1067,11.04382,235.07
235.195,11.05,234.9622
235.2867,11.05,234.8569
235.38,11.05,234.7526
235.4746,11.05,234.6494
235.5704,11.05,234.5474
235.669,11.05,234.448
235.7688,11.05,234.3499
235.8699,11.05,234.2531
235.9724,11.05,234.1577
236.0761,11.0427,234.0637
236.1809,11.05,233.9725
236.2881,11.05,233.8833
236.397,11.05,233.7952
236.5071,11.05,233.7088
236.6184,11.04998,233.624
236.7322,11.05,233.5424
236.8472,11.05,233.4627
236.9635,11.05,233.3846
237.0809,11.04174,233.3083
237.1979,11.04919,233.2338
237.317,11.05,233.1616
237.4389,11.05,233.0928
237.562,11.04915,233.026
237.686,11.05,232.9612
237.8111,11.0452,232.8985
237.9361,11.05,232.837
238.064,11.04485,232.7806
238.1918,11.05,232.7261
238.3215,11.05,232.6741
238.4523,11.05,232.6243
238.5848,11.05,232.579
238.718,11.05,232.536
238.852,11.05,232.4954
238.9865,11.05,232.4565
239.1213,11.05,232.4187
239.2563,11.04007,232.3815
239.3903,11.05,232.3445
239.5244,11.05,232.3075
239.6593,11.05,232.2703
239.7943,11.05,232.2331
239.9293,11.05,232.1958
240.0642,11.04481,232.1586
240.1981,11.05,232.1217
240.3328,11.04098,232.0845
240.4676,11.04719,232.0473
240.6021,11.04987,232.0102
240.737,11.05,231.973
240.872,11.04745,231.9357
241.0065,11.04995,231.8986
241.1413,11.05,231.8614
241.2763,11.05,231.8242
241.4112,11.05,231.7869
241.5462,11.05,231.7497
241.6812,11.04939,231.7125
241.8159,11.05,231.6753
241.9509,11.05,231.638
242.0859,11.04068,231.6008
242.2194,11.05,231.5639
242.3537,11.05,231.5269
242.4886,11.05,231.4897
242.6236,11.05,231.4525
242.7585,11.05,231.4152
242.8935,11.05,231.378
243.0284,11.04899,231.3407
243.1631,11.05,231.3036
243.298,11.05,231.2664
243.433,11.05,231.2291
243.5679,11.05,231.1919
243.7029,11.05,231.1547
243.8378,11.05,231.1174
243.9728,11.04094,231.0802
244.1072,11.04767,231.0431
244.2417,11.04996,231.006
244.3766,11.05,230.9688
244.5116,11.05,230.9315
244.6465,11.05,230.8943
244.7815,11.04641,230.8571
244.9159,11.05,230.82
245.0508,11.04677,230.7828
245.1848,11.05,230.7458
245.3197,11.05,230.7086
245.4547,11.05,230.6713
245.5896,11.04876,230.6341
245.7243,11.05,230.597
245.8592,11.05,230.5597
245.9942,11.05,230.5225
246.1291,11.05,230.4852
246.2641,11.05,230.448
246.399,11.04991,230.4108
246.534,11.05,230.3736
246.6689,11.05,230.3363
246.8038,11.05,230.2991
246.9388,11.05,230.2618
247.0738,11.04314,230.2246
247.2075,11.05,230.1877
247.3421,11.05,230.1506
247.477,11.05,230.1134
247.612,11.04269,230.0761
247.7467,11.0481,230.0389
247.8814,11.04084,230.0018
248.0153,11.04971,229.9648
248.1495,11.05,229.9278
248.2844,11.05,229.8906
248.4193,11.05,229.8533
248.5543,11.05,229.8159
248.6892,11.04498,229.7785
248.8234,11.05,229.7411
248.958,11.05,229.7034
249.0927,11.05,229.6655
249.2274,11.05,229.6274
249.3621,11.05,229.5891
249.4966,11.04819,229.5504
249.6307,11.05,229.5115
249.765,11.05,229.4722
249.8993,11.05,229.4326
250.0335,11.04859,229.3927
250.1671,11.05,229.3523
250.3009,11.04993,229.3114
250.4347,11.05,229.2701
250.5683,11.05,229.2283
250.7018,11.05,229.1861
250.835,11.05,229.1431
250.968,11.05,229.0995
251.1009,11.04614,229.0554
251.2335,11.04985,229.0109
251.3659,11.05,228.9658
251.4982,11.05,228.9201
251.6301,11.05,228.8732
251.7618,11.04744,228.8257
251.8929,11.05,228.778
252.024,11.04928,228.7292
252.1546,11.05,228.6792
252.285,11.05,228.6283
252.4151,11.05,228.5768
252.545,11.05,228.5245
252.6746,11.05,228.4715
252.8035,11.05,228.4168
252.932,11.05,228.3614
253.0602,11.04544,228.3052
253.1872,11.04763,228.2487
253.314,11.05,228.1911
253.4406,11.05,228.1315
253.5668,11.04367,228.0709
253.6923,11.04988,228.0097
253.8173,11.05,227.9474
253.9421,11.05,227.8841
254.066,11.04452,227.8188
254.1885,11.05,227.7533
254.311,11.05,227.6861
254.4332,11.05,227.6178
254.5548,11.05,227.5484
254.6752,11.05,227.477
254.7949,11.05,227.4045
254.914,11.05,227.3309
255.0327,11.04866,227.2568
255.1511,11.04938,227.1827
255.2696,11.05,227.1086
255.3883,11.04852,227.0343
255.5069,11.05,226.9602
255.6255,11.05,226.886
255.7442,11.04714,226.8117
255.8624,11.05,226.7378
255.981,11.05,226.6636
256.0997,11.05,226.5894
256.2184,11.05,226.5151
256.337,11.0432,226.4409
256.455,11.05,226.3671
256.5733,11.05,226.2931
256.692,11.05,226.2189
256.8106,11.05,226.1447
256.9293,11.04375,226.0704
257.0476,11.04715,225.9964
257.1657,11.05,225.9225
257.2844,11.05,225.8483
257.403,11.05,225.7741
257.5217,11.05,225.6999
257.6404,11.05,225.6256
257.7591,11.05,225.5514
257.8777,11.05,225.4772
257.9964,11.05,225.4029
258.1151,11.05,225.3287
258.2338,11.04973,225.2545
258.3525,11.05,225.1805
258.4713,11.05,225.1065
258.5903,11.04866,225.0327
258.7091,11.05,224.959
258.8283,11.04795,224.8855
258.9471,11.05,224.8125
259.0664,11.04444,224.7394
259.185,11.05,224.667
259.3044,11.05,224.5945
259.4242,11.04397,224.522
259.5434,11.05,224.4503
259.6635,11.05,224.3789
259.7839,11.05,224.3076
259.9046,11.05,224.2367
260.0255,11.04919,224.1661
260.1467,11.05,224.0964
260.2682,11.04909,224.0269
260.39,11.05,223.958
260.512,11.05,223.8894
260.6343,11.05,223.8213
260.7571,11.05,223.7542
260.8802,11.05,223.6876
261.0037,11.04998,223.6216
261.1274,11.05,223.556
261.2517,11.05,223.4917
261.3763,11.04833,223.428
261.5009,11.05,223.365
261.6262,11.05,223.3026
261.7518,11.05,223.2408
261.8781,11.05,223.1805
262.0048,11.04997,223.1209
262.1318,11.04516,223.062
262.2589,11.04998,223.0039
262.3864,11.05,222.9467
262.5145,11.05,222.8902
262.6433,11.05,222.8355
262.7725,11.04995,222.7816
262.9021,11.05,222.7286
263.032,11.04871,222.6765
263.1624,11.05,222.6265
263.2935,11.05,222.5773
263.4249,11.04315,222.5291
263.5557,11.05,222.4817
263.6875,11.05,222.4358
263.8201,11.05,222.3908
263.9534,11.05,222.348
264.0871,11.04041,222.3063
264.2195,11.04867,222.2657
264.353,11.05,222.2267
264.4881,11.05,222.1898
264.6235,11.05,222.1542
264.7592,11.05,222.1199
264.8952,11.04044,222.0869
265.0315,11.04491,222.0553
265.1678,11.04922,222.025
265.3049,11.05,221.9975
265.4424,11.05,221.9714
265.5803,11.05,221.9467
265.7183,11.05,221.9234
265.8566,11.04873,221.9017
265.9951,11.05,221.883
266.134,11.05,221.8658
266.2732,11.05,221.8503
266.4125,11.05,221.8363
266.5519,11.05,221.8239
266.6917,11.04039,221.8149
266.8306,11.05,221.8067
266.9697,11.05,221.8011
267.1096,11.05,221.7971
267.2496,11.05,221.7967
267.3896,11.05,221.7981
267.5296,11.05,221.8013
267.6695,11.05,221.8063
267.8094,11.04999,221.8132
267.9491,11.05,221.8219
268.0885,11.04008,221.8345
268.2264,11.05,221.8478
268.3646,11.05,221.8641
268.5034,11.05,221.8825
268.6416,11.05,221.9048
268.7795,11.05,221.9291
268.917,11.04907,221.9555
269.054,11.04634,221.9839
269.1898,11.04977,222.0137
269.3254,11.04708,222.0482
269.461,11.04133,222.0828
269.5953,11.05,222.1216
269.7286,11.05,222.1623
269.8618,11.05,222.2053
269.9944,11.05,222.2504
270.1253,11.05,222.2999
270.2555,11.04421,222.3514
270.3846,11.04974,222.4048
270.5128,11.05,222.4606
270.6401,11.05,222.5186
270.7655,11.05,222.581
270.8897,11.05,222.6455
271.0128,11.04979,222.7121
271.1347,11.05,222.7809
271.2554,11.05,222.8519
271.3748,11.05,222.925
271.4914,11.04999,223.0024
271.6066,11.04151,223.082
271.7196,11.05,223.163
271.8297,11.05,223.2484
271.9403,11.05,223.3343
272.0476,11.04716,223.4242
272.1526,11.05,223.5159
272.2563,11.05,223.6099
272.3563,11.05,223.7079
272.4543,11.05,223.8078
272.5502,11.05,223.9097
272.6441,11.04977,224.0135
272.7359,11.05,224.1192
272.8255,11.05,224.2267
272.9106,11.05,224.3378
272.9934,11.05,224.4507
273.0738,11.04313,224.5653
273.1514,11.05,224.6809
273.2267,11.05,224.7984
273.297,11.05,224.9194
273.3647,11.0478,225.0419
273.4294,11.05,225.1654
273.4922,11.05,225.2904
273.5534,11.05,225.4163
273.6129,11.05,225.5429
273.6725,11.05,225.6696
273.7321,11.04742,225.7962
273.7916,11.05,225.9228
273.8511,11.04694,226.0493
273.9103,11.05,226.1752
273.9698,11.05,226.3018
274.0294,11.04892,226.4285
274.0889,11.05,226.555
274.1485,11.05,226.6817
274.208,11.05,226.8083
274.2676,11.05,226.9349
274.3271,11.04523,227.0616
274.3863,11.05,227.1873
274.4457,11.05,227.3138
274.5053,11.05,227.4404
274.5648,11.05,227.567
274.6244,11.04699,227.6937
274.6839,11.05,227.8202
274.7435,11.05,227.9468
274.803,11.04321,228.0734
274.8621,11.05,228.199
274.9214,11.05,228.3253
274.981,11.05,228.4519
275.0406,11.04794,228.5785
275.1001,11.05,228.7051
275.1596,11.05,228.8317
275.2192,11.05,228.9583
275.2787,11.04088,229.0849
275.3377,11.05,229.2104
275.397,11.05,229.3364
275.4565,11.04997,229.463
275.5161,11.04661,229.5896
275.5756,11.05,229.7162
275.6352,11.05,229.8427
275.6949,11.05,229.9693
275.7547,11.05,230.0958
275.8147,11.05,230.2222
275.8748,11.05,230.3486
275.935,11.05,230.4749
275.9956,11.05,230.6011
276.0564,11.046,230.7271
276.1173,11.05,230.8528
276.1786,11.05,230.9785
276.2401,11.05,231.1042
276.3019,11.05,231.2298
276.3643,11.05,231.355
276.427,11.04823,231.4801
276.4901,11.04166,231.605
276.5534,11.05,231.7295
276.6174,11.05,231.8533
276.6821,11.05,231.9774
276.7472,11.05,232.1013
276.8127,11.05,232.2249
276.8787,11.05,232.3483
276.9452,11.05,232.4715
277.0128,11.0498,232.5941
277.0808,11.04175,232.7163
277.1491,11.05,232.8377
277.218,11.05,232.9589
277.2878,11.04188,233.0802
277.3577,11.05,233.2
277.4291,11.05,233.3197
277.5013,11.05,233.4396
277.5743,11.05,233.559
277.6479,11.04943,233.678
277.723,11.04664,233.7962
277.7987,11.04163,233.9138
277.8751,11.04881,234.0309
277.9518,11.05,234.1473
278.0306,11.04883,234.2629
278.1101,11.05,234.378
278.1905,11.05,234.4925
278.2711,11.05,234.607
278.3517,11.05,234.7214
278.4322,11.05,234.8358
278.5128,11.05,234.9503
278.5934,11.04473,235.0647
278.6734,11.05,235.1783
278.7538,11.05,235.2925
278.8344,11.05,235.407
278.915,11.05,235.5214
278.9956,11.05,235.6358
279.0761,11.04269,235.7503
279.1563,11.05,235.864
279.2366,11.05,235.9781
279.3171,11.05,236.0925
279.3977,11.05,236.207
279.4783,11.05,236.3214
279.5589,11.05,236.4358
279.6395,11.05,236.5502
279.72,11.05,236.6647
279.8006,11.05,236.7791
279.881,11.0499,236.8936
279.9615,11.04864,237.0082
280.0417,11.04782,237.1228
280.1217,11.04155,237.2374
280.2017,11.05,237.3521
280.2812,11.05,237.4666
280.3609,11.05,237.5816
280.4402,11.05,237.6969
280.5193,11.05,237.8124
280.5982,11.05,237.928
280.6768,11.0476,238.0438
280.7549,11.05,238.1593
280.8326,11.05,238.2756
280.91,11.05,238.3922
280.9872,11.05,238.509
281.0639,11.04486,238.626
281.14,11.05,238.7429
281.2159,11.05,238.8602
281.291,11.05,238.9783
281.3657,11.05,239.0966
281.4399,11.05,239.2153
281.5137,11.05,239.3342
281.5869,11.05,239.4534
281.6591,11.05,239.5733
281.7308,11.05,239.6936
281.8018,11.04991,239.8141
281.8723,11.04753,239.935
281.9415,11.04163,240.0566
282.01,11.04988,240.1785
282.0776,11.0424,240.3003
282.1445,11.05,240.4225
282.2108,11.05,240.5452
282.2766,11.05,240.6688
282.3408,11.05,240.7931
282.4042,11.05,240.9179
282.4668,11.04768,241.043
282.5283,11.05,241.1681
282.5883,11.05,241.2944
282.6475,11.05,241.4213
282.7057,11.05,241.5485
282.763,11.05,241.6762
282.8193,11.05,241.8043
282.8736,11.04777,241.9333
282.9269,11.04507,242.0626
282.979,11.05,242.1914
283.0301,11.04886,242.3214
283.0801,11.04189,242.4521
283.129,11.05,242.5829
283.1754,11.05,242.7143
283.2208,11.05,242.8466
283.265,11.05,242.9794
283.308,11.05,243.1126
283.3484,11.05,243.2466
283.3876,11.05,243.381
283.4254,11.04487,243.5157
283.4617,11.05,243.6504
283.4967,11.05,243.7856
283.5304,11.05,243.9215
283.5612,11.04578,244.058
283.5907,11.05,244.1937
283.6185,11.05,244.3307
283.6448,11.05,244.4681
283.6696,11.05,244.6059
283.6912,11.04825,244.7441
283.7112,11.05,244.8824
283.7296,11.04944,245.0211
283.7464,11.05,245.1599
283.7614,11.05,245.299
283.7731,11.05,245.4384
283.783,11.05,245.578
283.7911,11.05,245.7177
283.7974,11.04773,245.8575
283.802,11.05,245.9971
283.8028,11.05,246.1369
283.8018,11.05,246.2769
283.7989,11.05,246.4168
283.794,11.05,246.5567
283.7873,11.05,246.6964
283.7766,11.04779,246.836
283.764,11.05,246.9749
283.7493,11.05,247.114
283.7326,11.05,247.253
283.7139,11.05,247.3917
283.6911,11.05,247.5297
283.6661,11.05,247.6674
283.6391,11.05,247.8047
283.61,11.05,247.9416
283.5787,11.04232,248.078
283.5484,11.05,248.2043
283.5193,11.05,248.319
283.4915,11.05,248.4218
283.4655,11.0486,248.5127
283.4415,11.05,248.5919
283.4198,11.05,248.6593
283.4007,11.05,248.7151
283.3845,11.05,248.7591
283.3714,11.05,248.7916
283.362,11.05,248.8126
283.3563,11.05,248.8242
283.3521,11.05,248.8323
283.3496,11.05,248.837
283.3481,11.05,248.8397
283.3474,11.05,248.8409
283.3474,11.05,248.8409
283.3474,11.05,248.8409
283.3474,11.05,248.8409
283.3474,11.05,248.8409
283.3474,11.05,248.8409
283.3474,11.05,248.8409
283.3474,11.05,248.8409
283.3474,11.05,248.8409
283.3474,11.05,248.8409
283.3474,11.05,248.8409
283.3474,11.05,248.8409
283.3474,11.05,248.8409
283.3474,11.05,248.8409
283.3474,11.05,248.8409
283.3474,11.05,248.8409
283.3476,11.05,248.8406
283.3482,11.05,248.8395
283.3496,11.05,248.8369
283.3524,11.05,248.8318
283.3568,11.05,248.8239
283.3634,11.05,248.8119
283.3746,11.05,248.7914
283.3887,11.05,248.7658
283.4059,11.05,248.7345
283.4264,11.05,248.6971
283.4508,11.05,248.6527
283.4809,11.04136,248.5979
283.5144,11.04968,248.5369
283.5529,11.05,248.4668
283.5972,11.05,248.3861
283.6473,11.05,248.2949
283.7032,11.05,248.1932
283.7648,11.04171,248.081
283.8283,11.05,247.9654
283.8953,11.05,247.8433
283.9627,11.05,247.7206
284.0301,11.04887,247.598
284.0974,11.05,247.4754
284.1648,11.05,247.3527
284.2321,11.05,247.2301
284.2995,11.05,247.1074
284.367,11.05,246.9848
284.4346,11.05,246.8622
284.5022,11.05,246.7397
284.57,11.0486,246.6173
284.6378,11.05,246.4953
284.6999,11.05,246.3839
284.7563,11.05,246.283
284.8069,11.05,246.1927
284.8519,11.05,246.1129
284.8911,11.04761,246.0436
284.9248,11.04778,245.9843
284.9529,11.05,245.9353
284.9752,11.05,245.8966
284.9925,11.05,245.8669
285.0039,11.04998,245.8476
285.0121,11.04982,245.8337
285.0182,11.04959,245.8235
285.0225,11.04937,245.8164
285.0253,11.0492,245.8118
285.0269,11.0491,245.8092
285.027,11.04909,245.809
285.027,11.04909,245.809
285.027,11.04909,245.809
285.027,11.04909,245.809
285.027,11.04909,245.809
285.027,11.04909,245.809
285.027,11.04909,245.809
285.027,11.04909,245.809
285.027,11.04909,245.809
285.027,11.04909,245.809
285.027,11.04909,245.809
285.027,11.04909,245.809
285.027,11.04909,245.809
285.027,11.04909,245.809
285.027,11.04909,245.809
285.027,11.04909,245.809
285.027,11.04909,245.809
285.027,11.04909,245.809
285.027,11.04909,245.809
285.027,11.04909,245.809
285.027,11.04909,245.809
285.027,11.04909,245.809
285.027,11.04909,245.809
285.027,11.04909,245.809
285.027,11.04909,245.809
285.027,11.04909,245.809
285.027,11.04909,245.809
285.027,11.04909,245.809
285.027,11.04909,245.809
285.027,11.04909,245.809
285.027,11.04909,245.809
285.027,11.04909,245.809
285.027,11.04909,245.809
285.027,11.04909,245.809
285.027,11.04909,245.809
285.027,11.04909,245.809
285.027,11.04909,245.809
285.027,11.04909,245.809
285.027,11.04909,245.809
285.027,11.04909,245.809
285.027,11.04909,245.809
285.027,11.04909,245.809
285.027,11.04909,245.809
285.027,11.04909,245.809
285.027,11.04909,245.809
285.027,11.04909,245.809
285.027,11.04909,245.809
285.027,11.04909,245.809
285.027,11.04909,245.809
285.027,11.04909,245.809
285.027,11.04909,245.809
285.027,11.04909,245.809
285.027,11.04909,245.809
285.027,11.04909,245.809
285.027,11.04909,245.809
285.027,11.04909,245.809
285.027,11.04909,245.809
285.027,11.04909,245.809
285.027,11.04909,245.809
285.027,11.04909,245.809
285.027,11.04909,245.809
285.027,11.04909,245.809
285.027,11.04909,245.809
285.027,11.04909,245.809
285.027,11.04909,245.809
285.027,11.04909,245.809
285.027,11.04909,245.809
285.027,11.04909,245.809
285.027,11.04909,245.809
285.027,11.04909,245.809
285.027,11.04909,245.809
285.027,11.04909,245.809
285.027,11.04909,245.809
285.027,11.04909,245.809
285.027,11.04909,245.809
285.027,11.04909,245.809
285.027,11.04909,245.809
285.027,11.04909,245.809
285.027,11.04909,245.809
285.027,11.04909,245.809
285.027,11.04909,245.809
285.027,11.04909,245.809
285.027,11.04909,245.809
285.027,11.04909,245.809
285.027,11.04909,245.809
285.027,11.04909,245.809
285.027,11.04909,245.809
285.027,11.04909,245.809
285.027,11.04909,245.809
285.027,11.04909,245.809
285.027,11.04909,245.809
285.027,11.04909,245.809
285.027,11.04909,245.809
285.027,11.04909,245.809
285.027,11.04909,245.809
285.027,11.04909,245.809
285.027,11.04909,245.809
285.027,11.04909,245.809
285.027,11.04909,245.809
285.027,11.04909,245.809
285.027,11.04909,245.809
285.027,11.04909,245.809
285.027,11.04909,245.809
285.027,11.04909,245.809
285.027,11.04909,245.809
285.027,11.04909,245.809
285.027,11.04909,245.809
285.027,11.04909,245.809
285.027,11.04909,245.809
285.027,11.04909,245.809
285.027,11.04909,245.809
285.027,11.04909,245.809
285.027,11.04909,245.809
285.027,11.04909,245.809
285.027,11.04909,245.809
285.027,11.04909,245.809
285.027,11.04909,245.809
285.027,11.04909,245.809
285.027,11.04909,245.809
285.027,11.04909,245.809
285.027,11.04909,245.809
285.027,11.04909,245.809
285.027,11.04909,245.809
285.027,11.04909,245.809
285.027,11.04909,245.809
285.027,11.04909,245.809
285.027,11.04909,245.809
285.027,11.04909,245.809
285.027,11.04909,245.809
285.027,11.04909,245.809
285.027,11.04909,245.809
285.027,11.04909,245.809
285.027,11.04909,245.809
285.027,11.04909,245.809
285.027,11.04909,245.809
285.027,11.04909,245.809
285.027,11.04909,245.809
285.027,11.04909,245.809
285.027,11.04909,245.809
285.027,11.04909,245.809
285.027,11.04909,245.809
285.027,11.04909,245.809
285.027,11.04909,245.809
285.027,11.04909,245.809
285.027,11.04909,245.809
285.027,11.04909,245.809
285.027,11.04909,245.809
285.027,11.04909,245.809
285.027,11.04909,245.809
285.027,11.04909,245.809
285.027,11.04909,245.809
285.027,11.04909,245.809
285.027,11.04909,245.809
285.027,11.04909,245.809
285.027,11.04909,245.809
285.027,11.04909,245.809
285.027,11.04909,245.809
285.027,11.04909,245.809
285.027,11.04909,245.809
285.027,11.04909,245.809
285.027,11.04909,245.809
285.027,11.04909,245.809
285.027,11.04909,245.809
285.027,11.04909,245.809
285.027,11.04909,245.809
285.027,11.04909,245.809
285.027,11.04909,245.809
285.027,11.04909,245.809
285.027,11.04909,245.809
285.027,11.04909,245.809
285.027,11.04909,245.809
285.027,11.04909,245.809
285.027,11.04909,245.809
285.027,11.04909,245.809
285.027,11.04909,245.809
285.027,11.04909,245.809
285.027,11.04909,245.809
285.027,11.04909,245.809
285.027,11.04909,245.809
285.027,11.04909,245.809
285.027,11.04909,245.809
285.027,11.04909,245.809
285.027,11.04909,245.809
285.027,11.04909,245.809
285.027,11.04909,245.809
285.027,11.04909,245.809
285.027,11.04909,245.809
285.027,11.04909,245.809
285.027,11.04909,245.809
285.027,11.04909,245.809
285.027,11.04909,245.809
285.027,11.04909,245.809
285.027,11.04909,245.809
285.027,11.04909,245.809
285.027,11.04909,245.809
285.027,11.04909,245.809
285.027,11.04909,245.809
285.027,11.04909,245.809
285.027,11.04909,245.809
285.027,11.04909,245.809
285.027,11.04909,245.809
285.027,11.04909,245.809
285.027,11.04909,245.809
285.027,11.04909,245.809
285.027,11.04909,245.809
285.027,11.04909,245.809
285.027,11.04909,245.809
285.027,11.04909,245.809
285.027,11.04909,245.809
285.027,11.04909,245.809
285.027,11.04909,245.809
285.027,11.04909,245.809
285.027,11.04909,245.809
285.027,11.04909,245.809
285.027,11.04909,245.809
285.027,11.04909,245.809
285.027,11.04909,245.809
285.027,11.04909,245.809
285.027,11.04909,245.809
285.027,11.04909,245.809
285.027,11.04909,245.809
285.027,11.04909,245.809
285.027,11.04909,245.809
285.027,11.04909,245.809
285.027,11.04909,245.809
285.027,11.04909,245.809
285.027,11.04909,245.809
285.027,11.04909,245.809
285.027,11.04909,245.809
285.027,11.04909,245.809
285.027,11.04909,245.809
285.027,11.04909,245.809
285.027,11.04909,245.809
285.027,11.04909,245.809
285.027,11.04909,245.809
285.027,11.04909,245.809
285.027,11.04909,245.809
285.027,11.04909,245.809
285.027,11.04909,245.809
285.027,11.04909,245.809
285.027,11.04909,245.809
285.027,11.04909,245.809
285.027,11.04909,245.809
285.027,11.04909,245.809
285.027,11.04909,245.809
285.027,11.04909,245.809
285.027,11.04909,245.809
285.027,11.04909,245.809
285.027,11.04909,245.809
285.027,11.04909,245.809
285.027,11.04909,245.809
285.027,11.04909,245.809
285.027,11.04909,245.809
285.027,11.04909,245.809
285.027,11.04909,245.809
285.027,11.04909,245.809
285.027,11.04909,245.809
285.027,11.04909,245.809
285.027,11.04909,245.809
285.027,11.04909,245.809
285.027,11.04909,245.809
285.027,11.04909,245.809
285.027,11.04909,245.809
285.027,11.04909,245.809
285.027,11.04909,245.809
285.027,11.04909,245.809
285.027,11.04909,245.809
285.027,11.04909,245.809
285.027,11.04909,245.809
285.027,11.04909,245.809
285.027,11.04909,245.809
285.027,11.04909,245.809
285.027,11.04909,245.809
285.027,11.04909,245.809
285.027,11.04909,245.809
285.027,11.04909,245.809
285.027,11.04909,245.809
285.027,11.04909,245.809
285.027,11.04909,245.809
285.027,11.04909,245.809
285.027,11.04909,245.809
285.027,11.04909,245.809
285.027,11.04909,245.809
285.027,11.04909,245.809
285.027,11.04909,245.809
285.027,11.04909,245.809
285.027,11.04909,245.809
285.027,11.04909,245.809
285.027,11.04909,245.809
285.027,11.04909,245.809
285.027,11.04909,245.809
285.027,11.04909,245.809
285.027,11.04909,245.809
285.027,11.04909,245.809
285.027,11.04909,245.809
285.027,11.04909,245.809
285.027,11.04909,245.809
285.0267,11.04911,245.8092
285.0253,11.0492,245.81
285.0229,11.04935,245.8116
285.0163,11.04967,245.8161
285.0061,11.04995,245.8234
284.9926,11.05,245.8335
284.9752,11.05,245.8469
284.9538,11.05,245.8643
284.9266,11.05,245.8873
284.8914,11.04952,245.9191
284.849,11.04226,245.9597
284.801,11.04993,246.0076
284.7482,11.04509,246.0625
284.6892,11.05,246.127
284.6241,11.05,246.2007
284.5531,11.05,246.2847
284.4763,11.05,246.3793
284.3956,11.04494,246.4853
284.3155,11.05,246.5957
284.2402,11.05,246.7135
284.1674,11.05,246.833
284.0974,11.05,246.9542
284.0301,11.04137,247.077
283.9656,11.05,247.2
283.9073,11.05,247.3266
283.8517,11.05,247.455
283.7986,11.05,247.5845
283.7473,11.05,247.7147
283.6973,11.05,247.8454
283.6481,11.05,247.9764
283.599,11.05,248.1075
283.5499,11.05,248.2385
283.5009,11.05,248.3696
283.4518,11.04851,248.5006
283.4029,11.05,248.6313
283.3538,11.05,248.7623
283.3047,11.05,248.8934
283.2556,11.04925,249.0244
283.2067,11.05,249.1553
283.1576,11.05,249.2863
283.1085,11.05,249.4174
283.0594,11.04556,249.5485
283.0104,11.04986,249.6794
282.9614,11.05,249.8102
282.9124,11.04948,249.9413
282.8633,11.04343,250.0722
282.8147,11.05,250.202
282.7658,11.05,250.3327
282.7167,11.05,250.4637
282.6677,11.05,250.5948
282.6186,11.04274,250.7259
282.5699,11.05,250.8558
282.521,11.05,250.9864
282.472,11.05,251.1174
282.4229,11.05,251.2485
282.3738,11.04998,251.3796
282.3247,11.05,251.5106
282.2757,11.05,251.6417
282.2266,11.05,251.7727
282.1775,11.05,251.9038
282.1284,11.04848,252.0348
282.0795,11.04201,252.1655
282.0306,11.04883,252.2962
281.9817,11.05,252.4268
281.9326,11.05,252.5579
281.8835,11.05,252.6889
281.8345,11.05,252.82
281.7854,11.05,252.951
281.7363,11.04148,253.0821
281.6877,11.05,253.2119
281.6389,11.05,253.3424
281.5898,11.05,253.4734
281.5407,11.04745,253.6045
281.4919,11.05,253.7349
281.4428,11.05,253.8659
281.3938,11.05,253.9969
281.3447,11.05,254.128
281.2956,11.05,254.2591
281.2466,11.05,254.3901
281.1975,11.05,254.5212
281.1484,11.05,254.6522
281.0993,11.05,254.7833
281.0503,11.04683,254.9144
281.0013,11.04743,255.0453
280.9524,11.05,255.1758
280.9034,11.05,255.3068
280.8543,11.05,255.4378
280.8052,11.05,255.5689
280.7561,11.05,255.6999
280.7071,11.04029,255.831
280.6585,11.05,255.9608
280.6097,11.05,256.091
280.5606,11.05,256.2221
280.5115,11.05,256.3531
280.4625,11.0497,256.4842
280.4134,11.05,256.6152
280.3643,11.05,256.7462
280.3153,11.05,256.8773
280.2662,11.04991,257.0084
280.2171,11.05,257.1394
280.1681,11.04339,257.2704
280.1194,11.05,257.4004
280.0705,11.04374,257.5311
280.0215,11.04942,257.6619
279.9725,11.05,257.7927
279.9235,11.05,257.9237
279.8744,11.04623,258.0548
279.8257,11.05,258.185
279.7766,11.05,258.3159
279.7275,11.05,258.447
279.6785,11.05,258.578
279.6294,11.04601,258.7091
279.5807,11.05,258.8392
279.5316,11.05,258.9701
279.4826,11.05,259.1012
279.4335,11.05,259.2322
279.3844,11.05,259.3633
279.3354,11.05,259.4944
279.2863,11.05,259.6254
279.2372,11.05,259.7565
279.1881,11.05,259.8875
279.1391,11.04957,260.0186
279.0901,11.04778,260.1495
279.0412,11.04787,260.28
278.9922,11.05,260.411
278.9431,11.05,260.542
278.894,11.05,260.6731
278.8449,11.05,260.8041
278.7959,11.05,260.9352
278.7468,11.04448,261.0662
278.6981,11.05,261.1962
278.6491,11.05,261.327
278.6001,11.05,261.4581
278.551,11.04909,261.5891
278.502,11.05,261.72
278.4529,11.05,261.851
278.4039,11.05,261.9821
278.3548,11.05,262.1131
278.3058,11.05,262.2442
278.2567,11.04112,262.3752
278.2081,11.05,262.505
278.1592,11.05,262.6355
278.1102,11.05,262.7665
278.0611,11.04531,262.8976
278.0121,11.04881,263.0284
277.963,11.05,263.1591
277.9137,11.05,263.2901
277.8643,11.05,263.4211
277.8148,11.05,263.552
277.765,11.05,263.6828
277.7151,11.04391,263.8135
277.6654,11.05,263.9431
277.6152,11.04321,264.0734
277.5652,11.05,264.2026
277.5143,11.05,264.3326
277.4629,11.05,264.4627
277.4113,11.05,264.5928
277.3593,11.05,264.7227
277.3069,11.05,264.8525
277.2539,11.05,264.982
277.2004,11.05,265.1113
277.1465,11.04445,265.2405
277.0928,11.05,265.3685
277.0382,11.04817,265.497
276.9825,11.05,265.6253
276.9263,11.05,265.7535
276.8696,11.04991,265.8814
276.8123,11.0499,266.0091
276.7545,11.05,266.1365
276.6961,11.05,266.2637
276.6365,11.05,266.3903
276.5763,11.05,266.5166
276.5154,11.05,266.6426
276.4539,11.05,266.7683
276.3917,11.05,266.8937
276.3281,11.04958,267.0183
276.2643,11.05,267.1428
276.2005,11.0472,267.2674
276.1371,11.05,267.3912
276.0733,11.04322,267.5157
276.0097,11.04988,267.6399
275.9461,11.05,267.7641
275.8823,11.04997,267.8887
275.8185,11.04978,268.0132
275.7547,11.05,268.1378
275.6909,11.05,268.2623
275.6271,11.05,268.3869
275.5634,11.05,268.5114
275.4995,11.05,268.636
275.4358,11.05,268.7606
275.3719,11.05,268.8851
275.3082,11.04988,269.0097
275.2444,11.05,269.1342
275.1806,11.04616,269.2588
275.1172,11.05,269.3824
275.0535,11.04641,269.5069
274.9898,11.05,269.6312
274.9261,11.05,269.7557
274.8623,11.0498,269.8802
274.7985,11.04997,270.0048
274.7347,11.05,270.1293
274.6709,11.05,270.2539
274.6071,11.05,270.3784
274.5433,11.05,270.503
274.4795,11.05,270.6276
274.4157,11.05,270.7521
274.3519,11.05,270.8767
274.2881,11.05,271.0013
274.2243,11.05,271.1258
274.1605,11.04492,271.2504
274.0973,11.05,271.374
274.0337,11.04858,271.4984
273.9702,11.05,271.623
273.9066,11.05,271.7477
273.8432,11.04947,271.8724
273.7802,11.05,271.9972
273.7172,11.05,272.1222
273.6545,11.05,272.2473
273.5919,11.05,272.3724
273.5296,11.05,272.4977
273.4677,11.05,272.6233
273.4062,11.05,272.7489
273.3449,11.05,272.8748
273.2839,11.05,273.0007
273.2233,11.05,273.1269
273.1634,11.04491,273.2533
273.1042,11.05,273.379
273.0452,11.04743,273.5056
272.9866,11.05,273.6325
272.9289,11.05,273.7599
272.8716,11.04984,273.8876
272.8148,11.0497,274.0155
272.7585,11.05,274.1435
272.7029,11.05,274.2719
272.6483,11.05,274.4008
272.5943,11.05,274.5299
272.5409,11.04115,274.6593
272.4884,11.05,274.7875
272.4366,11.05,274.9168
272.3852,11.04723,275.047
272.3355,11.05,275.177
272.2863,11.04971,275.3079
272.2379,11.05,275.4391
272.1903,11.05,275.5707
272.1434,11.05,275.7026
272.0983,11.05,275.835
272.054,11.04634,275.9678
272.0106,11.04986,276.1007
271.9682,11.05,276.2339
271.9266,11.05,276.3676
271.887,11.05,276.5018
271.8484,11.05,276.6363
271.8108,11.05,276.7711
271.7743,11.05,276.9062
271.7388,11.04783,277.0416
271.7057,11.05,277.1768
271.6736,11.05,277.313
271.6425,11.05,277.4494
271.6127,11.05,277.5862
271.5841,11.05,277.7231
271.5567,11.05,277.8604
271.5319,11.05,277.9981
271.5083,11.05,278.136
271.486,11.05,278.2742
271.4651,11.05,278.4125
271.4468,11.04312,278.5513
271.4298,11.05,278.6891
271.4144,11.05,278.8278
271.4005,11.05,278.967
271.388,11.05,279.1064
271.3785,11.05,279.246
271.3705,11.04986,279.3857
271.3641,11.05,279.5255
271.3593,11.05,279.6654
