254.3251,11.05,289.0954
254.1947,11.04753,289.0444
254.0655,11.0446,288.9907
253.9376,11.05,288.9359
253.811,11.04729,288.8767
253.6869,11.04009,288.812
253.5644,11.05,288.7448
253.444,11.05,288.675
253.3244,11.05,288.6023
253.2082,11.05,288.5242
253.0938,11.05,288.4435
252.9813,11.05,288.3602
252.8707,11.05,288.2743
252.7617,11.05,288.1865
252.6546,11.05,288.0963
252.548,11.04996,288.0056
252.4415,11.05,287.9148
252.335,11.05,287.824
252.2285,11.05,287.7331
252.122,11.05,287.6423
252.0155,11.0497,287.5515
251.9091,11.05,287.4607
251.8026,11.05,287.3699
251.6961,11.05,287.2791
251.5896,11.05,287.1882
251.4831,11.05,287.0974
251.3766,11.04995,287.0066
251.2701,11.05,286.9157
251.1636,11.05,286.8249
251.0571,11.04591,286.7341
250.9509,11.05,286.6436
250.8445,11.05,286.5529
250.7381,11.05,286.462
250.6315,11.05,286.3712
250.525,11.05,286.2804
250.4185,11.05,286.1895
250.312,11.05,286.0987
250.2055,11.04992,286.0079
250.099,11.05,285.9171
249.9925,11.05,285.8263
249.886,11.05,285.7354
249.7795,11.05,285.6446
249.673,11.05,285.5538
249.5665,11.05,285.463
249.46,11.05,285.3721
249.3535,11.05,285.2813
249.247,11.05,285.1905
249.1405,11.05,285.0996
249.034,11.04845,285.0088
248.9278,11.05,284.9183
248.8213,11.04998,284.8275
248.7148,11.0497,284.7366
248.6083,11.04912,284.6458
248.5018,11.04823,284.555
248.3953,11.04703,284.4641
248.2888,11.04551,284.3733
248.1823,11.04368,284.2825
248.0758,11.04275,284.1917
247.9699,11.05,284.1014
247.8637,11.04985,284.011
247.757,11.05,283.9204
247.6502,11.05,283.83
247.5433,11.05,283.7396
247.4363,11.05,283.6494
247.3292,11.05,283.5593
247.2218,11.05,283.4695
247.1142,11.05,283.3799
247.0065,11.04995,283.2906
246.8985,11.05,283.2014
246.7902,11.05,283.1128
246.6817,11.04925,283.0244
246.573,11.05,282.9364
246.4639,11.05,282.8486
246.3547,11.05,282.7612
246.2448,11.05,282.6744
246.1347,11.05,282.588
246.0243,11.04926,282.502
245.9136,11.05,282.4164
245.8026,11.05,282.3313
245.6908,11.05,282.247
245.5787,11.05,282.1632
245.4662,11.04195,282.0798
245.354,11.05,281.9972
245.2412,11.05,281.9152
245.1276,11.05,281.8335
245.0131,11.04979,281.7529
244.8983,11.05,281.6729
244.783,11.05,281.5936
244.6672,11.05,281.5148
244.551,11.05,281.4368
244.4344,11.05,281.3594
244.3168,11.05,281.2834
244.1987,11.04994,281.2083
244.0802,11.04188,281.1338
243.9621,11.04364,281.0601
243.8421,11.05,280.9881
243.7219,11.05,280.9171
243.6009,11.05,280.8468
243.4793,11.05,280.7773
243.3572,11.05,280.7088
243.2341,11.05,280.6422
243.1105,11.05,280.5765
242.9864,11.05,280.5118
242.8617,11.05,280.4481
242.7365,11.05,280.3855
242.6102,11.05,280.325
242.4835,11.05,280.2656
242.3562,11.05,280.2074
242.2283,11.05,280.1503
242.1,11.05,280.0944
241.9711,11.04698,280.0397
241.8423,11.05,279.985
241.7125,11.05,279.9328
241.5821,11.05,279.8819
241.4512,11.05,279.8323
241.3193,11.05,279.7854
241.1871,11.05,279.7393
241.0548,11.04623,279.6936
240.9231,11.05,279.648
240.7909,11.05,279.6022
240.6586,11.05,279.5564
240.5263,11.05,279.5106
240.3941,11.04686,279.4648
240.262,11.05,279.4191
240.1297,11.05,279.3733
239.9975,11.05,279.3275
239.8652,11.05,279.2817
239.7329,11.05,279.2359
239.6006,11.05,279.1901
239.4683,11.05,279.1443
239.336,11.05,279.0984
239.2038,11.04654,279.0525
239.0717,11.04347,279.0066
238.9404,11.04974,278.9608
238.8086,11.0429,278.9147
238.677,11.05,278.8684
238.5454,11.05,278.8218
238.4135,11.05,278.7749
238.2817,11.05,278.7278
238.1499,11.05,278.6805
238.0183,11.04958,278.6329
237.8869,11.05,278.5848
237.7556,11.05,278.5364
237.6244,11.05,278.4876
237.4933,11.05,278.4385
237.3625,11.04957,278.3886
237.2319,11.04286,278.3383
237.1017,11.05,278.2877
236.9718,11.05,278.2368
236.8417,11.05,278.1852
236.7118,11.05,278.1331
236.5822,11.04193,278.08
236.4532,11.04912,278.0266
236.3246,11.05,277.9726
236.1957,11.05,277.9178
236.0674,11.04429,277.8619
235.9398,11.05,277.806
235.8123,11.05,277.749
235.6848,11.04998,277.6912
235.5576,11.04647,277.6327
235.4309,11.05,277.5735
235.3048,11.05,277.513
235.179,11.05,277.4517
235.0535,11.0464,277.3896
234.9288,11.05,277.3273
234.8042,11.05,277.2637
234.6804,11.05,277.1984
234.557,11.05,277.1323
234.434,11.04462,277.0654
234.3118,11.05,276.9979
234.1905,11.05,276.9285
234.0695,11.04391,276.858
233.9495,11.05,276.7875
233.8299,11.05,276.7154
233.7106,11.05,276.6422
233.5925,11.05,276.567
233.475,11.04984,276.4909
233.3582,11.04806,276.4138
233.242,11.04449,276.3356
233.1266,11.05,276.2565
233.0128,11.0498,276.1755
232.8996,11.05,276.0933
232.7871,11.04988,276.01
232.6754,11.05,275.9257
232.5645,11.05,275.8402
232.4553,11.05,275.7526
232.347,11.05,275.6639
232.2396,11.05,275.5742
232.1332,11.05,275.4832
232.0277,11.04904,275.3912
231.9243,11.05,275.2971
231.8219,11.05,275.2018
231.7205,11.05,275.1053
231.6202,11.04993,275.0076
231.521,11.05,274.9088
231.4242,11.05,274.8078
231.3285,11.05,274.7056
231.2341,11.05,274.6023
231.1409,11.05,274.4979
231.049,11.04699,274.3923
230.9596,11.05,274.285
230.8718,11.05,274.1761
230.7854,11.04451,274.066
230.7001,11.05,273.9559
230.6167,11.05,273.8438
230.5347,11.05,273.7304
230.4557,11.05,273.6148
230.3784,11.04093,273.4982
230.3027,11.04619,273.3806
230.2288,11.04931,273.2621
230.1582,11.05,273.1414
230.0892,11.04952,273.0196
230.0221,11.04939,272.8969
229.9568,11.05,272.7732
229.8934,11.05,272.6484
229.8318,11.05,272.5227
229.774,11.05,272.3953
229.7183,11.05,272.2669
229.6645,11.05,272.1377
229.6128,11.04993,272.0076
229.5653,11.05,271.876
229.5199,11.05,271.7436
229.4767,11.05,271.6105
229.4357,11.04894,271.4767
229.3969,11.05,271.3423
229.3626,11.05,271.2067
229.3307,11.04376,271.0704
229.2999,11.05,270.9348
229.2728,11.05,270.7978
229.248,11.05,270.6601
229.2256,11.05,270.5219
229.2081,11.05,270.3831
229.1932,11.04839,270.2439
229.1809,11.05,270.1048
229.1711,11.05,269.9652
229.1638,11.05,269.8254
229.1618,11.05,269.6855
229.1625,11.05,269.5455
229.1659,11.05,269.4056
229.1719,11.04445,269.2658
229.1808,11.05,269.1268
229.195,11.05,268.9878
229.212,11.05,268.8489
229.2318,11.05,268.7104
229.2543,11.05,268.5722
229.2824,11.05,268.4351
229.3134,11.05,268.2986
229.3471,11.05,268.1628
229.3837,11.04904,268.0277
229.423,11.05,267.8937
229.4681,11.05,267.7612
229.516,11.04183,267.6297
229.5647,11.05,267.4995
229.618,11.05,267.3707
229.6744,11.05,267.2426
229.7331,11.05,267.1156
229.7949,11.05,266.99
229.8575,11.04997,266.8649
229.9201,11.05,266.7397
229.9827,11.05,266.6145
230.0453,11.04743,266.4893
230.1078,11.05,266.3643
230.1704,11.04703,266.2392
230.2327,11.05,266.1146
230.2953,11.05,265.9895
230.3578,11.05,265.8643
230.4204,11.05,265.7391
230.483,11.05,265.614
230.5456,11.05,265.4888
230.6082,11.05,265.3636
230.6708,11.05,265.2384
230.7334,11.05,265.1133
230.796,11.05,264.9881
230.8586,11.04999,264.8629
230.9212,11.05,264.7378
230.9837,11.05,264.6126
231.0463,11.04731,264.4874
231.1088,11.05,264.3624
231.1714,11.04728,264.2373
231.2337,11.05,264.1126
231.2963,11.05,263.9875
231.3589,11.05,263.8624
231.4215,11.05,263.7372
231.4841,11.05,263.612
231.5467,11.05,263.4868
231.6093,11.05,263.3617
231.6718,11.05,263.2365
231.7344,11.05,263.1113
231.797,11.05,262.9862
231.8596,11.05,262.861
231.9222,11.05,262.7358
231.9848,11.05,262.6107
232.0474,11.04718,262.4855
232.1099,11.05,262.3605
232.1724,11.04752,262.2354
232.2348,11.05,262.1107
232.2973,11.05,261.9856
232.3599,11.05,261.8604
232.4225,11.05,261.7352
232.4851,11.04012,261.61
232.5472,11.05,261.4858
232.6094,11.05,261.3614
232.672,11.05,261.2363
232.7346,11.05,261.1111
232.7972,11.05,260.9859
232.8598,11.05,260.8607
232.9224,11.05,260.7356
232.985,11.05,260.6104
233.0476,11.04716,260.4852
233.1101,11.05,260.3602
233.1726,11.04755,260.2351
233.235,11.05,260.1104
233.2975,11.05,259.9853
233.3601,11.05,259.8601
233.4227,11.05,259.735
233.4853,11.0402,259.6098
233.5474,11.05,259.4856
233.6096,11.05,259.3611
233.6722,11.05,259.236
233.7348,11.05,259.1108
233.7974,11.05,258.9857
233.86,11.05,258.8605
233.9226,11.05,258.7353
233.9852,11.05,258.6101
234.0478,11.04714,258.485
234.1103,11.05,258.36
234.1728,11.04759,258.2349
234.2352,11.05,258.1102
234.2977,11.05,257.985
234.3603,11.05,257.8599
234.4229,11.05,257.7347
234.4855,11.04027,257.6095
234.5476,11.05,257.4853
234.6099,11.05,257.3609
234.6724,11.05,257.2357
234.735,11.05,257.1105
234.7976,11.05,256.9854
234.8602,11.05,256.8602
234.9228,11.05,256.735
234.9854,11.05,256.6099
235.048,11.04711,256.4847
235.1105,11.05,256.3597
235.173,11.04763,256.2346
235.2354,11.05,256.1099
235.298,11.05,255.9848
235.3605,11.05,255.8596
235.4231,11.05,255.7344
235.4857,11.04035,255.6093
235.5478,11.05,255.485
235.6101,11.05,255.3606
235.6727,11.05,255.2354
235.7353,11.05,255.1102
235.7979,11.05,254.9851
235.8604,11.05,254.8599
235.923,11.05,254.7347
235.9856,11.05,254.6096
236.0482,11.04708,254.4844
236.1107,11.05,254.3594
236.1733,11.04767,254.2343
236.2356,11.05,254.1096
236.2982,11.05,253.9845
236.3608,11.05,253.8593
236.4234,11.05,253.7341
236.4859,11.04043,253.6089
236.5481,11.05,253.4847
236.6103,11.05,253.3603
236.6729,11.05,253.2351
236.7355,11.05,253.1099
236.7981,11.05,252.9848
236.8607,11.05,252.8596
236.9233,11.05,252.7344
236.9858,11.05,252.6092
237.0484,11.04706,252.484
237.1108,11.05,252.359
237.1731,11.04769,252.2338
237.2352,11.05,252.109
237.2973,11.05,251.9836
237.3593,11.05,251.8581
237.421,11.05,251.7325
237.4826,11.04023,251.6069
237.5437,11.05,251.4821
237.6043,11.05,251.3569
237.6649,11.05,251.2308
237.7254,11.05,251.1046
237.7855,11.05,250.9782
237.8453,11.04997,250.8516
237.9044,11.05,250.7248
237.9632,11.05,250.5978
238.0215,11.04942,250.4706
238.0795,11.04203,250.3432
238.1368,11.04605,250.2161
238.1935,11.05,250.0894
238.2495,11.05,249.9613
238.3051,11.05,249.8329
238.3602,11.05,249.7043
238.4148,11.05,249.5754
238.4682,11.05,249.4461
238.521,11.05,249.3165
238.5732,11.05,249.1866
238.6248,11.04599,249.0565
238.6757,11.05,248.9269
238.7259,11.04688,248.7964
238.7749,11.05,248.666
238.823,11.05,248.5346
238.8702,11.05,248.4029
238.9167,11.05,248.2709
238.9615,11.05,248.1383
239.0055,11.04993,248.0054
239.0492,11.04697,247.8725
239.0928,11.05,247.7397
239.1365,11.05,247.6068
239.1802,11.05,247.4738
239.2239,11.04135,247.3409
239.2673,11.05,247.2088
239.3108,11.04261,247.0765
239.3541,11.05,246.9448
239.3976,11.05,246.8123
239.4413,11.05,246.6794
239.485,11.04764,246.5464
239.5286,11.05,246.4139
239.5723,11.05,246.281
239.616,11.05,246.1481
239.6596,11.04971,246.0152
239.7033,11.05,245.8823
239.747,11.05,245.7493
239.7907,11.05,245.6164
239.8344,11.05,245.4835
239.8781,11.05,245.3505
239.9218,11.05,245.2176
239.9655,11.04095,245.0846
240.0089,11.0499,244.9527
240.0523,11.04656,244.8204
240.096,11.05,244.6875
240.1397,11.05,244.5547
240.1833,11.05,244.4218
240.2271,11.04761,244.2888
240.2706,11.05,244.1563
240.3143,11.04931,244.0234
240.3579,11.05,243.8907
240.4016,11.05,243.7577
240.4453,11.05,243.6248
240.489,11.04999,243.4919
240.5327,11.05,243.3589
240.5764,11.05,243.226
240.6201,11.05,243.093
240.6638,11.05,242.9601
240.7075,11.04095,242.8271
240.7509,11.05,242.6951
240.7943,11.05,242.5628
240.838,11.05,242.4299
240.8817,11.05,242.297
240.9254,11.05,242.164
240.9691,11.04759,242.0311
241.0127,11.0498,241.8986
241.0563,11.04601,241.7657
241.1,11.05,241.6329
241.1436,11.05,241.5
241.1873,11.05,241.3671
241.231,11.04999,241.2342
241.2747,11.05,241.1012
241.3185,11.05,240.9683
241.3623,11.05,240.8354
241.4061,11.05,240.7025
241.4501,11.04097,240.5696
241.4938,11.05,240.4377
241.5378,11.05,240.3056
241.5822,11.05,240.1729
241.627,11.04797,240.0403
241.6717,11.05,239.9082
241.7169,11.04782,239.7758
241.7621,11.05,239.6439
241.8081,11.05,239.5118
241.8544,11.05,239.3797
241.901,11.05,239.2478
241.948,11.05,239.1159
241.9953,11.05,238.9842
242.0435,11.04763,238.8528
242.092,11.05,238.7217
242.1409,11.05,238.5906
242.1904,11.05,238.4597
242.2403,11.04505,238.329
242.2902,11.05,238.199
242.3416,11.044,238.069
242.3929,11.05,237.9398
242.4454,11.05,237.8104
242.4986,11.05,237.681
242.5529,11.05,237.552
242.608,11.05,237.4234
242.6636,11.05,237.295
242.72,11.05,237.1669
242.777,11.04809,237.0391
242.8351,11.04626,236.9122
242.8935,11.05,236.786
242.9534,11.05,236.6597
243.0142,11.04975,236.5336
243.0757,11.04278,236.4079
243.1386,11.05,236.2834
243.2023,11.05,236.1594
243.2672,11.04844,236.0353
243.3326,11.05,235.9121
243.3992,11.05,235.789
243.4667,11.05,235.6664
243.5359,11.04995,235.5448
243.6062,11.05,235.4237
243.6773,11.05,235.3032
243.7495,11.05,235.1833
243.8226,11.04485,235.064
243.8964,11.04847,234.9458
243.9722,11.05,234.8289
244.0493,11.04695,234.7121
244.1273,11.05,234.5963
244.2065,11.05,234.481
244.2878,11.04605,234.3671
244.3693,11.05,234.2542
244.4527,11.05,234.1419
244.5373,11.04884,234.0304
244.624,11.05,233.9208
244.7108,11.04367,233.811
244.798,11.05,233.7027
244.8879,11.05,233.5959
244.9792,11.05,233.4898
245.0717,11.04352,233.3847
245.1656,11.04141,233.2822
245.2595,11.05,233.1807
245.3561,11.04186,233.0803
245.4527,11.05,232.9805
245.5502,11.05,232.8808
245.648,11.05,232.7807
245.7459,11.05,232.6806
245.8437,11.05,232.5805
245.9415,11.05,232.4804
246.0394,11.04806,232.3803
246.137,11.05,232.2804
246.2348,11.05,232.1804
246.3326,11.04186,232.0803
246.43,11.05,231.9807
246.5274,11.05,231.881
246.6252,11.05,231.7809
246.7231,11.05,231.6808
246.8209,11.05,231.5807
246.9188,11.05,231.4806
247.0166,11.04966,231.3805
247.1144,11.05,231.2805
247.2122,11.05,231.1804
247.3101,11.04186,231.0803
247.4074,11.05,230.9807
247.5048,11.05,230.881
247.6027,11.05,230.7809
247.7005,11.05,230.6808
247.7984,11.05,230.5807
247.8962,11.05,230.4807
247.994,11.05,230.3806
248.0919,11.05,230.2805
248.1897,11.05,230.1804
248.2875,11.04186,230.0803
248.3849,11.05,229.9807
248.4823,11.05,229.881
248.5802,11.05,229.7809
248.678,11.05,229.6808
248.7758,11.05,229.5807
248.8737,11.05,229.4807
248.9716,11.05,229.3807
249.0696,11.0439,229.2807
249.1671,11.04987,229.1816
249.2651,11.04148,229.0821
249.3627,11.05,228.9831
249.4607,11.05,228.8841
249.5594,11.05,228.7848
249.6583,11.04953,228.6858
249.7573,11.05,228.5871
249.8566,11.05,228.4884
249.9562,11.05,228.39
250.0562,11.04603,228.2921
250.1559,11.04905,228.1949
250.2562,11.05,228.0978
250.357,11.05,228.0007
250.4581,11.05,227.9039
250.5595,11.05,227.8074
250.6616,11.04843,227.7116
250.7636,11.05,227.6165
250.8664,11.05,227.5215
250.9695,11.05,227.4268
251.0734,11.04321,227.3331
251.1769,11.04747,227.2403
251.2809,11.05,227.1481
251.386,11.04609,227.0558
251.4911,11.05,226.9641
251.5971,11.05,226.8728
251.7041,11.04613,226.7826
251.8108,11.05,226.693
251.9187,11.05,226.604
252.0272,11.04908,226.5156
252.136,11.05,226.4279
252.246,11.04428,226.3413
252.3557,11.05,226.2556
252.4666,11.05,226.1707
252.5782,11.04058,226.0863
252.6897,11.04999,226.0027
252.8025,11.04111,225.9211
252.9148,11.05,225.8402
253.0288,11.04896,225.7601
253.1438,11.05,225.6806
253.2595,11.05,225.6019
253.3764,11.05,225.525
253.494,11.05,225.449
253.6122,11.05,225.3739
253.731,11.05,225.2999
253.851,11.05,225.2279
253.9716,11.05,225.1569
254.0929,11.04044,225.0869
254.2142,11.0496,225.018
254.336,11.05,224.9506
254.4592,11.05,224.884
254.5836,11.05,224.8198
254.7086,11.04854,224.7568
254.8338,11.05,224.6952
254.9597,11.05,224.634
255.0856,11.04074,224.5728
255.2103,11.05,224.5121
255.3355,11.04154,224.4512
255.4601,11.05,224.3907
255.5854,11.05,224.3297
255.7113,11.05,224.2685
255.8372,11.05,224.2073
255.9631,11.05,224.1461
256.089,11.04089,224.0849
256.2145,11.04929,224.0239
256.3398,11.05,223.9629
256.4657,11.05,223.9017
256.5916,11.05,223.8405
256.7175,11.04761,223.7793
256.843,11.05,223.7183
256.9688,11.05,223.6571
257.0947,11.05,223.5959
257.2206,11.05,223.5347
257.3465,11.05,223.4735
257.4724,11.05,223.4123
257.5983,11.05,223.3511
257.7242,11.05,223.2899
257.8501,11.05,223.2287
257.976,11.05,223.1674
258.1019,11.04999,223.1062
258.2278,11.04746,223.045
258.3535,11.05,222.9839
258.4794,11.05,222.9227
258.6053,11.05,222.8615
258.7312,11.047,222.8003
258.8566,11.05,222.7394
258.9825,11.05,222.6784
259.1085,11.05,222.6175
259.2346,11.05,222.5566
259.3607,11.05,222.4959
259.4869,11.05,222.4354
259.6133,11.05,222.3752
259.7398,11.05,222.3152
259.8664,11.05,222.2554
259.9931,11.05,222.1958
260.12,11.04982,222.1369
260.2471,11.04229,222.0782
260.3739,11.04951,222.0199
260.5009,11.05,221.962
260.6279,11.05,221.9618
260.744,11.05,221.9615
260.8514,11.04237,221.9613
260.9496,11.04992,221.9611
261.0424,11.04774,221.961
261.1308,11.05,221.9608
261.2188,11.05,221.9492
261.3083,11.05,221.9109
261.4091,11.05,221.8685
261.5211,11.05,221.8221
261.6447,11.05,221.7721
261.7749,11.05,221.7207
261.9056,11.05,221.6706
262.0366,11.04832,221.6212
262.1674,11.05,221.5726
262.2989,11.05,221.5246
262.4306,11.04864,221.4773
262.5626,11.05,221.4316
262.6951,11.05,221.3866
262.8279,11.05,221.3424
262.961,11.05,221.299
263.0944,11.05,221.2565
263.2284,11.05,221.2158
263.3626,11.05,221.176
263.4971,11.05,221.1371
263.6318,11.05,221.0992
263.7672,11.04497,221.0633
263.9026,11.04899,221.0284
264.0383,11.04816,220.9945
264.1738,11.05,220.9619
264.3102,11.05,220.9302
264.447,11.05,220.9007
264.5841,11.05,220.8724
264.7215,11.04031,220.8453
264.858,11.05,220.8188
264.995,11.05,220.7942
265.1204,11.05,220.7726
265.2341,11.05,220.7539
265.3362,11.05,220.738
265.4265,11.05,220.7249
265.5052,11.05,220.7143
265.5721,11.05,220.706
265.6271,11.04669,220.6998
265.6708,11.04962,220.6954
265.7027,11.05,220.6928
265.7236,11.05,220.6916
265.7397,11.05,220.6908
265.7479,11.05,220.6906
265.7526,11.05,220.6905
265.7552,11.05,220.6905
265.7566,11.05,220.6905
265.757,11.05,220.6905
265.757,11.05,220.6905
265.757,11.05,220.6905
265.757,11.05,220.6905
265.757,11.05,220.6905
265.757,11.05,220.6905
265.757,11.05,220.6905
265.757,11.05,220.6905
265.757,11.05,220.6905
265.757,11.05,220.6905
265.757,11.05,220.6905
265.757,11.05,220.6905
265.757,11.05,220.6905
265.757,11.05,220.6905
265.757,11.05,220.6905
265.757,11.05,220.6905
265.757,11.05,220.6905
265.757,11.05,220.6905
265.757,11.05,220.6905
265.757,11.05,220.6905
265.757,11.05,220.6905
265.757,11.05,220.6905
265.757,11.05,220.6905
265.757,11.05,220.6905
265.757,11.05,220.6905
265.757,11.05,220.6905
265.757,11.05,220.6905
265.757,11.05,220.6905
265.757,11.05,220.6905
265.757,11.05,220.6905
265.757,11.05,220.6905
265.757,11.05,220.6905
265.757,11.05,220.6905
265.757,11.05,220.6905
265.757,11.05,220.6905
265.757,11.05,220.6905
265.757,11.05,220.6905
265.757,11.05,220.6905
265.757,11.05,220.6905
265.757,11.05,220.6905
265.757,11.05,220.6905
265.757,11.05,220.6905
265.757,11.05,220.6905
265.757,11.05,220.6905
265.757,11.05,220.6905
265.757,11.05,220.6905
265.757,11.05,220.6905
265.757,11.05,220.6905
265.757,11.05,220.6905
265.757,11.05,220.6905
265.757,11.05,220.6905
265.757,11.05,220.6905
265.757,11.05,220.6905
265.757,11.05,220.6905
265.757,11.05,220.6905
265.757,11.05,220.6905
265.757,11.05,220.6905
265.757,11.05,220.6905
265.757,11.05,220.6905
265.757,11.05,220.6905
265.757,11.05,220.6905
265.757,11.05,220.6905
265.757,11.05,220.6905
265.757,11.05,220.6905
265.757,11.05,220.6905
265.757,11.05,220.6905
265.757,11.05,220.6905
265.757,11.05,220.6905
265.757,11.05,220.6905
265.757,11.05,220.6902
265.7567,11.05,220.6889
265.7563,11.05,220.6855
265.755,11.05,220.6768
265.7531,11.05,220.6643
265.7507,11.05,220.6476
265.7475,11.05,220.6259
265.7426,11.05,220.5926
265.7364,11.05,220.5503
265.729,11.05,220.5004
265.7204,11.05,220.4421
265.7106,11.05,220.375
265.6989,11.05,220.296
265.6855,11.05,220.2051
265.6704,11.05,220.1023
265.6536,11.05,219.9877
265.6349,11.05,219.8612
265.6146,11.04261,219.7228
265.5943,11.05,219.5849
265.574,11.05,219.447
265.5536,11.05,219.3085
265.5333,11.05,219.1701
265.5132,11.04875,219.0316
265.4932,11.05,218.8935
265.4732,11.05,218.755
265.4534,11.05,218.6165
265.4338,11.04878,218.4779
265.4144,11.05,218.3395
265.3954,11.05,218.2009
265.3766,11.04514,218.0622
265.3581,11.05,217.9243
265.3399,11.05,217.7857
265.322,11.05,217.6469
265.3047,11.05,217.5081
265.2878,11.04585,217.3692
265.2713,11.05,217.2306
265.2552,11.05,217.0917
265.2396,11.05,216.9527
265.2249,11.05,216.8135
265.2107,11.05,216.6743
265.197,11.05,216.535
265.1838,11.05,216.3957
265.1717,11.0455,216.2563
265.1601,11.05,216.1173
265.1492,11.05,215.978
265.139,11.05,215.8384
265.1294,11.05,215.6988
265.1205,11.05,215.5592
265.113,11.05,215.4194
265.1063,11.05,215.2796
265.1003,11.04902,215.1398
265.0951,11.05,215.0002
265.0906,11.05,214.8603
265.0879,11.04023,214.7204
265.086,11.04065,214.5805
265.0849,11.04088,214.4405
265.0848,11.04091,214.3006
265.0865,11.04052,214.1607
265.0892,11.04946,214.0208
265.0929,11.05,213.8817
265.0976,11.05,213.7419
265.1032,11.05,213.6021
265.11,11.05,213.4623
265.1189,11.05,213.3226
265.1288,11.04816,213.183
265.1399,11.04758,213.0439
265.1518,11.05,212.9052
265.1652,11.05,212.7659
265.181,11.05,212.6269
265.198,11.05,212.488
265.2163,11.05,212.3492
265.2357,11.05,212.2107
265.2578,11.04338,212.0725
265.2803,11.05,211.9353
265.3049,11.05,211.7979
265.331,11.05,211.6604
265.3584,11.05,211.5232
265.3871,11.05,211.3862
265.4167,11.05,211.2495
265.4462,11.05,211.1127
265.4757,11.05,210.9759
265.5052,11.05,210.8391
265.5347,11.05,210.7023
265.5642,11.05,210.5655
265.5938,11.05,210.4287
265.6233,11.05,210.2919
265.6528,11.05,210.1551
265.6823,11.04958,210.0183
265.7118,11.05,209.8817
265.7413,11.04999,209.7449
265.7708,11.05,209.6081
265.8003,11.05,209.4713
265.8298,11.05,209.3345
265.8593,11.05,209.1977
265.8889,11.04533,209.061
265.9182,11.04997,208.9249
265.9477,11.05,208.7883
265.9771,11.05,208.6515
266.0064,11.04995,208.5146
266.0356,11.04841,208.3778
266.0647,11.04473,208.2409
266.0937,11.04993,208.1041
266.1224,11.05,207.9674
266.1511,11.05,207.8304
266.1793,11.05,207.6934
266.2072,11.05,207.5562
266.2349,11.05,207.4191
266.2623,11.04976,207.2818
266.2894,11.05,207.1446
266.3159,11.04994,207.0072
266.3419,11.05,206.8697
266.3676,11.05,206.7322
266.3929,11.05,206.5945
266.4173,11.04903,206.4568
266.4413,11.05,206.3191
266.4647,11.05,206.1812
266.4877,11.04767,206.0431
266.5102,11.05,205.9055
266.5315,11.05,205.7673
266.5523,11.04631,205.6289
266.5725,11.05,205.491
266.592,11.05,205.3525
266.6109,11.05,205.2139
266.6291,11.04289,205.0751
266.6467,11.05,204.9372
266.6627,11.05,204.7987
266.678,11.05,204.6596
266.6925,11.05,204.5204
266.7054,11.05,204.381
266.7176,11.05,204.2416
266.7288,11.05,204.1021
266.7392,11.05,203.9626
266.7486,11.04653,203.823
266.7567,11.05,203.6837
266.7634,11.05,203.5441
266.7691,11.05,203.4043
266.7737,11.05,203.2644
266.7774,11.05,203.1245
266.779,11.05,202.9846
266.7794,11.04733,202.8446
266.7789,11.05,202.7051
266.7772,11.05,202.5652
266.7743,11.05,202.4253
266.769,11.05,202.2855
266.7626,11.05,202.1457
266.7549,11.04996,202.006
266.746,11.04085,201.8663
266.7365,11.05,201.7274
266.7238,11.05,201.5888
266.7097,11.05,201.4495
266.6943,11.05,201.3104
266.6791,11.05,201.1834
266.6642,11.04413,201.0683
266.6499,11.05,200.9628
266.6362,11.05,200.8691
266.6234,11.05,200.7873
266.6117,11.04294,200.7175
266.601,11.04793,200.6585
266.5925,11.04978,200.6113
266.5862,11.05,200.5759
266.582,11.05,200.5523
266.58,11.05,200.5405
266.5804,11.05,200.5405
266.5833,11.05,200.5522
266.5887,11.05,200.5749
266.5955,11.04996,200.6031
266.6038,11.04928,200.6376
266.6138,11.04732,200.6792
266.6266,11.04294,200.7323
266.6421,11.05,200.797
266.6599,11.05,200.8712
266.6805,11.05,200.9571
266.7039,11.04625,201.0546
266.7299,11.05,201.1625
266.7585,11.05,201.282
266.79,11.05,201.4131
266.8227,11.05,201.5492
266.8554,11.05,201.6853
266.8882,11.05,201.8213
266.9211,11.04918,201.9573
266.954,11.05,202.0932
266.9871,11.05,202.2292
267.0204,11.04948,202.3651
267.0537,11.04637,202.501
267.0875,11.04031,202.6368
267.1215,11.05,202.7723
267.1555,11.05,202.9072
267.19,11.0477,203.0428
267.2249,11.05,203.1776
267.2603,11.04826,203.313
267.296,11.05,203.4481
267.3321,11.05,203.5833
267.3686,11.05,203.7184
267.4059,11.05,203.8533
267.4436,11.05,203.988
267.4818,11.05,204.1227
267.5204,11.05,204.2572
267.5596,11.05,204.3915
267.5992,11.05,204.5257
267.64,11.04976,204.6596
267.6813,11.04209,204.7933
267.723,11.05,204.9262
267.7654,11.04562,205.0591
267.808,11.05,205.1911
267.8524,11.05,205.3237
267.8975,11.05,205.4561
267.9433,11.05,205.5884
267.9899,11.05,205.7204
268.0371,11.04827,205.8521
268.0859,11.04067,205.9832
268.1353,11.05,206.1137
268.1854,11.04788,206.2435
268.2366,11.05,206.3737
268.2881,11.05,206.5038
268.3395,11.05,206.6339
268.391,11.05,206.764
268.4424,11.05,206.8942
268.4939,11.04926,207.0243
268.5453,11.05,207.1543
268.5968,11.05,207.2844
268.6482,11.05,207.4145
268.6997,11.05,207.5446
268.7512,11.05,207.6748
268.8026,11.05,207.8049
268.8541,11.04588,207.9351
268.9055,11.04469,208.065
268.9566,11.05,208.1942
269.0079,11.04992,208.3241
269.0594,11.04556,208.4542
269.1108,11.05,208.5842
269.1622,11.05,208.7141
269.2137,11.05,208.8443
269.2651,11.05,208.9744
269.3166,11.05,209.1045
269.3681,11.05,209.2347
269.4196,11.05,209.3648
269.471,11.04964,209.4949
269.5225,11.04337,209.6251
269.5738,11.05,209.7549
269.6251,11.05,209.8846
269.6766,11.04973,210.0148
269.728,11.05,210.1449
269.7795,11.05,210.275
269.831,11.05,210.4051
269.8824,11.05,210.5352
269.9339,11.05,210.6654
269.9854,11.05,210.7955
270.0368,11.0483,210.9257
270.0883,11.04014,211.0557
270.1396,11.04868,211.1854
270.1908,11.04025,211.3149
270.2421,11.05,211.4446
270.2932,11.05,211.574
270.3447,11.05,211.7041
270.3962,11.05,211.8342
270.4476,11.05,211.9644
270.4991,11.05,212.0945
270.5506,11.05,212.2247
270.602,11.05,212.3548
270.6535,11.05,212.4849
270.705,11.05,212.6151
270.7564,11.05,212.7452
270.8079,11.04715,212.8753
270.8593,11.04996,213.0053
270.9107,11.05,213.1354
270.9622,11.05,213.2655
271.0137,11.04977,213.3956
271.0652,11.04466,213.5258
271.1165,11.05,213.6557
271.1679,11.05,213.7856
271.2194,11.05,213.9157
271.2708,11.04736,214.0459
271.322,11.05,214.1753
271.3735,11.05,214.3054
271.4249,11.04993,214.4355
271.4764,11.04499,214.5656
271.5278,11.05,214.6955
271.5792,11.05,214.8255
271.6306,11.05,214.9556
271.6821,11.04071,215.0857
271.733,11.05,215.2146
271.7842,11.05,215.344
271.8357,11.05,215.4742
271.8872,11.05,215.6043
271.9386,11.05,215.7344
271.9901,11.05,215.8646
272.0416,11.04783,215.9947
272.093,11.04937,216.1247
272.1444,11.04231,216.2548
272.1958,11.05,216.3846
272.247,11.05,216.5143
272.2985,11.05,216.6444
272.35,11.05,216.7745
272.4014,11.05,216.9046
272.4529,11.04848,217.0348
272.5042,11.05,217.1645
272.5557,11.05,217.2946
272.6071,11.05,217.4248
272.6586,11.05,217.5549
272.7101,11.05,217.685
272.7615,11.0482,217.8152
272.813,11.05,217.9452
272.8644,11.04284,218.0753
272.9154,11.05,218.2043
272.9667,11.05,218.334
273.0182,11.04959,218.4642
273.0697,11.04389,218.5943
273.121,11.05,218.7242
273.1724,11.05,218.854
273.2238,11.05,218.9841
273.2753,11.05,219.1143
273.3268,11.05,219.2444
273.3782,11.05,219.3745
273.4297,11.04647,219.5047
273.481,11.05,219.6347
273.5322,11.05,219.7648
273.5833,11.05,219.8951
273.6344,11.0492,220.0254
273.6852,11.05,220.1555
273.7358,11.05,220.286
273.7862,11.05,220.4165
273.8364,11.05,220.5471
273.8864,11.05,220.6779
273.9361,11.05,220.8087
273.9855,11.05,220.9396
274.0344,11.04219,221.0708
274.0826,11.04138,221.2007
274.1306,11.05,221.3317
274.1782,11.05,221.4627
274.2252,11.05,221.5945
274.2718,11.05,221.7264
274.318,11.05,221.8586
274.3636,11.05,221.9908
274.4088,11.05,222.1233
274.4535,11.05,222.2559
274.4971,11.05,222.3889
274.5402,11.05,222.522
274.5826,11.04668,222.6554
274.6244,11.05,222.7887
274.6649,11.05,222.9225
274.7049,11.04597,223.0566
274.7439,11.05,223.19
274.7824,11.05,223.3244
274.8202,11.05,223.4591
274.8565,11.05,223.5943
274.892,11.05,223.7296
274.9267,11.05,223.8652
274.9605,11.04897,224.001
274.9926,11.05,224.1371
275.0247,11.04924,224.2733
275.055,11.0462,224.4099
275.0844,11.04099,224.5466
275.1128,11.05,224.6835
275.1391,11.05,224.8203
275.1655,11.05,224.9577
275.1899,11.05,225.0955
275.2132,11.04974,225.2335
275.2354,11.05,225.3716
275.2565,11.05,225.51
275.2753,11.05,225.6486
275.2929,11.05,225.7875
275.3094,11.05,225.9264
275.3246,11.04459,226.0655
275.339,11.05,226.2036
275.3504,11.05,226.3428
275.3606,11.04062,226.4823
275.3697,11.05,226.6209
275.3771,11.05,226.7599
275.3832,11.05,226.8997
275.388,11.04804,227.0396
275.3899,11.05,227.1788
275.3904,11.05,227.3188
275.3893,11.04698,227.4587
275.3869,11.05,227.5981
275.3829,11.05,227.7379
275.3758,11.05,227.8776
275.3671,11.04963,228.0173
275.3575,11.05,228.1568
275.3475,11.05,228.2964
275.3374,11.04389,228.4359
275.3275,11.05,228.5745
275.3175,11.05,228.7138
275.3075,11.05,228.8533
275.2975,11.05,228.9929
275.2874,11.05,229.1325
275.2774,11.05,229.2721
275.2674,11.05,229.4117
275.2574,11.05,229.5512
275.2473,11.05,229.6908
275.2373,11.05,229.8304
275.2273,11.05,229.9699
275.2173,11.05,230.1095
275.2073,11.04891,230.2491
275.1973,11.05,230.3885
275.1873,11.05,230.528
275.1772,11.05,230.6676
275.1672,11.05,230.8072
275.1572,11.05,230.9467
275.1472,11.04057,231.0863
275.1372,11.04522,231.2244
275.1273,11.05,231.3628
275.1173,11.05,231.5021
275.1073,11.05,231.6417
275.0973,11.05,231.7813
275.0872,11.04037,231.9209
275.0772,11.04248,232.0604
275.0672,11.04432,232.2
275.0572,11.04589,232.3395
275.0472,11.04721,232.479
275.0371,11.04827,232.6186
275.0271,11.04908,232.7581
275.0171,11.04963,232.8977
275.0071,11.0482,233.0373
274.9971,11.05,233.1763
274.9871,11.05,233.3158
274.9771,11.05,233.4554
274.967,11.05,233.595
274.957,11.05,233.7346
274.947,11.05,233.8741
274.937,11.0463,234.0137
274.927,11.05,234.1526
274.917,11.05,234.2921
274.907,11.05,234.4316
274.8969,11.05,234.5712
274.8869,11.05,234.7108
274.8769,11.05,234.8503
274.8669,11.04042,234.9899
274.857,11.05,235.1283
274.847,11.05,235.2671
274.837,11.05,235.4067
274.8269,11.05,235.5463
274.8169,11.05,235.6858
274.8069,11.04979,235.8254
274.7969,11.05,235.965
274.7869,11.05,236.1045
274.7769,11.05,236.2441
274.7668,11.05,236.3837
274.7568,11.05,236.5232
274.7468,11.05,236.6628
274.7368,11.0473,236.8024
274.7268,11.05,236.9415
274.7168,11.04172,237.081
274.7069,11.05,237.2191
274.697,11.05,237.3581
274.6872,11.05,237.4977
274.6776,11.05,237.6373
274.6682,11.04253,237.7769
274.6589,11.05,237.9155
274.6498,11.04625,238.0546
274.6409,11.05,238.1932
274.6324,11.05,238.3327
274.6243,11.05,238.4724
274.6164,11.05,238.6122
274.6088,11.05,238.7519
274.6015,11.05,238.8916
274.5949,11.04876,239.0314
274.5887,11.05,239.1708
274.5829,11.05,239.3106
274.5776,11.05,239.4504
274.5731,11.04982,239.5903
274.5692,11.05,239.7301
274.5657,11.05,239.87
274.5627,11.04988,240.0099
274.5604,11.05,240.1498
274.5586,11.05,240.2897
274.558,11.05,240.4297
274.558,11.04992,240.5696
274.5587,11.05,240.7095
274.56,11.05,240.8494
274.5628,11.05,240.9893
274.5663,11.05,241.1292
274.5705,11.05,241.2691
274.5755,11.05,241.409
274.5812,11.05,241.5488
274.5879,11.04361,241.6886
274.596,11.05,241.8273
274.6052,11.05,241.9666
274.6152,11.05,242.1062
274.6262,11.05,242.2457
274.6381,11.05,242.3851
274.6519,11.05,242.5244
274.6667,11.05,242.6635
274.6826,11.04089,242.8026
274.6991,11.05,242.9405
274.7169,11.0422,243.0786
274.7357,11.05,243.2156
274.7568,11.05,243.3534
274.7791,11.05,243.4915
274.8025,11.05,243.6295
274.8271,11.05,243.7673
274.8541,11.0484,243.9046
274.8822,11.04784,244.0415
274.9114,11.05,244.1777
274.942,11.05,244.3142
274.9753,11.05,244.4501
275.0085,11.04991,244.5861
275.0443,11.04753,244.7214
275.0815,11.04161,244.8562
275.12,11.05,244.9905
275.1611,11.05,245.1237
275.2037,11.04822,245.257
275.2478,11.05,245.3897
275.2926,11.05,245.5222
275.3376,11.05,245.6547
275.3828,11.05,245.7872
275.4278,11.05,245.9197
275.4729,11.04659,246.0521
275.5177,11.05,246.1838
275.5627,11.05,246.3161
275.6078,11.05,246.4486
275.6529,11.05,246.5811
275.698,11.04985,246.7136
275.7431,11.04332,246.8461
275.788,11.05,246.9781
275.833,11.05,247.1102
275.8781,11.05,247.2427
275.9232,11.05,247.3752
275.9682,11.05,247.5077
276.0133,11.04978,247.6402
276.0584,11.04571,247.7726
276.1034,11.05,247.905
276.1485,11.04826,248.0373
276.1934,11.05,248.1693
276.2385,11.04749,248.3017
276.2835,11.05,248.4341
276.3286,11.05,248.5665
276.3737,11.05,248.699
276.4187,11.05,248.8315
276.4638,11.05,248.9639
276.5089,11.05,249.0964
276.554,11.05,249.2289
276.5991,11.05,249.3614
276.6442,11.05,249.4939
276.6892,11.05,249.6263
276.7343,11.04963,249.7588
276.7794,11.0421,249.8913
276.8243,11.04932,250.0232
276.8692,11.05,250.1551
276.9143,11.05,250.2876
276.9594,11.05,250.4201
277.0045,11.04998,250.5526
277.0495,11.04692,250.685
277.0946,11.05,250.8174
277.1396,11.05,250.9498
277.1847,11.04144,251.0823
277.2294,11.05,251.2135
277.2743,11.04683,251.3454
277.3192,11.05,251.4777
277.3643,11.05,251.6101
277.4091,11.05,251.7426
277.4541,11.05,251.8752
277.4988,11.04992,252.0078
277.5433,11.05,252.1404
277.5877,11.05,252.2731
277.632,11.05,252.4059
277.6758,11.05,252.5388
277.7195,11.05,252.6717
277.7628,11.0489,252.8048
277.8059,11.05,252.9379
277.8488,11.04364,253.0711
277.891,11.05,253.2032
277.9328,11.05,253.3364
277.9742,11.05,253.47
278.0153,11.04971,253.6038
278.056,11.04606,253.7377
278.0958,11.05,253.8718
278.1351,11.04996,254.0059
278.174,11.05,254.1403
278.2124,11.04755,254.2749
278.2502,11.05,254.4095
278.2869,11.05,254.5444
278.323,11.05,254.6796
278.3586,11.05,254.815
278.3935,11.05,254.9505
278.4277,11.04061,255.0862
278.461,11.05,255.2206
278.493,11.05,255.3561
278.5244,11.05,255.4924
278.5551,11.04658,255.629
278.585,11.05,255.7653
278.6133,11.05,255.9023
278.6408,11.04805,256.0395
278.6673,11.05,256.1762
278.6931,11.05,256.3138
278.718,11.05,256.4515
278.7419,11.05,256.5894
278.764,11.05,256.7275
278.785,11.04589,256.8659
278.805,11.04998,257.0039
278.824,11.05,257.1424
278.842,11.05,257.2812
278.8578,11.05,257.4202
278.8726,11.05,257.5594
278.8861,11.05,257.6986
278.8986,11.05,257.838
278.9098,11.04713,257.9775
278.9186,11.05,258.1167
278.9262,11.05,258.2564
278.9326,11.05,258.3962
278.9376,11.05,258.536
278.9414,11.05,258.6759
278.9425,11.05,258.8159
278.9422,11.04988,258.9558
278.9406,11.05,259.0957
278.9375,11.05,259.2356
278.9316,11.05,259.3754
278.9242,11.05,259.5151
278.9153,11.05,259.6548
278.905,11.05,259.7944
278.8931,11.04896,259.9338
278.8797,11.04331,260.0729
278.8645,11.05,260.2105
278.8464,11.05,260.3489
278.8266,11.05,260.4875
278.8052,11.05,260.6257
278.7805,11.05,260.7635
278.7542,11.05,260.9009
278.7261,11.04819,261.038
278.6964,11.05,261.1742
278.6649,11.05,261.3105
278.6317,11.05,261.4464
278.5949,11.05,261.5815
278.5563,11.05,261.716
278.516,11.05,261.85
278.4738,11.05,261.9835
278.4298,11.05,262.1163
278.3822,11.05,262.2479
278.3327,11.04867,262.3788
278.2815,11.05,262.5086
278.2282,11.05,262.638
278.1731,11.05,262.7667
278.1142,11.05,262.8936
278.0534,11.04592,263.0197
277.9908,11.05,263.1448
277.9262,11.05,263.2689
277.8597,11.05,263.392
277.7894,11.05,263.513
277.7172,11.05,263.6329
277.6431,11.04257,263.7516
277.5686,11.05,263.8686
277.4916,11.05,263.9849
277.4132,11.05,264.1009
277.3349,11.05,264.2168
277.2565,11.04635,264.3328
277.1787,11.05,264.4479
277.1004,11.05,264.5638
277.0221,11.04939,264.6797
276.9438,11.05,264.7957
276.8654,11.04866,264.9116
276.7873,11.04907,265.0273
276.709,11.05,265.143
276.6307,11.05,265.259
276.5523,11.05,265.3749
276.474,11.04982,265.4909
276.3956,11.05,265.6068
276.3173,11.05,265.7228
276.2389,11.05,265.8387
276.1606,11.05,265.9547
276.0822,11.04146,266.0707
276.0042,11.04998,266.1862
275.9261,11.05,266.3016
275.8478,11.05,266.4176
275.7694,11.05,266.5336
275.6911,11.05,266.6495
275.6127,11.05,266.7655
275.5344,11.05,266.8814
275.456,11.05,266.9974
275.3777,11.05,267.1134
275.2993,11.05,267.2294
275.2211,11.04022,267.3454
275.1437,11.05,267.4602
275.0661,11.0445,267.5757
274.9886,11.05,267.6915
274.9109,11.05,267.8076
274.8333,11.04482,267.9241
274.7566,11.04802,268.0397
274.6798,11.05,268.156
274.603,11.05,268.2729
274.5264,11.05,268.39
274.45,11.04794,268.5073
274.3746,11.05,268.6245
274.2991,11.05,268.7423
274.224,11.05,268.8603
274.1492,11.05,268.9786
274.0747,11.04296,269.0971
274.0008,11.05,269.2154
273.9277,11.05,269.3343
273.8549,11.05,269.4538
273.7825,11.05,269.5736
273.7106,11.05,269.6936
273.6397,11.05,269.8143
273.5693,11.05,269.9353
273.4995,11.04598,270.0565
273.4306,11.05,270.1773
273.362,11.05,270.2991
273.2939,11.05,270.4214
273.2271,11.05,270.5443
273.1609,11.05,270.6676
273.0954,11.05,270.7913
273.0306,11.04883,270.9154
272.9666,11.04662,271.0397
272.9041,11.05,271.164
272.8424,11.05,271.2895
272.7814,11.05,271.4155
272.7213,11.05,271.5418
272.662,11.04997,271.6686
272.6045,11.05,271.7961
272.5478,11.05,271.9241
272.4921,11.04654,272.0525
272.4377,11.05,272.1805
272.3839,11.05,272.3096
272.3322,11.04273,272.4396
272.2812,11.05,272.5686
272.2301,11.05,272.6984
272.1789,11.05,272.8286
272.1276,11.05,272.9588
272.0764,11.04264,273.0891
272.0252,11.0492,273.219
271.9741,11.05,273.3488
