269.0014,11.05,242.533
269.0637,11.0449,242.6584
269.1258,11.05,242.7834
269.188,11.05,242.9085
269.2502,11.04856,243.0339
269.3123,11.05,243.1588
269.3746,11.05,243.2842
269.4369,11.05,243.4095
269.4991,11.0492,243.5348
269.5614,11.04386,243.6601
269.6236,11.05,243.7853
269.6857,11.05,243.9103
269.748,11.04841,244.0356
269.8101,11.05,244.1606
269.8723,11.05,244.2859
269.9346,11.05,244.4112
269.9969,11.05,244.5366
270.0591,11.04561,244.6619
270.1213,11.05,244.787
270.1835,11.05,244.9121
270.2457,11.04824,245.0375
270.3078,11.05,245.1624
270.3701,11.05,245.2877
270.4323,11.05,245.413
270.4946,11.0488,245.5383
270.5568,11.0428,245.6636
270.619,11.05,245.7887
270.6811,11.05,245.9137
270.7433,11.04809,246.039
270.8054,11.05,246.1639
270.8676,11.05,246.2892
270.9299,11.05,246.4145
270.9922,11.05,246.5398
271.0544,11.04628,246.6652
271.1166,11.05,246.7903
271.1788,11.05,246.9155
271.2411,11.04791,247.0408
271.3031,11.05,247.1657
271.3654,11.05,247.291
271.4276,11.05,247.4163
271.4899,11.04832,247.5416
271.5522,11.04168,247.6669
271.6143,11.05,247.792
271.6763,11.05,247.9168
271.7386,11.04778,248.0421
271.8006,11.05,248.1669
271.8628,11.05,248.2922
271.9251,11.05,248.4175
271.9874,11.05,248.5428
272.0497,11.04691,248.6682
272.1118,11.05,248.7933
272.174,11.05,248.9186
272.2363,11.04758,249.0439
272.2983,11.05,249.1687
272.3605,11.05,249.2939
272.4228,11.05,249.4193
272.4851,11.04778,249.5446
272.5473,11.0405,249.6699
272.6094,11.05,249.7949
272.6714,11.05,249.9196
272.7336,11.04747,250.0449
272.7956,11.05,250.1696
272.8578,11.05,250.2949
272.9201,11.05,250.4202
272.9824,11.05,250.5455
273.0447,11.0475,250.6709
273.1069,11.05,250.7961
273.1691,11.05,250.9213
273.2314,11.04727,251.0467
273.2933,11.05,251.1713
273.3556,11.05,251.2966
273.4178,11.04999,251.422
273.4801,11.04717,251.5473
273.5423,11.05,251.6725
273.6046,11.05,251.7978
273.6668,11.05,251.9231
273.7291,11.04706,252.0484
273.791,11.05,252.1731
273.8533,11.05,252.2983
273.9155,11.05,252.4237
273.9778,11.05,252.549
274.0401,11.04799,252.6743
274.1023,11.05,252.7995
274.1646,11.05,252.9248
274.2268,11.04684,253.0502
274.2887,11.05,253.1748
274.351,11.05,253.3
274.4132,11.04991,253.4253
274.4755,11.04645,253.5507
274.5377,11.05,253.6759
274.5999,11.05,253.8011
274.6622,11.05,253.9265
274.7245,11.04664,254.0518
274.7863,11.05,254.1763
274.8486,11.05,254.3016
274.9108,11.05,254.4269
274.9731,11.05,254.5522
275.0354,11.04843,254.6776
275.0976,11.05,254.8028
275.1599,11.05,254.9281
275.2221,11.04641,255.0535
275.284,11.05,255.178
275.3462,11.05,255.3032
275.4085,11.04975,255.4285
275.4707,11.04566,255.5539
275.5329,11.05,255.6791
275.595,11.05,255.8043
275.6571,11.05,255.9297
275.7191,11.04617,256.0552
275.7805,11.05,256.1799
275.8423,11.05,256.3053
275.9037,11.05,256.4311
275.965,11.05,256.5569
276.026,11.04915,256.6828
276.0869,11.04046,256.8088
276.1472,11.05,256.9344
276.2069,11.04546,257.0601
276.2663,11.05,257.1856
276.3256,11.05,257.3121
276.3847,11.04816,257.4389
276.4435,11.04052,257.5659
276.5013,11.05,257.6929
276.5586,11.05,257.8197
276.6158,11.05,257.9475
276.6725,11.04283,258.0754
276.7284,11.05,258.2024
276.7835,11.05,258.3305
276.8334,11.05,258.4478
276.8782,11.05,258.5543
276.9179,11.05,258.6499
276.9527,11.05,258.7346
276.9825,11.05,258.8083
277.0074,11.04993,258.871
277.0276,11.04905,258.9227
277.0431,11.04767,258.9633
277.054,11.04633,258.9929
277.0621,11.04485,259.0152
277.068,11.04292,259.0315
277.0722,11.04099,259.0437
277.0749,11.04293,259.0515
277.0758,11.04275,259.0543
277.0762,11.04267,259.0556
277.0763,11.04265,259.056
277.0763,11.04265,259.056
277.0763,11.04265,259.056
277.0763,11.04265,259.056
277.0763,11.04265,259.056
277.0763,11.04265,259.056
277.0763,11.04265,259.056
277.0763,11.04265,259.056
277.0763,11.04265,259.056
277.0763,11.04265,259.056
277.0763,11.04265,259.056
277.0763,11.04265,259.056
277.0763,11.04265,259.056
277.0763,11.04265,259.056
277.0763,11.04265,259.056
277.0763,11.04265,259.056
277.0763,11.04265,259.056
277.0763,11.04265,259.056
277.0764,11.04264,259.0563
277.0767,11.04258,259.0592
277.0772,11.04248,259.0643
277.0779,11.04234,259.0724
277.079,11.04213,259.0881
277.08,11.04191,259.1039
277.0813,11.04165,259.1315
277.0825,11.0414,259.1654
277.0834,11.0412,259.2062
277.084,11.04107,259.2547
277.0837,11.04114,259.315
277.083,11.04129,259.3805
277.0811,11.0417,259.4578
277.0776,11.0424,259.5471
277.0724,11.04339,259.6482
277.0651,11.04467,259.7611
277.0556,11.04612,259.8859
277.0417,11.04723,260.0217
277.0246,11.04924,260.1605
277.0057,11.04996,260.2991
276.9831,11.05,260.4372
276.9586,11.05,260.575
276.9323,11.05,260.7124
276.9041,11.05,260.8495
276.872,11.04184,260.9857
276.8391,11.05,261.1205
276.8033,11.05,261.2552
276.7653,11.05,261.3899
276.7254,11.05,261.524
276.6835,11.05,261.6575
276.6396,11.05,261.7904
276.5917,11.05,261.9219
276.5418,11.04652,262.0526
276.4904,11.05,262.1819
276.4364,11.05,262.3109
276.3803,11.04784,262.4391
276.3205,11.05,262.5649
276.2583,11.05,262.6902
276.194,11.05,262.8146
276.1262,11.05,262.937
276.0574,11.04147,263.0588
275.9883,11.05,263.1803
275.9194,11.05,263.3014
275.8502,11.05,263.4231
275.781,11.05,263.5447
275.7119,11.05,263.6664
275.6426,11.05,263.788
275.5735,11.05,263.9097
275.5043,11.04877,264.0313
275.4352,11.05,264.1527
275.3661,11.05,264.2744
275.2969,11.04381,264.396
275.2283,11.05,264.5166
275.1592,11.05,264.638
275.0901,11.05,264.7596
275.0209,11.04945,264.8813
274.9517,11.04836,265.0029
274.8828,11.05,265.1241
274.8136,11.05,265.2457
274.7444,11.05,265.3674
274.6752,11.05,265.489
274.606,11.04999,265.6107
274.5368,11.05,265.7323
274.4677,11.05,265.854
274.3985,11.05,265.9756
274.3293,11.05,266.0973
274.2601,11.05,266.2189
274.1909,11.05,266.3406
274.1217,11.05,266.4622
274.0525,11.04654,266.5839
273.9835,11.05,266.7053
273.9144,11.05,266.8269
273.8454,11.04328,266.9487
273.7771,11.04394,267.0694
273.7089,11.05,267.19
273.6405,11.05,267.3117
273.5722,11.05,267.4338
273.504,11.0483,267.5561
273.4362,11.05,267.6779
273.3687,11.05,267.8005
273.3012,11.05,267.923
273.2342,11.04736,268.0459
273.1678,11.05,268.1683
273.1014,11.05,268.2914
273.0353,11.04844,268.4148
272.9699,11.05,268.5384
272.9049,11.05,268.6624
272.8403,11.05,268.7865
272.7761,11.05,268.9108
272.7123,11.04843,269.0354
272.6497,11.05,269.1601
272.5874,11.05,269.2854
272.5255,11.05,269.4109
272.4643,11.0467,269.5367
272.4039,11.05,269.662
272.3443,11.05,269.7885
272.2854,11.05,269.9155
272.2271,11.04772,270.0427
272.1696,11.05,270.1696
272.1126,11.05,270.2974
272.057,11.04591,270.4258
272.0023,11.04999,270.5544
271.9482,11.05,270.6833
271.8949,11.05,270.8127
271.8423,11.0437,270.9424
271.7913,11.04357,271.0714
271.7411,11.05,271.2004
271.6915,11.05,271.3309
271.6418,11.05,271.4617
271.592,11.05,271.5925
271.5423,11.05,271.7233
271.4926,11.05,271.8541
271.4428,11.05,271.9849
271.3931,11.05,272.1157
271.3434,11.05,272.2465
271.2936,11.0456,272.3773
271.2442,11.05,272.5072
271.1945,11.05,272.6378
271.1448,11.05,272.7686
271.0951,11.05,272.8994
271.0453,11.04627,273.0302
270.9956,11.05,273.161
270.946,11.05,273.2917
270.8962,11.05,273.4225
270.8465,11.05,273.5533
270.7967,11.05,273.6841
270.747,11.0471,273.8149
270.6976,11.05,273.945
270.648,11.04275,274.0758
270.5989,11.05,274.2055
270.5497,11.05,274.336
270.5005,11.05,274.467
270.4515,11.05,274.5981
270.4026,11.05,274.7292
270.354,11.05,274.8604
270.3055,11.05,274.9917
270.2575,11.05,275.1231
270.2098,11.04874,275.2547
270.1625,11.05,275.386
270.1154,11.05,275.5178
270.0689,11.04401,275.6498
270.0229,11.04934,275.7817
269.9773,11.05,275.9138
269.932,11.04177,276.0462
269.8874,11.05,276.1775
269.8436,11.05,276.3098
269.7997,11.05,276.4426
269.7567,11.05,276.5758
269.7143,11.05,276.7092
269.6724,11.05,276.8427
269.6311,11.05,276.9764
269.5909,11.05,277.1104
269.5514,11.05,277.2447
269.5126,11.05,277.3791
269.4744,11.04903,277.5138
269.4369,11.05,277.6483
269.4009,11.05,277.7835
269.3655,11.05,277.9189
269.331,11.04626,278.0546
269.2974,11.05,278.1894
269.2644,11.04768,278.3253
269.2325,11.05,278.4609
269.2021,11.05,278.5975
269.1726,11.05,278.7343
269.144,11.05,278.8713
269.1164,11.04991,279.0085
269.0898,11.04803,279.1458
269.0652,11.04465,279.2831
269.041,11.0479,279.4209
269.0167,11.04965,279.5586
268.9925,11.05,279.6964
268.9682,11.05,279.8342
268.944,11.04951,279.972
268.9198,11.05,280.1097
268.8955,11.05,280.2476
268.8713,11.05,280.3854
268.847,11.05,280.5232
268.8228,11.05,280.661
268.7986,11.05,280.7988
268.7743,11.05,280.9366
268.7501,11.043,281.0745
268.726,11.05,281.211
268.7019,11.05,281.3484
268.6776,11.05,281.4863
268.6534,11.05,281.6241
268.6292,11.05,281.7619
268.6049,11.05,281.8997
268.5807,11.04823,282.0375
268.5565,11.05,282.1748
268.5323,11.05,282.3126
268.5081,11.05,282.4504
268.4838,11.04313,282.5882
268.4597,11.05,282.725
268.4356,11.05,282.8624
268.4113,11.05,283.0002
268.3871,11.05,283.138
268.3629,11.05,283.2758
268.3386,11.04646,283.4137
268.3145,11.05,283.5507
268.2903,11.05,283.6884
268.266,11.05,283.8262
268.2418,11.05,283.9641
268.2176,11.05,284.1019
268.1933,11.04865,284.2397
268.1691,11.05,284.3772
268.1449,11.05,284.515
268.1206,11.05,284.6528
268.0964,11.05,284.7906
268.0721,11.04344,284.9285
268.0479,11.04156,285.0662
268.0238,11.04929,285.2031
267.9997,11.05,285.3404
267.9754,11.05,285.4782
267.9512,11.05,285.6161
267.927,11.05,285.7539
267.9027,11.05,285.8917
267.8785,11.04891,286.0295
267.8543,11.05,286.167
267.83,11.05,286.3048
267.8058,11.05,286.4426
267.7816,11.05,286.5804
267.7573,11.05,286.7183
267.7331,11.04043,286.8561
267.709,11.05,286.9926
267.6849,11.05,287.1297
267.6607,11.05,287.2675
267.6365,11.05,287.4053
267.6122,11.05,287.5432
267.5879,11.04455,287.681
267.5637,11.05,287.8178
267.5393,11.05,287.9553
267.5147,11.05,288.093
267.4899,11.05,288.2308
267.4649,11.05,288.3685
267.4398,11.04724,288.5061
267.4146,11.05,288.6431
267.3888,11.05,288.7806
267.3628,11.05,288.9181
267.3364,11.04613,289.0555
267.3101,11.05,289.192
267.2828,11.04866,289.3291
267.2556,11.05,289.466
267.2276,11.05,289.6031
267.1992,11.05,289.7401
267.1704,11.05,289.8771
267.1411,11.04976,290.0139
267.1114,11.04904,290.1506
267.0808,11.04176,290.2869
267.0497,11.04691,290.4232
267.018,11.0496,290.5592
266.9857,11.05,290.6953
266.9522,11.05,290.8311
266.9182,11.04851,290.9669
266.8835,11.05,291.1021
266.8482,11.05,291.2375
266.8122,11.05,291.3727
266.7747,11.05,291.5075
266.7366,11.05,291.6422
266.6977,11.04609,291.7766
266.6584,11.05,291.9099
266.618,11.0476,292.0438
266.5762,11.05,292.1766
266.5334,11.05,292.3097
266.4896,11.05,292.4427
266.445,11.05,292.5753
266.3995,11.05,292.7077
266.3522,11.05,292.8394
266.3049,11.05,292.9711
266.2557,11.05,293.1021
266.2055,11.04954,293.2327
266.1544,11.05,293.3629
266.1013,11.05,293.4923
266.0471,11.04722,293.6213
265.9919,11.05,293.7498
265.9355,11.05,293.8778
265.8771,11.04997,294.005
265.8175,11.05,294.1316
265.7568,11.05,294.2577
265.6949,11.05,294.3832
265.6319,11.05,294.5082
265.5666,11.04732,294.632
265.5016,11.05,294.755
265.434,11.05,294.8775
265.3651,11.05,294.9993
265.2949,11.05,295.1204
265.2223,11.0498,295.2401
265.1497,11.05,295.3596
265.0746,11.04297,295.4778
264.999,11.05,295.5949
264.9215,11.05,295.711
264.8413,11.05,295.8257
264.7611,11.05,295.9404
264.6783,11.04644,296.0532
264.5947,11.05,296.1645
264.5093,11.05,296.2753
264.4225,11.05,296.3851
264.3332,11.05,296.4928
264.2424,11.05,296.5994
264.1504,11.05,296.7049
264.057,11.04591,296.8091
263.963,11.05,296.9123
263.8658,11.0498,297.0128
263.7672,11.05,297.112
263.6672,11.05,297.21
263.5659,11.05,297.3066
263.4633,11.05,297.4018
263.3581,11.05,297.4941
263.2516,11.05,297.585
263.1438,11.05,297.6743
263.0347,11.04849,297.762
262.9247,11.05,297.848
262.8118,11.04105,297.9308
262.6996,11.04982,298.012
262.5849,11.05,298.0911
262.4684,11.05,298.1687
262.3507,11.05,298.2446
262.2319,11.04527,298.3186
262.1124,11.05,298.3894
261.9903,11.05,298.4576
261.867,11.05,298.5239
261.7427,11.05,298.5882
261.6172,11.04931,298.6504
261.49,11.05,298.7083
261.3617,11.05,298.7642
261.2324,11.05,298.8178
261.1021,11.05,298.8693
260.9711,11.05,298.9185
260.8391,11.05,298.9653
260.7056,11.04993,299.0075
260.5714,11.04719,299.0473
260.4366,11.04094,299.0847
260.3011,11.05,299.1195
260.165,11.05,299.1493
260.0277,11.04904,299.1766
259.8902,11.05,299.2013
259.752,11.05,299.2235
259.613,11.05,299.2403
259.4737,11.05,299.2545
259.3341,11.05,299.2659
259.1944,11.04596,299.2746
259.0553,11.04616,299.2805
258.9164,11.05,299.283
258.7765,11.05,299.2805
258.6366,11.05,299.2752
258.4968,11.05,299.267
258.3572,11.05,299.2559
258.2183,11.04973,299.239
258.0797,11.04198,299.2191
257.9422,11.05,299.1984
257.8051,11.05,299.1728
257.668,11.05,299.1441
257.5316,11.05,299.1125
257.3968,11.04293,299.0749
257.2629,11.04852,299.0344
257.1302,11.05,298.991
256.9981,11.05,298.9445
256.8683,11.04965,298.8921
256.7397,11.04408,298.8367
256.6126,11.05,298.7785
256.487,11.05,298.7174
256.3626,11.05,298.6532
256.2397,11.05,298.5862
256.1287,11.05,298.52
256.0293,11.04893,298.4572
255.9398,11.05,298.3975
255.861,11.05,298.3431
255.7928,11.05,298.2944
255.735,11.05,298.2517
255.6871,11.05,298.2159
255.6489,11.05,298.187
255.6203,11.05,298.1654
255.6012,11.05,298.1511
255.5918,11.05,298.1439
255.5919,11.05,298.144
255.5976,11.05,298.1483
255.6068,11.05,298.1553
255.6231,11.05,298.1676
255.6438,11.05,298.1833
255.6707,11.05,298.2037
255.7016,11.05,298.2271
255.7417,11.05,298.2575
255.7884,11.05,298.2928
255.8445,11.05,298.3354
255.9103,11.05,298.3852
255.9856,11.05,298.4423
256.0705,11.04374,298.5066
256.1626,11.05,298.5763
256.2639,11.05,298.6531
256.3748,11.05,298.7371
256.4863,11.05,298.8216
256.5979,11.05,298.9061
256.7095,11.05,298.9907
256.821,11.04287,299.0752
256.9319,11.05,299.1592
257.0431,11.04767,299.2435
257.1543,11.05,299.3278
257.2657,11.05,299.4124
257.3771,11.04089,299.4971
257.4884,11.04449,299.582
257.5995,11.04715,299.6669
257.7105,11.04892,299.752
257.8215,11.04984,299.8372
257.9322,11.05,299.9229
258.0428,11.04761,300.0087
258.1527,11.05,300.0943
258.2629,11.05,300.1806
258.3729,11.05,300.2671
258.4825,11.05,300.3541
258.5922,11.05,300.4412
258.7013,11.05,300.5288
258.8102,11.05,300.6168
258.9185,11.05,300.7054
259.0265,11.04912,300.7944
259.1341,11.05,300.8837
259.2415,11.05,300.9735
259.3485,11.0449,301.0637
259.4547,11.05,301.1538
259.5604,11.05,301.2452
259.6568,11.05,301.3291
259.7437,11.05,301.4055
259.8214,11.05,301.4744
259.8898,11.05,301.5355
259.9489,11.05,301.589
259.999,11.05,301.6348
260.0399,11.04801,301.6727
260.0717,11.04351,301.7028
260.0948,11.05,301.725
260.1104,11.05,301.7402
260.1227,11.05,301.7524
260.1318,11.05,301.7616
260.1383,11.05,301.7682
260.142,11.05,301.772
260.143,11.05,301.773
260.1432,11.05,301.7733
260.1432,11.05,301.7733
260.1432,11.05,301.7733
260.1432,11.05,301.7733
260.1432,11.05,301.7733
260.1432,11.05,301.7733
260.1432,11.05,301.7733
260.1432,11.05,301.7733
260.1432,11.05,301.7733
260.1432,11.05,301.7733
260.1432,11.05,301.7733
260.1432,11.05,301.7733
260.1432,11.05,301.7733
260.1432,11.05,301.7733
260.1432,11.05,301.7733
260.1432,11.05,301.7733
260.1432,11.05,301.7733
260.1432,11.05,301.7733
260.1432,11.05,301.7733
260.1432,11.05,301.7733
260.1432,11.05,301.7733
260.1432,11.05,301.7733
260.1432,11.05,301.7733
260.1432,11.05,301.7733
260.1432,11.05,301.7733
260.1432,11.05,301.7733
260.1432,11.05,301.7733
260.1432,11.05,301.7733
260.1432,11.05,301.7733
260.1432,11.05,301.7733
260.1432,11.05,301.7733
260.1432,11.05,301.7733
260.1432,11.05,301.7733
260.1432,11.05,301.7733
260.1432,11.05,301.7733
260.1432,11.05,301.7733
260.1432,11.05,301.7733
260.1432,11.05,301.7733
260.1432,11.05,301.7733
260.1432,11.05,301.7733
260.1432,11.05,301.7733
260.1432,11.05,301.7733
260.1432,11.05,301.7733
260.1432,11.05,301.7733
260.1432,11.05,301.7733
260.1432,11.05,301.7733
260.1432,11.05,301.7733
260.1432,11.05,301.7733
260.1432,11.05,301.7733
260.1432,11.05,301.7733
260.1432,11.05,301.7733
260.1432,11.05,301.7733
260.1432,11.05,301.7733
260.1432,11.05,301.7733
260.1432,11.05,301.7733
260.1432,11.05,301.7733
260.1432,11.05,301.7733
260.1432,11.05,301.7733
260.1432,11.05,301.7733
260.1432,11.05,301.7733
260.1432,11.05,301.7733
260.1432,11.05,301.7733
260.1432,11.05,301.7733
260.1432,11.05,301.7733
260.1432,11.05,301.7733
260.1432,11.05,301.7733
260.1432,11.05,301.7733
260.1432,11.05,301.7733
260.1432,11.05,301.7733
260.1432,11.05,301.7733
260.1432,11.05,301.7733
260.1432,11.05,301.7733
260.1432,11.05,301.7733
260.1432,11.05,301.7733
260.1432,11.05,301.7733
260.1432,11.05,301.7733
260.1432,11.05,301.7733
260.1432,11.05,301.7733
260.1432,11.05,301.7733
260.1432,11.05,301.7733
260.1432,11.05,301.7733
260.1432,11.05,301.7733
260.1432,11.05,301.7733
260.1432,11.05,301.7733
260.1432,11.05,301.7733
260.1429,11.05,301.7721
260.1422,11.05,301.7698
260.1407,11.05,301.7656
260.1384,11.05,301.7588
260.1331,11.05,301.744
260.1259,11.05,301.7248
260.1161,11.05,301.6991
260.1037,11.05,301.6676
260.0884,11.04011,301.6299
260.0685,11.04409,301.5829
260.0432,11.04766,301.5252
260.0124,11.04981,301.4573
259.9759,11.05,301.3789
259.9335,11.05,301.2901
259.885,11.05,301.191
259.8299,11.04154,301.0818
259.7711,11.05,300.9681
259.7055,11.05,300.8476
259.6367,11.04501,300.7257
259.565,11.04897,300.6056
259.492,11.05,300.4864
259.4174,11.05,300.368
259.3414,11.05,300.2505
259.2639,11.05,300.1339
259.185,11.04958,300.0183
259.1032,11.05,299.9049
259.0198,11.04951,299.7924
258.9351,11.05,299.6812
258.8493,11.05,299.5706
258.7629,11.05,299.4604
258.6766,11.05,299.3503
258.5903,11.05,299.2401
258.5039,11.05,299.1299
258.4176,11.04951,299.0198
258.3313,11.05,298.9097
258.245,11.05,298.7995
258.1587,11.05,298.6894
258.0723,11.04341,298.5792
257.9863,11.05,298.4695
257.9002,11.05,298.3596
257.8139,11.05,298.2495
257.7275,11.05,298.1393
257.6412,11.04894,298.0291
257.555,11.05,297.9192
257.4687,11.05,297.809
257.3824,11.05,297.6989
257.296,11.05,297.5887
257.2097,11.05,297.4785
257.1234,11.05,297.3684
257.037,11.04828,297.2582
256.9508,11.05,297.1482
256.8645,11.04818,297.0381
256.7784,11.05,296.9282
256.6921,11.05,296.8181
256.6057,11.04342,296.7079
256.5194,11.04615,296.5978
256.4331,11.04813,296.4877
256.3468,11.04941,296.3776
256.2605,11.04997,296.2674
256.1742,11.05,296.1573
256.0879,11.04023,296.0471
256.0019,11.05,295.9375
255.9161,11.05,295.828
255.8298,11.05,295.7178
255.7434,11.05,295.6076
255.6571,11.05,295.4975
255.5708,11.05,295.3873
255.4844,11.05,295.2772
255.3981,11.05,295.167
255.3118,11.04594,295.0569
255.2258,11.05,294.9471
255.1395,11.05,294.8371
255.0532,11.04645,294.7269
254.9671,11.05,294.617
254.8808,11.05,294.507
254.7945,11.05,294.3968
254.7081,11.05,294.2867
254.6218,11.05,294.1765
254.5355,11.04447,294.0663
254.4495,11.05,293.9567
254.3633,11.05,293.8467
254.277,11.05,293.7365
254.1907,11.05,293.6264
254.1043,11.05,293.5162
254.018,11.04959,293.4061
253.9317,11.05,293.296
253.8454,11.05,293.1858
253.759,11.04279,293.0756
253.6732,11.05,292.9661
253.5871,11.05,292.8563
253.5008,11.05,292.7461
253.4144,11.05,292.6359
253.3281,11.05,292.5258
253.2418,11.05,292.4156
253.1554,11.05,292.3055
253.0691,11.04399,292.1953
252.9831,11.04038,292.0855
252.8973,11.0461,291.9761
252.8112,11.0481,291.8662
252.7249,11.04939,291.7561
252.6385,11.04997,291.6459
252.5522,11.05,291.5358
252.4659,11.05,291.4256
252.3795,11.05,291.3155
252.2932,11.05,291.2053
252.2069,11.05,291.0952
252.1205,11.05,290.985
252.0342,11.04853,290.8748
251.948,11.05,290.7648
251.8617,11.05,290.6547
251.7753,11.05,290.5445
251.689,11.05,290.4344
251.6027,11.05,290.3242
251.5163,11.05,290.2141
251.43,11.05,290.1039
251.3437,11.05,289.9937
251.2573,11.05,289.8836
251.171,11.05,289.7734
251.0847,11.04094,289.6632
250.9987,11.05,289.5536
250.9128,11.05,289.444
250.8265,11.05,289.3338
250.7401,11.05,289.2237
250.6538,11.05,289.1135
250.5675,11.04999,289.0034
250.4811,11.05,288.8932
250.3948,11.05,288.783
250.3085,11.05,288.6729
250.2221,11.05,288.5627
250.1358,11.05,288.4525
250.0495,11.04693,288.3424
249.9633,11.05,288.2325
249.8771,11.05,288.1224
249.7907,11.04981,288.0123
249.7044,11.05,287.9021
249.6181,11.05,287.792
249.5318,11.05,287.6818
249.4454,11.05,287.5717
249.3591,11.04339,287.4615
249.2728,11.04612,287.3513
249.1865,11.04812,287.2413
249.1002,11.0494,287.1311
249.0139,11.04921,287.021
248.9277,11.05,286.911
248.8414,11.05,286.8009
248.755,11.05,286.6907
248.6687,11.05,286.5806
248.5824,11.05,286.4704
248.496,11.05,286.3603
248.4097,11.05,286.2501
248.3233,11.05,286.1399
248.237,11.04889,286.0298
248.1508,11.05,285.9198
248.0645,11.04477,285.8097
247.9784,11.05,285.6999
247.8923,11.05,285.5899
247.8059,11.05,285.4797
247.7196,11.05,285.3696
247.6333,11.05,285.2594
247.5469,11.05,285.1492
247.4606,11.04809,285.0391
247.3745,11.05,284.9292
247.2882,11.05,284.8191
247.2018,11.05,284.7089
247.1155,11.05,284.5988
247.0292,11.04893,284.4886
246.9429,11.05,284.3786
246.8566,11.05,284.2684
246.7703,11.05,284.1583
246.6839,11.0471,284.0481
246.5979,11.05,283.9383
246.5116,11.05,283.8282
246.4252,11.05,283.718
246.3389,11.05,283.6079
246.2526,11.05,283.4977
246.1662,11.05,283.3876
246.0799,11.04194,283.2774
245.9939,11.05,283.1677
245.9079,11.04578,283.058
245.8221,11.05,282.9484
245.7358,11.04337,282.8384
245.6495,11.04611,282.7282
245.5632,11.04811,282.6182
245.4769,11.0494,282.508
245.3906,11.04997,282.3979
245.3043,11.05,282.2877
245.2179,11.05,282.1776
245.1316,11.04428,282.0674
245.0457,11.04738,281.9578
244.9596,11.05,281.8479
244.8733,11.05,281.7378
244.787,11.05,281.6277
244.7006,11.05,281.5175
244.6143,11.05,281.4073
244.528,11.05,281.2972
244.4416,11.05,281.187
244.3553,11.04254,281.0769
244.2694,11.05,280.9673
244.1834,11.05,280.8575
244.097,11.05,280.7473
244.0107,11.04986,280.6372
243.9244,11.05,280.5271
243.8381,11.05,280.4169
243.7517,11.05,280.3067
243.6654,11.05,280.1966
243.5791,11.04055,280.0864
243.4933,11.05,279.9769
243.4074,11.05,279.8674
243.3211,11.05,279.7572
243.2347,11.05,279.6471
243.1484,11.05,279.5369
243.0621,11.04515,279.4267
242.9761,11.05,279.3168
242.8901,11.05,279.2067
242.804,11.05,279.0963
242.7182,11.05,278.9858
242.6325,11.05,278.8751
242.5469,11.05,278.7644
242.4615,11.05,278.6535
242.3763,11.05,278.5425
242.2915,11.05,278.4312
242.2069,11.04198,278.3196
242.1226,11.04542,278.208
242.0386,11.04813,278.0962
241.955,11.04946,277.9843
241.8718,11.05,277.8717
241.789,11.05,277.7589
241.7065,11.05,277.6459
241.6244,11.05,277.5325
241.5427,11.05,277.4189
241.4618,11.05,277.3047
241.3813,11.05,277.1902
241.3013,11.04283,277.0754
241.2219,11.05,276.9611
241.1431,11.05,276.8459
241.0651,11.04467,276.7297
240.9877,11.05,276.6136
240.9109,11.05,276.4969
240.8346,11.05,276.3796
240.7588,11.05,276.2619
240.6837,11.05,276.1438
240.6099,11.04923,276.0249
240.5369,11.05,275.9057
240.4645,11.05,275.7859
240.3928,11.05,275.6658
240.3226,11.05,275.5447
240.2532,11.05,275.4232
240.1846,11.04141,275.3012
240.1169,11.04758,275.179
240.0501,11.04282,275.0564
239.9844,11.05,274.9341
239.9203,11.05,274.8102
239.8569,11.05,274.6855
239.7945,11.05,274.5602
239.7331,11.05,274.4345
239.6736,11.05,274.3078
239.6152,11.05,274.1806
239.5579,11.04648,274.0529
239.5014,11.05,273.9255
239.4463,11.05,273.797
239.3923,11.05,273.6679
239.3406,11.05,273.5378
239.2901,11.04132,273.4073
239.2407,11.04919,273.2768
239.1929,11.05,273.1459
239.1462,11.04976,273.014
239.1021,11.05,272.8813
239.0593,11.04558,272.748
239.0179,11.0496,272.6144
238.9779,11.05,272.4805
238.9407,11.05,272.3456
238.905,11.05,272.2103
238.8708,11.04298,272.0746
238.8374,11.04341,271.9396
238.8062,11.05,271.8039
238.7782,11.05,271.6672
238.7517,11.05,271.5298
238.7269,11.05,271.392
238.7037,11.05,271.254
238.6822,11.05,271.1158
238.6641,11.05,270.977
238.6477,11.05,270.838
238.6331,11.04729,270.6988
238.6202,11.05,270.5598
238.6092,11.05,270.4204
238.6,11.05,270.2808
238.5928,11.05,270.141
238.5856,11.05,270.0013
238.5785,11.05,269.8615
238.5713,11.05,269.7217
238.5641,11.0498,269.582
238.557,11.05,269.4423
238.5498,11.05,269.3025
238.5426,11.05,269.1628
238.5355,11.04934,269.023
238.5283,11.05,268.8835
238.5212,11.05,268.7437
238.514,11.04491,268.604
238.5069,11.05,268.4648
238.4997,11.05,268.3252
238.4926,11.05,268.1855
238.4854,11.04738,268.0457
238.4783,11.05,267.9066
238.4711,11.05,267.7668
238.464,11.05,267.6271
238.4568,11.04942,267.4873
238.4496,11.05,267.3477
238.4425,11.05,267.2079
238.4353,11.04415,267.0682
238.4282,11.05,266.9293
238.4211,11.05,266.7898
238.4139,11.05,266.6501
238.4067,11.04323,266.5103
238.3996,11.05,266.3712
238.3925,11.05,266.2318
238.3853,11.05,266.0921
238.3781,11.05,265.9523
238.371,11.05,265.8126
238.3638,11.05,265.6728
238.3566,11.05,265.5331
238.3495,11.0488,265.3933
238.3423,11.05,265.2538
238.3352,11.05,265.114
238.328,11.05,264.9742
238.3208,11.05,264.8345
238.3137,11.05,264.6948
238.3065,11.05,264.555
238.2994,11.04152,264.4153
238.2922,11.05,264.2762
238.2851,11.05,264.137
238.2779,11.05,263.9973
238.2708,11.05,263.8575
238.2636,11.05,263.7178
238.2565,11.05,263.578
238.2493,11.05,263.4383
238.2421,11.04801,263.2985
238.235,11.05,263.1591
238.2278,11.04953,263.0193
238.2207,11.05,262.8798
238.2135,11.05,262.74
238.2063,11.05,262.6003
238.1992,11.05,262.4605
238.192,11.05,262.3208
238.1849,11.05,262.181
238.1777,11.04787,262.0413
238.1706,11.05,261.902
238.1634,11.05,261.7623
238.1563,11.05,261.6226
238.1491,11.05,261.4828
238.1419,11.05,261.3431
238.1348,11.04705,261.2033
238.1276,11.04485,261.064
238.1205,11.05,260.9252
238.1134,11.05,260.7857
238.1062,11.05,260.646
238.099,11.05,260.5062
238.0919,11.05,260.3665
238.0847,11.04093,260.2267
238.0776,11.04241,260.087
238.0704,11.04376,259.9473
238.0632,11.04497,259.8075
238.0561,11.04605,259.6678
238.0489,11.047,259.528
238.0417,11.04782,259.3883
238.0346,11.0485,259.2486
238.0274,11.04906,259.1088
238.0203,11.04949,258.9691
238.0131,11.04979,258.8293
238.006,11.04996,258.6896
237.9988,11.05,258.5498
237.9916,11.05,258.4101
237.9845,11.05,258.2703
237.9773,11.05,258.1306
237.9701,11.04973,257.9908
237.963,11.05,257.8511
237.9558,11.05,257.7114
237.9487,11.05,257.5716
237.9415,11.05,257.4319
237.9343,11.05,257.2921
237.9272,11.05,257.1523
237.92,11.04461,257.0126
237.9129,11.05,256.8734
237.9057,11.05,256.7339
237.8986,11.05,256.5941
237.8914,11.05,256.4544
237.8842,11.05,256.3146
237.8771,11.05,256.1749
237.8699,11.04846,256.0351
237.8628,11.04932,255.8958
237.8556,11.05,255.7562
237.8485,11.05,255.6164
237.8412,11.05,255.4767
237.834,11.05,255.3369
237.8266,11.05,255.1972
237.8191,11.04585,255.0575
237.8116,11.04281,254.9184
237.804,11.05,254.7796
237.7959,11.05,254.6404
237.7876,11.05,254.5007
237.7791,11.05,254.361
237.7704,11.05,254.2213
237.7611,11.04156,254.0817
237.7518,11.05,253.9432
237.7419,11.04757,253.8042
237.7317,11.05,253.665
237.721,11.05,253.5255
237.7096,11.05,253.386
237.6978,11.05,253.2466
237.6855,11.05,253.1072
237.6727,11.05,252.9678
237.6595,11.05,252.8286
237.6452,11.04878,252.6893
237.6305,11.05,252.5504
237.6151,11.05,252.4113
237.5991,11.05,252.2722
237.5826,11.05,252.1333
237.5654,11.05,251.9944
237.5469,11.05,251.8557
237.5277,11.05,251.7171
237.5079,11.04686,251.5786
237.4874,11.05,251.4405
237.466,11.05,251.3023
237.4432,11.05,251.1642
237.4194,11.04913,251.0263
237.395,11.05,250.8888
237.3696,11.05,250.7512
237.3434,11.05,250.6137
237.3154,11.05,250.4766
237.2865,11.04822,250.3397
237.2567,11.05,250.2032
237.2259,11.0444,250.0667
237.1944,11.05,249.9312
237.1606,11.05,249.7956
237.1258,11.05,249.6601
237.09,11.05,249.5248
237.0531,11.04646,249.3898
237.0141,11.04975,249.2555
236.9739,11.05,249.1216
236.9326,11.04809,248.9879
236.8902,11.05,248.8547
236.8466,11.05,248.7217
236.8006,11.05,248.5895
236.7534,11.05,248.4578
236.705,11.05,248.3265
236.6554,11.05,248.1956
236.6045,11.04464,248.0653
236.5535,11.05,247.9358
236.5018,11.05,247.806
236.45,11.05,247.676
236.3983,11.05,247.5459
236.3465,11.04698,247.4159
236.2948,11.05,247.2861
236.2431,11.05,247.1561
236.1913,11.04915,247.0261
236.1397,11.05,246.8963
236.0879,11.04022,246.7663
236.0363,11.04835,246.6366
235.9848,11.05,246.5072
235.933,11.05,246.3772
235.8812,11.05,246.2472
235.8295,11.05,246.1171
235.7777,11.05,245.9871
235.726,11.05,245.8571
235.6742,11.04825,245.7271
235.6225,11.05,245.5972
235.5707,11.05,245.4672
235.519,11.05,245.3371
235.4672,11.05,245.2071
235.4154,11.0425,245.0771
235.364,11.05,244.9479
235.3124,11.05,244.8184
235.2607,11.05,244.6883
235.2089,11.05,244.5583
235.1572,11.05,244.4283
235.1054,11.05,244.2983
235.0536,11.04639,244.1683
235.0019,11.04815,244.0384
234.9504,11.05,243.9089
234.8986,11.05,243.7789
234.8469,11.05,243.6489
234.7951,11.05,243.5189
234.7434,11.05,243.3889
234.6916,11.05,243.2589
234.6398,11.05,243.1288
234.5881,11.05,242.9988
234.5363,11.05,242.8688
234.4846,11.05,242.7388
234.4328,11.05,242.6088
234.381,11.04399,242.4787
234.3294,11.04976,242.349
234.2777,11.05,242.2192
234.226,11.05,242.0892
234.1742,11.05,241.9592
234.1225,11.05,241.8292
234.0707,11.04371,241.6992
234.019,11.04955,241.5694
233.9674,11.05,241.4397
233.9156,11.05,241.3096
233.8639,11.05,241.1796
233.8121,11.04691,241.0496
233.7605,11.05,240.9201
233.7088,11.04584,240.7902
233.6571,11.04999,240.6604
233.6054,11.05,240.5305
233.5537,11.05,240.4005
233.5019,11.05,240.2704
233.4501,11.05,240.1404
233.3984,11.04986,240.0104
233.3466,11.05,239.8804
233.2949,11.05,239.7504
233.2431,11.05,239.6204
233.1914,11.05,239.4904
233.1396,11.05,239.3604
233.0878,11.04023,239.2303
233.0362,11.04836,239.1006
232.9847,11.05,238.9712
232.9329,11.05,238.8412
232.8812,11.05,238.7112
232.8294,11.05,238.5812
232.7777,11.05,238.4512
232.7259,11.05,238.3212
232.6741,11.05,238.1911
232.6224,11.0453,238.0611
232.5709,11.05,237.9317
232.5192,11.05,237.8019
232.4675,11.05,237.6718
232.4159,11.05,237.5418
232.3643,11.04859,237.4117
232.313,11.05,237.2816
232.2617,11.05,237.1514
232.2107,11.04945,237.0211
232.1599,11.05,236.8909
232.1093,11.05,236.7603
232.0591,11.04562,236.6297
232.0091,11.0499,236.4992
231.9594,11.05,236.3686
231.9099,11.05,236.2377
231.8611,11.05,236.1065
231.8126,11.05,235.9753
231.7645,11.04604,235.8439
231.7168,11.05,235.7125
231.6699,11.05,235.5808
231.6234,11.05,235.4488
231.5774,11.05,235.3167
231.5319,11.05,235.1843
231.4868,11.04663,235.0518
231.4423,11.05,234.9198
231.3984,11.05,234.787
231.3555,11.05,234.6538
231.3133,11.05,234.5204
231.2717,11.04163,234.3868
231.2311,11.04969,234.2533
231.1909,11.05,234.1199
231.152,11.05,233.9855
231.1138,11.05,233.8508
231.0764,11.04264,233.716
231.0397,11.04803,233.5811
231.0047,11.04997,233.4459
230.9704,11.05,233.3103
230.937,11.05,233.1744
230.9044,11.04816,233.0383
230.8727,11.04944,232.9025
230.8429,11.05,232.7659
230.814,11.05,232.6289
230.7861,11.05,232.4918
230.7593,11.05,232.3545
230.7334,11.05,232.2169
230.7096,11.04212,232.079
230.6864,11.05,231.942
230.6649,11.05,231.8043
230.6445,11.04971,231.6659
230.6252,11.05,231.5273
230.6083,11.05,231.3884
230.5925,11.05,231.2493
230.578,11.05,231.1102
230.5648,11.05,230.9708
230.5529,11.05,230.8314
230.5435,11.05,230.6918
230.5355,11.04983,230.5521
230.5289,11.05,230.4123
230.5237,11.05,230.2725
230.5198,11.05,230.1326
230.5174,11.05,229.9927
230.5179,11.05,229.8528
230.5199,11.05,229.7128
230.5234,11.04846,229.5729
230.5284,11.05,229.4334
230.535,11.05,229.2936
230.5447,11.05,229.154
230.5561,11.04974,229.0145
230.569,11.05,228.8753
230.5836,11.05,228.7361
230.6015,11.05,228.5973
230.6212,11.05,228.4587
230.6425,11.05,228.3204
230.6656,11.05,228.1824
230.6904,11.0475,228.0447
230.7175,11.05,227.908
230.7476,11.04965,227.7713
230.7795,11.05,227.6352
230.8133,11.05,227.4994
230.8489,11.05,227.364
230.8882,11.05,227.2297
230.9294,11.05,227.096
230.9724,11.05,226.9628
231.0174,11.04962,226.8303
231.0643,11.0448,226.6984
231.1149,11.05,226.5682
231.1674,11.05,226.4387
231.222,11.04515,226.3099
231.2773,11.05,226.1821
231.3356,11.04619,226.0551
231.3949,11.05,225.9291
231.4592,11.05,225.8049
231.5255,11.05,225.6817
231.5938,11.05,225.5595
231.664,11.05,225.4384
231.7363,11.05,225.3185
231.8124,11.05,225.2011
231.8905,11.04089,225.0849
231.9689,11.05,224.97
232.0504,11.04681,224.8571
232.1341,11.05,224.7454
232.2218,11.05,224.6365
232.3115,11.05,224.529
232.4031,11.04975,224.4231
232.4965,11.05,224.319
232.5918,11.05,224.2165
232.6908,11.05,224.1175
232.7916,11.04948,224.0204
232.8941,11.0494,223.9252
232.9984,11.05,223.8321
233.1062,11.05,223.7429
233.2158,11.05,223.6557
233.327,11.05,223.5707
233.4398,11.04856,223.4878
233.5538,11.05,223.4073
233.6714,11.05,223.3313
233.7904,11.05,223.2577
233.911,11.05,223.1864
234.0329,11.04864,223.1177
234.156,11.04665,223.0517
234.2805,11.05,222.9881
234.4076,11.05,222.9298
234.5361,11.05,222.8741
234.6657,11.05,222.8211
234.7964,11.05,222.771
234.9169,11.05,222.7271
235.0269,11.04909,222.6891
235.1266,11.05,222.6568
235.2155,11.05,222.63
235.2937,11.05,222.6084
235.3609,11.05,222.5917
235.4169,11.05,222.5792
235.4615,11.04249,222.5706
235.4957,11.04697,222.5652
235.5183,11.04876,222.5628
235.5352,11.04957,222.5615
235.5402,11.04972,222.5612
235.5389,11.04969,222.5612
235.536,11.0496,222.5613
235.5302,11.04939,222.5614
235.5215,11.04899,222.5617
235.5048,11.04794,222.5621
235.4844,11.04616,222.5626
235.4572,11.0429,222.5633
235.4237,11.05,222.5642
235.3798,11.05,222.5654
235.3238,11.05,222.5668
235.2586,11.05,222.5685
235.1813,11.05,222.5706
235.092,11.05,222.5729
234.9908,11.05,222.5755
234.8775,11.05,222.5785
234.7523,11.05,222.5818
234.615,11.05,222.5854
234.4751,11.0418,222.589
234.3362,11.05,222.5927
234.1968,11.05,222.5963
234.0569,11.04594,222.5999
233.9176,11.05,222.6036
233.7778,11.05,222.6073
233.6378,11.05,222.6109
233.4979,11.0414,222.6146
233.359,11.05,222.6182
233.2197,11.05,222.6218
233.0798,11.04196,222.6255
232.9408,11.05,222.6291
232.8014,11.05,222.6328
232.6615,11.05,222.6364
232.5215,11.04113,222.64
232.3827,11.05,222.6435
232.2552,11.05,222.6467
232.1396,11.05,222.6495
232.0361,11.04837,222.6519
231.9439,11.05,222.654
231.8637,11.05,222.6557
231.7955,11.05,222.6571
231.7393,11.05,222.6581
231.6951,11.05,222.6588
231.6629,11.05,222.6593
231.6418,11.04981,222.6595
231.6257,11.04928,222.6596
231.6173,11.04888,222.6596
231.6126,11.04862,222.6596
231.61,11.04846,222.6595
231.6089,11.0484,222.6595
231.6087,11.04838,222.6595
231.6087,11.04838,222.6595
231.6087,11.04838,222.6595
231.6087,11.04838,222.6595
231.6087,11.04838,222.6595
231.6087,11.04838,222.6595
231.6087,11.04838,222.6595
231.6087,11.04838,222.6595
231.6087,11.04838,222.6595
231.6087,11.04838,222.6595
231.6087,11.04838,222.6595
231.6087,11.04838,222.6595
231.6087,11.04838,222.6595
231.6087,11.04838,222.6595
231.6087,11.04838,222.6595
231.6087,11.04838,222.6595
231.6087,11.04838,222.6595
231.6087,11.04838,222.6595
231.6087,11.04838,222.6595
231.6087,11.04838,222.6595
231.6087,11.04838,222.6595
231.6087,11.04838,222.6595
231.6087,11.04838,222.6595
231.6087,11.04838,222.6595
231.6087,11.04838,222.6595
231.6087,11.04838,222.6595
231.6087,11.04838,222.6595
231.6087,11.04838,222.6595
231.6087,11.04838,222.6595
231.6087,11.04838,222.6595
231.6087,11.04838,222.6595
231.6087,11.04838,222.6595
231.6087,11.04838,222.6595
231.6087,11.04838,222.6595
231.6087,11.04838,222.6595
231.6087,11.04838,222.6595
231.6087,11.04838,222.6595
231.6087,11.04838,222.6595
231.6087,11.04838,222.6595
231.6087,11.04838,222.6595
231.6087,11.04838,222.6595
231.6087,11.04838,222.6595
231.6087,11.04838,222.6595
231.6087,11.04838,222.6595
231.6087,11.04838,222.6595
231.6087,11.04838,222.6595
231.6087,11.04838,222.6595
231.6087,11.04838,222.6595
231.6087,11.04838,222.6595
231.6087,11.04838,222.6595
231.6087,11.04838,222.6595
231.6087,11.04838,222.6595
231.6087,11.04838,222.6595
231.6087,11.04838,222.6595
231.6087,11.04838,222.6595
231.6087,11.04838,222.6595
231.6087,11.04838,222.6595
231.6087,11.04838,222.6595
231.6087,11.04838,222.6595
231.6087,11.04838,222.6595
231.6087,11.04838,222.6595
231.6087,11.04838,222.6595
231.6087,11.04838,222.6595
231.6087,11.04838,222.6595
231.6087,11.04838,222.6595
231.6087,11.04838,222.6595
231.6087,11.04838,222.6595
231.6087,11.04838,222.6595
231.6087,11.04838,222.6595
231.6087,11.04838,222.6595
231.6087,11.04838,222.6595
231.6087,11.04838,222.6595
231.6087,11.04838,222.6595
231.6087,11.04838,222.6595
231.6087,11.04838,222.6595
231.6087,11.04838,222.6595
231.6087,11.04838,222.6595
231.6087,11.04838,222.6595
231.6087,11.04838,222.6595
231.6087,11.04838,222.6595
231.6087,11.04838,222.6595
231.6087,11.04838,222.6595
231.6087,11.04838,222.6595
231.6087,11.04838,222.6595
231.6087,11.04838,222.6595
231.6087,11.04838,222.6595
231.6087,11.04838,222.6595
231.6087,11.04838,222.6595
231.6087,11.04838,222.6595
231.6087,11.04838,222.6595
231.6087,11.04838,222.6595
231.6087,11.04838,222.6595
231.6087,11.04838,222.6595
231.6087,11.04838,222.6595
231.6087,11.04838,222.6595
231.6087,11.04838,222.6595
231.6087,11.04838,222.6595
231.6087,11.04838,222.6595
231.6087,11.04838,222.6595
231.6087,11.04838,222.6595
231.6087,11.04838,222.6595
231.6087,11.04838,222.6595
231.6087,11.04838,222.6595
231.6087,11.04838,222.6595
231.6087,11.04838,222.6595
231.6087,11.04838,222.6595
231.6087,11.04838,222.6595
231.6087,11.04838,222.6595
231.6087,11.04838,222.6595
231.6087,11.04838,222.6595
231.6087,11.04838,222.6595
231.6087,11.04838,222.6595
231.6087,11.04838,222.6595
231.6087,11.04838,222.6595
231.6087,11.04838,222.6595
231.6087,11.04838,222.6595
