237.1977,11.0425,273.0771
237.2034,11.04991,273.2156
237.2091,11.05,273.3549
237.2149,11.05,273.4947
237.2207,11.05,273.6345
237.2265,11.05,273.7744
237.2322,11.05,273.9142
237.238,11.04634,274.054
237.2437,11.05,274.1928
237.2495,11.04567,274.3325
237.2552,11.05,274.4716
237.261,11.05,274.6113
237.2668,11.05,274.7511
237.2725,11.05,274.8909
237.2783,11.04882,275.0308
237.2841,11.05,275.1702
237.2898,11.04975,275.31
237.2956,11.05,275.4497
237.3014,11.05,275.5896
237.3071,11.05,275.7294
237.3129,11.05,275.8692
237.3187,11.0499,276.009
237.3244,11.05,276.1488
237.3302,11.05,276.2886
237.336,11.04462,276.4284
237.3417,11.05,276.5674
237.3475,11.05,276.707
237.3533,11.05,276.8468
237.359,11.05,276.9866
237.3648,11.05,277.1264
237.3706,11.05,277.2662
237.3763,11.04945,277.406
237.3821,11.05,277.5458
237.3879,11.05,277.6856
237.3936,11.05,277.8254
237.3994,11.05,277.9652
237.4052,11.05,278.105
237.4111,11.05,278.2448
237.4171,11.05,278.3846
237.4231,11.04353,278.5244
237.4293,11.05,278.6633
237.4356,11.05,278.8027
237.4422,11.05,278.9425
237.4491,11.04145,279.0823
237.456,11.05,279.2206
237.4633,11.05,279.3597
237.4709,11.04949,279.4995
237.4791,11.05,279.6391
237.4876,11.05,279.7787
237.4964,11.05,279.9184
237.5056,11.04577,280.058
237.5151,11.05,280.1966
237.5255,11.05,280.336
237.5364,11.05,280.4755
237.5477,11.04716,280.615
237.5595,11.05,280.754
237.5718,11.05,280.8933
237.5852,11.04867,281.0326
237.5991,11.05,281.1714
237.6137,11.05,281.3106
237.6288,11.05,281.4497
237.6446,11.05,281.5887
237.6617,11.04728,281.7276
237.6795,11.05,281.8661
237.6979,11.04997,282.0047
237.7171,11.05,282.1433
237.7371,11.05,282.2818
237.7586,11.05,282.4201
237.7809,11.05,282.5583
237.804,11.05,282.6963
237.828,11.04998,282.8341
237.8528,11.04104,282.9719
237.8793,11.05,283.1083
237.9066,11.05,283.2448
237.9351,11.05,283.3819
237.9645,11.05,283.5187
237.9949,11.05,283.6553
238.0273,11.04907,283.7914
238.0607,11.04536,283.9273
238.0952,11.04504,284.0628
238.13,11.04715,284.1974
238.1665,11.05,284.3322
238.2042,11.05,284.4669
238.2442,11.05,284.601
238.2853,11.05,284.7347
238.3276,11.05,284.8682
238.371,11.05,285.0012
238.4157,11.05,285.1338
238.4628,11.05,285.2656
238.5111,11.05,285.3969
238.5607,11.05,285.5278
238.6116,11.04864,285.6582
238.6637,11.04023,285.788
238.7183,11.05,285.9163
238.774,11.0476,286.0438
238.8312,11.05,286.1708
238.89,11.05,286.2978
238.9501,11.05,286.4241
239.013,11.04979,286.5492
239.0773,11.04246,286.6734
239.1428,11.05,286.7965
239.2097,11.05,286.9189
239.2782,11.0479,287.0409
239.3494,11.05,287.1608
239.4222,11.05,287.2803
239.4966,11.05,287.3989
239.5723,11.05,287.5165
239.6511,11.05,287.6323
239.7313,11.04985,287.7469
239.8129,11.04858,287.8606
239.8961,11.04627,287.9732
239.9807,11.04046,288.0847
240.066,11.04452,288.1942
240.1533,11.05,288.3023
240.2437,11.05,288.4088
240.3358,11.05,288.5142
240.4293,11.05,288.6183
240.5243,11.05,288.7211
240.6223,11.05,288.8211
240.7217,11.05,288.9197
240.8225,11.04965,289.0167
240.9248,11.05,289.1122
241.0285,11.04898,289.2062
241.1349,11.05,289.2968
241.2429,11.05,289.3859
241.3523,11.04073,289.4733
241.463,11.0442,289.5589
241.5749,11.04712,289.6427
241.6896,11.04931,289.7228
241.8056,11.05,289.8011
241.9229,11.05,289.8774
242.0415,11.04784,289.9518
242.1609,11.04928,290.0239
242.2831,11.05,290.0921
242.4065,11.05,290.1582
242.531,11.05,290.2222
242.6567,11.05,290.2839
242.7834,11.05,290.3434
242.9114,11.05,290.4001
243.0396,11.04804,290.4563
243.1673,11.05,290.5123
243.2955,11.05,290.5685
243.4237,11.05,290.6247
243.5519,11.05,290.6808
243.6801,11.04797,290.737
243.8083,11.05,290.7932
243.9365,11.05,290.8494
244.0647,11.04473,290.9055
244.1919,11.05,290.9613
244.3199,11.04962,291.0174
244.4481,11.04318,291.0735
244.576,11.05,291.1296
244.7039,11.05,291.1856
244.8321,11.05,291.2418
244.9603,11.05,291.298
245.0885,11.04008,291.3542
245.2155,11.05,291.4098
245.3429,11.04047,291.4657
245.4706,11.04836,291.5218
245.5982,11.05,291.5779
245.7263,11.05,291.6343
245.8543,11.05,291.6909
245.9823,11.05,291.7477
246.1101,11.05,291.8047
246.2379,11.05,291.8619
246.3655,11.05,291.9193
246.4931,11.05,291.977
246.6206,11.04847,292.0349
246.7477,11.05,292.0933
246.8747,11.05,292.152
247.0017,11.05,292.2111
247.1284,11.05,292.2705
247.255,11.04645,292.3302
247.3811,11.04994,292.3907
247.5071,11.05,292.4515
247.6329,11.05,292.5128
247.7586,11.05,292.5746
247.884,11.05,292.6368
248.0089,11.0499,292.7
248.1335,11.05,292.7637
248.2579,11.05,292.8279
248.382,11.05,292.8927
248.5058,11.05,292.958
248.629,11.04925,293.0245
248.7518,11.05,293.0916
248.8743,11.05,293.1593
248.9964,11.05,293.2277
249.1182,11.05,293.2968
249.2392,11.05,293.3672
249.3598,11.04613,293.4383
249.4799,11.04943,293.5101
249.5995,11.05,293.5826
249.7187,11.05,293.6559
249.837,11.05,293.7307
249.9548,11.05,293.8064
250.0721,11.04345,293.8828
250.188,11.05,293.9592
250.3039,11.04827,294.0371
250.4197,11.05,294.1154
250.5356,11.05,294.1939
250.6516,11.05,294.2723
250.7675,11.05,294.3507
250.8835,11.05,294.429
250.9996,11.05,294.5072
251.1158,11.05,294.5853
251.2321,11.05,294.6633
251.3484,11.05,294.7411
251.4649,11.05,294.8188
251.5816,11.05,294.8961
251.6984,11.05,294.9732
251.8154,11.04685,295.0501
251.9322,11.05,295.1266
252.0494,11.04693,295.2029
252.1665,11.0421,295.2784
252.2843,11.04696,295.3538
252.4021,11.04955,295.4289
252.5203,11.05,295.5037
252.6389,11.05,295.5782
252.7579,11.05,295.6519
252.8771,11.05,295.7252
252.9966,11.05,295.7981
253.1164,11.05,295.8705
253.2365,11.05,295.9424
253.3572,11.04978,296.0134
253.4782,11.04113,296.0838
253.5988,11.05,296.1533
253.7199,11.05,296.2222
253.8418,11.05,296.2909
253.9645,11.05,296.3584
254.0875,11.04032,296.4253
254.2095,11.05,296.4911
254.3325,11.05,296.5562
254.4566,11.05,296.621
254.5814,11.04333,296.6843
254.7065,11.04898,296.7468
254.8318,11.05,296.8084
254.9578,11.05,296.8694
255.0842,11.04103,296.9295
255.2099,11.05,296.9882
255.3369,11.04741,297.0454
255.4648,11.05,297.102
255.5932,11.05,297.1577
255.722,11.05,297.2124
255.8517,11.05,297.2651
255.9818,11.05,297.3169
256.1122,11.05,297.3676
256.2432,11.05,297.4172
256.3745,11.04477,297.4657
256.5062,11.04998,297.5122
256.6385,11.05,297.5573
256.7714,11.05,297.6012
256.9047,11.05,297.644
257.0384,11.04815,297.6855
257.1723,11.05,297.7243
257.3071,11.05,297.7621
257.4423,11.05,297.7985
257.5779,11.05,297.8335
257.7137,11.05,297.8672
257.8503,11.04857,297.8981
257.987,11.05,297.9276
258.1242,11.05,297.9556
258.2616,11.05,297.9821
258.3994,11.04994,298.0071
258.5376,11.04894,298.0291
258.6761,11.04693,298.0495
258.8148,11.04413,298.0683
258.9538,11.04076,298.0855
259.0929,11.04996,298.101
259.2316,11.05,298.1131
259.3712,11.05,298.1236
259.511,11.05,298.1324
259.6508,11.05,298.1394
259.7907,11.05,298.1446
259.9307,11.05,298.1463
260.0707,11.0437,298.1461
260.2095,11.05,298.1448
260.3491,11.05,298.1409
260.489,11.05,298.135
260.6288,11.05,298.1273
260.7683,11.05,298.1157
260.9076,11.05,298.1021
261.0468,11.04726,298.0865
261.1849,11.04396,298.0692
261.3232,11.04715,298.0476
261.461,11.04928,298.024
261.5986,11.05,297.9982
261.7358,11.05,297.9704
261.8726,11.04711,297.9405
262.0082,11.04992,297.9078
262.1433,11.05,297.8715
262.278,11.05,297.8331
262.412,11.05,297.7925
262.5453,11.05,297.7498
262.6779,11.04954,297.7049
262.8088,11.05,297.6557
262.939,11.05,297.6043
263.0684,11.04412,297.5507
263.196,11.05,297.496
263.3221,11.04183,297.4359
263.4471,11.05,297.3753
263.5708,11.05,297.311
263.6938,11.05,297.2442
263.8156,11.05,297.1752
263.9362,11.05,297.104
264.054,11.04531,297.0285
264.1702,11.05,296.951
264.285,11.05,296.8712
264.3985,11.05,296.7892
264.5103,11.05,296.7051
264.6189,11.05,296.6168
264.7258,11.05,296.5263
264.8308,11.05,296.4338
264.9341,11.05,296.3393
265.0354,11.04843,296.2427
265.1326,11.04994,296.1423
265.2279,11.04801,296.0399
265.321,11.05,295.9358
265.412,11.05,295.8295
265.5009,11.05,295.7213
265.5851,11.04963,295.6095
265.6669,11.05,295.4961
265.7463,11.05,295.3808
265.8232,11.05,295.2639
265.8976,11.05,295.1454
265.9668,11.04797,295.0237
266.0337,11.04858,294.9012
266.0974,11.05,294.7767
266.1583,11.05,294.6508
266.2123,11.05,294.5346
266.2594,11.05,294.4282
266.2997,11.04936,294.3318
266.3337,11.05,294.2453
266.3616,11.05,294.1692
266.3842,11.05,294.1038
266.4021,11.04693,294.0495
266.4159,11.04996,294.0059
266.4258,11.05,293.9737
266.4321,11.05,293.9524
266.4366,11.05,293.9371
266.4389,11.05,293.9292
266.4404,11.05,293.9241
266.4413,11.05,293.9212
266.4413,11.05,293.9212
266.4412,11.05,293.9217
266.4402,11.05,293.925
266.4385,11.05,293.9306
266.436,11.05,293.9391
266.4325,11.05,293.951
266.4273,11.05,293.9684
266.4191,11.05,293.9962
266.4091,11.04887,294.0301
266.397,11.0437,294.0707
266.3828,11.05,294.1186
266.3658,11.05,294.1762
266.3453,11.05,294.2452
266.3215,11.04999,294.3258
266.2942,11.04033,294.4178
266.2646,11.05,294.5176
266.232,11.05,294.6281
266.1958,11.05,294.75
266.1563,11.05,294.8834
266.1166,11.04961,295.0176
266.0771,11.04251,295.1517
266.0375,11.04823,295.2857
265.9983,11.05,295.4197
265.9591,11.05,295.554
265.92,11.05,295.6884
265.8845,11.05,295.8113
265.8524,11.0469,295.9227
265.8237,11.04935,296.0229
265.7983,11.05,296.1119
265.7764,11.05,296.1895
265.7578,11.05,296.2555
265.7427,11.05,296.31
265.7309,11.05,296.353
265.7224,11.05,296.3845
265.7167,11.05,296.4061
265.7127,11.05,296.4216
265.7097,11.05,296.4332
265.7084,11.05,296.4384
265.7077,11.05,296.4413
265.7074,11.05,296.4427
265.7073,11.05,296.4428
265.7073,11.05,296.4428
265.7073,11.05,296.4428
265.7073,11.05,296.4428
265.7073,11.05,296.4428
265.7073,11.05,296.4428
265.7073,11.05,296.4428
265.7073,11.05,296.4428
265.7073,11.05,296.4428
265.7073,11.05,296.4428
265.7073,11.05,296.4428
265.7073,11.05,296.4428
265.7073,11.05,296.4428
265.7073,11.05,296.4428
265.7073,11.05,296.4428
265.7073,11.05,296.4428
265.7073,11.05,296.4428
265.7073,11.05,296.4428
265.7073,11.05,296.4428
265.7073,11.05,296.4428
265.7073,11.05,296.4428
265.7073,11.05,296.4428
265.7073,11.05,296.4428
265.7073,11.05,296.4428
265.7073,11.05,296.4428
265.7073,11.05,296.4428
265.7073,11.05,296.4428
265.7073,11.05,296.4428
265.7073,11.05,296.4428
265.7073,11.05,296.4428
265.7073,11.05,296.4428
265.7073,11.05,296.4428
265.7073,11.05,296.4428
265.7073,11.05,296.4428
265.7073,11.05,296.4428
265.7073,11.05,296.4428
265.7073,11.05,296.4428
265.7073,11.05,296.4428
265.7073,11.05,296.4428
265.7073,11.05,296.4428
265.7073,11.05,296.4428
265.7073,11.05,296.4428
265.7073,11.05,296.4428
265.7073,11.05,296.4428
265.7073,11.05,296.4428
265.7073,11.05,296.4428
265.7073,11.05,296.4428
265.7073,11.05,296.4428
265.7073,11.05,296.4428
265.7073,11.05,296.4428
265.7073,11.05,296.4428
265.7073,11.05,296.4428
265.7073,11.05,296.4428
265.7073,11.05,296.4428
265.7073,11.05,296.4428
265.7073,11.05,296.4428
265.7073,11.05,296.4428
265.7073,11.05,296.4428
265.7073,11.05,296.4428
265.7073,11.05,296.4428
265.7073,11.05,296.4428
265.7073,11.05,296.4428
265.7073,11.05,296.4428
265.7073,11.05,296.4428
265.7073,11.05,296.4428
265.7073,11.05,296.4428
265.7073,11.05,296.4428
265.7073,11.05,296.4428
265.7073,11.05,296.4428
265.7073,11.05,296.4428
265.7073,11.05,296.4428
265.7073,11.05,296.4428
265.7073,11.05,296.4428
265.7073,11.05,296.4428
265.7073,11.05,296.4428
265.7073,11.05,296.4428
265.7073,11.05,296.4428
265.7073,11.05,296.4428
265.7073,11.05,296.4428
265.7073,11.05,296.4428
265.7073,11.05,296.4428
265.7073,11.05,296.4428
265.7073,11.05,296.4428
265.7073,11.05,296.4428
265.7073,11.05,296.4428
265.7073,11.05,296.4428
265.7073,11.05,296.4428
265.7073,11.05,296.4428
265.7073,11.05,296.4428
265.7073,11.05,296.4428
265.7073,11.05,296.4428
265.7073,11.05,296.4428
265.7073,11.05,296.4425
265.707,11.05,296.4391
265.7065,11.05,296.4332
265.7059,11.05,296.4243
265.7052,11.05,296.4117
265.7043,11.05,296.3947
265.7034,11.05,296.3658
265.7025,11.05,296.3301
265.702,11.05,296.2874
265.7018,11.05,296.237
265.7022,11.05,296.1783
265.7035,11.05,296.1076
265.7061,11.04922,296.025
265.71,11.05,295.9312
265.7155,11.04237,295.8255
265.7224,11.05,295.7115
265.7318,11.05,295.5864
265.7452,11.05,295.45
265.761,11.05,295.3109
265.7786,11.05,295.1721
265.7977,11.0486,295.0334
265.8197,11.04638,294.8957
265.8431,11.05,294.7584
265.8688,11.05,294.621
265.8963,11.05,294.4838
265.9255,11.05,294.3469
265.9582,11.05,294.2108
265.9926,11.0428,294.0752
266.0276,11.04905,293.9407
266.0655,11.0446,293.8063
266.1053,11.05,293.6723
266.1466,11.05,293.5389
266.188,11.05,293.4052
266.2295,11.04889,293.2715
266.2708,11.05,293.1382
266.3123,11.04997,293.0045
266.3537,11.05,292.8708
266.3951,11.05,292.7372
266.4365,11.05,292.6035
266.4779,11.05,292.4698
266.5194,11.05,292.3362
266.5608,11.05,292.2025
266.6022,11.04403,292.0688
266.6434,11.05,291.9359
266.6848,11.04123,291.8026
266.7258,11.05,291.67
266.7671,11.05,291.537
266.8085,11.05,291.4033
266.8499,11.05,291.2696
266.8914,11.05,291.136
266.9328,11.04697,291.0023
266.9741,11.05,290.8691
267.0154,11.0497,290.7355
267.0569,11.04593,290.6019
267.0983,11.05,290.4683
267.1396,11.05,290.3348
267.1811,11.04975,290.2011
267.2225,11.04426,290.0675
267.2637,11.05,289.9347
267.305,11.05,289.8013
267.3464,11.05,289.6676
267.3879,11.05,289.5339
267.4293,11.05,289.4003
267.4707,11.05,289.2666
267.5121,11.05,289.1329
267.5536,11.05,288.9993
267.595,11.05,288.8656
267.6364,11.04426,288.7319
267.6776,11.05,288.599
267.719,11.05,288.4656
267.7604,11.05,288.3319
267.8018,11.05,288.1982
267.8433,11.04476,288.0645
267.8845,11.04861,287.9316
267.9258,11.05,287.7984
267.9673,11.05,287.6648
268.0091,11.0499,287.5313
268.0509,11.04675,287.3977
268.0928,11.05,287.2643
268.1349,11.05,287.131
268.1772,11.05,286.9976
268.2199,11.05,286.8643
268.2629,11.05,286.7311
268.3061,11.05,286.598
268.3495,11.04158,286.465
268.3928,11.05,286.3329
268.437,11.05,286.2007
268.4818,11.04416,286.0681
268.5264,11.05,285.9363
268.5718,11.05,285.8043
268.6177,11.04815,285.6721
268.6642,11.05,285.5406
268.7114,11.05,285.4088
268.7591,11.05,285.2773
268.8073,11.05,285.1459
268.8555,11.04974,285.0145
268.9036,11.05,284.8832
268.9518,11.05,284.7518
269,11.05,284.6205
269.0482,11.04708,284.4891
269.0964,11.05,284.3578
269.1445,11.04578,284.2265
269.1925,11.05,284.0957
269.2407,11.05,283.9645
269.2888,11.05,283.8331
269.337,11.05,283.7018
269.3852,11.05,283.5703
269.4334,11.04998,283.439
269.4816,11.05,283.3076
269.5298,11.05,283.1762
269.578,11.04748,283.0448
269.626,11.05,282.9139
269.6742,11.04258,282.7826
269.7221,11.05,282.6521
269.7701,11.05,282.5212
269.8183,11.05,282.3898
269.8666,11.05,282.2585
269.915,11.05,282.1272
269.9635,11.04935,281.9959
270.0121,11.04982,281.8648
270.0608,11.04535,281.7336
270.1098,11.05,281.6028
270.159,11.05,281.472
270.2085,11.05,281.3411
270.2582,11.05,281.2102
270.3082,11.04201,281.0795
270.358,11.05,280.9498
270.4086,11.05,280.8199
270.4598,11.05,280.6896
270.5113,11.04854,280.5595
270.563,11.05,280.4299
270.6156,11.05,280.3002
270.6686,11.05,280.1707
270.7221,11.04785,280.0414
270.7758,11.05,279.9127
270.8301,11.05,279.7838
270.8855,11.05,279.6553
270.9415,11.05,279.527
270.9979,11.05,279.3989
271.0549,11.04621,279.2711
271.1125,11.04939,279.1438
271.1712,11.04964,279.0171
271.2306,11.05,278.8904
271.2906,11.05,278.764
271.3514,11.05,278.638
271.4128,11.04378,278.5122
271.4745,11.05,278.3875
271.5379,11.05,278.2632
271.6023,11.05,278.1389
271.6673,11.04972,278.015
271.7332,11.05,277.8916
271.8006,11.05,277.769
271.8689,11.05,277.6468
271.938,11.05,277.5251
272.008,11.04992,277.4039
272.0788,11.04216,277.2832
272.151,11.04989,277.1641
272.2242,11.0474,277.0455
272.2981,11.05,276.9274
272.3734,11.05,276.8095
272.4492,11.05,276.6918
272.5251,11.04849,276.5742
272.6006,11.05,276.4569
272.6764,11.05,276.3393
272.7522,11.05,276.2216
272.828,11.05,276.1039
272.9038,11.04572,275.9863
272.9792,11.05,275.8692
273.0549,11.04621,275.7517
273.1305,11.05,275.6344
273.2062,11.05,275.5168
273.282,11.04133,275.3992
273.3573,11.05,275.2824
273.4327,11.05,275.1653
273.5085,11.04715,275.0477
273.584,11.05,274.9304
273.6598,11.05,274.8128
273.7356,11.05,274.6952
273.8114,11.05,274.5775
273.8872,11.05,274.4599
273.963,11.05,274.3422
274.0388,11.04811,274.2246
274.1145,11.05,274.1071
274.1903,11.05,273.9895
274.2661,11.05,273.8718
274.3419,11.05,273.7542
274.4177,11.05,273.6365
274.4935,11.0496,273.5189
274.5692,11.05,273.4013
274.645,11.05,273.2837
274.7208,11.05,273.166
274.7966,11.04706,273.0484
274.8721,11.04782,272.9311
274.9476,11.05,272.8141
275.0233,11.04932,272.6964
275.0991,11.05,272.5789
275.1749,11.05,272.4612
275.2507,11.04458,272.3435
275.326,11.05,272.2266
275.4017,11.05,272.1091
275.4775,11.05,271.9915
275.5533,11.05,271.8738
275.6291,11.05,271.7562
275.7049,11.05,271.6385
275.7807,11.05,271.5209
275.8565,11.05,271.4032
275.9323,11.05,271.2856
276.0081,11.04992,271.1679
276.0839,11.0411,271.0503
276.1592,11.05,270.9334
276.2346,11.05,270.8163
276.3105,11.05,270.6986
276.3862,11.05,270.581
276.462,11.05,270.4633
276.5378,11.05,270.3457
276.6136,11.05,270.2281
276.6894,11.05,270.1104
276.7652,11.05,269.9928
276.841,11.04927,269.8751
276.9167,11.05,269.7577
276.9925,11.05,269.64
277.0683,11.04413,269.5223
277.1438,11.05,269.4052
277.2194,11.04707,269.2878
277.2948,11.05,269.1707
277.3706,11.04646,269.0531
277.4461,11.05,268.9359
277.5218,11.05,268.8184
277.5976,11.0433,268.7007
277.6729,11.05,268.5839
277.7485,11.05,268.4665
277.8243,11.05,268.3489
277.9001,11.05,268.2312
277.9759,11.05,268.1136
278.0517,11.04665,267.9959
278.1273,11.05,267.8785
278.2029,11.05,267.7609
278.2785,11.05,267.6431
278.3539,11.05,267.5252
278.4292,11.05,267.4073
278.5044,11.05,267.2892
278.5795,11.05,267.1711
278.6541,11.04651,267.0527
278.7284,11.05,266.9347
278.8026,11.04989,266.8162
278.8766,11.05,266.6974
278.9503,11.05,266.5785
279.0235,11.04931,266.4592
279.0963,11.05,266.3397
279.1689,11.04836,266.2201
279.2409,11.05,266.1006
279.3127,11.05,265.9805
279.3837,11.05,265.8599
279.4544,11.05,265.7391
279.5245,11.04451,265.618
279.5941,11.05,265.4975
279.6632,11.05,265.3761
279.7315,11.05,265.2539
279.7992,11.05,265.1314
279.8663,11.04991,265.0086
279.9329,11.05,264.8856
279.9989,11.05,264.7621
280.0637,11.0449,264.6381
280.1276,11.05,264.514
280.1909,11.05,264.3894
280.2537,11.04993,264.2643
280.3157,11.05,264.1389
280.3762,11.0498,264.0127
280.436,11.05,263.8863
280.495,11.05,263.7593
280.5531,11.04609,263.632
280.6106,11.05,263.5052
280.6662,11.05,263.3768
280.7209,11.05,263.248
280.7747,11.05,263.1188
280.8275,11.05,262.9893
280.8794,11.05,262.8593
280.9293,11.05,262.7285
280.9782,11.05,262.5974
281.026,11.04915,262.4659
281.0727,11.04333,262.334
281.1183,11.0456,262.202
281.162,11.04383,262.07
281.2047,11.05,261.9382
281.2456,11.05,261.8047
281.2854,11.05,261.6706
281.324,11.05,261.5361
281.3601,11.04896,261.4009
281.3948,11.05,261.2656
281.4283,11.05,261.1297
281.4604,11.05,260.9935
281.4911,11.05,260.857
281.5191,11.05,260.7198
281.5456,11.04915,260.5825
281.5706,11.05,260.4449
281.5941,11.05,260.307
281.6162,11.05,260.1688
281.6351,11.04886,260.0302
281.6525,11.05,259.8917
281.6683,11.04552,259.7527
281.683,11.05,259.614
281.6956,11.05,259.4749
281.7047,11.05,259.3352
281.7122,11.05,259.1955
281.718,11.04611,259.0556
281.7228,11.05,258.9165
281.725,11.04833,258.7767
281.7236,11.05,258.637
281.7204,11.05,258.4971
281.7153,11.05,258.3573
281.7084,11.05,258.2175
281.6996,11.04235,258.0779
281.6902,11.05,257.9392
281.6797,11.04081,257.8002
281.6692,11.05,257.6616
281.6587,11.05,257.5228
281.6482,11.05,257.3832
281.6377,11.05,257.2437
281.6272,11.05,257.1042
281.6166,11.05,256.9646
281.6061,11.05,256.8251
281.5956,11.04491,256.6855
281.5851,11.05,256.5465
281.5746,11.05,256.4072
281.5641,11.05,256.2676
281.5535,11.05,256.1281
281.543,11.05,255.9886
281.5325,11.05,255.849
281.5219,11.05,255.7095
281.5114,11.04785,255.5699
281.5009,11.05,255.4307
281.4904,11.05,255.2912
281.4799,11.05,255.1517
281.4693,11.04982,255.0121
281.4587,11.05,254.8727
281.4481,11.05,254.7331
281.4373,11.05,254.5936
281.4264,11.04952,254.4541
281.4153,11.05,254.3147
281.4041,11.05,254.1752
281.3926,11.0484,254.0357
281.381,11.05,253.8967
281.369,11.05,253.7574
281.3566,11.05,253.618
281.3439,11.05,253.4786
281.331,11.04996,253.3393
281.3177,11.05,253.2
281.3037,11.04536,253.0607
281.2896,11.05,252.9223
281.2748,11.05,252.7833
281.2596,11.05,252.6442
281.2439,11.05,252.5051
281.2273,11.05,252.3662
281.2102,11.04982,252.2273
281.1926,11.04008,252.0885
281.1749,11.05,251.9509
281.1563,11.05,251.813
281.1363,11.05,251.6745
281.1157,11.05,251.5361
281.0945,11.05,251.3978
281.0726,11.04335,251.2596
281.0501,11.04685,251.1215
281.0261,11.04915,250.9838
281.0014,11.05,250.8461
280.9759,11.05,250.7085
280.9496,11.05,250.5711
280.9225,11.05,250.4338
280.8938,11.05,250.2968
280.8642,11.05,250.16
280.8338,11.04931,250.0235
280.8025,11.04548,249.8873
280.7704,11.05,249.7515
280.7363,11.05,249.6159
280.7012,11.05,249.4805
280.6651,11.05,249.3453
280.628,11.05,249.2103
280.5898,11.04277,249.0757
280.5511,11.05,248.9422
280.5099,11.05,248.8089
280.4675,11.05,248.6755
280.424,11.04112,248.5425
280.3799,11.04942,248.4102
280.3332,11.05,248.2789
280.2851,11.05,248.1475
280.2358,11.04966,248.0165
280.1854,11.05,247.8861
280.1337,11.05,247.756
280.0796,11.04201,247.627
280.0245,11.04925,247.4987
279.9681,11.05,247.3712
279.9101,11.05,247.2438
279.8509,11.05,247.117
279.789,11.05,246.9915
279.7258,11.05,246.8666
279.6612,11.04585,246.7424
279.5953,11.04965,246.6191
279.5281,11.05,246.4965
279.4581,11.05,246.3753
279.3867,11.05,246.2549
279.3139,11.05,246.1354
279.2397,11.04965,246.0167
279.1641,11.05,245.899
279.0856,11.04073,245.7831
279.0067,11.04994,245.6683
278.9258,11.05,245.555
278.843,11.05,245.4421
278.7588,11.05,245.3303
278.6732,11.05,245.2196
278.5846,11.05,245.1112
278.4946,11.04998,245.004
278.4032,11.05,244.898
278.3108,11.05,244.7929
278.2178,11.05,244.6882
278.1248,11.05,244.5837
278.0317,11.04874,244.4792
277.9388,11.05,244.3748
277.8457,11.05,244.2702
277.7527,11.05,244.1657
277.6596,11.04529,244.0612
277.5669,11.05,243.957
277.474,11.05,243.8526
277.381,11.05,243.748
277.2881,11.05,243.6433
277.1953,11.05,243.5385
277.1027,11.05,243.4336
277.0102,11.04987,243.3286
276.9178,11.05,243.2234
276.8255,11.05,243.1182
276.7336,11.0498,243.0126
276.642,11.05,242.9069
276.5505,11.05,242.801
276.4593,11.05,242.6948
276.3683,11.05,242.5885
276.2778,11.05,242.4817
276.1876,11.05,242.3746
276.0977,11.05,242.2673
276.0082,11.04992,242.1598
275.919,11.04662,242.0519
275.8307,11.04189,241.944
275.7426,11.04461,241.8352
275.6551,11.04683,241.7262
275.5679,11.0485,241.6168
275.4811,11.04958,241.507
275.3953,11.05,241.3964
275.31,11.05,241.2855
275.2252,11.05,241.1741
275.1409,11.0451,241.0624
275.0573,11.04588,240.9509
274.975,11.05,240.8383
274.8931,11.05,240.725
274.8118,11.05,240.6111
274.7311,11.05,240.4967
274.6511,11.05,240.3819
274.5724,11.05,240.2661
274.4945,11.05,240.1498
274.4174,11.04863,240.0331
274.3412,11.05,239.9161
274.2655,11.05,239.7983
274.1916,11.05,239.6795
274.1184,11.05,239.5602
274.0462,11.04733,239.4403
273.9749,11.05,239.3201
273.9045,11.05,239.1993
273.8359,11.04246,239.0773
273.7682,11.05,238.9558
273.7018,11.05,238.8331
273.6363,11.04663,238.7095
273.5718,11.04988,238.5854
273.5095,11.05,238.4602
273.4482,11.05,238.3344
273.3881,11.05,238.208
273.3291,11.0417,238.0811
273.271,11.05,237.9548
273.2159,11.05,237.8268
273.1618,11.05,237.6977
273.109,11.05,237.5681
273.0575,11.04585,237.438
273.0074,11.04993,237.3075
272.96,11.05,237.176
272.9134,11.04757,237.0441
272.8671,11.04871,236.9125
272.8208,11.05,236.7806
272.7745,11.05,236.6485
272.7281,11.05,236.5165
272.6818,11.05,236.3844
272.6355,11.05,236.2524
272.5891,11.05,236.1203
272.5428,11.05,235.9883
272.4965,11.05,235.8563
272.4501,11.05,235.7242
272.4038,11.05,235.5922
272.3574,11.04335,235.4601
272.3112,11.04982,235.3284
272.265,11.05,235.1967
272.2187,11.04474,235.0647
272.1726,11.05,234.9333
272.1263,11.05,234.8015
272.08,11.04192,234.6694
272.0337,11.04858,234.5377
271.9875,11.05,234.406
271.9412,11.05,234.274
271.8949,11.05,234.1419
271.8485,11.04988,234.0099
271.8021,11.04639,233.8779
271.7556,11.05,233.7462
271.709,11.05,233.6143
271.6622,11.05,233.4824
271.6154,11.05,233.3506
271.5681,11.05,233.2188
271.5207,11.04038,233.0872
271.4736,11.05,232.9566
271.426,11.05,232.8258
271.3779,11.05,232.6944
271.3292,11.05,232.5632
271.2802,11.05,232.4321
271.2309,11.04691,232.3011
271.1813,11.05,232.1704
271.1313,11.04801,232.0398
271.0809,11.04174,231.9098
271.0299,11.04888,231.7799
270.9784,11.05,231.6503
270.9263,11.05,231.5204
270.8737,11.05,231.3907
270.8202,11.05,231.2615
270.7661,11.05,231.1324
270.7114,11.04998,231.0036
270.6562,11.05,230.875
270.6003,11.05,230.7466
270.5433,11.04642,230.6189
270.4857,11.04998,230.4915
270.4275,11.05,230.3643
270.3685,11.05,230.2374
270.3088,11.05,230.1108
270.2477,11.05,229.9849
270.1859,11.05,229.8594
270.1234,11.05,229.7342
270.0601,11.04547,229.6094
269.9962,11.05,229.4852
269.9305,11.05,229.3618
269.864,11.05,229.2387
269.7966,11.05,229.116
269.7283,11.05,228.9938
269.6592,11.05,228.8721
269.5883,11.05,228.7515
269.5164,11.04166,228.6314
269.4438,11.04709,228.5119
269.3703,11.04967,228.3932
269.2957,11.05,228.2749
269.2191,11.05,228.1577
269.1415,11.04787,228.0412
269.0633,11.04496,227.9257
268.9843,11.05,227.8108
268.9038,11.05,227.6966
268.8211,11.05,227.5836
268.7374,11.05,227.4715
268.6526,11.05,227.3602
268.5667,11.05,227.2496
268.4798,11.05,227.1399
268.3907,11.04872,227.032
268.3006,11.05,226.9252
268.2093,11.05,226.8191
268.1169,11.05,226.714
268.0234,11.04932,226.6098
267.9277,11.05,226.5079
267.8308,11.05,226.4068
267.7328,11.05,226.3069
267.6336,11.05,226.2081
267.5333,11.05,226.1105
267.4308,11.04971,226.0152
267.3271,11.05,225.9212
267.2223,11.05,225.8284
267.1163,11.05,225.737
267.0093,11.04989,225.6468
266.9,11.05,225.5594
266.7896,11.05,225.4734
266.678,11.05,225.3888
266.5654,11.05,225.3056
266.4517,11.05,225.224
266.3358,11.05,225.1455
266.2188,11.04408,225.0686
266.1015,11.05,224.993
265.9827,11.05,224.9195
265.8626,11.05,224.8476
265.7405,11.04907,224.7791
265.6174,11.04432,224.7124
265.4935,11.05,224.6476
265.3688,11.05,224.5847
265.2429,11.05,224.5235
265.1151,11.05,224.4662
264.9865,11.05,224.4109
264.8571,11.05,224.3576
264.7268,11.05,224.3064
264.5957,11.05,224.2572
264.4638,11.05,224.2101
264.3305,11.05,224.1673
264.1965,11.05,224.1267
264.0619,11.04518,224.0884
263.9276,11.04032,224.0513
263.7923,11.04953,224.0194
263.656,11.05,223.9904
263.5186,11.05,223.9637
263.3807,11.05,223.9393
263.2425,11.05,223.9174
263.1035,11.05,223.9005
262.9642,11.05,223.886
262.8247,11.04847,223.8741
262.6852,11.05,223.8647
262.5454,11.05,223.858
262.4055,11.05,223.8538
262.2654,11.05,223.8549
262.1255,11.05,223.8587
261.9856,11.05,223.8651
261.8459,11.04949,223.8743
261.7066,11.05,223.8871
261.5673,11.05,223.9009
261.428,11.05,223.9149
261.2887,11.05,223.9289
261.1494,11.05,223.9429
261.0101,11.04987,223.9569
260.8708,11.04369,223.9709
260.7326,11.05,223.9848
260.5936,11.05,223.9988
260.4543,11.0498,224.0128
260.315,11.0491,224.0268
260.1757,11.04792,224.0408
260.0364,11.04455,224.0548
259.8975,11.04405,224.0687
259.7582,11.04135,224.0827
259.6189,11.05,224.0967
259.4803,11.05,224.1107
259.341,11.05,224.1247
259.2017,11.05,224.1387
259.0624,11.04511,224.1527
258.9239,11.05,224.1666
258.7848,11.05,224.1806
258.6454,11.05,224.1946
258.5062,11.05,224.2086
258.3669,11.05,224.2226
258.2276,11.04995,224.2366
258.0883,11.04014,224.2505
257.9501,11.05,224.2644
257.8116,11.05,224.2782
257.6723,11.05,224.292
257.5329,11.05,224.3057
257.3936,11.05,224.3192
257.2542,11.04616,224.3324
257.1156,11.05,224.3455
256.9763,11.05,224.3584
256.8369,11.05,224.3711
256.6974,11.05,224.3833
256.558,11.05,224.3952
256.4184,11.05,224.4068
256.2789,11.05,224.4181
256.1393,11.05,224.429
255.9997,11.05,224.4392
255.86,11.05,224.449
255.7203,11.05,224.4584
255.5806,11.05,224.4673
255.4409,11.04924,224.4758
255.3012,11.05,224.4832
255.1614,11.05,224.4902
255.0215,11.04942,224.4966
254.8819,11.05,224.5024
254.742,11.05,224.5077
254.602,11.05,224.5117
254.4621,11.04824,224.515
254.3224,11.05,224.5177
254.1824,11.05,224.5197
254.0424,11.04774,224.521
253.903,11.05,224.5213
253.763,11.05,224.5203
253.623,11.05,224.5186
253.483,11.04932,224.516
253.3432,11.05,224.5126
253.2033,11.05,224.5075
253.0634,11.04494,224.5015
252.9243,11.05,224.4951
252.7848,11.05,224.4873
252.6451,11.05,224.4785
252.5055,11.05,224.4677
252.366,11.04491,224.4559
252.2273,11.05,224.4431
252.0882,11.04016,224.4293
251.9502,11.05,224.4152
251.812,11.05,224.3981
251.6732,11.05,224.3799
251.5346,11.05,224.3604
251.3961,11.05,224.3398
251.2578,11.04772,224.3181
251.1202,11.05,224.2939
250.9825,11.05,224.2685
250.8451,11.05,224.2418
250.7079,11.05,224.2138
250.571,11.05,224.1846
250.4347,11.05,224.1527
250.2987,11.05,224.1194
250.1631,11.0409,224.0848
250.028,11.04601,224.0489
249.8939,11.04122,224.0118
249.7605,11.05,223.9717
249.6274,11.05,223.9303
249.4942,11.05,223.8872
249.3615,11.05,223.8426
249.2293,11.05,223.7966
249.098,11.05,223.7481
248.9668,11.05,223.6992
248.8356,11.05,223.6503
248.7045,11.05,223.6014
248.5733,11.05,223.5525
248.4421,11.04763,223.5036
248.3111,11.05,223.4548
248.1799,11.05,223.4059
248.0487,11.04702,223.357
247.9181,11.05,223.3083
247.787,11.05,223.2594
247.6558,11.05,223.2106
247.5246,11.05,223.1617
247.3934,11.05,223.1128
247.2623,11.04486,223.0639
247.1313,11.04972,223.0151
247.0003,11.05,222.9662
246.8691,11.04854,222.9174
246.7381,11.05,222.8685
246.6069,11.05,222.8196
246.4757,11.05,222.7707
246.3445,11.05,222.7218
246.2133,11.05,222.6729
246.0822,11.04147,222.6241
245.9519,11.05,222.5755
245.8213,11.05,222.5268
245.6902,11.05,222.4779
245.559,11.05,222.429
245.4278,11.05,222.3802
245.2966,11.04925,222.3313
245.1655,11.04137,222.2824
245.0348,11.04848,222.2337
244.9044,11.05,222.1851
244.7733,11.05,222.1362
244.6421,11.04035,222.0873
244.5112,11.04814,222.0385
244.3806,11.05,221.9899
244.2495,11.05,221.941
244.1183,11.05,221.8921
243.9871,11.05,221.8432
243.8559,11.05,221.7943
243.7248,11.04973,221.7454
243.5936,11.04332,221.6965
243.4628,11.05,221.6478
243.332,11.05,221.599
243.2008,11.05,221.5501
243.0696,11.0439,221.5012
242.9392,11.05,221.4526
242.8083,11.05,221.4038
242.6771,11.05,221.355
242.5459,11.05,221.3062
242.4147,11.05,221.2575
242.2834,11.05,221.2089
242.1521,11.04996,221.1604
242.0207,11.04946,221.112
241.8894,11.04485,221.064
241.758,11.04967,221.0162
241.6266,11.05,220.9686
241.4949,11.05,220.9212
241.3631,11.05,220.874
241.2311,11.05,220.8274
241.099,11.05,220.7811
240.9667,11.05,220.7351
240.8344,11.05,220.6894
240.7019,11.05,220.6441
240.5692,11.04942,220.5996
240.4364,11.04102,220.5555
240.3039,11.05,220.5121
240.1714,11.05,220.4691
240.0381,11.04818,220.4265
239.9051,11.05,220.3843
239.7713,11.05,220.3432
239.6373,11.05,220.3027
239.5031,11.05,220.2627
239.3688,11.05,220.2233
239.2341,11.05,220.1852
239.0992,11.04852,220.1478
238.9642,11.05,220.1111
238.8289,11.0429,220.075
238.6936,11.04802,220.0397
238.5582,11.04997,220.0052
238.4222,11.05,219.9722
238.2859,11.05,219.94
238.1495,11.05,219.9087
238.0129,11.04979,219.8782
237.8876,11.05,219.8509
237.774,11.04826,219.8268
237.6719,11.05,219.8057
237.5815,11.05,219.7877
237.5026,11.05,219.7726
237.4354,11.05,219.7603
237.3799,11.05,219.7506
237.3362,11.05,219.7435
237.3043,11.05,219.7387
237.2842,11.05,219.7356
237.276,11.05,219.7344
237.2794,11.05,219.7348
237.2852,11.05,219.7354
237.2941,11.05,219.7362
237.3067,11.05,219.7373
237.3285,11.05,219.7392
237.3574,11.05,219.7417
237.3929,11.05,219.7447
237.4353,11.05,219.7484
237.4855,11.05,219.7528
237.5476,11.05,219.7581
237.6216,11.05,219.7646
237.7076,11.0474,219.772
237.8035,11.05,219.7803
237.9113,11.05,219.7897
238.0311,11.04879,219.8
238.1615,11.05,219.8114
238.301,11.05,219.8235
238.4405,11.05,219.8355
238.58,11.05,219.8476
238.7194,11.05,219.8597
238.8589,11.0499,219.8718
238.9984,11.05,219.8839
239.1379,11.05,219.896
239.2773,11.05,219.9081
239.4168,11.05,219.9202
239.5563,11.05,219.9323
239.6958,11.05,219.9443
239.8352,11.04071,219.9564
239.974,11.05,219.9685
240.1128,11.05,219.9805
240.2523,11.05,219.9926
240.3917,11.04997,220.0047
240.5312,11.04965,220.0168
240.6707,11.04896,220.0288
240.8102,11.0479,220.0409
240.9496,11.04326,220.053
241.0886,11.04007,220.0651
241.2263,11.04252,220.077
241.3657,11.05,220.0891
241.5047,11.05,220.101
241.6442,11.05,220.1129
241.7837,11.05,220.1247
241.9232,11.05,220.1364
242.0628,11.04504,220.1479
242.2012,11.05,220.1592
242.3405,11.05,220.1702
242.4801,11.05,220.1809
242.6078,11.05,220.1906
242.7234,11.05,220.1991
242.8272,11.05,220.2065
242.919,11.05,220.2129
242.9988,11.05,220.2183
243.0667,11.04441,220.2226
243.1229,11.04329,220.2261
243.1683,11.04772,220.2287
243.2019,11.04949,220.2304
243.2242,11.04997,220.2315
243.2415,11.05,220.2322
243.2545,11.05,220.2327
243.2637,11.05,220.233
243.2667,11.05,220.2331
243.2682,11.05,220.2332
243.2685,11.05,220.2332
243.2685,11.05,220.2332
243.2685,11.05,220.2332
243.2685,11.05,220.2332
243.2685,11.05,220.2332
243.2685,11.05,220.2332
243.2685,11.05,220.2332
243.2685,11.05,220.2332
243.2685,11.05,220.2332
243.2685,11.05,220.2332
243.2685,11.05,220.2332
243.2685,11.05,220.2332
243.2685,11.05,220.2332
243.2685,11.05,220.2332
243.2685,11.05,220.2332
243.2685,11.05,220.2332
243.2685,11.05,220.2332
243.2685,11.05,220.2332
243.2685,11.05,220.2332
243.2685,11.05,220.2332
243.2685,11.05,220.2332
243.2685,11.05,220.2332
243.2685,11.05,220.2332
243.2685,11.05,220.2332
243.2685,11.05,220.2332
243.2685,11.05,220.2332
243.2685,11.05,220.2332
243.2685,11.05,220.2332
243.2685,11.05,220.2332
243.2685,11.05,220.2332
243.2685,11.05,220.2332
243.2685,11.05,220.2332
243.2685,11.05,220.2332
243.2685,11.05,220.2332
243.2685,11.05,220.2332
243.2685,11.05,220.2332
243.2685,11.05,220.2332
243.2685,11.05,220.2332
243.2685,11.05,220.2332
243.2685,11.05,220.2332
243.2685,11.05,220.2332
243.2685,11.05,220.2332
243.2685,11.05,220.2332
243.2685,11.05,220.2332
243.2685,11.05,220.2332
243.2685,11.05,220.2332
243.2685,11.05,220.2332
243.2685,11.05,220.2332
243.2685,11.05,220.2332
243.2685,11.05,220.2332
243.2685,11.05,220.2332
243.2685,11.05,220.2332
243.2685,11.05,220.2332
243.2685,11.05,220.2332
243.2685,11.05,220.2332
243.2685,11.05,220.2332
243.2685,11.05,220.2332
243.2685,11.05,220.2332
243.2685,11.05,220.2332
243.2685,11.05,220.2332
243.2685,11.05,220.2332
243.2685,11.05,220.2332
243.2685,11.05,220.2332
243.2685,11.05,220.2332
243.2685,11.05,220.2332
243.2685,11.05,220.2332
243.2685,11.05,220.2332
243.2685,11.05,220.2332
243.2685,11.05,220.2332
243.2685,11.05,220.2332
243.2685,11.05,220.2332
243.2685,11.05,220.2332
243.2685,11.05,220.2332
243.2685,11.05,220.2332
243.2685,11.05,220.2332
243.2685,11.05,220.2332
243.2685,11.05,220.2332
243.2685,11.05,220.2332
243.2685,11.05,220.2332
243.2685,11.05,220.2332
243.2685,11.05,220.2332
243.2685,11.05,220.2332
243.2685,11.05,220.2332
243.2685,11.05,220.2332
243.2685,11.05,220.2332
243.2685,11.05,220.2332
243.2685,11.05,220.2332
243.2685,11.05,220.2332
243.2685,11.05,220.2332
243.2685,11.05,220.2332
243.2685,11.05,220.2332
243.2685,11.05,220.2332
243.2685,11.05,220.2332
243.2685,11.05,220.2332
243.2685,11.05,220.2332
243.2685,11.05,220.2332
243.2685,11.05,220.2332
243.2685,11.05,220.2332
243.2685,11.05,220.2332
243.2685,11.05,220.2332
243.2685,11.05,220.2332
243.2685,11.05,220.2332
243.2685,11.05,220.2332
243.2685,11.05,220.2332
243.2685,11.05,220.2332
243.2685,11.05,220.2332
243.2685,11.05,220.2332
243.2685,11.05,220.2332
243.2685,11.05,220.2332
243.2685,11.05,220.2332
243.2685,11.05,220.2332
243.2685,11.05,220.2332
243.2685,11.05,220.2332
243.2685,11.05,220.2332
243.2685,11.05,220.2332
243.2685,11.05,220.2332
243.2685,11.05,220.2332
243.2685,11.05,220.2332
243.2685,11.05,220.2332
243.2685,11.05,220.2332
243.2685,11.05,220.2332
243.2685,11.05,220.2332
243.2685,11.05,220.2332
243.2685,11.05,220.2332
243.2685,11.05,220.2332
243.2685,11.05,220.2332
243.2685,11.05,220.2332
243.2685,11.05,220.2332
243.2685,11.05,220.2332
243.2685,11.05,220.2332
243.2685,11.05,220.2332
243.2685,11.05,220.2332
243.2685,11.05,220.2332
243.2685,11.05,220.2332
243.2685,11.05,220.2332
243.2685,11.05,220.2332
243.2685,11.05,220.2332
243.2685,11.05,220.2332
243.2685,11.05,220.2332
243.2685,11.05,220.2332
243.2685,11.05,220.2332
243.2685,11.05,220.2332
243.2685,11.05,220.2332
243.2685,11.05,220.2332
243.2685,11.05,220.2332
243.2685,11.05,220.2332
243.2685,11.05,220.2332
243.2685,11.05,220.2332
243.2685,11.05,220.2332
243.2685,11.05,220.2332
243.2685,11.05,220.2332
243.2685,11.05,220.2332
243.2685,11.05,220.2332
243.2685,11.05,220.2332
243.2685,11.05,220.2332
243.2685,11.05,220.2332
243.2685,11.05,220.2332
243.2685,11.05,220.2332
243.2685,11.05,220.2332
243.2685,11.05,220.2332
243.2685,11.05,220.2332
243.2685,11.05,220.2332
243.2685,11.05,220.2332
243.2685,11.05,220.2332
243.2685,11.05,220.2332
