-0.0137317,-0.4478416,0.006878876,0.893981
-0.0137317,-0.4478416,0.006878876,0.893981
-0.0137317,-0.4478416,0.006878876,0.893981
-0.0137317,-0.4478416,0.006878876,0.893981
-0.0137317,-0.4478416,0.006878876,0.893981
-0.0137317,-0.4478416,0.006878876,0.893981
-0.0137317,-0.4478416,0.006878876,0.893981
-0.0137317,-0.4478416,0.006878876,0.893981
-0.0137317,-0.4478416,0.006878876,0.893981
-0.0137317,-0.4478416,0.006878876,0.893981
-0.0137317,-0.4478416,0.006878876,0.893981
-0.0137317,-0.4478416,0.006878876,0.893981
-0.0137317,-0.4478416,0.006878876,0.893981
-0.0137317,-0.4478416,0.006878876,0.893981
-0.0137317,-0.4478416,0.006878876,0.893981
-0.0137317,-0.4478416,0.006878876,0.893981
-0.0137317,-0.4478416,0.006878876,0.893981
-0.0137317,-0.4478416,0.006878876,0.893981
-0.0137317,-0.4478416,0.006878876,0.893981
-0.01373122,-0.4479034,0.006879825,0.8939501
-0.01373026,-0.4480278,0.006881735,0.8938878
-0.01372883,-0.4482143,0.006884601,0.8937942
-0.01372425,-0.448808,0.00689372,0.8934963
-0.01372124,-0.4491979,0.006899709,0.8933003
-0.01371775,-0.44965,0.006906652,0.8930728
-0.01371377,-0.4501634,0.006914539,0.8928141
-0.01370918,-0.4507561,0.006923642,0.8925151
-0.01369852,-0.452127,0.006944701,0.8918214
-0.01369246,-0.4529049,0.006956649,0.8914265
-0.0136859,-0.4537445,0.006969545,0.8909995
-0.01367884,-0.4546455,0.006983386,0.8905401
-0.01367128,-0.4556081,0.006998171,0.890048
-0.01365438,-0.4577518,0.007031097,0.8889474
-0.01364517,-0.4589149,0.007048963,0.8883476
-0.01363544,-0.4601392,0.007067767,0.887714
-0.01362519,-0.4614236,0.007087498,0.887047
-0.01361428,-0.4627864,0.007108429,0.8863368
-0.01359088,-0.4656929,0.007153074,0.8848131
-0.01357837,-0.4672365,0.007176783,0.883999
-0.01356533,-0.4688397,0.007201409,0.8831497
-0.01355174,-0.4705025,0.00722695,0.882265
-0.01353745,-0.4722425,0.007253677,0.8813349
-0.0135072,-0.4759001,0.007309858,0.8793653
-0.01349122,-0.4778174,0.007339308,0.878325
-0.01347467,-0.4797929,0.007369653,0.8772474
-0.01345738,-0.4818448,0.00740117,0.8761221
-0.01343951,-0.4839544,0.007433573,0.8749585
-0.01340197,-0.4883472,0.007501047,0.8725144
-0.01338228,-0.4906301,0.007536113,0.8712327
-0.01336198,-0.4929699,0.007572053,0.8699108
-0.0133409,-0.4953835,0.007609126,0.8685386
-0.01331919,-0.497853,0.007647058,0.8671255
-0.01327386,-0.5029581,0.007725472,0.8641744
-0.01325021,-0.5055951,0.007765978,0.8626342
-0.01322589,-0.5082865,0.007807319,0.8610511
-0.01320089,-0.5110332,0.007849507,0.8594238
-0.01317506,-0.5138509,0.007892787,0.8577421
-0.01312131,-0.5196474,0.007981823,0.8542428
-0.01309337,-0.5226258,0.008027571,0.8524239
-0.01306472,-0.525657,0.008074131,0.850558
-0.01303533,-0.5287402,0.008121489,0.8486447
-0.01300504,-0.531892,0.008169901,0.846673
-0.01294221,-0.5383484,0.008269071,0.8425825
-0.01290964,-0.5416528,0.008319828,0.8404621
-0.0128763,-0.5450065,0.008371341,0.8382912
-0.01284215,-0.548411,0.008423634,0.836068
-0.01280704,-0.5518796,0.008476914,0.8337824
-0.01273438,-0.5589606,0.008585678,0.829052
-0.0126968,-0.5625725,0.008641157,0.8266053
-0.0126582,-0.5662468,0.008697595,0.8240927
-0.01261876,-0.5699665,0.00875473,0.8215244
-0.01257844,-0.5737316,0.008812563,0.8188994
-0.01249514,-0.581395,0.008930275,0.8134765
-0.01245214,-0.585292,0.008990134,0.8106772
-0.01240805,-0.5892475,0.009050891,0.8078066
-0.01236302,-0.5932452,0.009112296,0.8048753
-0.01231708,-0.5972825,0.009174309,0.8018839
-0.01222227,-0.6054807,0.009300235,0.7957119
-0.01217341,-0.6096383,0.009364097,0.792531
-0.01212338,-0.6138498,0.009428786,0.7892735
-0.01207234,-0.6180983,0.009494044,0.7859508
-0.01202031,-0.6223819,0.009559841,0.7825631
-0.01191311,-0.6310577,0.009693103,0.7755839
-0.01185793,-0.6354468,0.009760521,0.7719918
-0.0118017,-0.6398687,0.009828443,0.7683308
-0.01174419,-0.6443378,0.009897088,0.7645869
-0.0116856,-0.6488371,0.009966198,0.7607722
-0.01156509,-0.6579251,0.01010579,0.7529267
-0.01152502,-0.6608989,0.01015147,0.7503178
-0.01151195,-0.6618633,0.01016628,0.7494672
-0.01151195,-0.6618633,0.01016628,0.7494672
-0.01151195,-0.6618633,0.01016628,0.7494672
-0.01151195,-0.6618633,0.01016628,0.7494672
-0.01151195,-0.6618633,0.01016628,0.7494672
-0.01151195,-0.6618633,0.01016628,0.7494672
-0.01151195,-0.6618633,0.01016628,0.7494672
-0.01151195,-0.6618633,0.01016628,0.7494672
-0.01151195,-0.6618633,0.01016628,0.7494672
-0.01151195,-0.6618633,0.01016628,0.7494672
-0.01151195,-0.6618633,0.01016628,0.7494672
-0.01151195,-0.6618633,0.01016628,0.7494672
-0.01151195,-0.6618633,0.01016628,0.7494672
-0.01151195,-0.6618633,0.01016628,0.7494672
-0.01151195,-0.6618633,0.01016628,0.7494672
-0.01151195,-0.6618633,0.01016628,0.7494672
-0.01151195,-0.6618633,0.01016628,0.7494672
-0.01151195,-0.6618633,0.01016628,0.7494672
-0.01151195,-0.6618633,0.01016628,0.7494672
-0.01151195,-0.6618633,0.01016628,0.7494672
-0.01151195,-0.6618633,0.01016628,0.7494672
-0.01151195,-0.6618633,0.01016628,0.7494672
-0.01151195,-0.6618633,0.01016628,0.7494672
-0.01151195,-0.6618633,0.01016628,0.7494672
-0.01151195,-0.6618633,0.01016628,0.7494672
-0.01151195,-0.6618633,0.01016628,0.7494672
-0.01151195,-0.6618633,0.01016628,0.7494672
-0.01151195,-0.6618633,0.01016628,0.7494672
-0.01151195,-0.6618633,0.01016628,0.7494672
-0.01151195,-0.6618633,0.01016628,0.7494672
-0.01151195,-0.6618633,0.01016628,0.7494672
-0.01151195,-0.6618633,0.01016628,0.7494672
-0.01151267,-0.6618103,0.01016547,0.749514
-0.01151623,-0.6615479,0.01016144,0.7497457
-0.01151927,-0.6613237,0.01015799,0.7499434
-0.01152301,-0.6610475,0.01015375,0.7501869
-0.01152746,-0.6607185,0.0101487,0.7504767
-0.0115326,-0.6603379,0.01014285,0.7508116
-0.01154501,-0.6594184,0.01012873,0.7516193
-0.01155246,-0.6588649,0.01012023,0.7521045
-0.01156061,-0.6582593,0.01011092,0.7526346
-0.01156945,-0.6576007,0.01010081,0.7532101
-0.01157898,-0.6568895,0.01008988,0.7538304
-0.0116001,-0.6553078,0.01006559,0.7552058
-0.0116119,-0.6544217,0.01005198,0.7559738
-0.01162435,-0.653484,0.01003757,0.7567845
-0.01163749,-0.6524916,0.01002233,0.7576404
-0.01165131,-0.6514455,0.01000626,0.75854
-0.01168096,-0.6491914,0.009971641,0.7604701
-0.01169678,-0.647983,0.00995308,0.7614999
-0.01171345,-0.6467049,0.009933447,0.7625857
-0.01173078,-0.6453726,0.009912983,0.7637135
-0.01174876,-0.6439847,0.009891666,0.7648842
-0.01178667,-0.641042,0.009846464,0.7673522
-0.01180677,-0.6394723,0.009822354,0.7686607
-0.0118275,-0.6378462,0.009797377,0.7700107
-0.01184887,-0.6361635,0.00977153,0.7714015
-0.01187084,-0.6344244,0.009744817,0.7728323
-0.01191663,-0.6307756,0.009688771,0.7758133
-0.01194044,-0.6288646,0.009659418,0.7773631
-0.01196504,-0.6268793,0.009628924,0.7789649
-0.01199023,-0.6248364,0.009597545,0.7806046
-0.01201599,-0.6227355,0.009565273,0.7822816
-0.01204233,-0.6205753,0.009532092,0.7839965
-0.01209708,-0.6160453,0.009462509,0.7875611
-0.01212526,-0.6136921,0.009426364,0.789396
-0.01215401,-0.6112773,0.009389273,0.7912674
-0.01218329,-0.6088018,0.009351248,0.7931737
-0.01224343,-0.6036668,0.009272374,0.7970889
-0.01227444,-0.600991,0.009231273,0.7991082
-0.01230595,-0.5982536,0.009189227,0.8011597
-0.01233797,-0.5954524,0.0091462,0.8032438
-0.01237046,-0.5925883,0.009102208,0.8053591
-0.01243685,-0.5866685,0.009011278,0.8096816
-0.01247091,-0.5835963,0.008964088,0.8118986
-0.0125054,-0.5804593,0.008915903,0.8141444
-0.01254033,-0.5772567,0.008866711,0.8164183
-0.01257567,-0.5739889,0.008816517,0.8187191
-0.01264757,-0.5672531,0.008713053,0.8234004
-0.01268428,-0.5637684,0.008659528,0.8257902
-0.01272135,-0.5602166,0.008604972,0.8282038
-0.01275878,-0.5565969,0.008549373,0.8306407
-0.01279656,-0.5529088,0.008492721,0.8331003
-0.01283485,-0.5491349,0.008434754,0.8355926
-0.01291236,-0.541378,0.008315607,0.8406391
-0.01295156,-0.5373943,0.008254416,0.8431913
-0.01297361,-0.5351354,0.008219719,0.8446267
-0.01297853,-0.5346295,0.008211948,0.844947
-0.01297853,-0.5346295,0.008211948,0.844947
-0.01297853,-0.5346295,0.008211948,0.844947
-0.01297853,-0.5346295,0.008211948,0.844947
-0.01297853,-0.5346295,0.008211948,0.844947
-0.01297853,-0.5346295,0.008211948,0.844947
-0.01297853,-0.5346295,0.008211948,0.844947
-0.01297853,-0.5346295,0.008211948,0.844947
-0.01297853,-0.5346295,0.008211948,0.844947
-0.01297797,-0.5346869,0.008212829,0.8449107
-0.01297683,-0.534804,0.008214627,0.8448365
-0.01297513,-0.5349796,0.008217325,0.8447254
-0.01296968,-0.5355393,0.008225922,0.8443707
-0.0129661,-0.5359063,0.008231559,0.8441378
-0.01296195,-0.536332,0.008238098,0.8438674
-0.01295721,-0.5368168,0.008245545,0.8435591
-0.01295189,-0.5373603,0.008253892,0.8432129
-0.01293921,-0.5386545,0.008273771,0.8423868
-0.01293198,-0.5393889,0.008285051,0.8419167
-0.01292418,-0.5401812,0.008297222,0.8414086
-0.01291579,-0.5410312,0.008310277,0.8408623
-0.0129068,-0.5419395,0.008324228,0.8402772
-0.01288672,-0.5439616,0.008355289,0.8389695
-0.01287577,-0.545059,0.008372145,0.838257
-0.01286423,-0.5462127,0.008389865,0.8375058
-0.01285208,-0.5474243,0.008408475,0.8367143
-0.01283931,-0.5486923,0.008427952,0.8358833
-0.01281159,-0.551432,0.008470033,0.8340784
-0.01279679,-0.5528867,0.008492378,0.8331149
-0.01278136,-0.554397,0.008515576,0.8321106
-0.0127653,-0.5559633,0.008539635,0.8310649
-0.0127486,-0.5575854,0.00856455,0.8299775
-0.01271292,-0.5610273,0.00861742,0.8276548
-0.0126941,-0.5628312,0.008645127,0.8264292
-0.01267461,-0.564689,0.008673664,0.8251609
-0.01265447,-0.5666012,0.008703035,0.8238491
-0.01263347,-0.5685839,0.00873349,0.822482
-0.01258941,-0.5727105,0.008796874,0.8196139
-0.01256635,-0.5748535,0.008829792,0.8181122
-0.01254259,-0.5770487,0.008863511,0.8165653
-0.01251811,-0.5792966,0.008898039,0.8149722
-0.01249275,-0.5816126,0.008933613,0.8133209
-0.01243986,-0.5863978,0.009007115,0.8098777
-0.0124123,-0.588868,0.009045059,0.8080834
-0.01238399,-0.5913891,0.009083783,0.8062401
-0.01235493,-0.5939596,0.009123266,0.8043482
-0.01232511,-0.59658,0.009163516,0.8024067
-0.01226279,-0.6019986,0.009246747,0.7983494
-0.01223044,-0.6047815,0.009289494,0.7962433
-0.01219729,-0.6076123,0.009332974,0.7940853
-0.01216315,-0.6105056,0.009377417,0.791863
-0.0121282,-0.6134461,0.009422583,0.7895873
-0.01205582,-0.619464,0.00951502,0.7848748
-0.01201836,-0.622541,0.009562282,0.7824365
-0.01198007,-0.6256618,0.009610219,0.7799433
-0.0119409,-0.6288272,0.00965884,0.7773935
-0.01190068,-0.6320508,0.009708354,0.7747748
-0.01181757,-0.638626,0.009809351,0.7693641
-0.01177466,-0.6419764,0.009860814,0.7665706
-0.01173084,-0.6453673,0.0099129,0.7637179
-0.01168591,-0.6488135,0.009965834,0.7607924
-0.01164004,-0.652299,0.01001937,0.7578062
-0.01154547,-0.659384,0.0101282,0.7516496
-0.01149674,-0.6629831,0.01018348,0.7484769
-0.01144703,-0.6666188,0.01023933,0.7452406
-0.01139634,-0.6702899,0.01029572,0.7419404
-0.01134445,-0.6740106,0.01035286,0.7385621
-0.01123763,-0.6815524,0.01046871,0.7316082
-0.01118268,-0.685373,0.01052739,0.7280303
-0.01112668,-0.689225,0.01058656,0.7243847
-0.01106943,-0.6931213,0.01064641,0.7206574
-0.01101111,-0.6970475,0.01070672,0.7168605
-0.01089123,-0.704985,0.01082864,0.7090559
-0.01082965,-0.7089947,0.01089023,0.7050465
-0.01076696,-0.71303,0.01095221,0.7009653
-0.01070315,-0.7170904,0.01101458,0.696811
-0.01063799,-0.7211881,0.01107752,0.692569
-0.01050423,-0.7294509,0.01120444,0.6838607
-0.0104356,-0.7336141,0.01126838,0.6793928
-0.01036579,-0.737797,0.01133263,0.674848
-0.01029458,-0.7420112,0.01139737,0.6702116
-0.01022216,-0.7462426,0.01146236,0.6654969
-0.01007369,-0.7547516,0.01159306,0.6558309
-0.009997612,-0.7590269,0.01165873,0.6508781
-0.009920294,-0.7633145,0.01172459,0.6458445
-0.009841493,-0.7676259,0.01179081,0.6407142
-0.009761448,-0.7719457,0.01185717,0.635503
-0.009597478,-0.7806115,0.01199028,0.6248279
-0.009513551,-0.7849537,0.01205697,0.619364
-0.009428327,-0.7893,0.01212373,0.6138156
-0.009341565,-0.7936606,0.01219071,0.6081671
-0.009253459,-0.7980231,0.01225772,0.6024311
-0.009073205,-0.8067482,0.01239174,0.5906959
-0.008981052,-0.811107,0.01245869,0.5846963
-0.008887532,-0.8154613,0.01252557,0.5786078
-0.0087924,-0.8198208,0.01259254,0.5724143
-0.008695877,-0.8241726,0.01265938,0.5661303
-0.008498664,-0.8328464,0.01279261,0.5532911
-0.008397953,-0.8371653,0.01285895,0.5467344
-0.008295827,-0.8414699,0.01292507,0.5400856
-0.008192269,-0.8457593,0.01299096,0.5333437
-0.008087042,-0.8500408,0.01305672,0.526493
-0.007872246,-0.8585445,0.01318734,0.5125089
-0.007762667,-0.8627632,0.01325214,0.5053749
-0.007651632,-0.8669571,0.01331656,0.4981461
-0.007538869,-0.8711342,0.01338072,0.4908048
-0.00742466,-0.8752818,0.01344443,0.4833694
-0.007191754,-0.8834856,0.01357044,0.4682063
-0.007073071,-0.8875374,0.01363268,0.4604796
-0.006952639,-0.8915616,0.01369449,0.4526391
-0.006830704,-0.8955476,0.01375571,0.4447006
-0.006707271,-0.8994933,0.01381632,0.4366647
-0.006455914,-0.9072551,0.01393554,0.4203004
-0.006327974,-0.9110675,0.0139941,0.4119711
-0.006198252,-0.9148394,0.01405204,0.4035257
-0.006066999,-0.9185611,0.01410921,0.3949807
-0.005934277,-0.9222286,0.01416554,0.38634
-0.005664289,-0.9293967,0.01427564,0.3687627
-0.005558227,-0.9321069,0.01431727,0.3618577
-0.005489932,-0.9338207,0.0143436,0.3574115
-0.005451701,-0.9347696,0.01435817,0.3549225
-0.005443265,-0.9349779,0.01436138,0.3543733
-0.005443265,-0.9349779,0.01436138,0.3543733
-0.005443265,-0.9349779,0.01436138,0.3543733
-0.005443265,-0.9349779,0.01436138,0.3543733
-0.005443265,-0.9349779,0.01436138,0.3543733
-0.005443265,-0.9349779,0.01436138,0.3543733
-0.005443265,-0.9349779,0.01436138,0.3543733
-0.005443265,-0.9349779,0.01436138,0.3543733
-0.005443265,-0.9349779,0.01436138,0.3543733
-0.005443265,-0.9349779,0.01436138,0.3543733
-0.005443265,-0.9349779,0.01436138,0.3543733
-0.005443265,-0.9349779,0.01436138,0.3543733
-0.005443265,-0.9349779,0.01436138,0.3543733
-0.005443265,-0.9349779,0.01436138,0.3543733
-0.005443265,-0.9349779,0.01436138,0.3543733
-0.005443265,-0.9349779,0.01436138,0.3543733
-0.005443265,-0.9349779,0.01436138,0.3543733
-0.005443265,-0.9349779,0.01436138,0.3543733
-0.005443265,-0.9349779,0.01436138,0.3543733
-0.005443265,-0.9349779,0.01436138,0.3543733
-0.005443265,-0.9349779,0.01436138,0.3543733
-0.005443265,-0.9349779,0.01436138,0.3543733
-0.005443265,-0.9349779,0.01436138,0.3543733
-0.005443265,-0.9349779,0.01436138,0.3543733
-0.005443265,-0.9349779,0.01436138,0.3543733
-0.005443265,-0.9349779,0.01436138,0.3543733
-0.005443265,-0.9349779,0.01436138,0.3543733
-0.005443265,-0.9349779,0.01436138,0.3543733
-0.005443265,-0.9349779,0.01436138,0.3543733
-0.00544223,-0.9350035,0.01436177,0.354306
-0.005440213,-0.9350532,0.01436253,0.3541746
-0.005433197,-0.9352261,0.01436519,0.3537179
-0.005427913,-0.9353561,0.01436718,0.3533739
-0.005421644,-0.9355102,0.01436955,0.3529657
-0.00541436,-0.935689,0.0143723,0.3524916
-0.005406073,-0.935892,0.01437542,0.351952
-0.005386514,-0.9363699,0.01438275,0.3506787
-0.005375219,-0.936645,0.01438698,0.3499433
-0.005362643,-0.9369505,0.01439167,0.3491246
-0.005349063,-0.9372794,0.01439672,0.3482405
-0.005334477,-0.9376317,0.01440214,0.3472909
-0.00530228,-0.9384055,0.01441402,0.3451947
-0.005284419,-0.9388323,0.01442058,0.3440319
-0.005265518,-0.9392824,0.01442749,0.3428014
-0.005245603,-0.9397545,0.01443474,0.3415049
-0.005224683,-0.9402484,0.01444233,0.3401429
-0.005202743,-0.9407639,0.01445025,0.3387145
-0.005155272,-0.9418709,0.01446725,0.335624
-0.005130021,-0.942455,0.01447622,0.3339801
-0.00510373,-0.9430599,0.01448551,0.3322684
-0.005076429,-0.9436842,0.0144951,0.330491
-0.005018725,-0.9449915,0.01451518,0.3267342
-0.004988055,-0.9456795,0.01452575,0.3247375
-0.004956364,-0.9463855,0.0145366,0.3226743
-0.004923617,-0.9471097,0.01454772,0.3205423
-0.004889841,-0.9478511,0.01455911,0.3183434
-0.004855024,-0.9486094,0.01457076,0.3160767
-0.004781714,-0.9501863,0.01459498,0.3113039
-0.004743472,-0.9509984,0.01460745,0.3088143
-0.004704187,-0.9518251,0.01462015,0.3062567
-0.004663866,-0.9526657,0.01463306,0.3036316
-0.004580034,-0.9543881,0.01465952,0.2981738
-0.004536238,-0.9552742,0.01467313,0.2953225
-0.004491411,-0.9561716,0.01468691,0.2924042
-0.004445502,-0.9570804,0.01470087,0.2894153
-0.004398521,-0.958,0.014715,0.2863567
-0.004301365,-0.959868,0.01474369,0.2800314
-0.004250895,-0.9608205,0.01475832,0.2767456
-0.004199347,-0.9617808,0.01477307,0.2733897
-0.004146734,-0.9627479,0.01478793,0.2699644
-0.004093033,-0.9637213,0.01480288,0.2664683
-0.003982362,-0.9656846,0.01483304,0.2592632
-0.003925101,-0.9666777,0.01484829,0.2555353
-0.003866753,-0.967674,0.01486359,0.2517367
-0.003807317,-0.9686723,0.01487893,0.2478672
-0.003746786,-0.9696721,0.01489429,0.2439264
-0.003685148,-0.9706727,0.01490966,0.2399136
-0.00355799,-0.9726815,0.01494051,0.2316351
-0.003492754,-0.9736831,0.0149559,0.227388
-0.003426414,-0.9746817,0.01497123,0.223069
-0.003358973,-0.9756762,0.01498651,0.2186784
-0.0032904,-0.976666,0.01500172,0.214214
-0.003149346,-0.978635,0.01503196,0.2050309
-0.003077146,-0.9796081,0.01504691,0.2003305
-0.00300384,-0.9805719,0.01506171,0.1955579
-0.00292941,-0.9815258,0.01507636,0.1907123
-0.002853855,-0.9824688,0.01509085,0.1857934
-0.002698792,-0.9843243,0.01511935,0.1756982
-0.002619571,-0.985231,0.01513328,0.1705407
-0.002539243,-0.986122,0.01514696,0.165311
-0.002457786,-0.9869962,0.01516039,0.1600079
-0.002375197,-0.9878529,0.01517355,0.154631
-0.002206094,-0.9895135,0.01519906,0.1436219
-0.002119844,-0.9903122,0.01521133,0.1380067
-0.002032471,-0.9910883,0.01522325,0.1323183
-0.001943973,-0.9918405,0.0152348,0.1265568
-0.001854046,-0.9925699,0.015246,0.1207023
-0.001670832,-0.9939479,0.01526717,0.1087744
-0.001577536,-0.9945938,0.01527709,0.1027004
-0.001483124,-0.9952093,0.01528655,0.09655385
-0.001387595,-0.995793,0.01529551,0.09033457
-0.001290682,-0.9963453,0.015304,0.08402525
-0.001093426,-0.997345,0.01531935,0.07118316
-0.0009931402,-0.9977896,0.01532618,0.06465416
-0.0008917536,-0.9981954,0.01533241,0.05805353
-0.0007892547,-0.9985611,0.01533803,0.05138049
-0.0006853563,-0.9988862,0.01534303,0.04461632
-0.0004742598,-0.9994053,0.015351,0.03087319
-0.0004005958,-0.9995419,0.0153531,0.02607739
-0.000358502,-0.9996097,0.01535414,0.02333694
-0.0003481564,-0.9996252,0.01535438,0.0226634
-0.0003481564,-0.9996252,0.01535438,0.0226634
-0.0003481564,-0.9996252,0.01535438,0.0226634
-0.0003481564,-0.9996252,0.01535438,0.0226634
-0.0003481564,-0.9996252,0.01535438,0.0226634
-0.0003481564,-0.9996252,0.01535438,0.0226634
-0.0003481564,-0.9996252,0.01535438,0.0226634
-0.0003481564,-0.9996252,0.01535438,0.0226634
-0.0003481564,-0.9996252,0.01535438,0.0226634
-0.0003481564,-0.9996252,0.01535438,0.0226634
-0.0003481564,-0.9996252,0.01535438,0.0226634
-0.0003481564,-0.9996252,0.01535438,0.0226634
-0.0003481564,-0.9996252,0.01535438,0.0226634
-0.0003481564,-0.9996252,0.01535438,0.0226634
-0.0003481564,-0.9996252,0.01535438,0.0226634
-0.000349224,-0.9996237,0.01535435,0.02273291
-0.0003513554,-0.9996205,0.0153543,0.02287167
-0.0003594226,-0.9996083,0.01535412,0.02339688
-0.000365041,-0.9995997,0.01535399,0.02376265
-0.0003717426,-0.9995892,0.01535382,0.02419895
-0.0003797896,-0.9995764,0.01535363,0.02472284
-0.0003889202,-0.9995615,0.0153534,0.02531728
-0.000410382,-0.9995251,0.01535284,0.02671451
-0.0004227023,-0.9995034,0.01535251,0.02751661
-0.0004360979,-0.999479,0.01535213,0.02838871
-0.0004505648,-0.9994518,0.01535172,0.02933056
-0.0004663722,-0.9994211,0.01535124,0.03035968
-0.000501244,-0.9993495,0.01535015,0.03262996
-0.0005202753,-0.9993083,0.01534951,0.03386896
-0.0005403747,-0.9992631,0.01534882,0.0351775
-0.0005615406,-0.9992136,0.01534806,0.03655548
-0.0005840657,-0.9991589,0.01534722,0.03802194
-0.0006322956,-0.9990345,0.01534531,0.04116188
-0.0006580172,-0.9989641,0.01534422,0.04283645
-0.0006847913,-0.9988878,0.01534305,0.04457954
-0.0007129291,-0.9988043,0.01534177,0.04641141
-0.0007421271,-0.9987142,0.01534039,0.04831231
-0.0008036965,-0.9985123,0.01533729,0.05232069
-0.0008360886,-0.9983996,0.01533555,0.05442953
-0.0008695347,-0.9982784,0.01533369,0.05660699
-0.000904339,-0.9981474,0.01533168,0.05887288
-0.0009401822,-0.998007,0.01532952,0.0612064
-0.001015104,-0.9976959,0.01532475,0.06608407
-0.001054148,-0.9975243,0.01532211,0.06862597
-0.001094246,-0.9973413,0.0153193,0.07123648
-0.001135705,-0.9971447,0.01531628,0.0739356
-0.001178214,-0.9969357,0.01531307,0.07670309
-0.00126641,-0.9964773,0.01530603,0.08244499
-0.001312079,-0.9962268,0.01530218,0.08541819
-0.001358805,-0.9959614,0.0152981,0.08846026
-0.001406585,-0.9956802,0.01529378,0.09157093
-0.001455704,-0.9953809,0.01528918,0.09476874
-0.001557067,-0.9947304,0.01527919,0.1013678
-0.001609322,-0.9943779,0.01527378,0.1047698
-0.001662621,-0.9940062,0.01526807,0.1082398
-0.001717257,-0.9936125,0.01526202,0.1117967
-0.001772933,-0.9931979,0.01525565,0.1154215
-0.001887377,-0.9923036,0.01524192,0.1228722
-0.00194615,-0.9918224,0.01523452,0.1266985
-0.002005946,-0.9913173,0.01522677,0.1305915
-0.002067054,-0.9907851,0.01521859,0.1345698
-0.002129193,-0.9902272,0.01521002,0.1386153
-0.002256539,-0.9890313,0.01519165,0.1469059
-0.002321737,-0.9883915,0.01518182,0.1511506
-0.002387953,-0.9877226,0.01517155,0.1554615
-0.002455201,-0.9870235,0.01516081,0.1598395
-0.002523703,-0.986291,0.01514956,0.1642993
-0.002663727,-0.9847291,0.01512557,0.1734153
-0.002735234,-0.9838979,0.0151128,0.1780707
-0.002807753,-0.9830317,0.0150995,0.182792
-0.002881515,-0.9821266,0.01508559,0.1875941
-0.002956264,-0.9811845,0.01507112,0.1924606
-0.003108673,-0.9791861,0.01504043,0.2023829
-0.003186328,-0.9781275,0.01502417,0.2074386
-0.003264949,-0.977028,0.01500728,0.2125571
-0.00334481,-0.9758824,0.01498968,0.2177563
-0.003425604,-0.9746937,0.01497142,0.2230164
-0.003589997,-0.9721829,0.01493286,0.2337189
-0.003673595,-0.9708584,0.01491251,0.2391614
-0.003758404,-0.9694815,0.01489136,0.2446828
-0.003844123,-0.968056,0.01486946,0.2502634
-0.003930726,-0.9665809,0.01484681,0.2559016
-0.004106659,-0.9634756,0.01479911,0.2673554
-0.004195938,-0.9618438,0.01477404,0.2731679
-0.004286387,-0.9601519,0.01474806,0.2790564
-0.004377694,-0.9584042,0.01472121,0.2850008
-0.004469835,-0.9566,0.0146935,0.2909995
-0.004656671,-0.9528149,0.01463536,0.3031632
-0.004751323,-0.9508322,0.0146049,0.3093254
-0.004847061,-0.9487819,0.01457341,0.3155583
-0.004943616,-0.9466681,0.01454094,0.3218444
-0.005040961,-0.9444898,0.01450748,0.3281819
-0.005144753,-0.9421146,0.014471,0.3349391
-0.005144753,-0.9421146,0.014471,0.3349391
-0.005144753,-0.9421146,0.014471,0.3349391
-0.005144753,-0.9421146,0.014471,0.3349391
-0.005144753,-0.9421146,0.014471,0.3349391
-0.005144753,-0.9421146,0.014471,0.3349391
-0.005144753,-0.9421146,0.014471,0.3349391
-0.005144753,-0.9421146,0.014471,0.3349391
-0.005144753,-0.9421146,0.014471,0.3349391
-0.005144753,-0.9421146,0.014471,0.3349391
-0.005144753,-0.9421146,0.014471,0.3349391
-0.005144753,-0.9421146,0.014471,0.3349391
-0.005144753,-0.9421146,0.014471,0.3349391
-0.005144753,-0.9421146,0.014471,0.3349391
-0.005144753,-0.9421146,0.014471,0.3349391
-0.005144753,-0.9421146,0.014471,0.3349391
-0.005144753,-0.9421146,0.014471,0.3349391
-0.005144753,-0.9421146,0.014471,0.3349391
-0.005144753,-0.9421146,0.014471,0.3349391
-0.005144753,-0.9421146,0.014471,0.3349391
-0.005144753,-0.9421146,0.014471,0.3349391
-0.005144753,-0.9421146,0.014471,0.3349391
-0.005144753,-0.9421146,0.014471,0.3349391
-0.005144753,-0.9421146,0.014471,0.3349391
-0.005145749,-0.9420915,0.01447065,0.335004
-0.005150772,-0.9419752,0.01446886,0.3353309
-0.005155069,-0.9418756,0.01446733,0.3356107
-0.005160355,-0.9417529,0.01446544,0.3359548
-0.00516666,-0.9416064,0.01446319,0.3363653
-0.00517396,-0.9414365,0.01446058,0.3368405
-0.005191593,-0.941025,0.01445426,0.3379885
-0.005201909,-0.9407835,0.01445055,0.3386601
-0.005213485,-0.9405119,0.01444638,0.3394137
-0.005226079,-0.9402155,0.01444183,0.3402337
-0.005239678,-0.9398947,0.0144369,0.341119
-0.00526986,-0.9391792,0.01442591,0.3430839
-0.005286448,-0.9387839,0.01441984,0.3441639
-0.005304315,-0.9383568,0.01441328,0.3453271
-0.005323166,-0.9379042,0.01440633,0.3465544
-0.005343009,-0.9374259,0.01439898,0.3478463
-0.005385664,-0.9363907,0.01438308,0.3506232
-0.005408472,-0.9358333,0.01437452,0.3521081
-0.005432536,-0.9352424,0.01436544,0.3536747
-0.005457592,-0.9346239,0.01435594,0.355306
-0.005483628,-0.9339777,0.01434602,0.357001
-0.00553863,-0.9326012,0.01432487,0.3605819
-0.00556759,-0.93187,0.01431364,0.3624673
-0.005597799,-0.9311025,0.01430185,0.364434
-0.005628975,-0.9303056,0.01428961,0.3664637
-0.005661115,-0.9294786,0.01427691,0.3685561
-0.005728271,-0.9277331,0.0142501,0.3729282
-0.005763568,-0.9268061,0.01423586,0.3752262
-0.005799816,-0.9258472,0.01422113,0.3775861
-0.005837006,-0.9248559,0.01420591,0.3800073
-0.005875154,-0.9238317,0.01419017,0.3824908
-0.005914237,-0.9227741,0.01417393,0.3850353
-0.005915399,-0.9227425,0.01417344,0.3851109
-0.005915399,-0.9227425,0.01417344,0.3851109
-0.005915399,-0.9227425,0.01417344,0.3851109
-0.005915399,-0.9227425,0.01417344,0.3851109
-0.005915399,-0.9227425,0.01417344,0.3851109
-0.005915399,-0.9227425,0.01417344,0.3851109
-0.005915399,-0.9227425,0.01417344,0.3851109
-0.005915399,-0.9227425,0.01417344,0.3851109
-0.005915399,-0.9227425,0.01417344,0.3851109
-0.005915399,-0.9227425,0.01417344,0.3851109
-0.005915399,-0.9227425,0.01417344,0.3851109
-0.005915399,-0.9227425,0.01417344,0.3851109
-0.005915399,-0.9227425,0.01417344,0.3851109
-0.005915399,-0.9227425,0.01417344,0.3851109
-0.005915399,-0.9227425,0.01417344,0.3851109
-0.005915399,-0.9227425,0.01417344,0.3851109
-0.005915399,-0.9227425,0.01417344,0.3851109
-0.005915399,-0.9227425,0.01417344,0.3851109
-0.005915399,-0.9227425,0.01417344,0.3851109
-0.005915399,-0.9227425,0.01417344,0.3851109
-0.005915399,-0.9227425,0.01417344,0.3851109
-0.005915399,-0.9227425,0.01417344,0.3851109
-0.005915399,-0.9227425,0.01417344,0.3851109
-0.005915399,-0.9227425,0.01417344,0.3851109
-0.005915399,-0.9227425,0.01417344,0.3851109
-0.005915399,-0.9227425,0.01417344,0.3851109
-0.005915399,-0.9227425,0.01417344,0.3851109
-0.005915399,-0.9227425,0.01417344,0.3851109
-0.005915399,-0.9227425,0.01417344,0.3851109
-0.005915399,-0.9227425,0.01417344,0.3851109
-0.005915399,-0.9227425,0.01417344,0.3851109
-0.005915399,-0.9227425,0.01417344,0.3851109
-0.005915399,-0.9227425,0.01417344,0.3851109
-0.005915399,-0.9227425,0.01417344,0.3851109
-0.005915399,-0.9227425,0.01417344,0.3851109
-0.005915399,-0.9227425,0.01417344,0.3851109
-0.005915399,-0.9227425,0.01417344,0.3851109
-0.005915399,-0.9227425,0.01417344,0.3851109
-0.005915399,-0.9227425,0.01417344,0.3851109
-0.005915399,-0.9227425,0.01417344,0.3851109
-0.005915399,-0.9227425,0.01417344,0.3851109
-0.005915399,-0.9227425,0.01417344,0.3851109
-0.005915399,-0.9227425,0.01417344,0.3851109
-0.005915399,-0.9227425,0.01417344,0.3851109
-0.005915399,-0.9227425,0.01417344,0.3851109
-0.005915399,-0.9227425,0.01417344,0.3851109
-0.005915399,-0.9227425,0.01417344,0.3851109
-0.005915399,-0.9227425,0.01417344,0.3851109
-0.005915399,-0.9227425,0.01417344,0.3851109
-0.005915399,-0.9227425,0.01417344,0.3851109
-0.005915399,-0.9227425,0.01417344,0.3851109
-0.005915399,-0.9227425,0.01417344,0.3851109
-0.005915399,-0.9227425,0.01417344,0.3851109
-0.005915399,-0.9227425,0.01417344,0.3851109
-0.005915399,-0.9227425,0.01417344,0.3851109
-0.005915399,-0.9227425,0.01417344,0.3851109
-0.005915399,-0.9227425,0.01417344,0.3851109
-0.005915399,-0.9227425,0.01417344,0.3851109
-0.005915399,-0.9227425,0.01417344,0.3851109
-0.005915399,-0.9227425,0.01417344,0.3851109
-0.005915399,-0.9227425,0.01417344,0.3851109
-0.005915399,-0.9227425,0.01417344,0.3851109
-0.005915399,-0.9227425,0.01417344,0.3851109
-0.005915399,-0.9227425,0.01417344,0.3851109
-0.005915399,-0.9227425,0.01417344,0.3851109
-0.005915399,-0.9227425,0.01417344,0.3851109
-0.005915399,-0.9227425,0.01417344,0.3851109
-0.005915399,-0.9227425,0.01417344,0.3851109
-0.005915399,-0.9227425,0.01417344,0.3851109
-0.005915399,-0.9227425,0.01417344,0.3851109
-0.005915399,-0.9227425,0.01417344,0.3851109
-0.005915399,-0.9227425,0.01417344,0.3851109
-0.005915399,-0.9227425,0.01417344,0.3851109
-0.005915399,-0.9227425,0.01417344,0.3851109
-0.005915399,-0.9227425,0.01417344,0.3851109
-0.005915399,-0.9227425,0.01417344,0.3851109
-0.005915399,-0.9227425,0.01417344,0.3851109
-0.005915399,-0.9227425,0.01417344,0.3851109
-0.005915399,-0.9227425,0.01417344,0.3851109
-0.005915399,-0.9227425,0.01417344,0.3851109
-0.005914419,-0.9227692,0.01417385,0.3850471
-0.005912446,-0.9228228,0.01417468,0.3849187
-0.005909491,-0.922903,0.01417591,0.3847263
-0.005905551,-0.9230099,0.01417755,0.3844698
-0.00590035,-0.9231508,0.01417971,0.3841312
-0.005887006,-0.9235119,0.01418526,0.3832624
-0.005878847,-0.9237321,0.01418864,0.3827312
-0.005869696,-0.9239787,0.01419243,0.3821355
-0.005859285,-0.9242587,0.01419673,0.3814577
-0.005847885,-0.9245647,0.01420143,0.3807155
-0.005822115,-0.9252537,0.01421202,0.3790377
-0.005807736,-0.9256367,0.0142179,0.3781016
-0.005792368,-0.9260448,0.01422417,0.3771011
-0.005775994,-0.9264781,0.01423082,0.3760351
-0.00575835,-0.9269435,0.01423797,0.3748864
-0.005720088,-0.9279471,0.01425339,0.3723954
-0.005699445,-0.9284853,0.01426165,0.3710515
-0.005677808,-0.929047,0.01427028,0.3696428
-0.005655156,-0.9296324,0.01427927,0.3681681
-0.005631226,-0.9302479,0.01428873,0.3666102
-0.005580337,-0.9315468,0.01430868,0.3632971
-0.005553374,-0.9322295,0.01431916,0.3615417
-0.005525391,-0.9329339,0.01432999,0.3597199
-0.00549611,-0.9336667,0.01434124,0.3578137
-0.005465814,-0.9344202,0.01435282,0.3558413
-0.005402141,-0.9359883,0.0143769,0.351696
-0.005368767,-0.9368019,0.0143894,0.3495232
-0.005334084,-0.9376412,0.01440229,0.3472652
-0.005298361,-0.9384993,0.01441547,0.3449395
-0.005261605,-0.9393753,0.01442893,0.3425466
-0.005185,-0.941179,0.01445663,0.3375593
-0.005145124,-0.9421061,0.01447087,0.3349632
-0.005104207,-0.943049,0.01448535,0.3322994
-0.005061967,-0.9440135,0.01450017,0.3295494
-0.005018672,-0.9449926,0.01451521,0.3267307
-0.004928913,-0.9469929,0.01454593,0.3208871
-0.004882436,-0.9480129,0.0145616,0.3178613
-0.004834912,-0.9490447,0.01457745,0.3147673
-0.004786312,-0.9500883,0.01459348,0.3116032
-0.004736383,-0.9511481,0.01460976,0.3083527
-0.004633264,-0.9532984,0.01464279,0.3016393
-0.004580093,-0.9543869,0.01465951,0.2981776
-0.004525846,-0.9554831,0.01467635,0.294646
-0.004470486,-0.9565871,0.0146933,0.2910419
-0.004413791,-0.9577023,0.01471043,0.2873508
-0.004297116,-0.9599487,0.01474494,0.2797548
-0.004237133,-0.9610781,0.01476229,0.2758497
-0.004175769,-0.9622158,0.01477976,0.2718546
-0.004113299,-0.9633555,0.01479727,0.2677876
-0.00404974,-0.9644963,0.01481479,0.2636497
-0.003919281,-0.9667779,0.01484984,0.2551563
-0.003852393,-0.9679167,0.01486733,0.2508017
-0.003784391,-0.969053,0.01488478,0.2463745
-0.003714986,-0.9701906,0.01490226,0.241856
-0.003644469,-0.9713235,0.01491966,0.2372651
-0.003500078,-0.9735717,0.01495419,0.2278647
-0.0034262,-0.9746849,0.01497129,0.223055
-0.003351193,-0.9757895,0.01498826,0.2181718
-0.003274756,-0.9768889,0.01500515,0.2131955
-0.003197193,-0.9779773,0.01502186,0.2081458
-0.003038697,-0.9801167,0.01505473,0.1978272
-0.002957755,-0.9811655,0.01507084,0.1925575
-0.002875674,-0.9821991,0.01508671,0.1872138
-0.00279216,-0.9832199,0.01510239,0.1817767
-0.002707516,-0.9842228,0.0151178,0.1762661
-0.002534828,-0.9861701,0.01514771,0.1650235
-0.002446771,-0.9871122,0.01516218,0.1592907
-0.002357581,-0.9880318,0.0151763,0.1534841
-0.00226695,-0.9889303,0.0151901,0.1475837
-0.00217519,-0.9898034,0.01520352,0.1416098
-0.001988264,-0.9914683,0.01522909,0.1294402
-0.001893096,-0.9922575,0.01524121,0.1232444
-0.001796524,-0.9930182,0.0152529,0.1169572
-0.001698791,-0.993747,0.01526409,0.1105945
-0.001599926,-0.9944422,0.01527477,0.104158
-0.001398811,-0.9957266,0.0152945,0.09106468
-0.001296542,-0.996313,0.01530351,0.08440662
-0.001192864,-0.9968619,0.01531194,0.07765682
-0.001088072,-0.9973698,0.01531974,0.07083447
-0.0009821705,-0.9978356,0.01532689,0.0639399
-0.0007670399,-0.9986344,0.01533917,0.04993413
-0.0006578097,-0.9989647,0.01534424,0.04282286
-0.000547174,-0.9992474,0.01534858,0.03562007
-0.0004354526,-0.9994801,0.01535216,0.02834662
-0.0003226355,-0.9996614,0.01535494,0.02100182
-9.377709E-05,-0.9998634,0.01535805,0.006102324
2.225842E-05,-0.999881,0.01535832,-0.001452001
0.0001396621,-0.9998407,0.0153577,-0.009095397
0.0002581012,-0.9997408,0.01535616,-0.0168062
0.0003776197,-0.9995797,0.01535369,-0.02458728
0.0006197707,-0.9990675,0.01534582,-0.04035217
0.0007423895,-0.9987131,0.01534038,-0.04833509
0.0008663394,-0.9982899,0.01533388,-0.05640467
0.0009912784,-0.9977971,0.01532631,-0.06453864
0.001117205,-0.997233,0.01531765,-0.0727369
0.001372029,-0.9958839,0.01529692,-0.08932688
0.001501208,-0.9950938,0.01528479,-0.09773687
0.001631335,-0.9942253,0.01527145,-0.1062086
0.001762399,-0.9932767,0.01525688,-0.1147413
0.001894392,-0.9922464,0.01524105,-0.1233345
0.002161113,-0.9899334,0.01520552,-0.140699
0.00229611,-0.9886444,0.01518573,-0.1494878
0.002431954,-0.9872666,0.01516456,-0.1583317
0.002568679,-0.9857978,0.015142,-0.167233
0.002706229,-0.9842368,0.01511803,-0.176188
0.00298382,-0.9808299,0.0150657,-0.1942601
0.003123807,-0.9789808,0.01503729,-0.2033738
0.003264856,-0.9770281,0.0150073,-0.2125566
0.003406667,-0.9749737,0.01497575,-0.221789
0.003549187,-0.9728165,0.01494261,-0.2310675
0.003804571,-0.9687166,0.01487964,-0.2476939
0.003876699,-0.9675038,0.01486101,-0.2523897
0.003917635,-0.9668047,0.01485027,-0.2550548
0.00392784,-0.9666291,0.01484757,-0.2557192
0.00392784,-0.9666291,0.01484757,-0.2557192
0.00392784,-0.9666291,0.01484757,-0.2557192
0.00392784,-0.9666291,0.01484757,-0.2557192
0.00392784,-0.9666291,0.01484757,-0.2557192
0.00392784,-0.9666291,0.01484757,-0.2557192
0.00392784,-0.9666291,0.01484757,-0.2557192
0.00392784,-0.9666291,0.01484757,-0.2557192
0.00392784,-0.9666291,0.01484757,-0.2557192
0.00392784,-0.9666291,0.01484757,-0.2557192
0.00392784,-0.9666291,0.01484757,-0.2557192
0.00392784,-0.9666291,0.01484757,-0.2557192
0.00392784,-0.9666291,0.01484757,-0.2557192
0.00392784,-0.9666291,0.01484757,-0.2557192
0.00392784,-0.9666291,0.01484757,-0.2557192
0.00392784,-0.9666291,0.01484757,-0.2557192
0.00392784,-0.9666291,0.01484757,-0.2557192
0.00392784,-0.9666291,0.01484757,-0.2557192
0.00392784,-0.9666291,0.01484757,-0.2557192
0.00392784,-0.9666291,0.01484757,-0.2557192
0.00392784,-0.9666291,0.01484757,-0.2557192
0.00392784,-0.9666291,0.01484757,-0.2557192
0.00392784,-0.9666291,0.01484757,-0.2557192
0.00392784,-0.9666291,0.01484757,-0.2557192
0.00392784,-0.9666291,0.01484757,-0.2557192
0.00392784,-0.9666291,0.01484757,-0.2557192
0.00392784,-0.9666291,0.01484757,-0.2557192
0.00392784,-0.9666291,0.01484757,-0.2557192
0.00392784,-0.9666291,0.01484757,-0.2557192
0.00392784,-0.9666291,0.01484757,-0.2557192
0.00392784,-0.9666291,0.01484757,-0.2557192
0.00392784,-0.9666291,0.01484757,-0.2557192
0.00392784,-0.9666291,0.01484757,-0.2557192
0.00392784,-0.9666291,0.01484757,-0.2557192
0.00392784,-0.9666291,0.01484757,-0.2557192
0.00392784,-0.9666291,0.01484757,-0.2557192
0.00392784,-0.9666291,0.01484757,-0.2557192
0.00392784,-0.9666291,0.01484757,-0.2557192
0.00392784,-0.9666291,0.01484757,-0.2557192
0.00392784,-0.9666291,0.01484757,-0.2557192
0.00392784,-0.9666291,0.01484757,-0.2557192
0.00392784,-0.9666291,0.01484757,-0.2557192
0.00392784,-0.9666291,0.01484757,-0.2557192
0.003926811,-0.9666469,0.01484785,-0.2556522
0.003924754,-0.9666823,0.01484839,-0.2555183
0.003921663,-0.9667354,0.01484921,-0.2553171
0.003917541,-0.9668062,0.01485029,-0.2550487
0.003912124,-0.9668992,0.01485172,-0.254696
0.003898139,-0.9671386,0.0148554,-0.2537856
0.003889602,-0.9672842,0.01485763,-0.2532297
0.003880039,-0.967447,0.01486014,-0.2526072
0.003869428,-0.9676272,0.0148629,-0.2519163
0.003857789,-0.9678241,0.01486593,-0.2511586
0.003830831,-0.9682779,0.0148729,-0.2494036
0.00381579,-0.9685296,0.01487676,-0.2484244
0.003799713,-0.9687974,0.01488088,-0.2473777
0.003782598,-0.9690813,0.01488524,-0.2462634
0.003764181,-0.9693852,0.01488991,-0.2450644
0.003724181,-0.9700398,0.01489996,-0.2424602
0.003702612,-0.9703897,0.01490534,-0.241056
0.003679988,-0.9707544,0.01491094,-0.2395831
0.003656329,-0.9711333,0.01491676,-0.2380428
0.003631329,-0.9715308,0.01492286,-0.2364153
0.003578217,-0.9723657,0.01493568,-0.2329575
0.00355007,-0.9728029,0.0149424,-0.231125
0.003520882,-0.9732524,0.0149493,-0.2292248
0.003490636,-0.9737141,0.0149564,-0.2272556
0.003459064,-0.9741914,0.01496373,-0.2252002
0.003392686,-0.9751804,0.01497892,-0.2208788
0.003357924,-0.9756902,0.01498675,-0.2186157
0.003322107,-0.9762098,0.01499473,-0.2162838
0.003285229,-0.9767386,0.01500285,-0.2138829
0.003247284,-0.9772763,0.01501111,-0.2114126
0.003167614,-0.9783839,0.01502812,-0.2062258
0.003126178,-0.9789487,0.0150368,-0.2035282
0.003083677,-0.9795198,0.01504557,-0.2007612
0.003040102,-0.980097,0.01505444,-0.1979243
0.002995164,-0.9806833,0.01506344,-0.1949987
0.002902078,-0.9818689,0.01508165,-0.1889384
0.002853913,-0.9824671,0.01509084,-0.1858027
0.00280467,-0.9830679,0.01510007,-0.1825969
0.002754349,-0.9836708,0.01510933,-0.1793208
0.002702948,-0.9842749,0.01511861,-0.1759744
0.002596296,-0.9854911,0.01513729,-0.169031
0.002541349,-0.986098,0.01514661,-0.1654537
0.002485317,-0.9867031,0.01515591,-0.1618058
0.0024282,-0.9873057,0.01516516,-0.1580874
0.002369989,-0.9879051,0.01517437,-0.1542976
0.002249741,-0.989096,0.01519266,-0.146469
0.002221029,-0.9893711,0.01519689,-0.1445998
0.002221029,-0.9893711,0.01519689,-0.1445998
0.002221029,-0.9893711,0.01519689,-0.1445998
0.002221029,-0.9893711,0.01519689,-0.1445998
0.002221029,-0.9893711,0.01519689,-0.1445998
0.002221029,-0.9893711,0.01519689,-0.1445998
0.002221029,-0.9893711,0.01519689,-0.1445998
0.002221029,-0.9893711,0.01519689,-0.1445998
0.002221029,-0.9893711,0.01519689,-0.1445998
0.002221029,-0.9893711,0.01519689,-0.1445998
0.002221029,-0.9893711,0.01519689,-0.1445998
0.002221029,-0.9893711,0.01519689,-0.1445998
0.002221029,-0.9893711,0.01519689,-0.1445998
0.002221029,-0.9893711,0.01519689,-0.1445998
0.002221029,-0.9893711,0.01519689,-0.1445998
0.002221029,-0.9893711,0.01519689,-0.1445998
0.002221029,-0.9893711,0.01519689,-0.1445998
0.002221029,-0.9893711,0.01519689,-0.1445998
0.002221029,-0.9893711,0.01519689,-0.1445998
0.002221029,-0.9893711,0.01519689,-0.1445998
0.002221029,-0.9893711,0.01519689,-0.1445998
0.002221029,-0.9893711,0.01519689,-0.1445998
0.002221029,-0.9893711,0.01519689,-0.1445998
0.002221029,-0.9893711,0.01519689,-0.1445998
0.002221029,-0.9893711,0.01519689,-0.1445998
0.002221029,-0.9893711,0.01519689,-0.1445998
0.002221029,-0.9893711,0.01519689,-0.1445998
0.002221029,-0.9893711,0.01519689,-0.1445998
0.002221029,-0.9893711,0.01519689,-0.1445998
0.002221029,-0.9893711,0.01519689,-0.1445998
0.002221029,-0.9893711,0.01519689,-0.1445998
0.002221029,-0.9893711,0.01519689,-0.1445998
0.002221029,-0.9893711,0.01519689,-0.1445998
0.002221029,-0.9893711,0.01519689,-0.1445998
0.002221029,-0.9893711,0.01519689,-0.1445998
0.002221029,-0.9893711,0.01519689,-0.1445998
0.002221029,-0.9893711,0.01519689,-0.1445998
0.002221029,-0.9893711,0.01519689,-0.1445998
0.002221029,-0.9893711,0.01519689,-0.1445998
0.002221029,-0.9893711,0.01519689,-0.1445998
0.002221029,-0.9893711,0.01519689,-0.1445998
0.002221029,-0.9893711,0.01519689,-0.1445998
0.002221029,-0.9893711,0.01519689,-0.1445998
0.002221029,-0.9893711,0.01519689,-0.1445998
0.002221029,-0.9893711,0.01519689,-0.1445998
0.002221029,-0.9893711,0.01519689,-0.1445998
0.002221029,-0.9893711,0.01519689,-0.1445998
0.002221029,-0.9893711,0.01519689,-0.1445998
0.002221029,-0.9893711,0.01519689,-0.1445998
0.002221029,-0.9893711,0.01519689,-0.1445998
0.002221029,-0.9893711,0.01519689,-0.1445998
0.002221029,-0.9893711,0.01519689,-0.1445998
0.002221029,-0.9893711,0.01519689,-0.1445998
0.002221029,-0.9893711,0.01519689,-0.1445998
0.002221029,-0.9893711,0.01519689,-0.1445998
0.002221029,-0.9893711,0.01519689,-0.1445998
0.002221029,-0.9893711,0.01519689,-0.1445998
0.002222125,-0.9893606,0.01519673,-0.1446711
0.002224273,-0.9893402,0.01519641,-0.1448109
0.00223173,-0.989269,0.01519532,-0.1452964
0.002237041,-0.9892182,0.01519454,-0.1456422
0.002243705,-0.9891542,0.01519356,-0.146076
0.002251419,-0.9890799,0.01519242,-0.1465782
0.002260172,-0.9889953,0.01519112,-0.1471481
0.002280859,-0.988794,0.01518802,-0.1484949
0.002292802,-0.9886769,0.01518623,-0.1492724
0.002305788,-0.9885489,0.01518426,-0.1501179
0.002320132,-0.9884065,0.01518207,-0.1510517
0.002335504,-0.9882531,0.01517972,-0.1520525
0.002369431,-0.9879107,0.01517446,-0.1542613
0.002387973,-0.9877214,0.01517155,-0.1554684
0.002407565,-0.9875199,0.01516846,-0.1567439
0.002428502,-0.9873026,0.01516512,-0.158107
0.002450493,-0.9870722,0.01516158,-0.1595387
0.002497611,-0.9865715,0.01515389,-0.1626062
0.002522733,-0.9863005,0.01514973,-0.1642418
0.002549196,-0.9860121,0.0151453,-0.1659646
0.002576702,-0.9857091,0.01514064,-0.1677553
0.002605252,-0.9853909,0.01513575,-0.169614
0.002665479,-0.984708,0.01512526,-0.173535
0.002697151,-0.9843424,0.01511965,-0.175597
0.002730173,-0.9839565,0.01511372,-0.1777468
0.0027642,-0.9835536,0.01510753,-0.1799621
0.002799276,-0.9831331,0.01510108,-0.1822457
0.00287253,-0.982237,0.01508731,-0.1870148
0.002911007,-0.9817568,0.01507994,-0.1895198
0.002950483,-0.9812572,0.01507226,-0.1920898
0.002991006,-0.9807371,0.01506427,-0.194728
0.003032553,-0.9801961,0.01505596,-0.1974329
0.003118717,-0.9790496,0.01503835,-0.2030424
0.003163329,-0.9784426,0.01502903,-0.2059468
0.003209245,-0.9778087,0.01501929,-0.2089361
0.003256176,-0.9771509,0.01500919,-0.2119915
0.003304114,-0.9764686,0.01499871,-0.2151124
0.003402998,-0.9750281,0.01497658,-0.2215501
0.003454247,-0.974264,0.01496485,-0.2248866
0.003506494,-0.9734725,0.01495269,-0.2282881
0.00355972,-0.9726534,0.01494011,-0.2317532
0.003613946,-0.9718055,0.01492708,-0.2352836
0.003725349,-0.9700207,0.01489967,-0.2425362
0.003782823,-0.9690776,0.01488518,-0.2462781
0.003841252,-0.9681028,0.01487021,-0.250082
0.003900653,-0.9670956,0.01485474,-0.2539492
0.003961042,-0.9660547,0.01483875,-0.2578807
0.004084714,-0.9638695,0.01480519,-0.2659322
0.004148275,-0.9627182,0.0147875,-0.2700702
0.00421276,-0.9615306,0.01476926,-0.2742684
0.004278211,-0.9603049,0.01475044,-0.2785296
0.004344596,-0.9590408,0.01473102,-0.2828514
0.004480173,-0.9563933,0.01469035,-0.291678
0.004549345,-0.9550083,0.01466908,-0.2961813
0.00461972,-0.9535753,0.01464707,-0.300763
0.004691006,-0.9520991,0.01462439,-0.3054039
0.004763198,-0.9505786,0.01460104,-0.3101039
0.004910266,-0.9474015,0.01455224,-0.3196785
0.004985409,-0.9457368,0.01452667,-0.3245706
0.00506142,-0.944024,0.01450036,-0.3295192
0.005138297,-0.9422621,0.0144733,-0.3345241
0.005216029,-0.9404501,0.01444547,-0.3395847
0.005374051,-0.9366714,0.01438743,-0.3498725
0.005454602,-0.9346958,0.01435708,-0.3551167
0.005535974,-0.9326659,0.0143259,-0.3604143
0.005618142,-0.930581,0.01429388,-0.3657637
0.005701134,-0.9284393,0.01426098,-0.3711668
0.00586949,-0.9239821,0.01419252,-0.3821273
0.005955115,-0.921657,0.0141568,-0.3877018
0.006041503,-0.9192709,0.01412015,-0.3933259
0.006128644,-0.9168228,0.01408255,-0.3989991
0.006216526,-0.9143114,0.01404398,-0.4047205
0.00630514,-0.911736,0.01400442,-0.4104896
0.006485024,-0.9063723,0.01392203,-0.4222006
0.006576015,-0.9035893,0.01387928,-0.4281245
0.006667688,-0.9007373,0.01383548,-0.4340928
0.006760031,-0.8978152,0.01379059,-0.4401046
0.006946662,-0.8917565,0.01369753,-0.4522549
0.007041191,-0.8886086,0.01364918,-0.458409
0.007136321,-0.8853862,0.01359969,-0.4646024
0.007232044,-0.882088,0.01354902,-0.4708342
0.007328349,-0.8787127,0.01349718,-0.477104
0.007522631,-0.8717263,0.01338987,-0.4897524
0.007620833,-0.8681035,0.01333422,-0.4961457
0.00771955,-0.8643987,0.01327731,-0.5025725
0.00781875,-0.8606112,0.01321914,-0.5090308
0.007918432,-0.8567396,0.01315967,-0.5155205
0.00801857,-0.8527829,0.01309889,-0.5220398
0.00822066,-0.844588,0.01297302,-0.5351966
0.008322292,-0.8403586,0.01290805,-0.5418133
0.008424324,-0.8360384,0.0128417,-0.5484558
0.008526705,-0.8316276,0.01277395,-0.5551212
0.008732482,-0.8225275,0.01263417,-0.568518
0.008836062,-0.8178254,0.01256194,-0.5752615
0.008939911,-0.8130277,0.01248825,-0.5820224
0.009044008,-0.8081332,0.01241307,-0.5887995
0.009148329,-0.8031409,0.01233639,-0.5955911
0.009357559,-0.7928581,0.01217844,-0.6092127
0.009462647,-0.787554,0.01209697,-0.6160543
0.00956785,-0.7821481,0.01201394,-0.6229033
0.009673161,-0.7766384,0.01192931,-0.6297595
0.009778548,-0.7710243,0.01184307,-0.6366205
0.009883983,-0.7653049,0.01175522,-0.6434847
0.01009533,-0.7535214,0.01157423,-0.657244
0.01020097,-0.747467,0.01148123,-0.6641214
0.01030654,-0.7413031,0.01138655,-0.6709947
0.01041202,-0.735029,0.01129018,-0.6778618
0.01051737,-0.728644,0.01119211,-0.6847205
0.01072802,-0.7155091,0.01099036,-0.6984347
0.01083303,-0.7087718,0.01088687,-0.7052706
0.01091443,-0.7034582,0.01080525,-0.7105706
0.01097267,-0.6996077,0.01074611,-0.7143621
0.01100833,-0.6972293,0.01070958,-0.7166837
0.01101516,-0.696772,0.01070255,-0.7171283
0.01101516,-0.696772,0.01070255,-0.7171283
0.01101516,-0.696772,0.01070255,-0.7171283
0.01101516,-0.696772,0.01070255,-0.7171283
0.01101516,-0.696772,0.01070255,-0.7171283
0.01101516,-0.696772,0.01070255,-0.7171283
0.01101516,-0.696772,0.01070255,-0.7171283
0.01101516,-0.696772,0.01070255,-0.7171283
0.01101516,-0.696772,0.01070255,-0.7171283
0.01101516,-0.696772,0.01070255,-0.7171283
0.01101516,-0.696772,0.01070255,-0.7171283
0.01101516,-0.696772,0.01070255,-0.7171283
0.01101516,-0.696772,0.01070255,-0.7171283
0.01101516,-0.696772,0.01070255,-0.7171283
0.01101516,-0.696772,0.01070255,-0.7171283
0.01101516,-0.696772,0.01070255,-0.7171283
0.01101516,-0.696772,0.01070255,-0.7171283
0.01101516,-0.696772,0.01070255,-0.7171283
0.01101516,-0.696772,0.01070255,-0.7171283
0.01101516,-0.696772,0.01070255,-0.7171283
0.01101516,-0.696772,0.01070255,-0.7171283
0.01101516,-0.696772,0.01070255,-0.7171283
0.01101516,-0.696772,0.01070255,-0.7171283
0.01101441,-0.696822,0.01070332,-0.7170796
0.01101271,-0.6969359,0.01070507,-0.716969
0.0110071,-0.6973119,0.01071085,-0.7166033
0.01100316,-0.697575,0.01071489,-0.7163473
0.01099848,-0.6978876,0.01071969,-0.7160426
0.01099306,-0.6982498,0.01072525,-0.7156894
0.01098669,-0.6986744,0.01073177,-0.715275
0.01097169,-0.6996726,0.0107471,-0.7142985
0.01096306,-0.7002457,0.01075591,-0.7137367
0.01095367,-0.7008683,0.01076547,-0.7131254
0.01094353,-0.7015394,0.01077578,-0.7124652
0.01093242,-0.7022736,0.01078706,-0.7117415
0.0109079,-0.7038873,0.01081184,-0.7101457
0.0108945,-0.7047668,0.01082535,-0.7092729
0.01088032,-0.7056943,0.0108396,-0.7083501
0.01086537,-0.7066697,0.01085458,-0.7073769
0.01084944,-0.7077067,0.01087051,-0.7063394
0.01081522,-0.7099231,0.01090455,-0.7041118
0.01079693,-0.711102,0.01092266,-0.7029211
0.01077785,-0.7123276,0.01094149,-0.7016791
0.01075799,-0.7135994,0.01096102,-0.7003856
0.0107371,-0.7149312,0.01098148,-0.6990262
0.01069293,-0.7177319,0.0110245,-0.6961502
0.01066962,-0.7192006,0.01104706,-0.6946328
0.0106455,-0.7207142,0.0110703,-0.6930622
0.01062034,-0.7222859,0.01109445,-0.6914241
0.01059434,-0.7239019,0.01111927,-0.689732
0.01053988,-0.7272639,0.01117091,-0.6861861
0.01051138,-0.72901,0.01119773,-0.6843308
0.01048203,-0.7307988,0.0112252,-0.6824203
0.01045163,-0.7326421,0.01125352,-0.6804408
0.01042031,-0.7345306,0.01128253,-0.6784018
0.01035515,-0.7384258,0.01134236,-0.6741599
0.01032125,-0.7404348,0.01137321,-0.6719528
0.01028647,-0.7424834,0.01140468,-0.6696885
0.01025042,-0.7445934,0.01143709,-0.6673415
0.0102135,-0.7467409,0.01147007,-0.6649377
0.01013713,-0.7511388,0.01153763,-0.6599657
0.01009761,-0.7533919,0.01157224,-0.6573925
0.01005716,-0.7556815,0.0116074,-0.6547593
0.01001578,-0.7580074,0.01164313,-0.6520652
0.00997321,-0.7603825,0.01167961,-0.6492939
0.009885279,-0.7652338,0.01175413,-0.6435694
0.009839874,-0.7677101,0.01179217,-0.6406133
0.0097935,-0.7702193,0.01183071,-0.6375942
0.009745917,-0.7727731,0.01186993,-0.6344964
0.009697353,-0.7753584,0.01190965,-0.6313347
0.009597252,-0.7806196,0.01199046,-0.6248178
0.009545688,-0.7832948,0.01203155,-0.6214608
0.009493104,-0.7859987,0.01207308,-0.6180375
0.009439287,-0.7887411,0.0121152,-0.6145337
0.009384436,-0.7915105,0.01215774,-0.6109627
0.009271567,-0.7971284,0.01224403,-0.6036146
0.009213556,-0.7999742,0.01228774,-0.5998378
0.009154484,-0.8028435,0.01233182,-0.5959921
0.009127537,-0.8041428,0.01235177,-0.5942377
0.00912677,-0.8041797,0.01235234,-0.5941879
0.00912677,-0.8041797,0.01235234,-0.5941879
0.00912677,-0.8041797,0.01235234,-0.5941879
0.00912677,-0.8041797,0.01235234,-0.5941879
0.00912677,-0.8041797,0.01235234,-0.5941879
0.00912677,-0.8041797,0.01235234,-0.5941879
0.00912677,-0.8041797,0.01235234,-0.5941879
0.00912677,-0.8041797,0.01235234,-0.5941879
0.00912677,-0.8041797,0.01235234,-0.5941879
0.00912677,-0.8041797,0.01235234,-0.5941879
0.00912677,-0.8041797,0.01235234,-0.5941879
0.00912677,-0.8041797,0.01235234,-0.5941879
0.00912677,-0.8041797,0.01235234,-0.5941879
0.00912677,-0.8041797,0.01235234,-0.5941879
0.00912677,-0.8041797,0.01235234,-0.5941879
0.00912677,-0.8041797,0.01235234,-0.5941879
0.00912677,-0.8041797,0.01235234,-0.5941879
0.00912677,-0.8041797,0.01235234,-0.5941879
0.00912677,-0.8041797,0.01235234,-0.5941879
0.00912677,-0.8041797,0.01235234,-0.5941879
0.00912677,-0.8041797,0.01235234,-0.5941879
0.00912677,-0.8041797,0.01235234,-0.5941879
0.00912677,-0.8041797,0.01235234,-0.5941879
0.00912677,-0.8041797,0.01235234,-0.5941879
0.00912677,-0.8041797,0.01235234,-0.5941879
0.00912677,-0.8041797,0.01235234,-0.5941879
0.00912677,-0.8041797,0.01235234,-0.5941879
0.00912677,-0.8041797,0.01235234,-0.5941879
0.00912677,-0.8041797,0.01235234,-0.5941879
0.00912677,-0.8041797,0.01235234,-0.5941879
0.00912677,-0.8041797,0.01235234,-0.5941879
0.00912677,-0.8041797,0.01235234,-0.5941879
0.00912677,-0.8041797,0.01235234,-0.5941879
0.00912677,-0.8041797,0.01235234,-0.5941879
0.00912677,-0.8041797,0.01235234,-0.5941879
0.00912677,-0.8041797,0.01235234,-0.5941879
0.00912677,-0.8041797,0.01235234,-0.5941879
0.00912677,-0.8041797,0.01235234,-0.5941879
0.00912677,-0.8041797,0.01235234,-0.5941879
0.00912677,-0.8041797,0.01235234,-0.5941879
0.00912677,-0.8041797,0.01235234,-0.5941879
0.00912677,-0.8041797,0.01235234,-0.5941879
0.00912677,-0.8041797,0.01235234,-0.5941879
0.00912677,-0.8041797,0.01235234,-0.5941879
0.00912677,-0.8041797,0.01235234,-0.5941879
0.00912677,-0.8041797,0.01235234,-0.5941879
0.00912677,-0.8041797,0.01235234,-0.5941879
0.00912677,-0.8041797,0.01235234,-0.5941879
0.00912677,-0.8041797,0.01235234,-0.5941879
0.00912677,-0.8041797,0.01235234,-0.5941879
0.00912677,-0.8041797,0.01235234,-0.5941879
0.009127625,-0.8041385,0.01235171,-0.5942435
0.00912958,-0.8040445,0.01235026,-0.5943708
0.009132387,-0.8039094,0.01234819,-0.5945536
0.009136056,-0.8037326,0.01234548,-0.5947924
0.009140573,-0.8035149,0.01234213,-0.5950865
0.009152191,-0.8029543,0.01233352,-0.5958429
0.009159521,-0.8025997,0.01232807,-0.5963202
0.009167706,-0.8022037,0.01232199,-0.596853
0.009176726,-0.8017664,0.01231528,-0.5974402
0.009186604,-0.8012868,0.01230791,-0.5980833
0.00920892,-0.8002002,0.01229122,-0.5995362
0.009221578,-0.7995822,0.01228173,-0.6003602
0.009235085,-0.7989212,0.01227157,-0.6012396
0.00924944,-0.7982171,0.01226076,-0.6021742
0.009264627,-0.7974703,0.01224929,-0.6031628
0.009297499,-0.7958469,0.01222435,-0.605303
0.009315423,-0.7949581,0.0122107,-0.6064699
0.009334172,-0.7940254,0.01219637,-0.6076905
0.009353752,-0.7930483,0.01218136,-0.6089652
0.009374144,-0.7920271,0.01216568,-0.6102928
0.009417384,-0.78985,0.01213224,-0.6131079
0.009440466,-0.7886813,0.01211429,-0.6146106
0.009464351,-0.787467,0.01209564,-0.6161655
0.00948903,-0.786207,0.01207628,-0.6177722
0.00951451,-0.7849008,0.01205622,-0.6194311
0.009567852,-0.7821475,0.01201393,-0.6229039
0.00959594,-0.7806879,0.01199151,-0.6247325
0.009624804,-0.7791803,0.01196835,-0.6266116
0.00965444,-0.7776248,0.01194446,-0.628541
0.00968484,-0.7760209,0.01191982,-0.6305202
0.009716007,-0.774368,0.01189443,-0.6325492
0.009781056,-0.7708893,0.011841,-0.6367841
0.009814712,-0.769074,0.01181312,-0.6389752
0.009849107,-0.7672081,0.01178446,-0.6412144
0.009884226,-0.7652913,0.01175501,-0.6435009
0.009920073,-0.7633229,0.01172478,-0.6458346
0.009994381,-0.7592033,0.0116615,-0.6506724
0.0100326,-0.7570637,0.01162864,-0.6531605
0.01007151,-0.7548708,0.01159495,-0.6556937
0.01011111,-0.752624,0.01156044,-0.6582715
0.01019235,-0.7479648,0.01148888,-0.6635607
0.0102342,-0.7455389,0.01145162,-0.6662852
0.0102767,-0.7430565,0.01141349,-0.6690524
0.01031986,-0.740517,0.01137448,-0.6718621
0.01036366,-0.7379202,0.01133459,-0.6747133
0.01040808,-0.7352655,0.01129381,-0.6776053
0.0104992,-0.7297537,0.01120915,-0.6835377
0.01054567,-0.726908,0.01116544,-0.6865631
0.01059273,-0.7240019,0.01112081,-0.689627
0.01064038,-0.7210346,0.01107523,-0.6927289
0.01068859,-0.7180057,0.0110287,-0.6958677
0.0107871,-0.7117342,0.01093237,-0.7022811
0.01083717,-0.708503,0.01088274,-0.7055407
0.01088776,-0.7052076,0.01083212,-0.7088345
0.01093887,-0.7018473,0.01078051,-0.712162
0.01099049,-0.6984209,0.01072788,-0.7155226
0.01109558,-0.6913427,0.01061916,-0.7223638
0.01114881,-0.6877028,0.01056325,-0.7258298
0.0112025,-0.6839948,0.01050629,-0.7293252
0.01125663,-0.6802182,0.01044828,-0.7328488
0.01131137,-0.6763581,0.01038899,-0.7364128
0.01142207,-0.6684263,0.01026716,-0.7436199
0.01147799,-0.6643537,0.0102046,-0.7472606
0.01153427,-0.6602098,0.01014095,-0.7509242
0.01159089,-0.6559934,0.01007619,-0.7546104
0.01164784,-0.6517034,0.01001029,-0.7583185
0.01176306,-0.642872,0.009874642,-0.7658196
0.01182111,-0.6383431,0.009805078,-0.7695988
0.01187942,-0.6337385,0.00973435,-0.7733949
0.01193798,-0.6290568,0.009662438,-0.7772077
0.01199678,-0.624298,0.009589344,-0.7810353
0.01211536,-0.6145152,0.00943908,-0.7887554
0.01217492,-0.6095057,0.009362132,-0.792633
0.01223463,-0.6044165,0.009283963,-0.7965205
0.01229449,-0.5992466,0.009204553,-0.8004172
0.01235445,-0.593996,0.009123904,-0.8043214
0.01247501,-0.5832191,0.008958369,-0.8121697
0.01253539,-0.5777057,0.008873682,-0.8161007
0.0125958,-0.5721093,0.00878772,-0.8200336
0.01265622,-0.566429,0.00870047,-0.8239674
0.01271664,-0.560664,0.008611919,-0.8279009
0.01283771,-0.5488452,0.008430381,-0.8357829
0.01289814,-0.5428068,0.00833763,-0.8397172
0.01295847,-0.5366815,0.008243546,-0.8436452
0.01301869,-0.5304686,0.008148114,-0.8475655
0.01307892,-0.5241519,0.008051089,-0.8514863
0.01319882,-0.5112544,0.007852981,-0.8592923
0.01325846,-0.5046707,0.007751855,-0.8631754
0.01331786,-0.4979972,0.007649349,-0.8670426
0.013377,-0.4912338,0.007545462,-0.8708924
0.01343598,-0.4843627,0.007439923,-0.8747325
0.01355295,-0.4703474,0.007224646,-0.8823476
0.01361089,-0.4632022,0.007114895,-0.8861195
0.01366843,-0.4559645,0.007003723,-0.8898655
0.01372553,-0.4486352,0.006891144,-0.893583
0.01378231,-0.4411955,0.006776869,-0.8972796
0.01389437,-0.4260376,0.006544043,-0.9045751
0.0139496,-0.4183184,0.006425475,-0.9081707
0.01400425,-0.4105051,0.006305463,-0.9117289
0.01405831,-0.4025982,0.006184011,-0.915248
0.01411184,-0.3945811,0.006060868,-0.9187328
0.01421688,-0.3782612,0.005810193,-0.9255715
0.01425599,-0.3719697,0.005713554,-0.9281178
0.01428263,-0.3676136,0.005646644,-0.9298518
0.01429739,-0.3651725,0.005609148,-0.9308132
0.01429739,-0.3651725,0.005609148,-0.9308132
0.01429739,-0.3651725,0.005609148,-0.9308132
0.01429739,-0.3651725,0.005609148,-0.9308132
0.01429739,-0.3651725,0.005609148,-0.9308132
0.01429739,-0.3651725,0.005609148,-0.9308132
0.01429739,-0.3651725,0.005609148,-0.9308132
0.01429739,-0.3651725,0.005609148,-0.9308132
0.01429739,-0.3651725,0.005609148,-0.9308132
