-0.001895833,0.9922351,-0.01524084,0.1234251
-0.001866065,0.9924742,-0.01524452,0.1214871
-0.00180332,0.9929657,-0.01525206,0.1174021
-0.001770045,0.9932194,-0.01525596,0.1152358
-0.001735703,0.9934763,-0.01525991,0.113
-0.001700296,0.9937358,-0.01526389,0.1106949
-0.001663825,0.9939974,-0.01526791,0.1083205
-0.001626272,0.9942608,-0.01527196,0.1058756
-0.001547389,0.9947943,-0.01528015,0.1007401
-0.00150633,0.9950613,-0.01528426,0.09806696
-0.001464212,0.9953278,-0.01528835,0.09532491
-0.001421011,0.9955931,-0.01529242,0.09251238
-0.001331352,0.9961182,-0.01530049,0.08667524
-0.001284621,0.9963783,-0.01530448,0.08363289
-0.001236817,0.9966346,-0.01530842,0.08052069
-0.001187941,0.9968866,-0.01531229,0.07733867
-0.001137989,0.9971335,-0.01531608,0.07408664
-0.001086934,0.9973749,-0.01531979,0.07076278
-0.0009810508,0.9978401,-0.01532694,0.06386936
-0.0009264821,0.9980612,-0.01533033,0.06031674
-0.0008708463,0.9982735,-0.01533359,0.05669465
-0.0008472881,0.9983594,-0.01533491,0.05516092
-0.0008472881,0.9983594,-0.01533491,0.05516092
-0.0008472881,0.9983594,-0.01533491,0.05516092
-0.0008472881,0.9983594,-0.01533491,0.05516092
-0.0008472881,0.9983594,-0.01533491,0.05516092
-0.0008472881,0.9983594,-0.01533491,0.05516092
-0.0008472881,0.9983594,-0.01533491,0.05516092
-0.0008472881,0.9983594,-0.01533491,0.05516092
-0.0008472881,0.9983594,-0.01533491,0.05516092
-0.0008472881,0.9983594,-0.01533491,0.05516092
-0.0008472881,0.9983594,-0.01533491,0.05516092
-0.0008472881,0.9983594,-0.01533491,0.05516092
-0.0008472881,0.9983594,-0.01533491,0.05516092
-0.0008472881,0.9983594,-0.01533491,0.05516092
-0.0008472881,0.9983594,-0.01533491,0.05516092
-0.0008472881,0.9983594,-0.01533491,0.05516092
-0.0008472881,0.9983594,-0.01533491,0.05516092
-0.0008472881,0.9983594,-0.01533491,0.05516092
-0.0008472881,0.9983594,-0.01533491,0.05516092
-0.0008472881,0.9983594,-0.01533491,0.05516092
-0.0008472881,0.9983594,-0.01533491,0.05516092
-0.0008472881,0.9983594,-0.01533491,0.05516092
-0.0008472881,0.9983594,-0.01533491,0.05516092
-0.0008472881,0.9983594,-0.01533491,0.05516092
-0.0008472881,0.9983594,-0.01533491,0.05516092
-0.0008472881,0.9983594,-0.01533491,0.05516092
-0.0008472881,0.9983594,-0.01533491,0.05516092
-0.0008472881,0.9983594,-0.01533491,0.05516092
-0.0008472881,0.9983594,-0.01533491,0.05516092
-0.0008472881,0.9983594,-0.01533491,0.05516092
-0.0008472881,0.9983594,-0.01533491,0.05516092
-0.0008472881,0.9983594,-0.01533491,0.05516092
-0.0008472881,0.9983594,-0.01533491,0.05516092
-0.0008472881,0.9983594,-0.01533491,0.05516092
-0.0008472881,0.9983594,-0.01533491,0.05516092
-0.0008472881,0.9983594,-0.01533491,0.05516092
-0.0008472881,0.9983594,-0.01533491,0.05516092
-0.0008472881,0.9983594,-0.01533491,0.05516092
-0.0008472881,0.9983594,-0.01533491,0.05516092
-0.0008472881,0.9983594,-0.01533491,0.05516092
-0.0008472881,0.9983594,-0.01533491,0.05516092
-0.0008472881,0.9983594,-0.01533491,0.05516092
-0.0008472881,0.9983594,-0.01533491,0.05516092
-0.0008472881,0.9983594,-0.01533491,0.05516092
-0.0008472881,0.9983594,-0.01533491,0.05516092
-0.0008472881,0.9983594,-0.01533491,0.05516092
-0.0008486597,0.9983544,-0.01533484,0.05525022
-0.0008545794,0.9983331,-0.01533451,0.05563562
-0.0008591472,0.9983165,-0.01533426,0.05593299
-0.0008647834,0.9982957,-0.01533394,0.05629993
-0.0008717828,0.99827,-0.01533354,0.05675562
-0.0008795454,0.9982411,-0.0153331,0.05726099
-0.0008988536,0.9981682,-0.01533198,0.05851803
-0.0009101072,0.998125,-0.01533131,0.05925068
-0.000922423,0.9980771,-0.01533058,0.06005248
-0.0009358068,0.9980243,-0.01532977,0.06092381
-0.0009505543,0.9979652,-0.01532886,0.06188393
-0.0009832197,0.997831,-0.0153268,0.06401058
-0.001001163,0.9977553,-0.01532564,0.06517875
-0.001020167,0.9976738,-0.01532438,0.06641597
-0.001040528,0.9975847,-0.01532302,0.06774158
-0.00106196,0.997489,-0.01532155,0.06913684
-0.001107995,0.9972767,-0.01531829,0.07213392
-0.001132607,0.9971595,-0.01531649,0.07373621
-0.001158271,0.9970345,-0.01531457,0.07540703
-0.001185304,0.9968999,-0.0153125,0.07716699
-0.001213379,0.9967567,-0.0153103,0.07899483
-0.001272732,0.996443,-0.01530548,0.08285891
-0.001304,0.9962716,-0.01530285,0.08489458
-0.001336318,0.9960901,-0.01530006,0.08699858
-0.001369698,0.9958979,-0.01529711,0.08917172
-0.001404434,0.9956928,-0.01529396,0.09143319
-0.001477071,0.9952472,-0.01528711,0.0961621
-0.001514976,0.9950057,-0.0152834,0.09862985
-0.001553929,0.994751,-0.01527949,0.1011659
-0.001593929,0.9944827,-0.01527537,0.10377
-0.001635276,0.9941981,-0.015271,0.1064619
-0.001721121,0.9935838,-0.01526157,0.1120506
-0.00176562,0.9932528,-0.01525648,0.1149477
-0.001811456,0.9929029,-0.01525111,0.1179318
-0.001858337,0.9925357,-0.01524547,0.1209839
-0.001906259,0.9921504,-0.01523955,0.1241038
-0.002005224,0.9913232,-0.01522684,0.1305468
-0.002056259,0.99088,-0.01522004,0.1338694
-0.002108607,0.9904136,-0.01521287,0.1372775
-0.0021617,0.9899284,-0.01520542,0.140734
-0.00221612,0.9894181,-0.01519758,0.1442769
-0.002328042,0.9883282,-0.01518084,0.1515634
-0.002385534,0.987747,-0.01517191,0.1553063
-0.002444037,0.9871406,-0.0151626,0.1591151
-0.002503858,0.986505,-0.01515284,0.1630097
-0.002564698,0.9858423,-0.01514266,0.1669706
-0.002689387,0.9844329,-0.01512101,0.1750883
-0.002753237,0.9836846,-0.01510951,0.1792452
-0.002818084,0.9829059,-0.01509755,0.183467
-0.002884225,0.9820924,-0.01508506,0.1877729
-0.002951336,0.981247,-0.01507207,0.1921421
-0.003088553,0.9794554,-0.01504455,0.2010754
-0.003158643,0.9785076,-0.01502999,0.2056386
-0.003229993,0.9775199,-0.01501482,0.2102837
-0.003302308,0.9764951,-0.01499908,0.2149917
-0.003375573,0.9754328,-0.01498276,0.2197615
-0.003525031,0.9731895,-0.0149483,0.2294917
-0.003601168,0.9720072,-0.01493015,0.2344485
-0.003645867,0.9713007,-0.01491929,0.2373586
-0.003650628,0.9712249,-0.01491813,0.2376686
-0.003650628,0.9712249,-0.01491813,0.2376686
-0.003650628,0.9712249,-0.01491813,0.2376686
-0.003650628,0.9712249,-0.01491813,0.2376686
-0.003650628,0.9712249,-0.01491813,0.2376686
-0.003650628,0.9712249,-0.01491813,0.2376686
-0.003650628,0.9712249,-0.01491813,0.2376686
-0.003650628,0.9712249,-0.01491813,0.2376686
-0.003650628,0.9712249,-0.01491813,0.2376686
-0.003650628,0.9712249,-0.01491813,0.2376686
-0.003650628,0.9712249,-0.01491813,0.2376686
-0.003650628,0.9712249,-0.01491813,0.2376686
-0.003650628,0.9712249,-0.01491813,0.2376686
-0.003650628,0.9712249,-0.01491813,0.2376686
-0.003650628,0.9712249,-0.01491813,0.2376686
-0.003650628,0.9712249,-0.01491813,0.2376686
-0.003650628,0.9712249,-0.01491813,0.2376686
-0.003650628,0.9712249,-0.01491813,0.2376686
-0.003650628,0.9712249,-0.01491813,0.2376686
-0.003650628,0.9712249,-0.01491813,0.2376686
-0.003650628,0.9712249,-0.01491813,0.2376686
-0.003650628,0.9712249,-0.01491813,0.2376686
-0.003650628,0.9712249,-0.01491813,0.2376686
-0.003650628,0.9712249,-0.01491813,0.2376686
-0.003650628,0.9712249,-0.01491813,0.2376686
-0.003650628,0.9712249,-0.01491813,0.2376686
-0.003650628,0.9712249,-0.01491813,0.2376686
-0.003650628,0.9712249,-0.01491813,0.2376686
-0.003650628,0.9712249,-0.01491813,0.2376686
-0.003650628,0.9712249,-0.01491813,0.2376686
-0.003650628,0.9712249,-0.01491813,0.2376686
-0.003650628,0.9712249,-0.01491813,0.2376686
-0.003650628,0.9712249,-0.01491813,0.2376686
-0.003650628,0.9712249,-0.01491813,0.2376686
-0.003650628,0.9712249,-0.01491813,0.2376686
-0.003650628,0.9712249,-0.01491813,0.2376686
-0.003650628,0.9712249,-0.01491813,0.2376686
-0.003650628,0.9712249,-0.01491813,0.2376686
-0.003650628,0.9712249,-0.01491813,0.2376686
-0.003650628,0.9712249,-0.01491813,0.2376686
-0.003650628,0.9712249,-0.01491813,0.2376686
-0.003650628,0.9712249,-0.01491813,0.2376686
-0.003650628,0.9712249,-0.01491813,0.2376686
-0.003650628,0.9712249,-0.01491813,0.2376686
-0.003650628,0.9712249,-0.01491813,0.2376686
-0.003650628,0.9712249,-0.01491813,0.2376686
-0.003650628,0.9712249,-0.01491813,0.2376686
-0.003650628,0.9712249,-0.01491813,0.2376686
-0.003650628,0.9712249,-0.01491813,0.2376686
-0.003650628,0.9712249,-0.01491813,0.2376686
-0.003650628,0.9712249,-0.01491813,0.2376686
-0.003650628,0.9712249,-0.01491813,0.2376686
-0.003650628,0.9712249,-0.01491813,0.2376686
-0.003650628,0.9712249,-0.01491813,0.2376686
-0.003650628,0.9712249,-0.01491813,0.2376686
-0.003650628,0.9712249,-0.01491813,0.2376686
-0.003650628,0.9712249,-0.01491813,0.2376686
-0.003650628,0.9712249,-0.01491813,0.2376686
-0.003650628,0.9712249,-0.01491813,0.2376686
-0.003649589,0.9712415,-0.01491838,0.237601
-0.003647512,0.9712746,-0.01491889,0.2374657
-0.003644408,0.9713238,-0.01491965,0.2372636
-0.003640262,0.9713898,-0.01492066,0.2369937
-0.003628263,0.9715801,-0.01492359,0.2362125
-0.003620708,0.9716995,-0.01492542,0.2357207
-0.003612107,0.9718352,-0.0149275,0.2351608
-0.00360247,0.9719867,-0.01492983,0.2345333
-0.003591791,0.9721543,-0.01493241,0.2338381
-0.00356674,0.9725451,-0.01493841,0.2322072
-0.003552659,0.9727635,-0.01494176,0.2312904
-0.003537538,0.9729971,-0.01494535,0.230306
-0.003521377,0.9732455,-0.01494917,0.2292538
-0.003485932,0.9737862,-0.01495747,0.2269463
-0.003466337,0.9740826,-0.01496202,0.2256706
-0.003445708,0.9743928,-0.01496679,0.2243275
-0.003424034,0.9747166,-0.01497176,0.2229165
-0.003401321,0.9750536,-0.01497694,0.2214378
-0.003352705,0.975767,-0.0149879,0.2182727
-0.003326524,0.9761467,-0.01499373,0.2165682
-0.003299301,0.9765382,-0.01499974,0.2147959
-0.003271028,0.9769412,-0.01500593,0.2129552
-0.003241699,0.9773555,-0.0150123,0.2110458
-0.003179875,0.978216,-0.01502552,0.2070208
-0.00314709,0.9786653,-0.01503242,0.2048864
-0.00311325,0.979124,-0.01503946,0.2026833
-0.003078343,0.9795917,-0.01504665,0.2004107
-0.003042379,0.9800678,-0.01505396,0.1980693
-0.002967253,0.9810435,-0.01506894,0.1931783
-0.002927798,0.9815458,-0.01507666,0.1906096
-0.002887283,0.9820543,-0.01508447,0.187972
-0.002845686,0.9825688,-0.01509237,0.1852639
-0.002803026,0.9830884,-0.01510036,0.1824865
-0.002759296,0.9836127,-0.01510841,0.1796395
-0.002668033,0.9846792,-0.01512479,0.173698
-0.002620773,0.985217,-0.01513305,0.1706212
-0.002572451,0.9857567,-0.01514134,0.1674753
-0.002523032,0.9862979,-0.01514966,0.1642579
-0.002472544,0.9868396,-0.01515798,0.1609709
-0.002367755,0.9879283,-0.0151747,0.1541488
-0.002313716,0.9884709,-0.01518303,0.1506307
-0.002258603,0.989011,-0.01519133,0.1470426
-0.002202409,0.989548,-0.01519958,0.1433842
-0.002145123,0.9900812,-0.01520777,0.1396546
-0.002026707,0.991138,-0.015224,0.1319453
-0.001965849,0.9916574,-0.01523198,0.1279832
-0.001903911,0.9921695,-0.01523985,0.1239508
-0.001840867,0.9926736,-0.01524759,0.1198465
-0.001776738,0.9931688,-0.0152552,0.1156714
-0.001644618,0.9941329,-0.01527,0.10707
-0.001576923,0.9945977,-0.01527714,0.1026627
-0.001508145,0.9950497,-0.01528408,0.09818504
-0.001438268,0.995488,-0.01529082,0.09363583
-0.001367295,0.9959119,-0.01529733,0.08901518
-0.00122145,0.9967149,-0.01530966,0.07952018
-0.00114689,0.9970903,-0.01531543,0.07466604
-0.001071236,0.997447,-0.01532091,0.0697407
-0.0009944921,0.9977837,-0.01532608,0.06474437
-0.0009163544,0.9981008,-0.01533095,0.05965732
-0.000756819,0.9986674,-0.01533965,0.04927098
-0.0006754273,0.9989147,-0.01534345,0.04397208
-0.0005929623,0.9991366,-0.01534686,0.03860331
-0.0005094121,0.999332,-0.01534986,0.03316389
-0.0004245066,0.9995001,-0.01535244,0.02763623
-0.0002514006,0.9997482,-0.01535625,0.0163664
-0.0001632378,0.9998257,-0.01535744,0.01062668
-7.400064E-05,0.9998705,-0.01535813,0.004817013
1.630778E-05,0.9998816,-0.0153583,-0.001062395
0.0001076886,0.9998575,-0.01535793,-0.007011621
0.0002942477,0.9996985,-0.01535549,-0.0191573
0.0003891119,0.9995611,-0.01535338,-0.02533331
0.0004850187,0.9993833,-0.01535065,-0.03157718
0.0005822824,0.9991632,-0.01534727,-0.03790941
0.0006805566,0.9988999,-0.01534323,-0.04430742
0.000880263,0.9982384,-0.01533307,-0.05730904
0.0009816452,0.9978375,-0.01532691,-0.06390938
0.001084055,0.9973881,-0.01532001,-0.07057665
0.001187476,0.9968889,-0.01531234,-0.07730974
0.001292209,0.9963366,-0.01530385,-0.08412825
0.001504655,0.9950719,-0.01528443,-0.09795919
0.001612373,0.9943566,-0.01527344,-0.1049721
0.001721081,0.993584,-0.01526158,-0.1120493
0.001830746,0.9927529,-0.01524881,-0.119189
0.001941677,0.9918591,-0.01523508,-0.126411
0.002166391,0.9898846,-0.01520475,-0.1410406
0.002280157,0.9888011,-0.01518811,-0.1484472
0.002394841,0.9876513,-0.01517045,-0.1559136
0.002510451,0.9864337,-0.01515175,-0.1634402
0.002627242,0.9851438,-0.01513193,-0.1710437
0.002863529,0.9823489,-0.015089,-0.1864269
0.002982982,0.980841,-0.01506584,-0.1942037
0.003103294,0.9792576,-0.01504152,-0.2020364
0.003224446,0.9775972,-0.01501602,-0.2099239
0.003346727,0.9758537,-0.01498924,-0.2178848
0.003593706,0.9721239,-0.01493195,-0.233964
0.003718385,0.9701345,-0.01490139,-0.242081
0.003843846,0.9680597,-0.01486952,-0.250249
0.003937256,0.9664673,-0.01484506,-0.2563304
0.003991911,0.9655165,-0.01483046,-0.2598886
0.0040154,0.9651036,-0.01482411,-0.2614178
0.0040154,0.9651036,-0.01482411,-0.2614178
0.0040154,0.9651036,-0.01482411,-0.2614178
0.0040154,0.9651036,-0.01482411,-0.2614178
0.0040154,0.9651036,-0.01482411,-0.2614178
0.0040154,0.9651036,-0.01482411,-0.2614178
0.0040154,0.9651036,-0.01482411,-0.2614178
0.0040154,0.9651036,-0.01482411,-0.2614178
0.0040154,0.9651036,-0.01482411,-0.2614178
0.0040154,0.9651036,-0.01482411,-0.2614178
0.0040154,0.9651036,-0.01482411,-0.2614178
0.0040154,0.9651036,-0.01482411,-0.2614178
0.0040154,0.9651036,-0.01482411,-0.2614178
0.0040154,0.9651036,-0.01482411,-0.2614178
0.0040154,0.9651036,-0.01482411,-0.2614178
0.004014367,0.9651218,-0.01482439,-0.2613506
0.004012306,0.9651582,-0.01482495,-0.2612164
0.004009205,0.9652126,-0.01482579,-0.2610146
0.004004799,0.9652902,-0.01482698,-0.2607277
0.003999344,0.9653861,-0.01482845,-0.2603725
0.003985372,0.965631,-0.01483221,-0.259463
0.003976842,0.96578,-0.0148345,-0.2589076
0.003967273,0.9659469,-0.01483707,-0.2582847
0.003956383,0.9661361,-0.01483997,-0.2575757
0.003944475,0.9663424,-0.01484314,-0.2568004
0.003917532,0.9668068,-0.01485028,-0.2550463
0.003902501,0.9670644,-0.01485423,-0.2540678
0.003886143,0.9673436,-0.01485852,-0.2530028
0.003868751,0.9676391,-0.01486306,-0.2518705
0.003850325,0.9679505,-0.01486784,-0.2506709
0.003810347,0.9686208,-0.01487814,-0.2480682
0.003788784,0.9689792,-0.01488364,-0.2466644
0.003765895,0.9693574,-0.01488945,-0.2451742
0.003741964,0.9697501,-0.01489548,-0.2436162
0.00371699,0.9701571,-0.01490174,-0.2419903
0.003663902,0.9710127,-0.01491488,-0.2385341
0.003635793,0.9714604,-0.01492176,-0.2367041
0.003606637,0.971921,-0.01492883,-0.2348059
0.003576132,0.9723986,-0.01493617,-0.2328199
0.003544576,0.9728882,-0.01494369,-0.2307655
0.00347831,0.9739015,-0.01495925,-0.2264514
0.003443588,0.9744243,-0.01496728,-0.2241909
0.003407513,0.9749616,-0.01497554,-0.2218422
0.003370395,0.9755083,-0.01498393,-0.2194257
0.003332209,0.9760643,-0.01499247,-0.2169396
0.003252637,0.9772012,-0.01500993,-0.2117593
0.003211246,0.9777813,-0.01501884,-0.2090645
0.003168782,0.9783683,-0.01502786,-0.2063
0.003124962,0.9789655,-0.01503703,-0.2034471
0.003080079,0.9795682,-0.01504629,-0.2005251
0.002987077,0.9807882,-0.01506503,-0.1944703
0.002938952,0.9814042,-0.01507449,-0.1913372
0.002889756,0.9820232,-0.015084,-0.1881343
0.002839188,0.9826483,-0.0150936,-0.1848422
0.002787533,0.9832749,-0.01510323,-0.1814793
0.002680995,0.9845298,-0.0151225,-0.1745432
0.00262609,0.9851568,-0.01513213,-0.1709688
0.002569811,0.9857856,-0.01514179,-0.1673048
0.002512441,0.9864122,-0.01515142,-0.1635698
0.002453974,0.9870359,-0.015161,-0.1597634
0.002333781,0.9882706,-0.01517996,-0.1519384
0.002272046,0.9888802,-0.01518933,-0.1479192
0.002208922,0.9894862,-0.01519863,-0.1438096
0.002144704,0.9900848,-0.01520783,-0.1396288
0.002079391,0.9906752,-0.0152169,-0.1353767
0.001945476,0.9918275,-0.0152346,-0.1266583
0.001876572,0.9923901,-0.01524324,-0.1221724
0.001806571,0.9929405,-0.01525169,-0.1176151
0.001735463,0.9934779,-0.01525995,-0.1129857
0.001663276,0.9940012,-0.01526798,-0.108286
0.001515591,0.9950016,-0.01528335,-0.09867122
0.001481776,0.9952174,-0.01528667,-0.09646977
0.001479546,0.9952315,-0.01528688,-0.09632457
0.001479546,0.9952315,-0.01528688,-0.09632457
0.001479546,0.9952315,-0.01528688,-0.09632457
0.001479546,0.9952315,-0.01528688,-0.09632457
0.001479546,0.9952315,-0.01528688,-0.09632457
0.001479546,0.9952315,-0.01528688,-0.09632457
0.001479546,0.9952315,-0.01528688,-0.09632457
0.001479546,0.9952315,-0.01528688,-0.09632457
0.001479546,0.9952315,-0.01528688,-0.09632457
0.001479546,0.9952315,-0.01528688,-0.09632457
0.001479546,0.9952315,-0.01528688,-0.09632457
0.001479546,0.9952315,-0.01528688,-0.09632457
0.001479546,0.9952315,-0.01528688,-0.09632457
0.001479546,0.9952315,-0.01528688,-0.09632457
0.001479546,0.9952315,-0.01528688,-0.09632457
0.001479546,0.9952315,-0.01528688,-0.09632457
0.001479546,0.9952315,-0.01528688,-0.09632457
0.001479546,0.9952315,-0.01528688,-0.09632457
0.001479546,0.9952315,-0.01528688,-0.09632457
0.001479546,0.9952315,-0.01528688,-0.09632457
0.001479546,0.9952315,-0.01528688,-0.09632457
0.001479546,0.9952315,-0.01528688,-0.09632457
0.001479546,0.9952315,-0.01528688,-0.09632457
0.001479546,0.9952315,-0.01528688,-0.09632457
0.001479546,0.9952315,-0.01528688,-0.09632457
0.001479546,0.9952315,-0.01528688,-0.09632457
0.001479546,0.9952315,-0.01528688,-0.09632457
0.001479546,0.9952315,-0.01528688,-0.09632457
0.001479546,0.9952315,-0.01528688,-0.09632457
0.001479546,0.9952315,-0.01528688,-0.09632457
0.001479546,0.9952315,-0.01528688,-0.09632457
0.001479546,0.9952315,-0.01528688,-0.09632457
0.001479546,0.9952315,-0.01528688,-0.09632457
0.001479546,0.9952315,-0.01528688,-0.09632457
0.001479546,0.9952315,-0.01528688,-0.09632457
0.001479546,0.9952315,-0.01528688,-0.09632457
0.001479546,0.9952315,-0.01528688,-0.09632457
0.001479546,0.9952315,-0.01528688,-0.09632457
0.001479546,0.9952315,-0.01528688,-0.09632457
0.001479546,0.9952315,-0.01528688,-0.09632457
0.001479546,0.9952315,-0.01528688,-0.09632457
0.001479546,0.9952315,-0.01528688,-0.09632457
0.001479546,0.9952315,-0.01528688,-0.09632457
0.001479546,0.9952315,-0.01528688,-0.09632457
0.001479546,0.9952315,-0.01528688,-0.09632457
0.001479546,0.9952315,-0.01528688,-0.09632457
0.001479546,0.9952315,-0.01528688,-0.09632457
0.001479546,0.9952315,-0.01528688,-0.09632457
0.001479546,0.9952315,-0.01528688,-0.09632457
0.001479546,0.9952315,-0.01528688,-0.09632457
0.001479546,0.9952315,-0.01528688,-0.09632457
0.001479546,0.9952315,-0.01528688,-0.09632457
0.001479546,0.9952315,-0.01528688,-0.09632457
0.001479546,0.9952315,-0.01528688,-0.09632457
0.001479546,0.9952315,-0.01528688,-0.09632457
0.001479546,0.9952315,-0.01528688,-0.09632457
0.001479546,0.9952315,-0.01528688,-0.09632457
0.001479546,0.9952315,-0.01528688,-0.09632457
0.001479546,0.9952315,-0.01528688,-0.09632457
0.001479546,0.9952315,-0.01528688,-0.09632457
0.001479546,0.9952315,-0.01528688,-0.09632457
0.001479546,0.9952315,-0.01528688,-0.09632457
0.001479546,0.9952315,-0.01528688,-0.09632457
0.001479546,0.9952315,-0.01528688,-0.09632457
0.001479546,0.9952315,-0.01528688,-0.09632457
0.001479546,0.9952315,-0.01528688,-0.09632457
0.001479546,0.9952315,-0.01528688,-0.09632457
0.001479546,0.9952315,-0.01528688,-0.09632457
0.001479546,0.9952315,-0.01528688,-0.09632457
0.001479546,0.9952315,-0.01528688,-0.09632457
0.001479546,0.9952315,-0.01528688,-0.09632457
0.001479546,0.9952315,-0.01528688,-0.09632457
0.001479546,0.9952315,-0.01528688,-0.09632457
0.001479546,0.9952315,-0.01528688,-0.09632457
0.001479546,0.9952315,-0.01528688,-0.09632457
0.001479546,0.9952315,-0.01528688,-0.09632457
0.001479546,0.9952315,-0.01528688,-0.09632457
0.001479546,0.9952315,-0.01528688,-0.09632457
0.001479546,0.9952315,-0.01528688,-0.09632457
0.001479546,0.9952315,-0.01528688,-0.09632457
0.001479546,0.9952315,-0.01528688,-0.09632457
0.001479546,0.9952315,-0.01528688,-0.09632457
0.001479546,0.9952315,-0.01528688,-0.09632457
0.001479546,0.9952315,-0.01528688,-0.09632457
0.001482718,0.9952115,-0.01528657,-0.09653103
0.001485893,0.9951915,-0.01528627,-0.09673775
0.001490142,0.9951645,-0.01528585,-0.0970144
0.001495455,0.9951307,-0.01528533,-0.09736027
0.001501828,0.9950901,-0.01528471,-0.09777519
0.001518364,0.9949837,-0.01528307,-0.09885174
0.001528221,0.9949197,-0.01528209,-0.0994935
0.001539133,0.9948484,-0.015281,-0.1002039
0.00155111,0.9947696,-0.01527979,-0.1009836
0.001564148,0.994683,-0.01527846,-0.1018324
0.001594022,0.994482,-0.01527537,-0.1037774
0.001610546,0.9943691,-0.01527363,-0.1048531
0.001628123,0.9942479,-0.01527177,-0.1059974
0.00164676,0.9941178,-0.01526977,-0.1072108
0.001666736,0.9939766,-0.0152676,-0.1085113
0.001709904,0.9936658,-0.01526283,-0.1113217
0.001733071,0.9934956,-0.01526022,-0.11283
0.00175729,0.9933152,-0.01525744,-0.1144067
0.001782563,0.9931244,-0.01525451,-0.116052
0.001808887,0.9929227,-0.01525141,-0.1177658
0.001865273,0.9924803,-0.01524462,-0.1214368
0.001895059,0.9922412,-0.01524095,-0.1233759
0.001925894,0.9919896,-0.01523708,-0.1253835
0.001957779,0.991725,-0.01523302,-0.1274593
0.001990977,0.9914448,-0.01522871,-0.1296206
0.00206057,0.9908419,-0.01521945,-0.1341513
0.002096946,0.9905183,-0.01521449,-0.1365196
0.002134365,0.9901795,-0.01520928,-0.1389557
0.002172832,0.9898248,-0.01520383,-0.14146
0.002212632,0.9894511,-0.01519809,-0.1440511
0.002295361,0.988652,-0.01518582,-0.1494371
0.002338277,0.9882256,-0.01517927,-0.1522311
0.002382221,0.9877807,-0.01517244,-0.155092
0.002427195,0.9873165,-0.01516531,-0.15802
0.002473485,0.9868295,-0.01515782,-0.1610336
0.002569181,0.9857926,-0.0151419,-0.1672638
0.002618571,0.9852416,-0.01513343,-0.1704792
0.002668988,0.984668,-0.01512462,-0.1737615
0.002720451,0.9840709,-0.01511545,-0.177112
0.002773194,0.9834467,-0.01510586,-0.1805458
0.002881726,0.9821233,-0.01508554,-0.1876115
0.00293751,0.9814225,-0.01507477,-0.1912433
0.002994291,0.9806949,-0.0150636,-0.19494
0.00305238,0.9799356,-0.01505193,-0.1987218
0.003111466,0.9791477,-0.01503983,-0.2025685
0.00323262,0.9774827,-0.01501426,-0.2104561
0.003294676,0.9766042,-0.01500076,-0.2144961
0.00335771,0.9756937,-0.01498678,-0.2185998
0.00342173,0.9747506,-0.01497229,-0.2227678
0.003487023,0.9737693,-0.01495722,-0.2270186
0.00362052,0.9717022,-0.01492547,-0.2357097
0.00368871,0.9706146,-0.01490876,-0.2401491
0.003757853,0.9694897,-0.01489148,-0.2446506
0.003828248,0.9683216,-0.01487354,-0.2492336
0.003899571,0.9671146,-0.014855,-0.2538769
0.004045077,0.9645781,-0.01481604,-0.2633499
0.004119227,0.9632471,-0.0147956,-0.2681774
0.004194586,0.9618677,-0.01477441,-0.2730835
0.004270864,0.960444,-0.01475254,-0.2780495
0.004348052,0.958975,-0.01472998,-0.2830747
0.004505115,0.955897,-0.0146827,-0.2933001
0.004584994,0.9542859,-0.01465795,-0.2985005
0.004665735,0.9526258,-0.01463245,-0.303757
0.004747611,0.9509096,-0.01460609,-0.3090875
0.004830376,0.9491413,-0.01457893,-0.3144758
0.004998451,0.9454456,-0.01452216,-0.3254181
0.005083756,0.9435157,-0.01449252,-0.3309717
0.005169892,0.9415298,-0.01446202,-0.3365795
0.005257126,0.9394802,-0.01443054,-0.3422588
0.005345161,0.9373724,-0.01439816,-0.3479901
0.005523634,0.9329766,-0.01433064,-0.3596094
0.005614034,0.9306867,-0.01429547,-0.3654948
0.005705203,0.9283339,-0.01425933,-0.3714302
0.005797386,0.9259102,-0.0142221,-0.3774317
0.005890321,0.9234206,-0.01418386,-0.3834821
0.0060784,0.9182399,-0.01410428,-0.3957267
0.006173498,0.915547,-0.01406292,-0.4019179
0.006269295,0.9127836,-0.01402047,-0.4081547
0.006366021,0.9099416,-0.01397682,-0.4144519
0.006463415,0.9070269,-0.01393205,-0.4207926
0.006660157,0.900974,-0.01383908,-0.4336012
0.006759475,0.8978335,-0.01379084,-0.4400672
0.006859392,0.8946158,-0.01374142,-0.4465722
0.006960175,0.8913104,-0.01369064,-0.4531335
0.007061513,0.8879255,-0.01363865,-0.459731
0.00726586,0.88091,-0.01353089,-0.4730347
0.007368828,0.8772773,-0.01347509,-0.4797383
0.007472301,0.8735597,-0.01341799,-0.4864747
0.007576516,0.8697467,-0.01335943,-0.4932595
0.0076812,0.865846,-0.01329951,-0.5000748
0.007891876,0.8577781,-0.01317559,-0.5137906
0.007997837,0.8536083,-0.01311154,-0.5206891
0.00810444,0.8493358,-0.01304591,-0.5276293
0.008211403,0.8449701,-0.01297885,-0.534593
0.008318705,0.8405098,-0.01291034,-0.5415788
0.008534253,0.8313001,-0.01276888,-0.5556117
0.008642443,0.8265489,-0.0126959,-0.5626553
0.008751136,0.8216873,-0.01262123,-0.5697317
0.008860054,0.8167251,-0.01254501,-0.5768226
0.008969181,0.8116608,-0.01246722,-0.5839272
0.009187941,0.8012226,-0.01230689,-0.5981693
0.009297526,0.7958465,-0.01222431,-0.6053037
0.009407209,0.7903644,-0.01214011,-0.6124444
0.009517187,0.7847641,-0.01205408,-0.6196043
0.009627221,0.7790546,-0.01196639,-0.6267679
0.009847317,0.7673062,-0.01178593,-0.6410969
0.009957324,0.7612652,-0.01169314,-0.6482588
0.01006749,0.7550992,-0.01159843,-0.6554307
0.01017755,0.7488195,-0.01150197,-0.6625961
0.01028747,0.7424256,-0.01140376,-0.6697525
0.01050681,0.7292904,-0.011202,-0.684032
0.01061636,0.7225341,-0.01109822,-0.6911648
0.01072567,0.7156594,-0.01099263,-0.6982807
0.01083467,0.708666,-0.01088521,-0.705377
0.01094334,0.701553,-0.01077595,-0.7124519
0.01115958,0.6869633,-0.01055185,-0.7265298
0.01126708,0.6794849,-0.01043699,-0.7335287
0.01137429,0.6718713,-0.01032004,-0.7405087
0.01148101,0.6641332,-0.01020118,-0.7474566
0.01158718,0.6562714,-0.01008043,-0.7543687
0.01179778,0.6401711,-0.009833124,-0.7680789
0.0119023,0.6319173,-0.009706345,-0.7748837
0.01200612,0.623537,-0.009577623,-0.781643
0.01210921,0.6150294,-0.009446945,-0.7883545
0.01221152,0.6063949,-0.009314318,-0.7950154
0.01241368,0.58874,-0.009043137,-0.8081766
0.01251343,0.5797205,-0.008904597,-0.8146707
0.01261242,0.5705562,-0.008763833,-0.821115
0.01271042,0.5612629,-0.008621087,-0.8274951
0.01280739,0.5518407,-0.008476362,-0.8338081
0.01299808,0.532608,-0.008180945,-0.8462227
0.01309187,0.5227805,-0.008029995,-0.852329
0.01318445,0.5128239,-0.00787706,-0.8583564
0.01327578,0.5027381,-0.007722141,-0.8643023
0.01336582,0.4925226,-0.007565229,-0.8701642
0.01345452,0.4821775,-0.007406327,-0.8759389
0.01362799,0.4610672,-0.00708207,-0.8872324
0.01371253,0.4503185,-0.006916969,-0.8927359
0.01379553,0.4394419,-0.006749902,-0.8981398
0.01387696,0.4284376,-0.006580875,-0.9034409
0.01403489,0.4060486,-0.006236978,-0.9137225
0.0141114,0.3946483,-0.006061869,-0.918704
0.01418615,0.3831219,-0.005884822,-0.9235701
0.01425907,0.3714707,-0.005705858,-0.9283177
0.01433012,0.359696,-0.005524996,-0.9329432
0.01439924,0.3477987,-0.005342253,-0.9374434
0.01453172,0.3236035,-0.004970611,-0.9460682
0.01459487,0.3113253,-0.004782016,-0.9501793
0.01465589,0.2989288,-0.004591606,-0.9541518
0.01471473,0.2864153,-0.004399396,-0.9579825
0.01482567,0.2610419,-0.004009658,-0.9652053
0.01487774,0.2481675,-0.003811906,-0.9685954
0.01492743,0.2351812,-0.003612435,-0.9718302
0.01497468,0.2220842,-0.003411263,-0.9749066
0.01501945,0.2088786,-0.003208423,-0.9778209
0.01506167,0.1955669,-0.003003954,-0.9805701
0.01513841,0.1685949,-0.002589661,-0.9855658
0.01517276,0.1549564,-0.002380172,-0.987802
0.01519974,0.1433101,-0.002201282,-0.9895587
0.0152203,0.1337437,-0.002054341,-0.990897
0.01524586,0.1207759,-0.001855155,-0.992561
0.0152511,0.1179379,-0.001811563,-0.9929022
0.01525244,0.1172005,-0.001800236,-0.9929895
0.01525244,0.1172005,-0.001800236,-0.9929895
0.01525244,0.1172005,-0.001800236,-0.9929895
0.01525244,0.1172005,-0.001800236,-0.9929895
0.01525244,0.1172005,-0.001800236,-0.9929895
0.01525244,0.1172005,-0.001800236,-0.9929895
0.01525244,0.1172005,-0.001800236,-0.9929895
0.01525244,0.1172005,-0.001800236,-0.9929895
0.01525244,0.1172005,-0.001800236,-0.9929895
0.01525244,0.1172005,-0.001800236,-0.9929895
0.01525244,0.1172005,-0.001800236,-0.9929895
0.01525244,0.1172005,-0.001800236,-0.9929895
0.01525244,0.1172005,-0.001800236,-0.9929895
0.01525244,0.1172005,-0.001800236,-0.9929895
0.01525244,0.1172005,-0.001800236,-0.9929895
0.01525244,0.1172005,-0.001800236,-0.9929895
0.01525244,0.1172005,-0.001800236,-0.9929895
0.01525244,0.1172005,-0.001800236,-0.9929895
0.01525257,0.1171299,-0.001799152,-0.9929979
0.01525326,0.1167451,-0.001793242,-0.9930431
0.01525379,0.11645,-0.001788708,-0.9930778
0.01525445,0.1160856,-0.001783111,-0.9931205
0.01525523,0.115653,-0.001776467,-0.993171
0.01525717,0.1145612,-0.001759697,-0.9932975
0.01525833,0.1139018,-0.001749568,-0.9933733
0.01525962,0.1131728,-0.001738371,-0.9934567
0.01526101,0.1123747,-0.001726112,-0.9935473
0.01526251,0.1115082,-0.001712802,-0.9936449
0.01526411,0.110573,-0.001698437,-0.9937493
0.01526769,0.1084555,-0.001665912,-0.9939827
0.01526963,0.1072929,-0.001648055,-0.9941089
0.01527166,0.106061,-0.001629133,-0.9942411
0.01527378,0.1047602,-0.001609152,-0.994379
0.01527602,0.1033704,-0.001587804,-0.9945244
0.01528072,0.1003825,-0.001541911,-0.9948304
0.01528317,0.09878487,-0.00151737,-0.9949903
0.01528569,0.09711812,-0.001491769,-0.9951544
0.01528827,0.09538166,-0.001465096,-0.9953223
0.0152909,0.09357598,-0.001437361,-0.9954937
0.01529636,0.0897173,-0.001378091,-0.9958489
0.01529914,0.08768357,-0.001346853,-0.99603
0.01530195,0.08558004,-0.001314542,-0.9962129
0.01530478,0.08340719,-0.001281167,-0.9963972
0.01530765,0.08114773,-0.001246462,-0.9965838
0.01531339,0.07641374,-0.001173747,-0.9969579
0.01531626,0.07394225,-0.001135785,-0.9971443
0.0153191,0.07140158,-0.00109676,-0.9973295
0.01532192,0.06879112,-0.001056663,-0.9975129
0.01532472,0.06609108,-0.00101519,-0.9976954
0.01533019,0.06048243,-0.0009290403,-0.9980511
0.01533283,0.05757264,-0.0008843456,-0.9982232
0.0153354,0.05459415,-0.0008385956,-0.9983906
0.01533789,0.05154567,-0.0007917706,-0.9985526
0.0153403,0.04840752,-0.0007435683,-0.9987096
0.0153448,0.04192258,-0.0006439587,-0.9990028
0.01534688,0.03857477,-0.0005925359,-0.9991377
0.01534881,0.03515738,-0.0005400443,-0.9992638
0.01535061,0.03166952,-0.0004864703,-0.9993805
0.01535225,0.02809266,-0.0004315294,-0.9994873
0.01535501,0.02072995,-0.0003184373,-0.9996672
0.0153561,0.01694426,-0.0002602886,-0.9997385
0.01535699,0.01308854,-0.0002010643,-0.9997964
0.01535766,0.009162975,-0.0001407672,-0.9998401
0.01535811,0.005148398,-7.910278E-05,-0.9998688
0.01535824,-0.003088623,4.741886E-05,-0.9998773
0.0153579,-0.007311464,0.0001122822,-0.9998553
0.01535728,-0.01160359,0.0001782098,-0.9998147
0.01535635,-0.01596516,0.0002452041,-0.9997546
0.01535511,-0.02041527,0.0003135582,-0.9996737
0.01535161,-0.02952251,0.0004534466,-0.9994462
0.01534934,-0.03417955,0.0005249793,-0.9992977
0.01534668,-0.03890497,0.0005975624,-0.9991249
0.01534362,-0.0437183,0.0006714957,-0.9989259
0.01534016,-0.04860067,0.0007464896,-0.9987003
0.01533194,-0.05856875,0.0008996004,-0.9981652
0.01532716,-0.06365433,0.0009777156,-0.9978538
0.0153219,-0.06880776,0.001056873,-0.9975117
0.01531616,-0.07402837,0.001137062,-0.9971379
0.01530989,-0.07933567,0.001218583,-0.9967297
0.01529576,-0.09015122,0.001384711,-0.9958097
0.01528786,-0.09565991,0.001469325,-0.9952956
0.01527939,-0.1012344,0.00155495,-0.9947441
0.0152703,-0.1068935,0.001641875,-0.9941519
0.01526059,-0.1126188,0.001729816,-0.9935196
0.01523925,-0.1242623,0.001908661,-0.9921306
0.01522759,-0.1301815,0.001999581,-0.9913713
0.01521524,-0.136165,0.002091489,-0.9905671
0.01520214,-0.1422316,0.002184672,-0.9897143
0.01518831,-0.1483621,0.002278838,-0.9888139
0.01515839,-0.1608098,0.002470036,-0.9868659
0.01514225,-0.1671272,0.002567072,-0.9858158
0.01512532,-0.1735062,0.002665055,-0.984713
0.01510755,-0.1799461,0.002763972,-0.9835566
0.01508889,-0.1864645,0.002864096,-0.9823417
0.01504894,-0.1996822,0.003067121,-0.9797404
0.0150276,-0.2063799,0.003169999,-0.9783514
0.01500533,-0.2131362,0.003273776,-0.9769018
0.01498205,-0.2199688,0.003378727,-0.975386
0.01495779,-0.2268582,0.003484549,-0.9738067
0.01490626,-0.2408049,0.003698771,-0.9704521
0.01487895,-0.2478609,0.003807153,-0.9686739
0.01485058,-0.2549704,0.003916355,-0.9668269
0.01482105,-0.262152,0.004026666,-0.9649044
0.01479042,-0.2693851,0.004137767,-0.9629101
0.01475414,-0.2776884,0.004265307,-0.9605485
0.014749,-0.278845,0.004283072,-0.9602134
0.014749,-0.278845,0.004283072,-0.9602134
0.014749,-0.278845,0.004283072,-0.9602134
0.014749,-0.278845,0.004283072,-0.9602134
0.014749,-0.278845,0.004283072,-0.9602134
0.014749,-0.278845,0.004283072,-0.9602134
0.014749,-0.278845,0.004283072,-0.9602134
0.01474938,-0.278759,0.004281752,-0.9602382
0.01475005,-0.2786081,0.004279434,-0.9602821
0.0147523,-0.2781043,0.004271696,-0.9604281
0.01475386,-0.2777519,0.004266283,-0.9605301
0.0147558,-0.2773143,0.004259561,-0.9606565
0.01475804,-0.27681,0.004251814,-0.960802
0.01476056,-0.2762387,0.00424304,-0.9609663
0.01476647,-0.2748966,0.004222426,-0.9613511
0.01476986,-0.2741241,0.00421056,-0.9615717
0.01477353,-0.2732853,0.004197676,-0.9618104
0.01477756,-0.2723602,0.004183466,-0.9620728
0.01478186,-0.2713687,0.004168236,-0.962353
0.01479128,-0.2691838,0.004134675,-0.9629664
0.0147964,-0.2679903,0.004116343,-0.9632992
0.01480177,-0.2667296,0.004096978,-0.9636491
0.01480748,-0.2653827,0.00407629,-0.9640209
0.01481345,-0.2639676,0.004054554,-0.9644092
0.01482611,-0.2609362,0.004007991,-0.9652339
0.01483281,-0.2593189,0.00398315,-0.9656696
0.01483981,-0.2576148,0.003956974,-0.9661257
0.01484704,-0.2558427,0.003929754,-0.9665965
0.01485449,-0.2540025,0.003901489,-0.9670817
0.01487004,-0.2501175,0.003841816,-0.9680937
0.01487812,-0.2480727,0.003810406,-0.9686197
0.0148864,-0.2459589,0.003777939,-0.9691586
0.01489493,-0.2437584,0.003744139,-0.9697144
0.01490365,-0.2414891,0.003709282,-0.970282
0.0149216,-0.2367441,0.003636398,-0.9714506
0.01493082,-0.2342677,0.003598361,-0.9720508
0.01494019,-0.2317217,0.003559253,-0.9726609
0.01494977,-0.2290883,0.003518804,-0.9732845
0.01495948,-0.2263857,0.003477292,-0.9739167
0.01497926,-0.2207721,0.003391067,-0.9752045
0.01498932,-0.2178607,0.003346347,-0.975859
0.01499953,-0.2148609,0.003300269,-0.9765239
0.01500983,-0.2117912,0.003253119,-0.9771942
0.0150202,-0.2086516,0.003204893,-0.9778695
0.01504113,-0.20216,0.003105181,-0.9792321
0.01505166,-0.1988097,0.003053721,-0.9799178
0.01506229,-0.1953684,0.003000862,-0.9806097
0.01507293,-0.1918579,0.00294694,-0.9813026
0.01508358,-0.1882766,0.002891931,-0.981996
0.01510486,-0.1809014,0.002778647,-0.9833814
0.01511547,-0.1771075,0.002720372,-0.9840717
0.01512608,-0.1732231,0.002660708,-0.9847629
0.01513664,-0.1692676,0.00259995,-0.9854505
0.01514713,-0.165242,0.002538117,-0.9861335
0.01516787,-0.1569737,0.002411114,-0.9874834
0.01517813,-0.1527134,0.002345676,-0.9881512
0.01518826,-0.1483825,0.002279152,-0.9888108
0.01519825,-0.143979,0.002211514,-0.9894616
0.0152081,-0.139504,0.002142778,-0.9901025
0.01522727,-0.1303383,0.002001991,-0.9913507
0.01523657,-0.1256486,0.001929957,-0.991956
0.01524569,-0.120867,0.00185651,-0.99255
0.01525458,-0.1160134,0.001781959,-0.9931289
0.01526323,-0.1110892,0.001706323,-0.9936917
0.01527972,-0.1010251,0.001551737,-0.9947653
0.01528753,-0.09588358,0.001472762,-0.9952741
0.01529506,-0.09065255,0.001392413,-0.9957641
0.01530226,-0.08534984,0.001310963,-0.9962327
0.01530911,-0.07997589,0.001228418,-0.9966785
0.01531559,-0.07453012,0.001144771,-0.9971005
0.01532742,-0.06338508,0.0009735815,-0.997871
0.01533271,-0.05770507,0.0008863357,-0.9982156
0.01533756,-0.05195489,0.0007980122,-0.9985313
0.01534196,-0.04613339,0.0007085933,-0.9988173
0.01534928,-0.034277,0.0005264776,-0.9992944
0.01535219,-0.02822478,0.0004335148,-0.9994836
0.01535456,-0.0221002,0.0003394405,-0.9996378
0.01535637,-0.01590538,0.0002442873,-0.9997556
0.0153576,-0.009639904,0.0001480488,-0.9998357
0.01535824,0.003099712,-4.763328E-05,-0.9998773
0.0153576,0.009592773,-0.0001473675,-0.9998361
0.01535631,0.01615532,-0.0002481691,-0.9997515
0.01535432,0.02278644,-0.0003500238,-0.9996224
0.01535163,0.02948617,-0.0004529325,-0.9994472
0.01534821,0.0362536,-0.0005568811,-0.9992246
0.01533907,0.05003161,-0.000768513,-0.9986296
0.01533332,0.05702034,-0.0008758607,-0.9982549
0.01532674,0.06407436,-0.0009842112,-0.9978269
0.01531933,0.07119577,-0.001093597,-0.9973441
0.01530188,0.08563473,-0.001315381,-0.9962083
0.01529177,0.09297087,-0.001428065,-0.9955505
0.01528073,0.1003702,-0.00154172,-0.9948317
0.01526873,0.1078336,-0.001656359,-0.9940503
0.01525575,0.1153603,-0.001771969,-0.993205
0.01523096,0.1284928,-0.001973687,-0.9915915
0.01522516,0.1313776,-0.002017998,-0.9912134
0.01522349,0.1321913,-0.002030496,-0.9911053
0.01522349,0.1321913,-0.002030496,-0.9911053
0.01522349,0.1321913,-0.002030496,-0.9911053
0.01522349,0.1321913,-0.002030496,-0.9911053
0.01522349,0.1321913,-0.002030496,-0.9911053
0.01522349,0.1321913,-0.002030496,-0.9911053
0.01522349,0.1321913,-0.002030496,-0.9911053
0.01522349,0.1321913,-0.002030496,-0.9911053
0.01522349,0.1321913,-0.002030496,-0.9911053
0.01522349,0.1321913,-0.002030496,-0.9911053
0.01522349,0.1321913,-0.002030496,-0.9911053
0.01522349,0.1321913,-0.002030496,-0.9911053
0.01522349,0.1321913,-0.002030496,-0.9911053
0.01522349,0.1321913,-0.002030496,-0.9911053
0.01522349,0.1321913,-0.002030496,-0.9911053
0.01522349,0.1321913,-0.002030496,-0.9911053
0.01522349,0.1321913,-0.002030496,-0.9911053
0.01522349,0.1321913,-0.002030496,-0.9911053
0.01522349,0.1321913,-0.002030496,-0.9911053
0.01522349,0.1321913,-0.002030496,-0.9911053
0.01522349,0.1321913,-0.002030496,-0.9911053
0.01522349,0.1321913,-0.002030496,-0.9911053
0.01522349,0.1321913,-0.002030496,-0.9911053
0.01522349,0.1321913,-0.002030496,-0.9911053
0.01522349,0.1321913,-0.002030496,-0.9911053
0.01522349,0.1321913,-0.002030496,-0.9911053
0.01522349,0.1321913,-0.002030496,-0.9911053
0.01522349,0.1321913,-0.002030496,-0.9911053
0.01522349,0.1321913,-0.002030496,-0.9911053
0.01522349,0.1321913,-0.002030496,-0.9911053
0.01522349,0.1321913,-0.002030496,-0.9911053
0.01522349,0.1321913,-0.002030496,-0.9911053
0.01522349,0.1321913,-0.002030496,-0.9911053
0.01522349,0.1321913,-0.002030496,-0.9911053
0.01522349,0.1321913,-0.002030496,-0.9911053
0.01522349,0.1321913,-0.002030496,-0.9911053
0.01522349,0.1321913,-0.002030496,-0.9911053
0.01522349,0.1321913,-0.002030496,-0.9911053
0.01522349,0.1321913,-0.002030496,-0.9911053
0.01522349,0.1321913,-0.002030496,-0.9911053
0.01522349,0.1321913,-0.002030496,-0.9911053
0.01522349,0.1321913,-0.002030496,-0.9911053
0.01522349,0.1321913,-0.002030496,-0.9911053
0.01522349,0.1321913,-0.002030496,-0.9911053
0.01522349,0.1321913,-0.002030496,-0.9911053
0.01522349,0.1321913,-0.002030496,-0.9911053
0.01522349,0.1321913,-0.002030496,-0.9911053
0.01522349,0.1321913,-0.002030496,-0.9911053
0.01522349,0.1321913,-0.002030496,-0.9911053
0.01522307,0.1323979,-0.00203367,-0.9910777
0.01522265,0.1326048,-0.002036847,-0.99105
0.01522208,0.1328799,-0.002041073,-0.9910132
0.01522137,0.1332238,-0.002046355,-0.990967
0.01522048,0.1336566,-0.002053004,-0.9909087
0.01521825,0.1347279,-0.002069458,-0.9907636
0.01521691,0.1353664,-0.002079266,-0.9906766
0.01521542,0.1360735,-0.002090127,-0.9905797
0.01521378,0.1368498,-0.002102051,-0.9904728
0.01521194,0.1377141,-0.002115328,-0.990353
0.01520777,0.1396499,-0.002145061,-0.9900818
0.01520545,0.1407204,-0.002161504,-0.9899303
0.01520295,0.1418597,-0.002179003,-0.9897677
0.01520028,0.1430674,-0.002197554,-0.9895937
0.01519738,0.1443636,-0.002217464,-0.9894055
0.01519105,0.1471602,-0.00226042,-0.9889935
0.01518761,0.1486614,-0.002283479,-0.9887689
0.01518396,0.1502298,-0.00230757,-0.9885318
0.01518012,0.1518674,-0.002332723,-0.9882816
0.01517603,0.1535918,-0.00235921,-0.9880151
0.0151672,0.1572455,-0.002415332,-0.9874401
0.01516245,0.1591742,-0.002444956,-0.9871311
0.01515747,0.161171,-0.002475628,-0.986807
0.01515221,0.1632548,-0.002507636,-0.9864644
0.0151467,0.1654063,-0.002540683,-0.986106
0.01513493,0.169912,-0.002609891,-0.9853396
0.01512865,0.1722662,-0.002646052,-0.9849307
0.0151221,0.1746879,-0.002683249,-0.9845041
0.01511526,0.1771771,-0.002721484,-0.9840592
0.01510809,0.1797526,-0.002761045,-0.983592
0.01509283,0.1851042,-0.002843245,-0.9825989
0.01508474,0.1878804,-0.002885888,-0.9820719
0.01507632,0.1907234,-0.002929557,-0.9815238
0.01506756,0.1936346,-0.002974272,-0.9809536
0.0150584,0.1966298,-0.00302028,-0.9803575
0.01503903,0.2028184,-0.003115337,-0.9790959
0.01502878,0.2060115,-0.003164383,-0.9784291
0.01501816,0.2092704,-0.003214441,-0.9777372
0.01500707,0.2126139,-0.003265797,-0.9770157
0.01499559,0.2160208,-0.003318128,-0.9762679
0.01497134,0.2230339,-0.003425849,-0.9746897
0.01495857,0.2266382,-0.003481212,-0.9738579
0.01494534,0.2303068,-0.003537563,-0.9729969
0.01493158,0.2340591,-0.003595198,-0.9721011
0.01491735,0.2378735,-0.003653788,-0.9711748
0.01488741,0.245696,-0.003773943,-0.9692253
0.01487167,0.2497022,-0.003835478,-0.9682009
0.01485541,0.2537715,-0.003897982,-0.9671423
0.01483855,0.2579198,-0.003961701,-0.9660443
0.01482112,0.2621319,-0.0040264,-0.9649099
0.01478456,0.2707419,-0.004158651,-0.9625295
0.01476539,0.2751398,-0.004226204,-0.9612816
0.01474562,0.2795977,-0.004294677,-0.9599944
0.01472514,0.284135,-0.004364371,-0.9586613
0.01470403,0.2887322,-0.004434984,-0.9572868
0.01465983,0.2981071,-0.004578982,-0.9544089
0.01463671,0.3028832,-0.004652345,-0.9529039
0.01461282,0.3077337,-0.004726849,-0.9513485
0.0145882,0.3126449,-0.004802285,-0.949746
0.01456286,0.3176124,-0.004878586,-0.9480963
0.01450993,0.3277194,-0.005033831,-0.9446503
0.01448231,0.3328575,-0.005112752,-0.9428521
0.0144538,0.3380693,-0.005192807,-0.9409959
0.01442449,0.3433338,-0.00527367,-0.9390879
0.01439435,0.3486541,-0.005355392,-0.9371256
0.01433153,0.3594554,-0.0055213,-0.9330359
0.01429882,0.364935,-0.005605468,-0.9309064
0.01426522,0.3704672,-0.005690443,-0.9287186
0.0142306,0.3760674,-0.005776463,-0.926465
0.01419506,0.3817193,-0.005863276,-0.9241507
0.01412112,0.3931709,-0.006039175,-0.9193372
0.01408269,0.3989699,-0.006128248,-0.9168354
0.01404327,0.4048162,-0.006218048,-0.9142691
0.01400272,0.4107275,-0.006308847,-0.9116288
0.01396114,0.4166836,-0.006400332,-0.9089219
0.01387479,0.428733,-0.006585413,-0.9033007
0.01383001,0.4348223,-0.006678945,-0.9003854
0.013784,0.4409721,-0.006773406,-0.8973895
0.01373686,0.4471636,-0.006868508,-0.8943204
0.01368858,0.4533946,-0.006964218,-0.8911776
0.01358852,0.465977,-0.007157485,-0.8846635
0.01353658,0.4723423,-0.007255255,-0.8812814
0.01348341,0.4787443,-0.007353591,-0.8778201
0.01342902,0.4851801,-0.007452447,-0.8742794
0.01337338,0.4916515,-0.007551848,-0.8706566
0.01325827,0.5046926,-0.00775216,-0.8631625
0.01319877,0.5112595,-0.007853027,-0.8592892
0.0131378,0.5178734,-0.007954618,-0.8553194
0.01307548,0.5245156,-0.008056643,-0.8512622
0.0130118,0.5311846,-0.00815908,-0.8471169
0.01288031,0.5445985,-0.008365118,-0.8385563
0.01283053,0.549557,-0.008441282,-0.8353151
0.0128031,0.5522613,-0.008482819,-0.8335295
0.0127932,0.5532324,-0.008497735,-0.8328854
0.0127932,0.5532324,-0.008497735,-0.8328854
0.0127932,0.5532324,-0.008497735,-0.8328854
0.0127932,0.5532324,-0.008497735,-0.8328854
0.0127932,0.5532324,-0.008497735,-0.8328854
0.0127932,0.5532324,-0.008497735,-0.8328854
0.0127932,0.5532324,-0.008497735,-0.8328854
0.0127932,0.5532324,-0.008497735,-0.8328854
0.0127932,0.5532324,-0.008497735,-0.8328854
0.0127932,0.5532324,-0.008497735,-0.8328854
0.0127932,0.5532324,-0.008497735,-0.8328854
0.0127932,0.5532324,-0.008497735,-0.8328854
0.01279142,0.553407,-0.008500418,-0.8327694
0.01278947,0.553598,-0.00850335,-0.8326425
0.01278694,0.5538462,-0.008507163,-0.8324774
0.01278694,0.5538462,-0.008507163,-0.8324774
0.01278694,0.5538462,-0.008507163,-0.8324774
0.01278694,0.5538462,-0.008507163,-0.8324774
0.01278694,0.5538462,-0.008507163,-0.8324774
0.01278694,0.5538462,-0.008507163,-0.8324774
0.01278694,0.5538462,-0.008507163,-0.8324774
0.01278694,0.5538462,-0.008507163,-0.8324774
0.01278694,0.5538462,-0.008507163,-0.8324774
0.01278694,0.5538462,-0.008507163,-0.8324774
0.01278694,0.5538462,-0.008507163,-0.8324774
0.01278694,0.5538462,-0.008507163,-0.8324774
0.01278635,0.5539041,-0.008508053,-0.8324389
0.01278515,0.5540207,-0.008509844,-0.8323612
0.01278322,0.5542096,-0.008512746,-0.8322354
0.01278067,0.5544584,-0.008516567,-0.8320697
0.01277754,0.5547643,-0.008521264,-0.8318658
0.01277382,0.5551278,-0.008526848,-0.8316233
0.01276458,0.5560281,-0.008540678,-0.8310216
0.01275889,0.556581,-0.00854917,-0.8306514
0.0127526,0.5571915,-0.008558547,-0.830242
0.01274572,0.5578591,-0.008568801,-0.8297936
0.01273013,0.5593653,-0.008591937,-0.828779
0.01272142,0.5602049,-0.008604833,-0.8282118
0.01271193,0.5611168,-0.00861884,-0.8275941
0.01270184,0.5620847,-0.008633708,-0.8269371
0.01269112,0.5631099,-0.008649455,-0.8262393
0.01267978,0.5641913,-0.008666066,-0.8255013
0.01265521,0.5665246,-0.008701906,-0.8239017
0.01264181,0.567792,-0.008721373,-0.8230288
0.01262777,0.5691147,-0.00874169,-0.8221148
0.01261308,0.570493,-0.008762861,-0.8211589
0.01259776,0.5719263,-0.008784877,-0.8201612
0.01258178,0.5734148,-0.00880774,-0.8191212
0.01254754,0.576586,-0.008856451,-0.8168921
0.01252942,0.5782545,-0.008882079,-0.8157119
0.01251062,0.5799767,-0.008908532,-0.8144884
0.01249115,0.5817528,-0.008935813,-0.8132207
0.01245014,0.5854668,-0.00899286,-0.8105509
0.01242843,0.5874192,-0.00902285,-0.809137
0.01240601,0.5894239,-0.009053642,-0.807678
0.01238289,0.5914813,-0.009085244,-0.8061725
0.01235905,0.5935904,-0.00911764,-0.8046207
0.01230922,0.5979638,-0.009184814,-0.801376
0.01228302,0.6002426,-0.009219818,-0.7996706
0.01225608,0.6025722,-0.0092556,-0.7979167
0.01222839,0.6049517,-0.009292149,-0.7961141
0.01219995,0.6073809,-0.009329461,-0.7942622
0.01214076,0.6123873,-0.009406361,-0.7904087
0.01210982,0.6149776,-0.009446148,-0.7883949
0.01207809,0.6176171,-0.009486691,-0.786329
0.01204556,0.6203041,-0.009527964,-0.7842111
0.01201222,0.6230382,-0.009569959,-0.7820406
0.01197806,0.6258193,-0.009612677,-0.7798169
0.01190692,0.6315477,-0.009700666,-0.7751849
0.01187008,0.6344801,-0.009745709,-0.7727866
0.0118324,0.6374562,-0.009791422,-0.7703335
0.01179385,0.6404766,-0.009837816,-0.7678241
0.01175443,0.6435409,-0.009884884,-0.7652577
0.01167257,0.6498256,-0.009981416,-0.7599282
0.0116303,0.65303,-0.01003064,-0.7571763
0.01158712,0.6562755,-0.01008049,-0.7543651
0.01154302,0.6595612,-0.01013095,-0.751494
0.01149799,0.6628868,-0.01018204,-0.7485621
0.01140469,0.669683,-0.01028643,-0.7424883
0.01135661,0.6731371,-0.01033948,-0.7393582
0.01130757,0.6766273,-0.01039309,-0.7361655
0.01125755,0.6801539,-0.01044726,-0.7329085
0.01120653,0.6837153,-0.01050196,-0.7295873
0.01110108,0.6909681,-0.01061337,-0.7227222
0.01104683,0.6946436,-0.01066982,-0.7191901
0.01099156,0.6983497,-0.01072675,-0.715592
0.01087787,0.705855,-0.01084203,-0.7081899
0.01087787,0.705855,-0.01084203,-0.7081899
0.01075951,0.7135025,-0.0109595,-0.7004843
0.01069869,0.7173681,-0.01101887,-0.696525
0.01063678,0.7212598,-0.01107865,-0.6924944
0.01057377,0.7251763,-0.01113881,-0.688392
0.01050942,0.72913,-0.01119954,-0.684203
0.01037731,0.7371063,-0.01132205,-0.6756023
0.01030953,0.7411267,-0.0113838,-0.6711896
0.01024059,0.745167,-0.01144586,-0.6667012
0.01017048,0.749226,-0.01150821,-0.6621364
0.01009897,0.7533146,-0.01157101,-0.6574811
0.009952334,0.7615411,-0.01169737,-0.6479346
0.009877197,0.7656761,-0.01176089,-0.6430429
0.009800831,0.7698241,-0.0118246,-0.6380712
0.009723231,0.7739838,-0.01188849,-0.6330192
0.00964414,0.7781667,-0.01195274,-0.6278701
0.009482182,0.7865576,-0.01208163,-0.617326
0.009399293,0.7907631,-0.01214622,-0.6119297
0.009315113,0.7949739,-0.0122109,-0.6064492
0.009229637,0.7991884,-0.01227564,-0.6008845
0.00914261,0.803417,-0.01234059,-0.5952188
0.008964593,0.8118751,-0.01247051,-0.5836293
0.008873587,0.8161016,-0.01253543,-0.5777045
0.008781227,0.8203248,-0.0126003,-0.5716915
0.008592456,0.8287542,-0.01272977,-0.5594018
0.008592456,0.8287542,-0.01272977,-0.5594018
0.008495864,0.8329644,-0.01279444,-0.5531134
0.008487584,0.8333221,-0.01279994,-0.5525743
0.008487584,0.8333221,-0.01279994,-0.5525743
0.008487584,0.8333221,-0.01279994,-0.5525743
0.008487584,0.8333221,-0.01279994,-0.5525743
0.008487584,0.8333221,-0.01279994,-0.5525743
0.008487584,0.8333221,-0.01279994,-0.5525743
0.008487584,0.8333221,-0.01279994,-0.5525743
0.008487584,0.8333221,-0.01279994,-0.5525743
0.008487584,0.8333221,-0.01279994,-0.5525743
0.008487584,0.8333221,-0.01279994,-0.5525743
0.008487584,0.8333221,-0.01279994,-0.5525743
0.008487584,0.8333221,-0.01279994,-0.5525743
0.008487584,0.8333221,-0.01279994,-0.5525743
0.008487584,0.8333221,-0.01279994,-0.5525743
0.008487584,0.8333221,-0.01279994,-0.5525743
0.008487584,0.8333221,-0.01279994,-0.5525743
0.008487584,0.8333221,-0.01279994,-0.5525743
0.008487584,0.8333221,-0.01279994,-0.5525743
0.008487584,0.8333221,-0.01279994,-0.5525743
0.008487584,0.8333221,-0.01279994,-0.5525743
0.008487584,0.8333221,-0.01279994,-0.5525743
0.008487584,0.8333221,-0.01279994,-0.5525743
0.008487584,0.8333221,-0.01279994,-0.5525743
0.008487584,0.8333221,-0.01279994,-0.5525743
0.008487584,0.8333221,-0.01279994,-0.5525743
0.008487584,0.8333221,-0.01279994,-0.5525743
0.008487584,0.8333221,-0.01279994,-0.5525743
0.008487584,0.8333221,-0.01279994,-0.5525743
0.008487584,0.8333221,-0.01279994,-0.5525743
0.008487584,0.8333221,-0.01279994,-0.5525743
0.008487584,0.8333221,-0.01279994,-0.5525743
0.008487584,0.8333221,-0.01279994,-0.5525743
0.008487584,0.8333221,-0.01279994,-0.5525743
0.008487584,0.8333221,-0.01279994,-0.5525743
0.008487584,0.8333221,-0.01279994,-0.5525743
0.008487584,0.8333221,-0.01279994,-0.5525743
0.008487584,0.8333221,-0.01279994,-0.5525743
0.008487584,0.8333221,-0.01279994,-0.5525743
0.008487584,0.8333221,-0.01279994,-0.5525743
0.008487584,0.8333221,-0.01279994,-0.5525743
0.008488478,0.8332835,-0.01279934,-0.5526326
0.008490253,0.8332068,-0.01279817,-0.5527481
0.008493161,0.8330812,-0.01279624,-0.5529374
0.008496971,0.8329166,-0.01279371,-0.5531855
0.008507254,0.8324715,-0.01278687,-0.5538549
0.008513722,0.8321912,-0.01278257,-0.554276
0.008521322,0.8318614,-0.0127775,-0.5547709
0.008529803,0.831493,-0.01277184,-0.555323
0.008539171,0.8310854,-0.01276558,-0.5559329
0.008560543,0.8301529,-0.01275126,-0.5573243
0.008572545,0.8296277,-0.01274319,-0.5581057
0.008585426,0.829063,-0.01273452,-0.5589443
0.008599435,0.8284474,-0.01272506,-0.5598564
0.008614317,0.8277919,-0.01271499,-0.5608252
0.00864668,0.8263605,-0.01269301,-0.5629321
0.008664162,0.825584,-0.01268108,-0.5640702
0.008682749,0.8247559,-0.01266836,-0.5652803
0.008702183,0.8238873,-0.01265502,-0.5665455
0.008743653,0.8220243,-0.0126264,-0.5692453
0.008765675,0.8210297,-0.01261113,-0.570679
0.008788551,0.8199924,-0.01259519,-0.5721683
0.008812485,0.818903,-0.01257846,-0.5737265
0.008837281,0.8177696,-0.01256105,-0.5753407
0.008862918,0.8165928,-0.01254298,-0.5770099
0.008916673,0.8141087,-0.01250482,-0.5805095
0.008944795,0.8128001,-0.01248472,-0.5823404
0.008973739,0.8114466,-0.01246393,-0.5842247
0.009003727,0.8100375,-0.01244229,-0.586177
0.009034541,0.8085819,-0.01241993,-0.5881832
0.009098561,0.8055335,-0.01237311,-0.5923511
0.009131773,0.8039392,-0.01234862,-0.5945133
0.009165774,0.8022975,-0.0123234,-0.5967269
0.009200798,0.8005965,-0.01229727,-0.5990071
0.009236601,0.7988472,-0.0122704,-0.601338
0.009310515,0.7952021,-0.01221441,-0.6061501
0.009348616,0.793305,-0.01218527,-0.6086307
0.009387475,0.7913577,-0.01215536,-0.6111605
0.009427316,0.7893478,-0.01212449,-0.6137542
0.009467874,0.7872877,-0.01209285,-0.6163947
0.009551216,0.7830092,-0.01202713,-0.6218206
0.009593967,0.7807908,-0.01199305,-0.6246039
0.00963764,0.7785078,-0.01195799,-0.6274471
0.009682033,0.7761695,-0.01192207,-0.6303372
0.009727119,0.7737766,-0.01188532,-0.6332725
0.009819333,0.768824,-0.01180924,-0.639276
0.009866447,0.7662632,-0.01176991,-0.6423433
0.009914448,0.7636326,-0.0117295,-0.6454684
0.009963099,0.7609441,-0.01168821,-0.6486357
0.01001238,0.7581976,-0.01164602,-0.651844
0.01011282,0.7525265,-0.01155891,-0.658383
0.01016394,0.7496014,-0.01151398,-0.6617114
0.0102159,0.7466016,-0.01146791,-0.6650941
0.01026844,0.7435403,-0.01142089,-0.6685147
0.01032156,0.7404163,-0.0113729,-0.671973
0.01042946,0.7339802,-0.01127404,-0.6789973
0.01048443,0.7306527,-0.01122293,-0.6825765
0.01053993,0.7272607,-0.01117083,-0.6861895
0.01059595,0.7238021,-0.01111771,-0.6898367
0.01065247,0.7202772,-0.01106356,-0.6935163
0.01076696,0.7130252,-0.01095217,-0.7009702
0.01082512,0.7092831,-0.01089469,-0.7047565
0.01088371,0.7054725,-0.01083616,-0.7085708
0.01094274,0.7015914,-0.01077655,-0.712414
0.01106205,0.693616,-0.01065404,-0.7201813
0.0111223,0.6895201,-0.01059113,-0.7241037
0.01118313,0.6853371,-0.01052688,-0.728064
0.01124431,0.6810806,-0.0104615,-0.7320474
0.01130585,0.6767492,-0.01039497,-0.7360535
0.0113677,0.6723434,-0.0103273,-0.7400801
0.0114923,0.6633041,-0.01018845,-0.7481924
0.01155502,0.6586694,-0.01011726,-0.7522758
0.01161819,0.6539427,-0.01004466,-0.7563882
0.0116816,0.6491373,-0.009970848,-0.7605163
0.01180904,0.639289,-0.009819577,-0.7688132
0.01187305,0.6342443,-0.00974209,-0.7729802
0.01193723,0.6291171,-0.009663336,-0.7771589
0.01200173,0.6238944,-0.009583115,-0.7813578
0.01206635,0.6185889,-0.009501622,-0.7855647
0.01213107,0.6132001,-0.009418849,-0.7897784
0.0122609,0.6021559,-0.009249209,-0.7982308
0.01232598,0.596498,-0.009162303,-0.8024676
0.01239107,0.590754,-0.009074075,-0.8067055
0.01245616,0.5849237,-0.008984522,-0.8109428
0.01258623,0.5730012,-0.008801391,-0.8194106
0.01265116,0.5669079,-0.008707799,-0.823638
0.01271617,0.5607094,-0.008612589,-0.8278702
0.01278105,0.5544221,-0.008516015,-0.8320939
0.01284577,0.5480453,-0.008418066,-0.8363077
0.01297467,0.5350199,-0.008217996,-0.8446999
0.01303881,0.5283702,-0.008115855,-0.8488751
0.01310284,0.5216135,-0.008012072,-0.8530437
0.0131666,0.5147632,-0.00790685,-0.8571949
0.01323006,0.5078202,-0.007800206,-0.8613262
0.01329319,0.5007839,-0.007692127,-0.8654362
0.01341836,0.4864289,-0.007471634,-0.8735852
0.01348049,0.4790926,-0.007358947,-0.8776301
0.01354217,0.4716614,-0.007244803,-0.881646
0.01360339,0.4641352,-0.0071292,-0.8856313
0.0136641,0.4565134,-0.007012128,-0.889584
0.01372429,0.4487956,-0.006893582,-0.8935025
0.01384322,0.4330376,-0.006651538,-0.901245
0.01390176,0.425014,-0.006528295,-0.9050565
0.01395965,0.4168949,-0.006403584,-0.908825
0.01407335,0.4003645,-0.006149676,-0.9162273
0.0141291,0.3919536,-0.006020483,-0.9198568
0.01418418,0.3834279,-0.005889527,-0.9234431
0.01423845,0.3748054,-0.005757085,-0.9269763
0.01429188,0.3660859,-0.005623153,-0.9304544
0.01439606,0.3483545,-0.005350795,-0.9372371
0.01444675,0.3393431,-0.00521238,-0.9405373
0.01449657,0.3302164,-0.005072193,-0.9437803
0.01454536,0.3209931,-0.004930522,-0.9469571
0.0145931,0.3116733,-0.004787369,-0.9500651
0.01468529,0.2927456,-0.004496636,-0.956067
0.01468529,0.2927456,-0.004496636,-0.956067
0.01477302,0.2733974,-0.004199447,-0.9617786
0.01481506,0.2635805,-0.004048659,-0.9645152
0.01485582,0.253669,-0.003896416,-0.9671692
0.0149334,0.2335652,-0.003587619,-0.9722199
0.0149334,0.2335652,-0.003587619,-0.9722199
0.01500561,0.2130505,-0.003272511,-0.9769205
0.01503954,0.2026551,-0.003112837,-0.9791298
0.01507198,0.1921689,-0.002951768,-0.9812418
0.01510289,0.1815921,-0.002789308,-0.9832541
0.01513228,0.1709069,-0.002625181,-0.9851676
0.01518619,0.1492711,-0.002292852,-0.988677
0.01521063,0.1383226,-0.002124683,-0.9902682
0.01523335,0.1272874,-0.001955181,-0.991747
0.0152543,0.1161681,-0.001784388,-0.9931109
0.01527347,0.104946,-0.001612015,-0.9943594
0.01530625,0.08225554,-0.001263486,-0.996493
0.01531977,0.07078937,-0.001087365,-0.9973731
0.01533132,0.05924455,-0.0009100349,-0.9981253
0.01534087,0.04762262,-0.0007315207,-0.9987473
0.0153484,0.03590565,-0.0005515468,-0.9992372
0.01535715,0.01224851,-0.0001881703,-0.9998071
0.0153583,0.0003126611,-4.834357E-06,-0.999882
0.01535726,-0.01169319,0.0001795769,-0.9998137
0.0153484,-0.03590501,0.0005514733,-0.9992372
0.0153484,-0.03590501,0.0005514733,-0.9992372
0.01533025,-0.060411,0.0009278883,-0.9980555
0.0153176,-0.07275577,0.001117505,-0.9972316
0.01530527,-0.08302861,0.001275297,-0.9964288
0.01529428,-0.09120402,0.001400873,-0.9957138
0.01528628,-0.09672525,0.001485679,-0.9951926
0.01527898,-0.1014962,0.001558962,-0.9947174
0.01527898,-0.1014962,0.001558962,-0.9947174
0.01527898,-0.1014962,0.001558962,-0.9947174
0.01527898,-0.1014962,0.001558962,-0.9947174
0.01527898,-0.1014962,0.001558962,-0.9947174
0.01527898,-0.1014962,0.001558962,-0.9947174
0.01527898,-0.1014962,0.001558962,-0.9947174
0.01527898,-0.1014962,0.001558962,-0.9947174
0.01527898,-0.1014962,0.001558962,-0.9947174
0.01527898,-0.1014962,0.001558962,-0.9947174
0.01527898,-0.1014962,0.001558962,-0.9947174
0.01527898,-0.1014962,0.001558962,-0.9947174
0.01527898,-0.1014962,0.001558962,-0.9947174
0.01527898,-0.1014962,0.001558962,-0.9947174
0.01527898,-0.1014962,0.001558962,-0.9947174
0.01527898,-0.1014962,0.001558962,-0.9947174
0.01527898,-0.1014962,0.001558962,-0.9947174
0.01527898,-0.1014962,0.001558962,-0.9947174
0.01527898,-0.1014962,0.001558962,-0.9947174
0.01527898,-0.1014962,0.001558962,-0.9947174
0.01527898,-0.1014962,0.001558962,-0.9947174
0.01527898,-0.1014962,0.001558962,-0.9947174
0.01527898,-0.1014962,0.001558962,-0.9947174
0.01527898,-0.1014962,0.001558962,-0.9947174
0.01527898,-0.1014962,0.001558962,-0.9947174
0.01527898,-0.1014962,0.001558962,-0.9947174
0.01527898,-0.1014962,0.001558962,-0.9947174
0.01527898,-0.1014962,0.001558962,-0.9947174
0.01527898,-0.1014962,0.001558962,-0.9947174
0.01527898,-0.1014962,0.001558962,-0.9947174
0.01527898,-0.1014962,0.001558962,-0.9947174
0.01527898,-0.1014962,0.001558962,-0.9947174
0.01527898,-0.1014962,0.001558962,-0.9947174
0.01527898,-0.1014962,0.001558962,-0.9947174
0.01527898,-0.1014962,0.001558962,-0.9947174
0.01527898,-0.1014962,0.001558962,-0.9947174
0.01527898,-0.1014962,0.001558962,-0.9947174
0.01527898,-0.1014962,0.001558962,-0.9947174
0.01527898,-0.1014962,0.001558962,-0.9947174
0.01527898,-0.1014962,0.001558962,-0.9947174
0.01527898,-0.1014962,0.001558962,-0.9947174
0.01527898,-0.1014962,0.001558962,-0.9947174
0.01527898,-0.1014962,0.001558962,-0.9947174
0.01527898,-0.1014962,0.001558962,-0.9947174
0.01527898,-0.1014962,0.001558962,-0.9947174
0.01527898,-0.1014962,0.001558962,-0.9947174
0.01527898,-0.1014962,0.001558962,-0.9947174
0.01527898,-0.1014962,0.001558962,-0.9947174
0.01527898,-0.1014962,0.001558962,-0.9947174
0.01527898,-0.1014962,0.001558962,-0.9947174
0.01527898,-0.1014962,0.001558962,-0.9947174
0.01527898,-0.1014962,0.001558962,-0.9947174
0.01527898,-0.1014962,0.001558962,-0.9947174
0.01527898,-0.1014962,0.001558962,-0.9947174
0.01527898,-0.1014962,0.001558962,-0.9947174
0.01527898,-0.1014962,0.001558962,-0.9947174
0.01527898,-0.1014962,0.001558962,-0.9947174
0.01527898,-0.1014962,0.001558962,-0.9947174
0.01527898,-0.1014962,0.001558962,-0.9947174
0.01527898,-0.1014962,0.001558962,-0.9947174
0.01527898,-0.1014962,0.001558962,-0.9947174
0.01527898,-0.1014962,0.001558962,-0.9947174
0.01527898,-0.1014962,0.001558962,-0.9947174
0.01527898,-0.1014962,0.001558962,-0.9947174
0.01527909,-0.1014282,0.001557918,-0.9947243
0.0152793,-0.101291,0.00155581,-0.9947383
0.01527962,-0.1010842,0.001552633,-0.9947594
0.01528008,-0.1007892,0.001548102,-0.9947893
0.01528062,-0.1004445,0.001542807,-0.9948242
0.01528206,-0.09950868,0.001528433,-0.9949182
0.01528294,-0.09893724,0.001519656,-0.9949752
0.01528392,-0.09829623,0.00150981,-0.9950387
0.01528502,-0.09756677,0.001498605,-0.9951105
0.01528622,-0.09676847,0.001486343,-0.9951885
0.0152875,-0.09590074,0.001473015,-0.9952724
0.01529035,-0.09395844,0.001443181,-0.9954576
0.0152919,-0.092883,0.001426662,-0.9955586
0.01529356,-0.09171886,0.001408781,-0.9956665
0.01529529,-0.09048513,0.00138983,-0.9957794
0.01529897,-0.08781053,0.001348748,-0.9960188
0.0153009,-0.08636869,0.001326601,-0.9961449
0.0153029,-0.08485804,0.001303398,-0.9962747
0.01530497,-0.08325821,0.001278824,-0.9964097
0.01530709,-0.08158928,0.001253189,-0.9965477
0.01531145,-0.07804261,0.001198712,-0.9968318
0.01531368,-0.07616507,0.001169873,-0.996977
0.01531594,-0.0742181,0.001139967,-0.9971238
0.01531823,-0.0721833,0.001108712,-0.9972731
0.01532054,-0.07007798,0.001076374,-0.9974234
0.01532516,-0.06565716,0.00100847,-0.9977241
0.01532746,-0.06334215,0.0009729108,-0.9978737
0.01532974,-0.06095762,0.0009362842,-0.9980222
0.01533201,-0.0584839,0.0008982875,-0.9981702
0.01533425,-0.05594012,0.0008592148,-0.998316
0.0153386,-0.0506443,0.0007778704,-0.9985987
0.01534068,-0.04789221,0.0007355979,-0.9987345
0.0153427,-0.0450704,0.0006922546,-0.9988658
0.01534465,-0.04216104,0.0006475666,-0.9989928
0.01534651,-0.03917987,0.0006017754,-0.9991142
0.01534994,-0.03300969,0.0005070007,-0.9993371
0.01535148,-0.02981971,0.0004580021,-0.9994374
0.01535289,-0.02656031,0.0004079373,-0.9995292
0.01535416,-0.02322897,0.0003567676,-0.9996122
0.01535529,-0.01981024,0.0003042555,-0.9996858
0.01535705,-0.01276316,0.0001960116,-0.9998006
0.01535766,-0.009135424,0.0001402891,-0.9998403
0.01535808,-0.005438123,8.349813E-05,-0.9998673
0.01535828,-0.001651838,2.534035E-05,-0.9998807
0.01535827,0.002204075,-3.388692E-05,-0.9998797
0.01535752,0.01012388,-0.0001555361,-0.9998308
0.01535676,0.0141883,-0.000217966,-0.9997814
0.01535572,0.01834111,-0.0002817536,-0.9997138
0.01535439,0.02256302,-0.0003466027,-0.9996275
0.01535276,0.02685236,-0.0004124873,-0.9995215
0.01535082,0.03121273,-0.0004794632,-0.9993948
0.01534592,0.04013934,-0.000616577,-0.9990761
0.01534294,0.04470525,-0.0006867098,-0.9988822
0.01533958,0.04935908,-0.0007581933,-0.998663
0.01533582,0.05408156,-0.0008307311,-0.9984184
0.01533166,0.05887213,-0.0009043147,-0.9981474
0.01532205,0.06865651,-0.001054604,-0.9975222
0.01531656,0.07366805,-0.001131582,-0.9971646
0.01531059,0.07874945,-0.001209633,-0.9967762
0.01530414,0.08389751,-0.001288707,-0.9963561
0.01528971,0.09439313,-0.001449921,-0.9954166
0.0152817,0.09974019,-0.001532053,-0.994895
0.0152731,0.1051743,-0.001615522,-0.9943352
0.01526393,0.1106746,-0.001700006,-0.9937381
0.01525417,0.1162396,-0.001785485,-0.9931025
0.01524379,0.12187,-0.001871969,-0.9924273
0.01523408,0.1269149,-0.001949459,-0.9917948
0.01523408,0.1269149,-0.001949459,-0.9917948
0.01523408,0.1269149,-0.001949459,-0.9917948
0.01523408,0.1269149,-0.001949459,-0.9917948
0.01523408,0.1269149,-0.001949459,-0.9917948
0.01523408,0.1269149,-0.001949459,-0.9917948
0.01523408,0.1269149,-0.001949459,-0.9917948
0.01523408,0.1269149,-0.001949459,-0.9917948
0.01523408,0.1269149,-0.001949459,-0.9917948
0.01523408,0.1269149,-0.001949459,-0.9917948
0.01523408,0.1269149,-0.001949459,-0.9917948
0.01523408,0.1269149,-0.001949459,-0.9917948
0.01523408,0.1269149,-0.001949459,-0.9917948
0.01523408,0.1269149,-0.001949459,-0.9917948
0.01523408,0.1269149,-0.001949459,-0.9917948
0.01523408,0.1269149,-0.001949459,-0.9917948
0.01523408,0.1269149,-0.001949459,-0.9917948
0.01523408,0.1269149,-0.001949459,-0.9917948
0.01523408,0.1269149,-0.001949459,-0.9917948
0.01523408,0.1269149,-0.001949459,-0.9917948
0.01523408,0.1269149,-0.001949459,-0.9917948
0.01523408,0.1269149,-0.001949459,-0.9917948
0.01523408,0.1269149,-0.001949459,-0.9917948
0.01523408,0.1269149,-0.001949459,-0.9917948
0.01523408,0.1269149,-0.001949459,-0.9917948
0.01523408,0.1269149,-0.001949459,-0.9917948
0.01523408,0.1269149,-0.001949459,-0.9917948
0.01523408,0.1269149,-0.001949459,-0.9917948
0.01523408,0.1269149,-0.001949459,-0.9917948
0.01523408,0.1269149,-0.001949459,-0.9917948
0.01523408,0.1269149,-0.001949459,-0.9917948
0.01523408,0.1269149,-0.001949459,-0.9917948
0.01523422,0.1268444,-0.001948376,-0.9918038
0.01523449,0.1267064,-0.001946256,-0.9918214
0.01523544,0.1262213,-0.001938806,-0.9918832
0.01523544,0.1262213,-0.001938806,-0.9918832
0.015237,0.1254208,-0.00192651,-0.9919848
0.01523797,0.1249174,-0.001918777,-0.9920483
0.01523908,0.1243451,-0.001909987,-0.9921202
0.01524166,0.122994,-0.001889233,-0.9922886
0.01524166,0.122994,-0.001889233,-0.9922886
0.01524481,0.1213277,-0.001863639,-0.9924937
0.01524657,0.1203916,-0.00184926,-0.9926077
0.01524843,0.1193862,-0.001833818,-0.9927291
0.01525249,0.1171681,-0.001799748,-0.9929934
0.01525471,0.1159376,-0.001780847,-0.9931378
0.01525703,0.1146374,-0.001760876,-0.9932887
0.01525944,0.1132669,-0.001739825,-0.9934459
0.01526194,0.1118281,-0.001717725,-0.9936089
0.01526721,0.108741,-0.001670307,-0.9939514
0.01526998,0.1070751,-0.001644718,-0.9941323
0.01527283,0.1053384,-0.001618042,-0.9943178
0.01527575,0.1035326,-0.001590305,-0.9945075
0.01527872,0.101657,-0.001561495,-0.994701
0.01528481,0.09769859,-0.001500693,-0.9950976
0.01528481,0.09769859,-0.001500693,-0.9950976
0.01529112,0.09342225,-0.001435008,-0.9955081
0.01529431,0.09118016,-0.00140057,-0.995716
0.01529752,0.08886877,-0.001365066,-0.9959249
0.01530396,0.08403562,-0.001290829,-0.9963444
0.01530396,0.08403562,-0.001290829,-0.9963444
0.01531043,0.07888465,-0.001211709,-0.9967654
0.01531363,0.07620461,-0.001170543,-0.9969739
0.0153168,0.07345527,-0.001128313,-0.9971803
0.01532301,0.06774465,-0.001040598,-0.9975845
0.01532301,0.06774465,-0.001040598,-0.9975845
0.01532902,0.06171661,-0.0009480062,-0.9979755
0.01533191,0.05859739,-0.0009000946,-0.9981635
0.0153347,0.05540812,-0.0008511071,-0.9983457
0.0153374,0.05214886,-0.0008010444,-0.9985213
0.01534,0.04880076,-0.0007496172,-0.9986904
0.01534481,0.0418946,-0.000643538,-0.9990039
0.01534701,0.03833708,-0.0005888939,-0.9991469
0.01534904,0.03470917,-0.0005331688,-0.9992794
0.0153526,0.02724496,-0.0004185177,-0.9995108
0.0153526,0.02724496,-0.0004185177,-0.9995108
0.01535471,0.02162107,-0.0003321341,-0.9996483
0.01535471,0.02162107,-0.0003321341,-0.9996483
0.01535471,0.02162107,-0.0003321341,-0.9996483
0.01535471,0.02162107,-0.0003321341,-0.9996483
0.01535471,0.02162107,-0.0003321341,-0.9996483
0.01535471,0.02162107,-0.0003321341,-0.9996483
0.01535471,0.02162107,-0.0003321341,-0.9996483
0.01535471,0.02162107,-0.0003321341,-0.9996483
0.01535471,0.02162107,-0.0003321341,-0.9996483
0.01535471,0.02162107,-0.0003321341,-0.9996483
0.01535471,0.02162107,-0.0003321341,-0.9996483
0.01535471,0.02162107,-0.0003321341,-0.9996483
0.01535471,0.02162107,-0.0003321341,-0.9996483
0.01535471,0.02162107,-0.0003321341,-0.9996483
0.01535471,0.02162107,-0.0003321341,-0.9996483
0.01535471,0.02162107,-0.0003321341,-0.9996483
0.01535471,0.02162107,-0.0003321341,-0.9996483
0.01535471,0.02162107,-0.0003321341,-0.9996483
0.01535471,0.02162107,-0.0003321341,-0.9996483
0.01535471,0.02162107,-0.0003321341,-0.9996483
0.01535471,0.02162107,-0.0003321341,-0.9996483
0.01535471,0.02162107,-0.0003321341,-0.9996483
0.01535471,0.02162107,-0.0003321341,-0.9996483
0.01535471,0.02162107,-0.0003321341,-0.9996483
0.01535471,0.02162107,-0.0003321341,-0.9996483
0.01535471,0.02162107,-0.0003321341,-0.9996483
0.01535471,0.02162107,-0.0003321341,-0.9996483
0.01535471,0.02162107,-0.0003321341,-0.9996483
0.01535471,0.02162107,-0.0003321341,-0.9996483
0.01535471,0.02162107,-0.0003321341,-0.9996483
0.01535471,0.02162107,-0.0003321341,-0.9996483
0.01535471,0.02162107,-0.0003321341,-0.9996483
0.01535471,0.02162107,-0.0003321341,-0.9996483
0.01535471,0.02162107,-0.0003321341,-0.9996483
0.01535471,0.02162107,-0.0003321341,-0.9996483
0.01535471,0.02162107,-0.0003321341,-0.9996483
0.01535471,0.02162107,-0.0003321341,-0.9996483
0.01535471,0.02162107,-0.0003321341,-0.9996483
0.01535471,0.02162107,-0.0003321341,-0.9996483
0.01535471,0.02162107,-0.0003321341,-0.9996483
0.01535471,0.02162107,-0.0003321341,-0.9996483
0.01535471,0.02162107,-0.0003321341,-0.9996483
0.01535471,0.02162107,-0.0003321341,-0.9996483
0.01535471,0.02162107,-0.0003321341,-0.9996483
0.01535471,0.02162107,-0.0003321341,-0.9996483
0.01535471,0.02162107,-0.0003321341,-0.9996483
0.01535471,0.02162107,-0.0003321341,-0.9996483
0.01535471,0.02162107,-0.0003321341,-0.9996483
0.01535471,0.02162107,-0.0003321341,-0.9996483
0.01535471,0.02162107,-0.0003321341,-0.9996483
