-0.003315065,-0.9763111,0.01499618,0.2158258
-0.003267923,-0.9769845,0.01500653,0.2127567
-0.003219702,-0.9776629,0.01501695,0.2096173
-0.003120588,-0.9790242,0.01503786,0.2031646
-0.003120588,-0.9790242,0.01503786,0.2031646
-0.003016286,-0.9804088,0.01505912,0.1963741
-0.00296239,-0.9811051,0.01506982,0.1928653
-0.002907682,-0.9817986,0.01508047,0.1893036
-0.002794967,-0.983185,0.01510177,0.1819654
-0.002736967,-0.9838763,0.01511238,0.1781893
-0.00267734,-0.9845715,0.01512306,0.1743074
-0.002616619,-0.9852632,0.01513369,0.1703542
-0.002554774,-0.9859509,0.01514425,0.1663279
-0.002428106,-0.9873067,0.01516507,0.1580813
-0.002363249,-0.9879735,0.01517531,0.1538588
-0.002296735,-0.9886382,0.01518552,0.1495285
-0.002229405,-0.9892912,0.01519556,0.1451451
-0.002160966,-0.9899347,0.01520544,0.1406894
-0.002020798,-0.9911888,0.0152247,0.1315639
-0.001949043,-0.9917976,0.01523405,0.1268923
-0.001875884,-0.9923954,0.01524324,0.1221294
-0.001801652,-0.9929782,0.01525219,0.1172966
-0.001726305,-0.9935454,0.0152609,0.1123913
-0.001572001,-0.9946304,0.01527756,0.1023455
-0.001493076,-0.9951457,0.01528548,0.0972071
-0.001413033,-0.9956409,0.01529309,0.09199602
-0.001331894,-0.9961149,0.01530037,0.08671355
-0.001249346,-0.9965681,0.01530733,0.08133934
-0.001165994,-0.9969962,0.0153139,0.0759128
-0.0009953961,-0.9977797,0.01532594,0.06480616
-0.0009084386,-0.9981313,0.01533134,0.05914488
-0.000820118,-0.9984554,0.01533632,0.05339486
-0.0007307248,-0.9987496,0.01534084,0.047575
-0.0006402098,-0.9990129,0.01534488,0.04168212
-0.0005463985,-0.999249,0.01534851,0.03557463
-0.0005463985,-0.999249,0.01534851,0.03557463
-0.0005463985,-0.999249,0.01534851,0.03557463
-0.0005463985,-0.999249,0.01534851,0.03557463
-0.0005463985,-0.999249,0.01534851,0.03557463
-0.0005463985,-0.999249,0.01534851,0.03557463
-0.0005463985,-0.999249,0.01534851,0.03557463
-0.0005463985,-0.999249,0.01534851,0.03557463
-0.0005463985,-0.999249,0.01534851,0.03557463
-0.0005463985,-0.999249,0.01534851,0.03557463
-0.0005463985,-0.999249,0.01534851,0.03557463
-0.0005463985,-0.999249,0.01534851,0.03557463
-0.0005463985,-0.999249,0.01534851,0.03557463
-0.0005463985,-0.999249,0.01534851,0.03557463
-0.0005463985,-0.999249,0.01534851,0.03557463
-0.0005463985,-0.999249,0.01534851,0.03557463
-0.0005463985,-0.999249,0.01534851,0.03557463
-0.0005463985,-0.999249,0.01534851,0.03557463
-0.0005463985,-0.999249,0.01534851,0.03557463
-0.0005463985,-0.999249,0.01534851,0.03557463
-0.0005463985,-0.999249,0.01534851,0.03557463
-0.0005463985,-0.999249,0.01534851,0.03557463
-0.0005463985,-0.999249,0.01534851,0.03557463
-0.0005463985,-0.999249,0.01534851,0.03557463
-0.0005463985,-0.999249,0.01534851,0.03557463
-0.0005463985,-0.999249,0.01534851,0.03557463
-0.0005463985,-0.999249,0.01534851,0.03557463
-0.0005463985,-0.999249,0.01534851,0.03557463
-0.0005463985,-0.999249,0.01534851,0.03557463
-0.0005463985,-0.999249,0.01534851,0.03557463
-0.0005463985,-0.999249,0.01534851,0.03557463
-0.0005463985,-0.999249,0.01534851,0.03557463
-0.0005463985,-0.999249,0.01534851,0.03557463
-0.0005463985,-0.999249,0.01534851,0.03557463
-0.0005463985,-0.999249,0.01534851,0.03557463
-0.0005463985,-0.999249,0.01534851,0.03557463
-0.0005463985,-0.999249,0.01534851,0.03557463
-0.0005463985,-0.999249,0.01534851,0.03557463
-0.0005463985,-0.999249,0.01534851,0.03557463
-0.0005463985,-0.999249,0.01534851,0.03557463
-0.0005463985,-0.999249,0.01534851,0.03557463
-0.0005463985,-0.999249,0.01534851,0.03557463
-0.0005463985,-0.999249,0.01534851,0.03557463
-0.0005463985,-0.999249,0.01534851,0.03557463
-0.0005463985,-0.999249,0.01534851,0.03557463
-0.0005463985,-0.999249,0.01534851,0.03557463
-0.0005463985,-0.999249,0.01534851,0.03557463
-0.0005463985,-0.999249,0.01534851,0.03557463
-0.0005463985,-0.999249,0.01534851,0.03557463
-0.0005463985,-0.999249,0.01534851,0.03557463
-0.0005463985,-0.999249,0.01534851,0.03557463
-0.0005463985,-0.999249,0.01534851,0.03557463
-0.0005463985,-0.999249,0.01534851,0.03557463
-0.0005463985,-0.999249,0.01534851,0.03557463
-0.0005463985,-0.999249,0.01534851,0.03557463
-0.0005463985,-0.999249,0.01534851,0.03557463
-0.0005463985,-0.999249,0.01534851,0.03557463
-0.0005463985,-0.999249,0.01534851,0.03557463
-0.0005463985,-0.999249,0.01534851,0.03557463
-0.0005463985,-0.999249,0.01534851,0.03557463
-0.0005463985,-0.999249,0.01534851,0.03557463
-0.0005463985,-0.999249,0.01534851,0.03557463
-0.0005463985,-0.999249,0.01534851,0.03557463
-0.0005463985,-0.999249,0.01534851,0.03557463
-0.0005463985,-0.999249,0.01534851,0.03557463
-0.0005463985,-0.999249,0.01534851,0.03557463
-0.0005463985,-0.999249,0.01534851,0.03557463
-0.0005463985,-0.999249,0.01534851,0.03557463
-0.0005463985,-0.999249,0.01534851,0.03557463
-0.0005463985,-0.999249,0.01534851,0.03557463
-0.0005463985,-0.999249,0.01534851,0.03557463
-0.0005463985,-0.999249,0.01534851,0.03557463
-0.0005463985,-0.999249,0.01534851,0.03557463
-0.0005463985,-0.999249,0.01534851,0.03557463
-0.0005463985,-0.999249,0.01534851,0.03557463
-0.0005463985,-0.999249,0.01534851,0.03557463
-0.0005474669,-0.9992465,0.01534847,0.03564418
-0.0005496016,-0.9992416,0.01534839,0.03578316
-0.0005528222,-0.9992341,0.01534828,0.03599283
-0.0005570831,-0.999224,0.01534812,0.03627023
-0.0005624364,-0.9992113,0.01534793,0.03661875
-0.0005765819,-0.9991771,0.0153474,0.03753968
-0.000585128,-0.9991561,0.01534708,0.03809607
-0.00059474,-0.999132,0.01534671,0.03872185
-0.000605422,-0.9991049,0.01534629,0.03941729
-0.0006177439,-0.9990729,0.0153458,0.0402195
-0.0006455724,-0.9989983,0.01534465,0.04203124
-0.0006608112,-0.9989561,0.01534401,0.04302335
-0.0006771151,-0.9989097,0.01534329,0.0440848
-0.000694764,-0.9988584,0.0153425,0.04523381
-0.0007137631,-0.9988016,0.01534163,0.04647073
-0.0007547139,-0.998674,0.01533967,0.0491368
-0.0007766453,-0.9986027,0.01533858,0.05056462
-0.0007996353,-0.9985258,0.0153374,0.05206136
-0.0008239638,-0.9984419,0.01533611,0.05364524
-0.0008758216,-0.9982548,0.01533324,0.05702139
-0.0009033646,-0.9981508,0.01533164,0.05881455
-0.0009319687,-0.9980394,0.01532993,0.06067679
-0.0009619372,-0.9979187,0.01532807,0.06262787
-0.000992942,-0.99779,0.01532609,0.0646464
-0.001058166,-0.9975058,0.01532173,0.06889275
-0.001092377,-0.9973496,0.01531933,0.07112002
-0.001127637,-0.9971833,0.01531678,0.07341558
-0.00116396,-0.9970062,0.01531406,0.07578035
-0.001201649,-0.9968168,0.01531115,0.07823404
-0.00124066,-0.9966141,0.01530803,0.08077385
-0.001321874,-0.9961715,0.01530123,0.08606117
-0.001364038,-0.9959306,0.01529753,0.08880622
-0.001406987,-0.9956773,0.01529364,0.0916024
-0.001451297,-0.9954077,0.0152895,0.09448714
-0.001543298,-0.9948209,0.01528049,0.1004768
-0.001591013,-0.9945022,0.01527559,0.1035832
-0.001639767,-0.9941666,0.01527044,0.1067573
-0.001689577,-0.993813,0.01526501,0.1100001
-0.001740443,-0.9934407,0.01525929,0.1133117
-0.001845298,-0.9926384,0.01524697,0.1201381
-0.001899292,-0.9922066,0.01524033,0.1236534
-0.001954588,-0.9917514,0.01523334,0.1272534
-0.002010924,-0.9912739,0.01522601,0.1309211
-0.002068295,-0.9907733,0.01521832,0.1346561
-0.00218613,-0.9897005,0.01520184,0.1423277
-0.00224659,-0.9891263,0.01519302,0.1462639
-0.002308342,-0.9885235,0.01518376,0.1502842
-0.002371107,-0.9878937,0.01517409,0.1543704
-0.002434896,-0.9872358,0.01516398,0.1585233
-0.002565513,-0.9858327,0.01514243,0.167027
-0.002632339,-0.9850857,0.01513096,0.1713777
-0.002700422,-0.9843043,0.01511895,0.1758102
-0.002769513,-0.9834903,0.01510645,0.1803083
-0.002839599,-0.9826428,0.01509343,0.1848711
-0.002982744,-0.9808436,0.0150658,0.1941905
-0.003056039,-0.9798868,0.0150511,0.1989623
-0.00313033,-0.9788923,0.01503583,0.2037989
-0.003205584,-0.9778596,0.01501996,0.2086982
-0.003281818,-0.976787,0.01500349,0.2136613
-0.003359275,-0.9756704,0.01498634,0.2187041
-0.003517047,-0.973311,0.0149501,0.2289757
-0.003597335,-0.9720665,0.01493098,0.2342028
-0.00367858,-0.9707769,0.01491117,0.2394921
-0.003761018,-0.969437,0.0148906,0.2448592
-0.003928093,-0.9666246,0.0148474,0.2557364
-0.004013269,-0.9651405,0.0148246,0.2612817
-0.004099346,-0.9636059,0.01480103,0.2668856
-0.004186305,-0.9620199,0.01477667,0.272547
-0.004274149,-0.9603813,0.0147515,0.278266
-0.004348279,-0.9589698,0.01472982,0.2830921
-0.004348279,-0.9589698,0.01472982,0.2830921
-0.004348279,-0.9589698,0.01472982,0.2830921
-0.004348279,-0.9589698,0.01472982,0.2830921
-0.004348279,-0.9589698,0.01472982,0.2830921
-0.004348279,-0.9589698,0.01472982,0.2830921
-0.004348279,-0.9589698,0.01472982,0.2830921
-0.004348279,-0.9589698,0.01472982,0.2830921
-0.004348279,-0.9589698,0.01472982,0.2830921
-0.004348279,-0.9589698,0.01472982,0.2830921
-0.004348279,-0.9589698,0.01472982,0.2830921
-0.004348279,-0.9589698,0.01472982,0.2830921
-0.004348279,-0.9589698,0.01472982,0.2830921
-0.004348279,-0.9589698,0.01472982,0.2830921
-0.004348279,-0.9589698,0.01472982,0.2830921
-0.004348279,-0.9589698,0.01472982,0.2830921
-0.004348279,-0.9589698,0.01472982,0.2830921
-0.004348279,-0.9589698,0.01472982,0.2830921
-0.004348279,-0.9589698,0.01472982,0.2830921
-0.004348279,-0.9589698,0.01472982,0.2830921
-0.004348279,-0.9589698,0.01472982,0.2830921
-0.004348279,-0.9589698,0.01472982,0.2830921
-0.004348279,-0.9589698,0.01472982,0.2830921
-0.004348279,-0.9589698,0.01472982,0.2830921
-0.004348279,-0.9589698,0.01472982,0.2830921
-0.004348279,-0.9589698,0.01472982,0.2830921
-0.004348279,-0.9589698,0.01472982,0.2830921
-0.004348279,-0.9589698,0.01472982,0.2830921
-0.004348279,-0.9589698,0.01472982,0.2830921
-0.004348279,-0.9589698,0.01472982,0.2830921
-0.004348279,-0.9589698,0.01472982,0.2830921
-0.004348279,-0.9589698,0.01472982,0.2830921
-0.004348279,-0.9589698,0.01472982,0.2830921
-0.004348279,-0.9589698,0.01472982,0.2830921
-0.004348279,-0.9589698,0.01472982,0.2830921
-0.004348279,-0.9589698,0.01472982,0.2830921
-0.004348279,-0.9589698,0.01472982,0.2830921
-0.004348279,-0.9589698,0.01472982,0.2830921
-0.004348279,-0.9589698,0.01472982,0.2830921
-0.004348279,-0.9589698,0.01472982,0.2830921
-0.004348279,-0.9589698,0.01472982,0.2830921
-0.004348279,-0.9589698,0.01472982,0.2830921
-0.004348279,-0.9589698,0.01472982,0.2830921
-0.004348279,-0.9589698,0.01472982,0.2830921
-0.004348279,-0.9589698,0.01472982,0.2830921
-0.004348279,-0.9589698,0.01472982,0.2830921
-0.004348279,-0.9589698,0.01472982,0.2830921
-0.004348279,-0.9589698,0.01472982,0.2830921
-0.004348279,-0.9589698,0.01472982,0.2830921
-0.004348279,-0.9589698,0.01472982,0.2830921
-0.004348279,-0.9589698,0.01472982,0.2830921
-0.004348279,-0.9589698,0.01472982,0.2830921
-0.004348279,-0.9589698,0.01472982,0.2830921
-0.004348279,-0.9589698,0.01472982,0.2830921
-0.004348279,-0.9589698,0.01472982,0.2830921
-0.004348279,-0.9589698,0.01472982,0.2830921
-0.004348279,-0.9589698,0.01472982,0.2830921
-0.004348279,-0.9589698,0.01472982,0.2830921
-0.004348279,-0.9589698,0.01472982,0.2830921
-0.004348279,-0.9589698,0.01472982,0.2830921
-0.004348279,-0.9589698,0.01472982,0.2830921
-0.004348279,-0.9589698,0.01472982,0.2830921
-0.004348279,-0.9589698,0.01472982,0.2830921
-0.004348279,-0.9589698,0.01472982,0.2830921
-0.004348279,-0.9589698,0.01472982,0.2830921
-0.004348279,-0.9589698,0.01472982,0.2830921
-0.004348279,-0.9589698,0.01472982,0.2830921
-0.004348279,-0.9589698,0.01472982,0.2830921
-0.004348279,-0.9589698,0.01472982,0.2830921
-0.004348279,-0.9589698,0.01472982,0.2830921
-0.004348279,-0.9589698,0.01472982,0.2830921
-0.004348279,-0.9589698,0.01472982,0.2830921
-0.004348279,-0.9589698,0.01472982,0.2830921
-0.004348279,-0.9589698,0.01472982,0.2830921
-0.004348279,-0.9589698,0.01472982,0.2830921
-0.004348279,-0.9589698,0.01472982,0.2830921
-0.004348279,-0.9589698,0.01472982,0.2830921
-0.004348279,-0.9589698,0.01472982,0.2830921
-0.004348279,-0.9589698,0.01472982,0.2830921
-0.004348279,-0.9589698,0.01472982,0.2830921
-0.004348279,-0.9589698,0.01472982,0.2830921
-0.004348279,-0.9589698,0.01472982,0.2830921
-0.004348279,-0.9589698,0.01472982,0.2830921
-0.004348279,-0.9589698,0.01472982,0.2830921
-0.004348279,-0.9589698,0.01472982,0.2830921
-0.004348279,-0.9589698,0.01472982,0.2830921
-0.004348279,-0.9589698,0.01472982,0.2830921
-0.004348279,-0.9589698,0.01472982,0.2830921
-0.004348279,-0.9589698,0.01472982,0.2830921
-0.004348279,-0.9589698,0.01472982,0.2830921
-0.004348279,-0.9589698,0.01472982,0.2830921
-0.004348279,-0.9589698,0.01472982,0.2830921
-0.004348279,-0.9589698,0.01472982,0.2830921
-0.004348279,-0.9589698,0.01472982,0.2830921
-0.004348279,-0.9589698,0.01472982,0.2830921
-0.004348279,-0.9589698,0.01472982,0.2830921
-0.004348279,-0.9589698,0.01472982,0.2830921
-0.004348279,-0.9589698,0.01472982,0.2830921
-0.004348279,-0.9589698,0.01472982,0.2830921
-0.004348279,-0.9589698,0.01472982,0.2830921
-0.004348279,-0.9589698,0.01472982,0.2830921
-0.004348279,-0.9589698,0.01472982,0.2830921
-0.004348279,-0.9589698,0.01472982,0.2830921
-0.004348279,-0.9589698,0.01472982,0.2830921
-0.004348279,-0.9589698,0.01472982,0.2830921
-0.004348279,-0.9589698,0.01472982,0.2830921
-0.004347246,-0.9589896,0.01473013,0.2830248
-0.004345179,-0.9590293,0.01473074,0.2828903
-0.00434183,-0.9590936,0.01473172,0.2826723
-0.004337447,-0.9591777,0.01473302,0.2823869
-0.004332026,-0.9592815,0.01473461,0.282034
-0.004317893,-0.9595515,0.01473876,0.2811139
-0.00430942,-0.959713,0.01474124,0.2805623
-0.004299907,-0.9598938,0.01474402,0.2799429
-0.004289371,-0.9600936,0.01474708,0.2792569
-0.004277801,-0.9603124,0.01475044,0.2785037
-0.004251045,-0.9608158,0.01475818,0.2767617
-0.004236106,-0.9610955,0.01476247,0.2757892
-0.004220135,-0.9613932,0.01476704,0.2747494
-0.004203137,-0.9617088,0.01477189,0.2736427
-0.0041851,-0.9620422,0.01477701,0.2724684
-0.004145088,-0.9627761,0.01478829,0.2698635
-0.004123666,-0.963166,0.01479427,0.2684689
-0.004101206,-0.9635724,0.01480052,0.2670066
-0.004077414,-0.9640002,0.01480709,0.2654576
-0.004052609,-0.9644434,0.0148139,0.2638428
-0.003999858,-0.9653764,0.01482823,0.2604084
-0.003971906,-0.9658654,0.01483574,0.2585886
-0.003942905,-0.966369,0.01484347,0.2567005
-0.003912843,-0.9668868,0.01485143,0.2547434
-0.003881739,-0.967418,0.01485959,0.2527184
-0.003815843,-0.9685286,0.01487665,0.2484283
-0.003781306,-0.9691026,0.01488546,0.2461798
-0.00374542,-0.969693,0.01489453,0.2438436
-0.00370877,-0.9702899,0.0149037,0.2414574
-0.003670795,-0.9709018,0.0149131,0.2389852
-0.003631755,-0.9715239,0.01492265,0.2364434
-0.003550185,-0.972801,0.01494227,0.2311329
-0.003507666,-0.9734546,0.01495231,0.2283648
-0.003464072,-0.974116,0.01496247,0.2255266
-0.003419407,-0.9747847,0.01497274,0.2226188
-0.003326838,-0.9761413,0.01499358,0.2165922
-0.003278935,-0.9768282,0.01500412,0.2134735
-0.003229949,-0.9775197,0.01501475,0.2102843
-0.003179891,-0.9782151,0.01502543,0.2070253
-0.003128746,-0.9789138,0.01503616,0.2036956
-0.003075965,-0.9796225,0.01504705,0.2002594
-0.002967449,-0.9810403,0.01506882,0.1931945
-0.002911687,-0.9817482,0.0150797,0.1895642
-0.002854821,-0.9824558,0.01509057,0.185862
-0.002796874,-0.983162,0.01510141,0.1820894
-0.002677151,-0.9845737,0.0151231,0.1742949
-0.002615373,-0.9852772,0.0151339,0.1702729
-0.002552473,-0.9859762,0.01514464,0.1661779
-0.002488766,-0.9866663,0.01515524,0.1620303
-0.002423399,-0.9873557,0.01516583,0.1577747
-0.002289645,-0.9887079,0.0151866,0.1490667
-0.002221244,-0.989369,0.01519675,0.1446136
-0.002151737,-0.9900199,0.01520675,0.1400884
-0.002080832,-0.9906622,0.01521662,0.1354722
-0.002008548,-0.9912942,0.01522632,0.1307662
-0.001861,-0.9925142,0.01524506,0.1211602
-0.001785683,-0.9931005,0.01525407,0.1162568
-0.001708991,-0.9936723,0.01526285,0.1112639
-0.001631184,-0.9942264,0.01527136,0.1061983
-0.001552271,-0.9947618,0.01527958,0.1010607
-0.001391128,-0.9957717,0.0152951,0.09056967
-0.001308884,-0.9962441,0.01530235,0.08521529
-0.00122528,-0.9966948,0.01530928,0.07977232
-0.001140565,-0.9971209,0.01531582,0.07425707
-0.001054744,-0.9975212,0.01532197,0.06866973
-0.0008797946,-0.9982401,0.01533301,0.05727985
-0.0007906731,-0.9985561,0.01533786,0.05147769
-0.0007001836,-0.9988424,0.01534226,0.04558646
-0.0006085928,-0.9990967,0.01534617,0.03962353
-0.0005159139,-0.9993178,0.01534956,0.03358977
-0.0003272753,-0.999655,0.01535474,0.02130864
-0.0002310567,-0.9997689,0.01535649,0.01504443
-0.000133751,-0.9998441,0.01535765,0.008709441
-3.537054E-05,-0.9998794,0.01535819,0.002304479
6.405942E-05,-0.9998734,0.0153581,-0.004168808
0.0001645759,-0.9998247,0.01535735,-0.01071283
0.0003693404,-0.999593,0.01535379,-0.02404381
0.0004732958,-0.9994072,0.01535094,-0.03081173
0.0005783099,-0.999173,0.01534734,-0.03764857
0.0006846511,-0.9988881,0.01534296,-0.04457181
0.0008998712,-0.9981644,0.01533184,-0.05858349
0.001009277,-0.9977208,0.01532503,-0.06570628
0.00111973,-0.9972212,0.01531736,-0.07289716
0.001231192,-0.9966642,0.0153088,-0.08015381
0.001343922,-0.9960468,0.01529932,-0.08749296
0.001457643,-0.9953687,0.0152889,-0.09489668
0.001688043,-0.9938243,0.01526518,-0.1098966
0.001804404,-0.9929574,0.01525186,-0.1174722
0.001921723,-0.992024,0.01523753,-0.1251101
0.002040554,-0.9910176,0.01522207,-0.1328465
0.002280704,-0.988796,0.01518794,-0.1484813
0.002402022,-0.9875777,0.01516923,-0.1563796
0.002524511,-0.9862819,0.01514933,-0.1643541
0.002647899,-0.9849096,0.01512825,-0.1723871
0.002772164,-0.9834593,0.01510597,-0.1804773
0.002897281,-0.9819295,0.01508247,-0.1886229
0.003150373,-0.9786204,0.01503164,-0.2051002
0.003278012,-0.976842,0.01500433,-0.21341
0.003406713,-0.9749737,0.01497563,-0.221789
0.0035365,-0.973013,0.01494551,-0.2302386
0.003797811,-0.9688298,0.01488126,-0.247251
0.003929588,-0.9665998,0.014847,-0.2558302
0.004062377,-0.9642702,0.01481122,-0.2644753
0.004195872,-0.9618442,0.01477396,-0.2731664
0.004330291,-0.9593157,0.01473512,-0.2819176
0.004600825,-0.9539631,0.0146529,-0.2995305
0.004736923,-0.9511358,0.01460947,-0.308391
0.004874162,-0.9481922,0.01456426,-0.3173258
0.005011964,-0.9451425,0.01451742,-0.3262973
0.005150345,-0.941984,0.0144689,-0.3353065
0.005428147,-0.9353492,0.01436699,-0.3533925
0.005567797,-0.9318634,0.01431345,-0.3624842
0.005708173,-0.9282565,0.01425805,-0.3716233
0.005848981,-0.9245338,0.01420087,-0.3807905
0.00599047,-0.920686,0.01414176,-0.390002
0.006274285,-0.9126383,0.01401815,-0.4084795
0.006416581,-0.9084351,0.01395359,-0.4177435
0.006559457,-0.9040998,0.013887,-0.4270453
0.006702846,-0.8996311,0.01381836,-0.4363806
0.006846454,-0.8950357,0.01374777,-0.44573
0.006990285,-0.890311,0.0136752,-0.455094
0.007278188,-0.8804783,0.01352417,-0.4738376
0.007422446,-0.8753591,0.01344554,-0.4832294
0.007567052,-0.8700956,0.01336469,-0.4926439
0.007711447,-0.8647053,0.01328189,-0.5020445
0.00800024,-0.8535124,0.01310997,-0.5208461
0.008144583,-0.8477064,0.01302079,-0.5302435
0.008289302,-0.8417396,0.01292914,-0.5396653
0.008433864,-0.8356308,0.01283531,-0.5490769
0.008578026,-0.8293877,0.01273941,-0.5584624
0.008721987,-0.8229993,0.01264129,-0.5678349
0.008982849,-0.8110191,0.01245727,-0.5848181
0.009072841,-0.806762,0.01239188,-0.5906769
0.009136651,-0.8037039,0.01234491,-0.5948312
0.009174262,-0.8018858,0.01231698,-0.5972798
0.009186198,-0.8013065,0.01230808,-0.5980569
0.009186198,-0.8013065,0.01230808,-0.5980569
0.009186198,-0.8013065,0.01230808,-0.5980569
0.009186198,-0.8013065,0.01230808,-0.5980569
0.009186198,-0.8013065,0.01230808,-0.5980569
0.009186198,-0.8013065,0.01230808,-0.5980569
0.009186198,-0.8013065,0.01230808,-0.5980569
0.009186198,-0.8013065,0.01230808,-0.5980569
0.009186198,-0.8013065,0.01230808,-0.5980569
0.009186198,-0.8013065,0.01230808,-0.5980569
0.009186198,-0.8013065,0.01230808,-0.5980569
0.009186198,-0.8013065,0.01230808,-0.5980569
0.009186198,-0.8013065,0.01230808,-0.5980569
0.009186198,-0.8013065,0.01230808,-0.5980569
0.009186198,-0.8013065,0.01230808,-0.5980569
0.009186198,-0.8013065,0.01230808,-0.5980569
0.009186198,-0.8013065,0.01230808,-0.5980569
0.009186198,-0.8013065,0.01230808,-0.5980569
0.009186198,-0.8013065,0.01230808,-0.5980569
0.009186198,-0.8013065,0.01230808,-0.5980569
0.009186198,-0.8013065,0.01230808,-0.5980569
0.009186198,-0.8013065,0.01230808,-0.5980569
0.009186198,-0.8013065,0.01230808,-0.5980569
0.009186198,-0.8013065,0.01230808,-0.5980569
0.009186198,-0.8013065,0.01230808,-0.5980569
0.009186198,-0.8013065,0.01230808,-0.5980569
0.009186198,-0.8013065,0.01230808,-0.5980569
0.009186198,-0.8013065,0.01230808,-0.5980569
0.009186198,-0.8013065,0.01230808,-0.5980569
0.009186198,-0.8013065,0.01230808,-0.5980569
0.009186198,-0.8013065,0.01230808,-0.5980569
0.009186198,-0.8013065,0.01230808,-0.5980569
0.009186198,-0.8013065,0.01230808,-0.5980569
0.009186198,-0.8013065,0.01230808,-0.5980569
0.009186198,-0.8013065,0.01230808,-0.5980569
0.009186198,-0.8013065,0.01230808,-0.5980569
0.009186198,-0.8013065,0.01230808,-0.5980569
0.009186198,-0.8013065,0.01230808,-0.5980569
0.009186198,-0.8013065,0.01230808,-0.5980569
0.009186198,-0.8013065,0.01230808,-0.5980569
0.009186198,-0.8013065,0.01230808,-0.5980569
0.009186198,-0.8013065,0.01230808,-0.5980569
0.009186198,-0.8013065,0.01230808,-0.5980569
0.009186198,-0.8013065,0.01230808,-0.5980569
0.009186198,-0.8013065,0.01230808,-0.5980569
0.009186198,-0.8013065,0.01230808,-0.5980569
0.009186198,-0.8013065,0.01230808,-0.5980569
0.009186198,-0.8013065,0.01230808,-0.5980569
0.009186198,-0.8013065,0.01230808,-0.5980569
0.009186198,-0.8013065,0.01230808,-0.5980569
0.009186198,-0.8013065,0.01230808,-0.5980569
0.009186198,-0.8013065,0.01230808,-0.5980569
0.009186198,-0.8013065,0.01230808,-0.5980569
0.009186198,-0.8013065,0.01230808,-0.5980569
0.009186198,-0.8013065,0.01230808,-0.5980569
0.009186198,-0.8013065,0.01230808,-0.5980569
0.009186198,-0.8013065,0.01230808,-0.5980569
0.009186198,-0.8013065,0.01230808,-0.5980569
0.009186198,-0.8013065,0.01230808,-0.5980569
0.009186198,-0.8013065,0.01230808,-0.5980569
0.009186198,-0.8013065,0.01230808,-0.5980569
0.009186198,-0.8013065,0.01230808,-0.5980569
0.009186198,-0.8013065,0.01230808,-0.5980569
0.009186198,-0.8013065,0.01230808,-0.5980569
0.009186198,-0.8013065,0.01230808,-0.5980569
0.009186198,-0.8013065,0.01230808,-0.5980569
0.009186198,-0.8013065,0.01230808,-0.5980569
0.009186198,-0.8013065,0.01230808,-0.5980569
0.009186198,-0.8013065,0.01230808,-0.5980569
0.009186198,-0.8013065,0.01230808,-0.5980569
0.009186198,-0.8013065,0.01230808,-0.5980569
0.009186198,-0.8013065,0.01230808,-0.5980569
0.009186198,-0.8013065,0.01230808,-0.5980569
0.009186198,-0.8013065,0.01230808,-0.5980569
0.009186198,-0.8013065,0.01230808,-0.5980569
0.009186198,-0.8013065,0.01230808,-0.5980569
0.009186198,-0.8013065,0.01230808,-0.5980569
0.009186198,-0.8013065,0.01230808,-0.5980569
0.009186198,-0.8013065,0.01230808,-0.5980569
0.009186198,-0.8013065,0.01230808,-0.5980569
0.009186198,-0.8013065,0.01230808,-0.5980569
0.009186198,-0.8013065,0.01230808,-0.5980569
0.009186198,-0.8013065,0.01230808,-0.5980569
0.009186198,-0.8013065,0.01230808,-0.5980569
0.009186198,-0.8013065,0.01230808,-0.5980569
0.009186198,-0.8013065,0.01230808,-0.5980569
0.009186198,-0.8013065,0.01230808,-0.5980569
0.009186198,-0.8013065,0.01230808,-0.5980569
0.009186198,-0.8013065,0.01230808,-0.5980569
0.009186198,-0.8013065,0.01230808,-0.5980569
0.009186198,-0.8013065,0.01230808,-0.5980569
0.009186198,-0.8013065,0.01230808,-0.5980569
0.009186198,-0.8013065,0.01230808,-0.5980569
0.009186198,-0.8013065,0.01230808,-0.5980569
0.009186198,-0.8013065,0.01230808,-0.5980569
0.009186198,-0.8013065,0.01230808,-0.5980569
0.009186198,-0.8013065,0.01230808,-0.5980569
0.009186198,-0.8013065,0.01230808,-0.5980569
0.009186198,-0.8013065,0.01230808,-0.5980569
0.009186198,-0.8013065,0.01230808,-0.5980569
0.009186198,-0.8013065,0.01230808,-0.5980569
0.009186198,-0.8013065,0.01230808,-0.5980569
0.009186198,-0.8013065,0.01230808,-0.5980569
0.009186198,-0.8013065,0.01230808,-0.5980569
0.009186198,-0.8013065,0.01230808,-0.5980569
0.009186198,-0.8013065,0.01230808,-0.5980569
0.009186198,-0.8013065,0.01230808,-0.5980569
0.009186198,-0.8013065,0.01230808,-0.5980569
0.009186198,-0.8013065,0.01230808,-0.5980569
0.009186198,-0.8013065,0.01230808,-0.5980569
0.009186198,-0.8013065,0.01230808,-0.5980569
0.009186198,-0.8013065,0.01230808,-0.5980569
0.009186198,-0.8013065,0.01230808,-0.5980569
0.009186198,-0.8013065,0.01230808,-0.5980569
0.009186198,-0.8013065,0.01230808,-0.5980569
0.009186198,-0.8013065,0.01230808,-0.5980569
0.009186198,-0.8013065,0.01230808,-0.5980569
0.009186198,-0.8013065,0.01230808,-0.5980569
0.009186198,-0.8013065,0.01230808,-0.5980569
0.009186198,-0.8013065,0.01230808,-0.5980569
0.009187078,-0.8012637,0.01230743,-0.5981142
0.009189033,-0.8011687,0.01230597,-0.5982414
0.00919526,-0.8008659,0.01230131,-0.5986469
0.009199549,-0.8006571,0.01229811,-0.5989261
0.009204917,-0.8003955,0.01229409,-0.5992755
0.009211144,-0.8000918,0.01228942,-0.599681
0.009226171,-0.7993576,0.01227814,-0.6006593
0.00923518,-0.7989166,0.01227137,-0.6012458
0.009245041,-0.7984331,0.01226394,-0.6018878
0.009255748,-0.7979071,0.01225587,-0.6025848
0.009267307,-0.7973382,0.01224713,-0.6033373
0.009292956,-0.7960719,0.01222768,-0.6050072
0.009307043,-0.795374,0.01221696,-0.6059243
0.009322182,-0.7946222,0.01220541,-0.6069099
0.009338153,-0.7938271,0.0121932,-0.6079496
0.009354955,-0.7929882,0.01218031,-0.6090435
0.009372603,-0.7921044,0.01216673,-0.6101925
0.009410802,-0.7901824,0.01213721,-0.6126794
0.009431135,-0.7891542,0.01212142,-0.6140031
0.009452281,-0.7880812,0.01210494,-0.6153798
0.009474247,-0.7869623,0.01208775,-0.6168099
0.009520595,-0.7845879,0.01205128,-0.6198273
0.009544983,-0.783331,0.01203198,-0.6214151
0.009570397,-0.7820155,0.01201177,-0.6230696
0.00959658,-0.7806544,0.01199086,-0.6247743
0.009623555,-0.7792457,0.01196922,-0.6265305
0.009651546,-0.7777768,0.01194666,-0.6283529
0.009709636,-0.7747063,0.0118995,-0.6321347
0.009739721,-0.7731039,0.01187489,-0.6340935
0.009771009,-0.7714287,0.01184915,-0.6361304
0.009802848,-0.7697148,0.01182283,-0.6382033
0.009835633,-0.76794,0.01179557,-0.6403377
0.009903436,-0.7642377,0.0117387,-0.6447519
0.009938451,-0.7623085,0.01170907,-0.6470315
0.009974182,-0.7603279,0.01167865,-0.6493578
0.01001084,-0.7582834,0.01164724,-0.6517442
0.01004821,-0.7561855,0.01161502,-0.6541771
0.01012503,-0.7518293,0.01154811,-0.6591789
0.01016449,-0.7495694,0.0115134,-0.6617476
0.01020463,-0.747254,0.01147783,-0.6643611
0.01024565,-0.7448714,0.01144124,-0.6670314
0.01028733,-0.7424325,0.01140377,-0.6697449
0.01037263,-0.7373847,0.01132624,-0.6752985
0.01041625,-0.734774,0.01128614,-0.6781382
0.01046051,-0.7321044,0.01124513,-0.6810194
0.01050538,-0.7293757,0.01120322,-0.6839411
0.01055106,-0.7265756,0.01116021,-0.686915
0.01064421,-0.7207938,0.0110714,-0.6929794
0.01069166,-0.717811,0.01102559,-0.6960685
0.01073968,-0.7147662,0.01097882,-0.6991949
0.01078825,-0.7116593,0.0109311,-0.7023569
0.01088703,-0.7052546,0.01083272,-0.7087877
0.0109374,-0.7019435,0.01078186,-0.7120671
0.01098827,-0.6985676,0.01073001,-0.7153792
0.01103965,-0.6951259,0.01067714,-0.7187241
0.01109151,-0.691618,0.01062326,-0.7221003
0.01114385,-0.6880424,0.01056834,-0.725508
0.01125028,-0.680662,0.01045498,-0.7324366
0.01130415,-0.6768685,0.01039671,-0.7359437
0.01135843,-0.6730053,0.01033737,-0.7394782
0.01141313,-0.6690722,0.01027696,-0.7430388
0.01152368,-0.6609917,0.01015284,-0.750236
0.01157968,-0.6568304,0.01008892,-0.7538819
0.01163602,-0.6525965,0.01002389,-0.75755
0.01169269,-0.6482887,0.009957723,-0.7612397
0.01174968,-0.643907,0.009890419,-0.7649496
0.01186453,-0.634918,0.009752348,-0.7724269
0.01192253,-0.6302956,0.009681349,-0.7762033
0.01198078,-0.6255967,0.009609173,-0.7799954
0.01203926,-0.6208196,0.009535797,-0.783803
0.01209795,-0.6159651,0.009461231,-0.7876238
0.01215701,-0.6110169,0.009385227,-0.7914686
0.0122756,-0.6008832,0.009229573,-0.7991893
0.01233511,-0.595695,0.009149881,-0.803064
0.01239475,-0.590425,0.009068933,-0.8069465
0.01245447,-0.585074,0.008986742,-0.8108345
0.01251442,-0.5796263,0.008903066,-0.8147377
0.01263447,-0.5684803,0.008731862,-0.8225536
0.01269453,-0.5627812,0.008644323,-0.8264633
0.01275458,-0.5569966,0.008555473,-0.8303728
0.01281474,-0.5511125,0.008465091,-0.8342897
0.01287485,-0.5451419,0.008373383,-0.8382031
0.0129948,-0.5329424,0.008185998,-0.8460122
0.01305475,-0.5266954,0.008090043,-0.8499154
0.01311455,-0.5203601,0.007992732,-0.8538088
0.01317418,-0.5139369,0.007894073,-0.8576905
0.01329266,-0.5008395,0.007692894,-0.865404
0.01333485,-0.4960627,0.007619523,-0.8681509
0.01335262,-0.4940325,0.007588339,-0.8693079
0.01335872,-0.4933333,0.007577599,-0.8697047
0.01335872,-0.4933334,0.0075776,-0.8697048
0.01335872,-0.4933334,0.0075776,-0.8697048
0.01335872,-0.4933334,0.0075776,-0.8697048
0.01335872,-0.4933334,0.0075776,-0.8697048
0.01335872,-0.4933334,0.0075776,-0.8697048
0.01335872,-0.4933334,0.0075776,-0.8697048
0.01335872,-0.4933334,0.0075776,-0.8697048
0.01335872,-0.4933334,0.0075776,-0.8697048
0.01335872,-0.4933334,0.0075776,-0.8697048
0.01335872,-0.4933334,0.0075776,-0.8697048
0.01335872,-0.4933334,0.0075776,-0.8697048
0.01335872,-0.4933334,0.0075776,-0.8697048
0.01335872,-0.4933334,0.0075776,-0.8697048
0.01335872,-0.4933334,0.0075776,-0.8697048
0.01335872,-0.4933334,0.0075776,-0.8697048
0.01335872,-0.4933334,0.0075776,-0.8697048
0.01335872,-0.4933334,0.0075776,-0.8697048
0.01335872,-0.4933334,0.0075776,-0.8697048
0.01335926,-0.4932712,0.007576645,-0.8697401
0.01336032,-0.4931494,0.007574774,-0.869809
0.01336191,-0.4929667,0.007571968,-0.8699126
0.01336667,-0.4924191,0.007563557,-0.8702227
0.01336997,-0.492039,0.007557718,-0.8704377
0.0133738,-0.4915976,0.007550939,-0.8706871
0.0133783,-0.4910789,0.007542972,-0.8709798
0.01338331,-0.4904993,0.00753407,-0.8713062
0.01339461,-0.4891912,0.007513977,-0.8720414
0.01340116,-0.48843,0.007502285,-0.872468
0.01340836,-0.4875919,0.007489412,-0.8729367
0.01341593,-0.4867076,0.007475829,-0.87343
0.01342402,-0.485762,0.007461305,-0.8739562
0.01343275,-0.4847377,0.007445572,-0.8745248
0.01344211,-0.4836369,0.007428663,-0.8751341
0.01346231,-0.4812494,0.007391991,-0.8764492
0.01347301,-0.4799787,0.007372474,-0.8771457
0.01348433,-0.4786289,0.007351741,-0.877883
0.01350827,-0.4757592,0.007307662,-0.8794414
0.01350827,-0.4757592,0.007307662,-0.8794414
0.01353449,-0.4725909,0.007258997,-0.8811482
0.01354829,-0.4709119,0.007233207,-0.8820466
0.01356254,-0.4691696,0.007206445,-0.8829746
0.01357711,-0.4673802,0.00717896,-0.883923
0.01360781,-0.4635802,0.007120592,-0.8859218
0.01362395,-0.4615671,0.00708967,-0.8869724
0.01364037,-0.4595059,0.007058011,-0.8880419
0.01365721,-0.457381,0.007025372,-0.8891382
0.01367446,-0.4551912,0.006991736,-0.8902613
0.01371041,-0.4505847,0.006920981,-0.8926016
0.01372897,-0.4481832,0.006884093,-0.8938099
0.01374791,-0.4457159,0.006846196,-0.8950428
0.01376734,-0.4431655,0.00680702,-0.8963083
0.01378701,-0.4405664,0.006767099,-0.8975887
0.01382766,-0.4351335,0.006683649,-0.900235
0.01384859,-0.4323025,0.006640165,-0.9015979
0.01386986,-0.4294029,0.006595627,-0.9029825
0.01389144,-0.4264364,0.006550062,-0.9043872
0.01391331,-0.4234033,0.006503473,-0.9058111
0.01395793,-0.4171321,0.006407146,-0.9087161
0.01398066,-0.4138928,0.006357391,-0.9101961
0.01400365,-0.4105855,0.006306591,-0.9116928
0.014027,-0.4071932,0.006254484,-0.913213
0.01405059,-0.4037313,0.00620131,-0.9147487
0.01409844,-0.3965986,0.00609175,-0.9178637
0.01412268,-0.392926,0.006035339,-0.9194419
0.0141471,-0.3891836,0.005977856,-0.9210322
0.01417181,-0.385354,0.005919034,-0.922641
0.01419669,-0.3814528,0.005859111,-0.9242607
0.01424688,-0.3734375,0.005735995,-0.9275283
0.01427217,-0.3693216,0.005672776,-0.9291748
0.01429757,-0.3651335,0.005608445,-0.9308285
0.01432317,-0.3608562,0.005542747,-0.932495
0.01434884,-0.3565067,0.005475937,-0.9341666
0.01440039,-0.3475862,0.005338919,-0.9375223
0.01442622,-0.3430158,0.005268716,-0.9392042
0.01445216,-0.3383555,0.005197133,-0.9408931
0.01447811,-0.333621,0.005124412,-0.9425822
0.01450404,-0.3288121,0.005050547,-0.9442706
0.0145558,-0.3189705,0.004899381,-0.9476402
0.01458159,-0.3139375,0.004822073,-0.9493195
0.01459455,-0.3113751,0.004782714,-0.950163
0.01459742,-0.3108049,0.004773955,-0.9503497
0.01459742,-0.3108049,0.004773955,-0.9503497
0.01459742,-0.3108049,0.004773955,-0.9503497
0.01459742,-0.3108049,0.004773955,-0.9503497
0.01459742,-0.3108049,0.004773955,-0.9503497
0.01459742,-0.3108049,0.004773955,-0.9503497
0.01459742,-0.3108049,0.004773955,-0.9503497
0.01459742,-0.3108049,0.004773955,-0.9503497
0.01459742,-0.3108049,0.004773955,-0.9503497
0.01459742,-0.3108049,0.004773955,-0.9503497
0.01459742,-0.3108049,0.004773955,-0.9503497
0.01459742,-0.3108049,0.004773955,-0.9503497
0.01459742,-0.3108049,0.004773955,-0.9503497
0.01459742,-0.3108049,0.004773955,-0.9503497
0.01459742,-0.3108049,0.004773955,-0.9503497
0.01459742,-0.3108049,0.004773955,-0.9503497
0.01459742,-0.3108049,0.004773955,-0.9503497
0.01459742,-0.3108049,0.004773955,-0.9503497
0.01459742,-0.3108049,0.004773955,-0.9503497
0.01459742,-0.3108049,0.004773955,-0.9503497
0.01459742,-0.3108049,0.004773955,-0.9503497
0.014597,-0.3108884,0.004775237,-0.9503224
0.01459516,-0.3112527,0.004780835,-0.9502031
0.01459374,-0.3115355,0.004785178,-0.9501104
0.0145919,-0.3119013,0.004790796,-0.9499905
0.01458972,-0.3123332,0.00479743,-0.9498484
0.0145872,-0.3128316,0.004805085,-0.9496844
0.01458434,-0.3133961,0.004813757,-0.9494983
0.01457742,-0.3147571,0.004834661,-0.949048
0.01457344,-0.3155371,0.004846642,-0.948789
0.01456911,-0.3163831,0.004859636,-0.9485072
0.01456435,-0.3173114,0.004873895,-0.9481971
0.01455932,-0.3182876,0.004888888,-0.9478698
0.01454801,-0.3204724,0.004922448,-0.9471334
0.01454181,-0.3216639,0.004940749,-0.9467294
0.01453524,-0.3229196,0.004960037,-0.9463018
0.01452839,-0.3242239,0.004980071,-0.9458557
0.01452098,-0.3256282,0.005001641,-0.9453732
0.01450501,-0.3286309,0.005047763,-0.9443336
0.01449653,-0.3302121,0.005072051,-0.9437819
0.01448757,-0.3318748,0.005097589,-0.9431985
0.01447821,-0.333602,0.005124119,-0.942589
0.01445825,-0.3372505,0.00518016,-0.9412897
0.01444764,-0.3391723,0.005209679,-0.940599
0.01443651,-0.3411758,0.005240453,-0.9398741
0.01442495,-0.3432429,0.005272204,-0.9391212
0.01441295,-0.3453729,0.005304921,-0.9383399
0.01440049,-0.3475672,0.005338626,-0.9375294
0.01437403,-0.3521788,0.005409459,-0.9358068
0.0143601,-0.3545792,0.00544633,-0.9348999
0.0143457,-0.3570424,0.005484165,-0.9339619
0.01433081,-0.3595684,0.005522965,-0.9329924
0.01431542,-0.3621572,0.005562728,-0.9319906
0.01428293,-0.3675534,0.005645614,-0.9298756
0.01426591,-0.3703441,0.005688479,-0.9287677
0.01424837,-0.3731949,0.005732267,-0.9276259
0.01423019,-0.376125,0.005777274,-0.9264417
0.01421145,-0.3791158,0.005823212,-0.9252218
0.01417229,-0.3852791,0.005917882,-0.9226722
0.01415186,-0.3884491,0.005966572,-0.9213423
0.01413072,-0.3916966,0.006016453,-0.9199663
0.01410911,-0.3949855,0.006066971,-0.918559
0.01406404,-0.4017395,0.006170713,-0.9156252
0.01404057,-0.4052047,0.006223938,-0.914097
0.01401635,-0.408743,0.006278288,-0.9125203
0.01399148,-0.4123394,0.006333528,-0.9109009
0.01396594,-0.4159921,0.006389634,-0.9092386
0.01391283,-0.4234687,0.006504475,-0.9057806
0.01388512,-0.4273066,0.006563425,-0.9039764
0.01385669,-0.4312,0.006623229,-0.9021257
0.01382754,-0.4351481,0.006683872,-0.9002279
0.01379765,-0.4391512,0.006745359,-0.8982819
0.01376702,-0.4432075,0.006807664,-0.8962876
0.01370321,-0.4515118,0.006935219,-0.892133
0.01367012,-0.4557426,0.007000205,-0.8899792
0.01363624,-0.4600251,0.007065984,-0.8877731
0.01360154,-0.464359,0.007132553,-0.885514
0.01356588,-0.4687586,0.00720013,-0.8831928
0.01349204,-0.4777067,0.007337574,-0.8783852
0.01345382,-0.4822541,0.007407423,-0.8758968
0.01341471,-0.4868497,0.007478012,-0.8733507
0.01339095,-0.4896142,0.007520475,-0.8718039
0.01338697,-0.4900752,0.007527556,-0.8715448
0.01338697,-0.4900753,0.007527557,-0.8715448
0.01338697,-0.4900753,0.007527557,-0.8715448
0.01338697,-0.4900753,0.007527557,-0.8715448
0.01338697,-0.4900753,0.007527557,-0.8715448
0.01338697,-0.4900753,0.007527557,-0.8715448
0.01338697,-0.4900753,0.007527557,-0.8715448
0.01338697,-0.4900753,0.007527557,-0.8715448
0.01338697,-0.4900753,0.007527557,-0.8715448
0.01338697,-0.4900753,0.007527557,-0.8715448
0.01338697,-0.4900753,0.007527557,-0.8715448
0.01338697,-0.4900753,0.007527557,-0.8715448
0.01338697,-0.4900753,0.007527557,-0.8715448
0.01338697,-0.4900753,0.007527557,-0.8715448
0.01338697,-0.4900753,0.007527557,-0.8715448
0.01338697,-0.4900753,0.007527557,-0.8715448
0.01338697,-0.4900753,0.007527557,-0.8715448
0.01338697,-0.4900753,0.007527557,-0.8715448
0.01338697,-0.4900753,0.007527557,-0.8715448
0.01338697,-0.4900753,0.007527557,-0.8715448
0.01338697,-0.4900753,0.007527557,-0.8715448
0.01338697,-0.4900753,0.007527557,-0.8715448
0.01338697,-0.4900753,0.007527557,-0.8715448
0.01338697,-0.4900753,0.007527557,-0.8715448
0.01338697,-0.4900753,0.007527557,-0.8715448
0.01338697,-0.4900753,0.007527557,-0.8715448
0.01338697,-0.4900753,0.007527557,-0.8715448
0.01338697,-0.4900753,0.007527557,-0.8715448
0.01338697,-0.4900753,0.007527557,-0.8715448
0.01338697,-0.4900753,0.007527557,-0.8715448
0.01338697,-0.4900753,0.007527557,-0.8715448
0.01338697,-0.4900753,0.007527557,-0.8715448
0.01338697,-0.4900753,0.007527557,-0.8715448
0.01338697,-0.4900753,0.007527557,-0.8715448
0.01338697,-0.4900753,0.007527557,-0.8715448
0.01338697,-0.4900753,0.007527557,-0.8715448
0.01338697,-0.4900753,0.007527557,-0.8715448
0.01338697,-0.4900753,0.007527557,-0.8715448
0.01338697,-0.4900753,0.007527557,-0.8715448
0.01338697,-0.4900753,0.007527557,-0.8715448
0.01338697,-0.4900753,0.007527557,-0.8715448
0.01338697,-0.4900753,0.007527557,-0.8715448
0.01338697,-0.4900753,0.007527557,-0.8715448
0.01338697,-0.4900753,0.007527557,-0.8715448
0.01338697,-0.4900753,0.007527557,-0.8715448
0.01338697,-0.4900753,0.007527557,-0.8715448
0.01338697,-0.4900753,0.007527557,-0.8715448
0.01338697,-0.4900753,0.007527557,-0.8715448
0.01338697,-0.4900753,0.007527557,-0.8715448
0.01338697,-0.4900753,0.007527557,-0.8715448
0.01338697,-0.4900753,0.007527557,-0.8715448
0.01338697,-0.4900753,0.007527557,-0.8715448
0.01338697,-0.4900753,0.007527557,-0.8715448
0.01338697,-0.4900753,0.007527557,-0.8715448
0.01338697,-0.4900753,0.007527557,-0.8715448
0.01338697,-0.4900753,0.007527557,-0.8715448
0.01338697,-0.4900753,0.007527557,-0.8715448
0.01338697,-0.4900753,0.007527557,-0.8715448
0.01338697,-0.4900753,0.007527557,-0.8715448
0.01338697,-0.4900753,0.007527557,-0.8715448
0.01338697,-0.4900753,0.007527557,-0.8715448
0.01338697,-0.4900753,0.007527557,-0.8715448
0.01338697,-0.4900753,0.007527557,-0.8715448
0.01338697,-0.4900753,0.007527557,-0.8715448
0.01338697,-0.4900753,0.007527557,-0.8715448
0.01338697,-0.4900753,0.007527557,-0.8715448
0.01338697,-0.4900753,0.007527557,-0.8715448
0.01338909,-0.4898297,0.007523785,-0.8716829
0.01339094,-0.4896153,0.007520492,-0.8718033
0.01339317,-0.4893569,0.007516523,-0.8719484
0.01339592,-0.4890376,0.007511619,-0.8721275
0.01340325,-0.4881856,0.007498531,-0.8726047
0.01340769,-0.487668,0.007490581,-0.8728941
0.0134128,-0.4870724,0.007481433,-0.8732266
0.01341828,-0.4864327,0.007471606,-0.8735831
0.01342427,-0.4857316,0.007460837,-0.8739731
0.01343805,-0.4841134,0.007435983,-0.8748705
0.0134457,-0.4832123,0.00742214,-0.8753685
0.01345399,-0.4822334,0.007407105,-0.8759082
0.01346277,-0.4811935,0.007391132,-0.8764799
0.01347204,-0.4800921,0.007374214,-0.8770837
0.01349207,-0.4777023,0.007337508,-0.8783876
0.01350282,-0.4764138,0.007317717,-0.8790871
0.01351403,-0.475064,0.007296983,-0.8798173
0.01352586,-0.4736352,0.007275037,-0.8805872
0.01353815,-0.4721436,0.007252126,-0.8813878
0.01356414,-0.4689716,0.007203404,-0.8830797
0.01357783,-0.4672897,0.00717757,-0.8839709
0.01359209,-0.4655296,0.007150534,-0.8848991
0.01360679,-0.4637059,0.007122522,-0.8858561
0.01362193,-0.4618173,0.007093512,-0.8868421
0.0136535,-0.4578495,0.007032567,-0.8888971
0.01366991,-0.4557686,0.007000604,-0.8899658
0.01368686,-0.4536078,0.006967414,-0.8910691
0.01370421,-0.4513816,0.006933219,-0.8921989
0.01372196,-0.4490902,0.006898024,-0.8933545
0.01375861,-0.4443116,0.006824625,-0.8957406
0.01377749,-0.4418247,0.006786426,-0.8969699
0.01379687,-0.4392551,0.006746956,-0.8982311
0.0138166,-0.4366182,0.006706453,-0.8995159
0.01383667,-0.4339159,0.006664946,-0.9008225
0.01387782,-0.4283101,0.00657884,-0.9035013
0.01389899,-0.4253893,0.006533978,-0.9048801
0.01392047,-0.4224022,0.006488095,-0.9062784
0.01394213,-0.4193632,0.006441416,-0.9076887
0.01398631,-0.4130816,0.00634493,-0.9105645
0.01400891,-0.4098219,0.006294862,-0.9120363
0.01403178,-0.4064928,0.006243727,-0.9135249
0.01405489,-0.4030943,0.006191526,-0.9150296
0.01407834,-0.3996101,0.006138008,-0.9165566
0.01410202,-0.3960562,0.00608342,-0.9180979
0.01414998,-0.3887375,0.005971005,-0.9212205
0.01417425,-0.3849723,0.005913171,-0.9228004
0.01419869,-0.381136,0.005854245,-0.9243914
0.01422328,-0.3772285,0.005794225,-0.9259929
0.01424813,-0.3732334,0.005732861,-0.9276103
0.0142982,-0.3650274,0.005606817,-0.9308701
0.0143234,-0.3608157,0.005542125,-0.9325107
0.01434878,-0.3565151,0.005476068,-0.9341634
0.01437424,-0.3521415,0.005408889,-0.9358208
0.01439976,-0.3476949,0.005340589,-0.937482
0.01445091,-0.3385808,0.005200595,-0.9408121
0.0144766,-0.3338966,0.005128646,-0.9424846
0.01450228,-0.329138,0.005055555,-0.9441569
0.01452795,-0.324305,0.004981318,-0.945828
0.01455357,-0.3193978,0.004905944,-0.9474962
0.01460464,-0.30936,0.004751763,-0.950821
0.01463006,-0.3042281,0.004672937,-0.9524754
0.01465537,-0.2990201,0.004592942,-0.9541233
0.01468063,-0.2937206,0.004511542,-0.955768
0.01470575,-0.2883457,0.004428983,-0.9574032
0.01475548,-0.2773673,0.004260354,-0.9606412
0.01478007,-0.2717631,0.004174273,-0.9622416
0.01480451,-0.2660641,0.004086737,-0.963833
0.01482871,-0.2602881,0.003998017,-0.9654089
0.01485273,-0.2544186,0.003907861,-0.9669722
0.01487645,-0.2484736,0.003816547,-0.9685169
0.01492292,-0.2363678,0.003630601,-0.9715423
0.01494562,-0.2302084,0.003535993,-0.9730202
0.01496803,-0.2239544,0.003439931,-0.9744787
0.01499004,-0.2176228,0.003342676,-0.9759122
0.01503284,-0.2047281,0.003144614,-0.9786984
0.01505358,-0.1981641,0.003043791,-0.9800486
0.0150739,-0.1915061,0.002941523,-0.9813713
0.01509372,-0.1847706,0.002838066,-0.9826617
0.01511302,-0.1779575,0.002733416,-0.9839183
0.01513178,-0.1710681,0.002627594,-0.9851395
0.01516766,-0.1570203,0.00241182,-0.987476
0.01518469,-0.1498805,0.002302153,-0.9885849
0.01520109,-0.1426642,0.002191311,-0.989652
0.01521682,-0.1353705,0.002079279,-0.990676
0.01523185,-0.1280011,0.001966085,-0.9916551
0.01525983,-0.1129976,0.001735631,-0.9934766
0.01527268,-0.1053817,0.00161865,-0.9943132
0.01528474,-0.09769051,0.001500513,-0.9950984
0.01529598,-0.08992509,0.001381236,-0.9958302
0.01530638,-0.08208258,0.001260775,-0.9965072
0.01532456,-0.06616044,0.00101621,-0.9976909
0.01533228,-0.05809563,0.0008923344,-0.9981929
0.01533905,-0.04993927,0.0007670526,-0.9986342
0.01534485,-0.04171022,0.0006406539,-0.9990118
0.01534966,-0.03339106,0.0005128714,-0.9993244
0.01535612,-0.01655596,0.0002542837,-0.9997451
0.01535772,-0.008041115,0.0001234955,-0.9998497
0.01535822,0.0005620787,-8.649871E-06,-0.9998819
0.01535757,0.009234924,-0.000141865,-0.9998394
0.01535271,0.02678723,-0.000411469,-0.9995232
0.01534845,0.03566542,-0.0005478383,-0.9992458
0.01534293,0.04461002,-0.0006852277,-0.9988864
0.01533611,0.05363785,-0.0008238954,-0.9984424
0.01532797,0.06273065,-0.0009635611,-0.9979123
0.01530761,0.08110958,-0.001245862,-0.9965869
0.01529533,0.09039357,-0.001388464,-0.9957877
0.01528162,0.09973858,-0.001532004,-0.9948952
0.01526642,0.1091621,-0.00167675,-0.9939054
0.01524971,0.118645,-0.001822408,-0.9928179
0.0152117,0.137784,-0.002116383,-0.9903433
0.01519033,0.1474382,-0.002264671,-0.9889521
0.01516735,0.1571471,-0.002413801,-0.9874558
0.01514263,0.1669459,-0.002564311,-0.9858464
0.01511622,0.1767976,-0.002715633,-0.9841274
0.01505837,0.1966144,-0.003020019,-0.9803606
0.01502681,0.206596,-0.003173338,-0.9783058
0.01499339,0.2166429,-0.003327659,-0.9761301
0.01495815,0.2267329,-0.003482641,-0.9738359
0.01492098,0.2368853,-0.003638583,-0.9714163
0.014882,0.2470606,-0.003794875,-0.9688783
0.0147981,0.2675681,-0.00410987,-0.9634166
0.01475321,0.2778775,-0.004268223,-0.9604938
0.01470632,0.2882205,-0.004427091,-0.957441
0.01465739,0.298598,-0.00458649,-0.9542555
0.01460632,0.3090226,-0.004746613,-0.9509307
0.01449788,0.3299576,-0.005068174,-0.9438709
0.01444045,0.3404639,-0.005229551,-0.9401321
0.01438085,0.3509933,-0.005391283,-0.9362521
0.01431906,0.3615434,-0.005553333,-0.9322288
0.01425494,0.3721279,-0.005715911,-0.9280545
0.0141199,0.3933446,-0.0060418,-0.9192628
0.01404894,0.4039707,-0.006205017,-0.914643
0.01397564,0.4146071,-0.006368392,-0.909871
0.01389987,0.4252663,-0.006532117,-0.904938
0.01382171,0.4359293,-0.006695901,-0.8998499
0.01365816,0.4572569,-0.007023492,-0.8892021
0.01357272,0.4679169,-0.00718723,-0.883639
0.0134848,0.47857,-0.007350862,-0.8779151
0.01339438,0.4892136,-0.007514348,-0.8720288
0.01330131,0.4998614,-0.007677898,-0.8659694
0.01310753,0.5211063,-0.008004221,-0.8533536
0.01300676,0.5317001,-0.008166943,-0.8467935
0.0129034,0.5422702,-0.008329298,-0.8400638
0.01279726,0.5528277,-0.008491463,-0.8331541
0.01257721,0.5738334,-0.008814111,-0.8188281
0.01246326,0.5842764,-0.008974516,-0.8114095
0.01234648,0.5946926,-0.00913451,-0.8038065
0.012227,0.6050652,-0.009293833,-0.7960277
0.0121048,0.6153911,-0.009452439,-0.7880723
0.01185222,0.6358885,-0.00976728,-0.7716281
0.01172181,0.6460535,-0.009923414,-0.7631377
0.01158826,0.6561854,-0.01007904,-0.7544435
0.01145194,0.6662526,-0.01023367,-0.745568
0.01131283,0.6762509,-0.01038725,-0.7365113
0.01117092,0.6861766,-0.01053971,-0.7272729
0.01087873,0.7057945,-0.01084104,-0.7082502
0.01072863,0.7154672,-0.01098961,-0.6984776
0.0105753,0.7250777,-0.01113723,-0.6884958
0.01041918,0.7345954,-0.01128342,-0.6783317
0.01026022,0.7440183,-0.01142816,-0.6679828
0.009933855,0.7625601,-0.01171296,-0.646735
0.00976645,0.7716713,-0.01185291,-0.6358362
0.00959624,0.78067,-0.01199113,-0.6247548
0.009423016,0.7895631,-0.01212773,-0.6134772
0.009246995,0.7983352,-0.01226247,-0.6020175
0.008913704,0.8142444,-0.01250683,-0.580319
0.008784441,0.8201771,-0.01259796,-0.5719035
0.008680983,0.8248329,-0.01266947,-0.565168
0.00861,0.8279804,-0.01271782,-0.5605468
0.0085657,0.8299256,-0.0127477,-0.5576627
0.008548008,0.8306984,-0.01275957,-0.5565109
0.008548008,0.8306984,-0.01275957,-0.5565109
0.008548008,0.8306984,-0.01275957,-0.5565109
0.008548008,0.8306984,-0.01275957,-0.5565109
0.008548008,0.8306984,-0.01275957,-0.5565109
0.008548008,0.8306984,-0.01275957,-0.5565109
0.008548008,0.8306984,-0.01275957,-0.5565109
0.008548008,0.8306984,-0.01275957,-0.5565109
0.008548008,0.8306984,-0.01275957,-0.5565109
0.008548008,0.8306984,-0.01275957,-0.5565109
0.008548008,0.8306984,-0.01275957,-0.5565109
0.008548008,0.8306984,-0.01275957,-0.5565109
0.008548008,0.8306984,-0.01275957,-0.5565109
0.008548008,0.8306984,-0.01275957,-0.5565109
0.008548008,0.8306984,-0.01275957,-0.5565109
0.008548008,0.8306984,-0.01275957,-0.5565109
0.008548008,0.8306984,-0.01275957,-0.5565109
0.008548008,0.8306984,-0.01275957,-0.5565109
0.008548008,0.8306984,-0.01275957,-0.5565109
0.008548008,0.8306984,-0.01275957,-0.5565109
0.008548008,0.8306984,-0.01275957,-0.5565109
0.008548008,0.8306984,-0.01275957,-0.5565109
0.008548008,0.8306984,-0.01275957,-0.5565109
0.008548008,0.8306984,-0.01275957,-0.5565109
0.008548008,0.8306984,-0.01275957,-0.5565109
0.008548008,0.8306984,-0.01275957,-0.5565109
0.008548008,0.8306984,-0.01275957,-0.5565109
0.008548008,0.8306984,-0.01275957,-0.5565109
0.008548008,0.8306984,-0.01275957,-0.5565109
0.008548008,0.8306984,-0.01275957,-0.5565109
0.008548008,0.8306984,-0.01275957,-0.5565109
0.008548908,0.8306592,-0.01275896,-0.5565695
0.008550695,0.8305812,-0.01275777,-0.5566858
0.008553381,0.830464,-0.01275596,-0.5568607
0.008557174,0.8302983,-0.01275342,-0.5571077
0.008567426,0.82985,-0.01274654,-0.5577751
0.008573893,0.8295669,-0.01274219,-0.5581962
0.008581239,0.8292449,-0.01273724,-0.5586744
0.008589691,0.8288739,-0.01273154,-0.5592246
0.008598811,0.828473,-0.01272538,-0.5598184
0.008620139,0.8275329,-0.01271094,-0.561207
0.008632125,0.8270032,-0.01270281,-0.5619873
0.008644992,0.8264334,-0.01269405,-0.562825
0.008658738,0.8258233,-0.01268468,-0.5637199
0.008673574,0.8251632,-0.01267454,-0.5646858
0.008705865,0.8237206,-0.01265238,-0.566788
0.008723314,0.8229377,-0.01264036,-0.567924
0.008741629,0.8221136,-0.0126277,-0.5691164
0.008760806,0.8212478,-0.0126144,-0.5703648
0.008781065,0.8203303,-0.01260031,-0.5716838
0.008802169,0.8193712,-0.01258558,-0.5730577
0.008847417,0.817303,-0.01255381,-0.5760036
0.008871314,0.8162042,-0.01253693,-0.5775594
0.008896049,0.8150623,-0.01251939,-0.5791697
0.008921622,0.8138767,-0.01250118,-0.5808346
0.008948244,0.812637,-0.01248214,-0.5825678
0.009003741,0.8100348,-0.01244217,-0.5861808
0.009032611,0.8086713,-0.01242123,-0.5880603
0.00906253,0.8072512,-0.01239942,-0.5900083
0.009124313,0.8042958,-0.01235402,-0.5940306
0.009124313,0.8042958,-0.01235402,-0.5940306
0.009190212,0.8011095,-0.01230508,-0.5983208
0.009224351,0.7994445,-0.0122795,-0.6005435
0.009259273,0.7977316,-0.0122532,-0.6028171
0.009294976,0.7959699,-0.01222613,-0.6051415
0.009331666,0.7941482,-0.01219815,-0.6075301
0.009407099,0.7903671,-0.01214007,-0.6124411
0.009445831,0.7884066,-0.01210996,-0.6149627
0.00948531,0.7863951,-0.01207907,-0.6175329
0.009525531,0.7843318,-0.01204737,-0.6201515
0.009566694,0.7822055,-0.01201471,-0.6228313
0.00965164,0.7777697,-0.01194658,-0.6283618
0.009695183,0.775471,-0.01191127,-0.6311965
0.009739425,0.7731176,-0.01187512,-0.6340768
0.009784333,0.7707105,-0.01183815,-0.6370005
0.009829945,0.7682465,-0.0118003,-0.63997
0.009923591,0.7631264,-0.01172166,-0.6460667
0.00997118,0.7604926,-0.0116812,-0.6491649
0.01001943,0.7578,-0.01163984,-0.6523063
0.01006853,0.7550365,-0.0115974,-0.6555028
0.01011826,0.7522138,-0.01155404,-0.6587401
0.01021993,0.7463654,-0.01146421,-0.6653592
0.01027166,0.743349,-0.01141788,-0.6687275
0.01032398,0.7402707,-0.01137059,-0.6721336
0.01037665,0.7371424,-0.01132254,-0.6755629
0.01043031,0.7339257,-0.01127313,-0.6790561
0.01053926,0.727299,-0.01117135,-0.6861489
0.01059452,0.7238877,-0.01111895,-0.6897469
0.0106503,0.7204102,-0.01106554,-0.6933782
0.01070656,0.7168667,-0.01101111,-0.697041
0.01082054,0.7095761,-0.01089912,-0.7044615
0.01087822,0.7058281,-0.01084156,-0.7082166
0.01093634,0.702011,-0.01078292,-0.7120005
0.0109949,0.698123,-0.01072321,-0.7158131
0.01105407,0.6941514,-0.0106622,-0.7196652
0.01111384,0.6900946,-0.01059989,-0.7235562
0.0112345,0.6817628,-0.01047191,-0.7314121
0.01129537,0.6774864,-0.01040623,-0.735375
0.01135658,0.6731353,-0.01033939,-0.7393599
0.01141811,0.6687091,-0.01027141,-0.7433656
0.01154204,0.6596292,-0.01013194,-0.7514342
0.01160442,0.654974,-0.01006044,-0.7554953
0.01166724,0.6502267,-0.009987517,-0.7595851
0.01173029,0.6454009,-0.009913393,-0.7636896
0.01179355,0.6404954,-0.009838044,-0.7678085
0.01192067,0.6304426,-0.009683633,-0.7760839
0.01198446,0.6252952,-0.009604568,-0.7802373
0.0120484,0.6200653,-0.009524236,-0.7844
0.01211246,0.6147528,-0.009442637,-0.7885703
0.01217661,0.6093574,-0.009359763,-0.792747
0.01224119,0.6038484,-0.009275144,-0.7969513
0.01237049,0.5925746,-0.009101978,-0.8053692
0.01243516,0.5868092,-0.009013421,-0.8095796
0.01249983,0.5809569,-0.00892353,-0.8137894
0.01256461,0.5750033,-0.008832082,-0.818007
0.01262933,0.5689619,-0.008739286,-0.8222205
0.01275833,0.5566293,-0.008549858,-0.830619
0.01282258,0.5503358,-0.00845319,-0.8348022
0.01288683,0.5439383,-0.008354924,-0.8389847
0.0129509,0.5374498,-0.00825526,-0.843156
0.01307842,0.5241974,-0.008051703,-0.8514584
0.01314182,0.5174333,-0.007947806,-0.8555856
0.01320507,0.5105621,-0.007842263,-0.8597037
0.01326802,0.5035975,-0.007735287,-0.8638019
0.01333064,0.4965393,-0.007626873,-0.8678784
0.01345474,0.4821427,-0.007405741,-0.8759581
0.01351631,0.4747869,-0.007292755,-0.8799668
0.01357744,0.4673359,-0.007178308,-0.8839464
0.0136381,0.4597888,-0.007062384,-0.8878955
0.01369824,0.4521473,-0.006945011,-0.891811
0.01381703,0.4365594,-0.006705579,-0.8995444
0.01387548,0.4286295,-0.006583777,-0.9033498
0.01393331,0.4206027,-0.006460485,-0.9071149
0.0139906,0.4124634,-0.006335464,-0.9108447
0.01404732,0.4042098,-0.006208689,-0.9145374
0.01415842,0.3874316,-0.005950975,-0.9217706
0.01421277,0.3789032,-0.005819979,-0.9253089
0.0142663,0.3702792,-0.005687513,-0.9287936
0.01431908,0.3615408,-0.005553291,-0.9322298
0.01437107,0.3526889,-0.005417326,-0.9356146
0.01442214,0.3437387,-0.005279851,-0.9389397
0.01452138,0.3255477,-0.005000437,-0.9454008
0.01456949,0.3163069,-0.004858498,-0.9485326
0.01461653,0.3069695,-0.004715074,-0.9515955
0.01466256,0.2975208,-0.004569943,-0.9545918
0.01470745,0.2879756,-0.004423327,-0.9575146
0.01479362,0.2686167,-0.004125975,-0.9631247
0.01483491,0.2587861,-0.003974976,-0.9658126
0.01487492,0.2488607,-0.003822522,-0.9684175
0.01491362,0.238842,-0.003668635,-0.970937
0.01498695,0.2185234,-0.00335654,-0.9757109
0.0150215,0.2082254,-0.003198363,-0.9779603
0.01505465,0.1978188,-0.003038516,-0.9801183
0.01508629,0.1873219,-0.002877284,-0.9821785
0.0151164,0.1767348,-0.002714666,-0.9841387
0.0151719,0.1552752,-0.002385046,-0.9877518
0.01519717,0.1444222,-0.002218343,-0.989397
0.01522082,0.133447,-0.002049764,-0.9909369
0.0152427,0.1224052,-0.001880162,-0.9923614
0.01526281,0.1112787,-0.001709259,-0.9936706
0.01529756,0.08877623,-0.00136362,-0.9959332
0.01531216,0.07738324,-0.001188623,-0.9968832
0.01532264,0.06801864,-0.001044783,-0.9975659
0.01532932,0.06130923,-0.0009417261,-0.9980007
0.01533353,0.05667945,-0.0008706127,-0.9982743
0.015337,0.05254333,-0.0008070817,-0.9985006
0.015337,0.05254333,-0.0008070817,-0.9985006
0.015337,0.05254333,-0.0008070817,-0.9985006
0.015337,0.05254333,-0.0008070817,-0.9985006
0.015337,0.05254333,-0.0008070817,-0.9985006
0.015337,0.05254333,-0.0008070817,-0.9985006
0.015337,0.05254333,-0.0008070817,-0.9985006
0.015337,0.05254333,-0.0008070817,-0.9985006
0.015337,0.05254333,-0.0008070817,-0.9985006
0.015337,0.05254333,-0.0008070817,-0.9985006
0.015337,0.05254333,-0.0008070817,-0.9985006
0.015337,0.05254333,-0.0008070817,-0.9985006
0.015337,0.05254333,-0.0008070817,-0.9985006
0.015337,0.05254333,-0.0008070817,-0.9985006
0.015337,0.05254333,-0.0008070817,-0.9985006
0.015337,0.05254333,-0.0008070817,-0.9985006
0.015337,0.05254333,-0.0008070817,-0.9985006
0.015337,0.05254333,-0.0008070817,-0.9985006
0.015337,0.05254333,-0.0008070817,-0.9985006
0.015337,0.05254333,-0.0008070817,-0.9985006
0.015337,0.05254333,-0.0008070817,-0.9985006
0.015337,0.05254333,-0.0008070817,-0.9985006
0.015337,0.05254333,-0.0008070817,-0.9985006
0.01533706,0.05247296,-0.0008060008,-0.9985043
0.01533719,0.0523146,-0.0008035684,-0.9985126
0.01533737,0.05208663,-0.0008000669,-0.9985244
0.0153379,0.05142226,-0.0007898622,-0.9985589
0.01533823,0.05100429,-0.0007834421,-0.9985804
0.01533864,0.05047936,-0.0007753791,-0.998607
0.0153391,0.04988481,-0.0007662469,-0.9986369
0.01534013,0.04852436,-0.0007453504,-0.998704
0.01534072,0.04772199,-0.0007330259,-0.9987426
0.01534135,0.04684979,-0.0007196291,-0.9987839
0.01534202,0.04590864,-0.0007051729,-0.9988276
0.01534273,0.04489677,-0.0006896306,-0.9988736
0.01534348,0.04379753,-0.0006727462,-0.9989224
0.01534506,0.04138835,-0.0006357411,-0.9990251
0.01534589,0.04006144,-0.0006153596,-0.9990792
0.01534673,0.0386645,-0.0005939027,-0.9991342
0.01534759,0.03719987,-0.0005714058,-0.9991899
0.01534929,0.03409594,-0.0005237294,-0.9993006
0.01535014,0.03242172,-0.0004980133,-0.9993563
0.01535099,0.03067709,-0.0004712158,-0.9994113
0.01535183,0.02884385,-0.0004430571,-0.9994659
0.01535264,0.0269598,-0.0004141181,-0.9995185
0.01535416,0.02298167,-0.000353014,-0.999618
0.01535488,0.02087031,-0.0003205834,-0.9996643
0.01535554,0.01868912,-0.0002870802,-0.9997075
0.01535615,0.01643734,-0.0002524928,-0.999747
0.01535669,0.01411652,-0.0002168449,-0.9997824
0.01535717,0.01172589,-0.0001801248,-0.9998133
0.01535788,0.006700093,-0.0001029283,-0.9998596
0.0153581,0.004082216,-6.271766E-05,-0.9998738
0.01535821,0.00139441,-2.143286E-05,-0.9998811
0.01535821,-0.00136263,2.091538E-05,-0.9998811
0.01535784,-0.007086484,0.000108834,-0.9998569
0.01535781,-0.007364693,0.0001131073,-0.999855
0.01535781,-0.007364693,0.0001131073,-0.999855
0.01535781,-0.007364693,0.0001131073,-0.999855
0.01535781,-0.007364693,0.0001131073,-0.999855
0.01535781,-0.007364693,0.0001131073,-0.999855
0.01535781,-0.007364693,0.0001131073,-0.999855
0.01535781,-0.007364693,0.0001131073,-0.999855
0.01535781,-0.007364693,0.0001131073,-0.999855
0.01535781,-0.007364693,0.0001131073,-0.999855
0.01535781,-0.007364693,0.0001131073,-0.999855
0.01535781,-0.007364693,0.0001131073,-0.999855
0.01535781,-0.007364693,0.0001131073,-0.999855
0.01535781,-0.007364693,0.0001131073,-0.999855
0.01535781,-0.007364693,0.0001131073,-0.999855
0.01535781,-0.007364693,0.0001131073,-0.999855
0.01535781,-0.007364693,0.0001131073,-0.999855
0.01535781,-0.007364693,0.0001131073,-0.999855
0.01535781,-0.007364693,0.0001131073,-0.999855
0.01535781,-0.007364693,0.0001131073,-0.999855
0.01535781,-0.007364693,0.0001131073,-0.999855
0.01535782,-0.007294162,0.0001120239,-0.9998555
0.01535786,-0.006929205,0.0001064182,-0.9998581
0.01535789,-0.00665092,0.0001021437,-0.99986
0.01535792,-0.006303212,9.680288E-05,-0.9998623
0.015358,-0.005399525,8.292221E-05,-0.9998676
0.01535805,-0.004825085,7.40988E-05,-0.9998705
0.01535809,-0.004180801,6.420258E-05,-0.9998734
0.01535813,-0.003467029,5.323901E-05,-0.9998761
0.01535817,-0.002682338,4.118613E-05,-0.9998785
0.01535822,-0.0009058316,1.389893E-05,-0.9998817
0.01535822,0.0001047824,-1.624135E-06,-0.999882
0.01535821,0.001184887,-1.821458E-05,-0.9998814
0.01535818,0.002336056,-3.589658E-05,-0.9998794
0.01535813,0.003574098,-5.491295E-05,-0.9998757
0.01535804,0.004882087,-7.50037E-05,-0.9998702
0.01535777,0.007708082,-0.0001184111,-0.9998524
0.01535757,0.009225277,-0.0001417153,-0.9998395
0.01535733,0.01081264,-0.0001660973,-0.9998236
0.01535703,0.01248678,-0.000191812,-0.9998041
0.01535667,0.01423069,-0.0002185985,-0.9997808
0.01535575,0.01792848,-0.0002753967,-0.9997213
0.01535519,0.0198818,-0.0003053998,-0.9996844
0.01535454,0.02190506,-0.0003364771,-0.9996421
0.01535379,0.02401518,-0.0003688887,-0.9995937
0.01535295,0.02619521,-0.000402374,-0.9995389
0.01535095,0.03076524,-0.0004725699,-0.9994087
0.01534977,0.0331712,-0.0005095254,-0.9993317
0.01534846,0.03564716,-0.0005475563,-0.9992465
0.01534702,0.03819325,-0.0005866644,-0.9991524
0.01534543,0.04080895,-0.0006268415,-0.999049
0.01534369,0.0434945,-0.0006680918,-0.9989357
0.01533971,0.04908836,-0.0007540137,-0.9986764
0.01533746,0.05198044,-0.000798436,-0.9985301
0.01533501,0.05495911,-0.0008441886,-0.9983705
0.01533236,0.05800639,-0.0008909949,-0.9981982
0.01532643,0.06430965,-0.0009878132,-0.9978119
0.0153231,0.06758185,-0.001038074,-0.9975955
0.01531952,0.07094333,-0.001089707,-0.9973621
0.0153157,0.07435362,-0.001142089,-0.9971137
0.01531162,0.07783333,-0.001195538,-0.9968481
0.01530264,0.0849957,-0.001305552,-0.996263
0.0152977,0.08868163,-0.001362168,-0.9959416
0.01529246,0.09243419,-0.001419807,-0.9956004
0.0152869,0.09625442,-0.001478486,-0.9952383
0.01528098,0.1001605,-0.001538483,-0.9948528
0.01527471,0.1041346,-0.001599526,-0.9944447
0.01526105,0.1123026,-0.001724987,-0.9935554
0.01525362,0.1164989,-0.001789443,-0.9930721
0.0152458,0.1207606,-0.001854902,-0.9925629
0.0152376,0.1250717,-0.00192112,-0.9920289
0.0152289,0.1294859,-0.001988923,-0.9914623
0.01521019,0.1384935,-0.002127279,-0.9902443
0.01520015,0.1430879,-0.00219785,-0.9895909
0.01518959,0.1477656,-0.0022697,-0.9889032
0.01517852,0.1525093,-0.002342563,-0.9881827
0.01515482,0.1621935,-0.002491313,-0.9866394
0.01514215,0.1671327,-0.002567179,-0.9858148
0.01512888,0.1721534,-0.002644297,-0.9849504
0.01511502,0.1772376,-0.00272239,-0.9840482
0.01510056,0.1823864,-0.002801477,-0.983107
0.01506978,0.1928751,-0.002962583,-0.9811031
0.01505343,0.198213,-0.003044574,-0.9800386
0.01503641,0.2036142,-0.003127536,-0.9789308
0.01501866,0.2090944,-0.003211713,-0.9777749
0.0150002,0.2146357,-0.003296827,-0.9765734
0.01496112,0.2259019,-0.003469876,-0.974029
0.01494045,0.2316263,-0.003557804,-0.9726836
0.01491927,0.2373428,-0.003645609,-0.9713046
0.01490567,0.240937,-0.003700815,-0.9704193
0.01489995,0.2424324,-0.003723786,-0.9700468
0.0149048,0.2411656,-0.003704327,-0.9703625
0.0149048,0.2411656,-0.003704327,-0.9703625
0.0149048,0.2411656,-0.003704327,-0.9703625
0.0149048,0.2411656,-0.003704327,-0.9703625
0.0149048,0.2411656,-0.003704327,-0.9703625
0.0149048,0.2411656,-0.003704327,-0.9703625
0.0149048,0.2411656,-0.003704327,-0.9703625
0.0149048,0.2411656,-0.003704327,-0.9703625
0.0149048,0.2411656,-0.003704327,-0.9703625
0.0149048,0.2411656,-0.003704327,-0.9703625
0.0149048,0.2411656,-0.003704327,-0.9703625
0.0149048,0.2411656,-0.003704327,-0.9703625
0.0149048,0.2411656,-0.003704327,-0.9703625
0.0149048,0.2411656,-0.003704327,-0.9703625
0.0149048,0.2411656,-0.003704327,-0.9703625
0.0149048,0.2411656,-0.003704327,-0.9703625
0.0149048,0.2411656,-0.003704327,-0.9703625
0.0149048,0.2411656,-0.003704327,-0.9703625
0.0149048,0.2411656,-0.003704327,-0.9703625
0.0149048,0.2411656,-0.003704327,-0.9703625
0.0149048,0.2411656,-0.003704327,-0.9703625
0.0149048,0.2411656,-0.003704327,-0.9703625
0.0149048,0.2411656,-0.003704327,-0.9703625
0.0149048,0.2411656,-0.003704327,-0.9703625
0.0149048,0.2411656,-0.003704327,-0.9703625
0.0149048,0.2411656,-0.003704327,-0.9703625
0.0149048,0.2411656,-0.003704327,-0.9703625
0.0149048,0.2411656,-0.003704327,-0.9703625
0.0149048,0.2411656,-0.003704327,-0.9703625
0.0149048,0.2411656,-0.003704327,-0.9703625
0.0149048,0.2411656,-0.003704327,-0.9703625
0.0149048,0.2411656,-0.003704327,-0.9703625
0.0149048,0.2411656,-0.003704327,-0.9703625
0.0149048,0.2411656,-0.003704327,-0.9703625
0.0149048,0.2411656,-0.003704327,-0.9703625
0.0149048,0.2411656,-0.003704327,-0.9703625
0.0149048,0.2411656,-0.003704327,-0.9703625
0.0149048,0.2411656,-0.003704327,-0.9703625
0.0149048,0.2411656,-0.003704327,-0.9703625
0.0149048,0.2411656,-0.003704327,-0.9703625
0.0149048,0.2411656,-0.003704327,-0.9703625
0.0149048,0.2411656,-0.003704327,-0.9703625
0.0149048,0.2411656,-0.003704327,-0.9703625
0.0149048,0.2411656,-0.003704327,-0.9703625
0.0149048,0.2411656,-0.003704327,-0.9703625
0.0149048,0.2411656,-0.003704327,-0.9703625
0.0149048,0.2411656,-0.003704327,-0.9703625
0.0149048,0.2411656,-0.003704327,-0.9703625
0.0149048,0.2411656,-0.003704327,-0.9703625
0.0149048,0.2411656,-0.003704327,-0.9703625
0.0149048,0.2411656,-0.003704327,-0.9703625
0.0149048,0.2411656,-0.003704327,-0.9703625
0.0149048,0.2411656,-0.003704327,-0.9703625
0.0149048,0.2411656,-0.003704327,-0.9703625
0.0149048,0.2411656,-0.003704327,-0.9703625
0.0149048,0.2411656,-0.003704327,-0.9703625
0.0149048,0.2411656,-0.003704327,-0.9703625
0.0149048,0.2411656,-0.003704327,-0.9703625
0.0149048,0.2411656,-0.003704327,-0.9703625
0.0149048,0.2411656,-0.003704327,-0.9703625
0.0149048,0.2411656,-0.003704327,-0.9703625
0.0149048,0.2411656,-0.003704327,-0.9703625
0.0149048,0.2411656,-0.003704327,-0.9703625
0.0149048,0.2411656,-0.003704327,-0.9703625
0.0149048,0.2411656,-0.003704327,-0.9703625
0.0149048,0.2411656,-0.003704327,-0.9703625
0.0149048,0.2411656,-0.003704327,-0.9703625
0.0149048,0.2411656,-0.003704327,-0.9703625
0.0149048,0.2411656,-0.003704327,-0.9703625
0.0149048,0.2411656,-0.003704327,-0.9703625
0.0149048,0.2411656,-0.003704327,-0.9703625
0.0149048,0.2411656,-0.003704327,-0.9703625
0.0149048,0.2411656,-0.003704327,-0.9703625
0.0149048,0.2411656,-0.003704327,-0.9703625
0.01490506,0.241098,-0.003703288,-0.9703793
0.01490558,0.2409626,-0.00370121,-0.9704129
0.01490751,0.2404554,-0.003693419,-0.9705387
0.01490886,0.2401,-0.00368796,-0.9706267
0.01491047,0.2396775,-0.00368147,-0.9707311
0.01491232,0.2391867,-0.003673932,-0.9708521
0.01491443,0.2386286,-0.003665359,-0.9709895
0.01491954,0.2372713,-0.003644511,-0.971322
0.01492247,0.2364904,-0.003632516,-0.9715124
0.0149257,0.235625,-0.003619223,-0.9717227
0.01492917,0.2346913,-0.003604882,-0.9719486
0.01493287,0.2336898,-0.003589499,-0.9721899
0.01494098,0.2314829,-0.003555601,-0.9727178
0.01494538,0.2302767,-0.003537073,-0.973004
0.01495,0.2290022,-0.003517497,-0.9733048
0.01495489,0.2276422,-0.003496608,-0.9736237
0.01496,0.2262146,-0.00347468,-0.9739564
0.01497085,0.2231537,-0.003427664,-0.9746623
0.01497657,0.2215205,-0.003402577,-0.9750348
0.01498255,0.2198003,-0.003376155,-0.975424
0.01498871,0.2180112,-0.003348675,-0.9758254
0.01500145,0.2142646,-0.003291127,-0.9766549
0.01500814,0.2122705,-0.003260497,-0.9770903
0.01501499,0.2102074,-0.003228808,-0.9775363
0.01502205,0.2080569,-0.003195777,-0.9779962
0.01502927,0.2058379,-0.003161692,-0.9784656
0.01504399,0.2012267,-0.003090864,-0.9794244
0.01505155,0.198817,-0.003053851,-0.9799163
0.01505934,0.1963009,-0.003015203,-0.9804234
0.01506723,0.1937154,-0.00297549,-0.9809376
0.01507523,0.1910598,-0.0029347,-0.9814583
0.01508332,0.1883353,-0.002892851,-0.9819847
0.01509973,0.1826763,-0.002805929,-0.9830532
0.01510809,0.1797235,-0.002760574,-0.9835973
0.0151165,0.1767003,-0.002714138,-0.9841449
0.01512495,0.1736067,-0.00266662,-0.9846953
0.01514186,0.1672456,-0.002568913,-0.9857957
0.01515038,0.1639412,-0.002518157,-0.9863506
0.0151589,0.1605667,-0.002466326,-0.9869055
0.01516742,0.1571204,-0.00241339,-0.9874601
0.01517592,0.1536044,-0.002359384,-0.988013
0.0151928,0.1463601,-0.002248112,-0.9891121
0.0151928,0.1463601,-0.002248112,-0.9891121
0.01520962,0.1387587,-0.002131355,-0.9902071
0.01521791,0.1348509,-0.00207133,-0.9907469
0.01522611,0.1308718,-0.00201021,-0.9912804
0.01524208,0.1227378,-0.001885271,-0.9923203
0.0152499,0.1185461,-0.001820888,-0.9928297
0.01525758,0.1142828,-0.001755403,-0.9933295
0.0152651,0.1099482,-0.001688823,-0.9938187
0.01527243,0.1055425,-0.001621152,-0.9942962
0.01527958,0.1010641,-0.001552364,-0.9947614
0.01528657,0.09647836,-0.001481926,-0.9952167
0.01529983,0.08711148,-0.001338051,-0.9960802
0.01530608,0.08233002,-0.001264607,-0.9964868
0.01531205,0.0774769,-0.001190063,-0.9968759
0.01531777,0.07253464,-0.00111415,-0.9972477
0.01532826,0.06243702,-0.00095905,-0.9979308
0.01533301,0.05728061,-0.0008798473,-0.99824
0.0153374,0.05205331,-0.0007995557,-0.9985262
0.01534143,0.04675454,-0.0007181664,-0.9987884
0.0153483,0.0359462,-0.0005521498,-0.9992357
0.01535112,0.03041808,-0.0004672376,-0.9994193
0.0153535,0.0248188,-0.0003812325,-0.999574
0.01535541,0.01914931,-0.0002941489,-0.9996987
0.01535685,0.01340978,-0.0002059895,-0.9997922
0.01535779,0.007599966,-0.0001167504,-0.9998532
0.01535812,0.003901105,-5.993576E-05,-0.9998745
0.01535812,0.003901105,-5.993576E-05,-0.9998745
0.01535812,0.003901105,-5.993576E-05,-0.9998745
0.01535812,0.003901105,-5.993576E-05,-0.9998745
0.01535812,0.003901105,-5.993576E-05,-0.9998745
0.01535812,0.003901105,-5.993576E-05,-0.9998745
0.01535812,0.003901105,-5.993576E-05,-0.9998745
0.01535812,0.003901105,-5.993576E-05,-0.9998745
0.01535812,0.003901105,-5.993576E-05,-0.9998745
0.01535812,0.003901105,-5.993576E-05,-0.9998745
0.01535812,0.003901105,-5.993576E-05,-0.9998745
0.01535812,0.003901105,-5.993576E-05,-0.9998745
0.01535812,0.003901105,-5.993576E-05,-0.9998745
0.01535812,0.003901105,-5.993576E-05,-0.9998745
0.01535812,0.003901105,-5.993576E-05,-0.9998745
0.01535812,0.003901105,-5.993576E-05,-0.9998745
0.01535812,0.003901105,-5.993576E-05,-0.9998745
0.01535812,0.003901105,-5.993576E-05,-0.9998745
0.01535812,0.003901105,-5.993576E-05,-0.9998745
0.01535812,0.003901105,-5.993576E-05,-0.9998745
