0.0148336,0.2591263,-0.003980218,-0.9657213
0.0148336,0.2591263,-0.003980218,-0.9657213
0.0148336,0.2591263,-0.003980218,-0.9657213
0.0148336,0.2591263,-0.003980218,-0.9657213
0.0148336,0.2591263,-0.003980218,-0.9657213
0.0148336,0.2591263,-0.003980218,-0.9657213
0.0148336,0.2591263,-0.003980218,-0.9657213
0.0148336,0.2591263,-0.003980218,-0.9657213
0.0148336,0.2591263,-0.003980218,-0.9657213
0.0148336,0.2591263,-0.003980218,-0.9657213
0.0148336,0.2591263,-0.003980218,-0.9657213
0.0148336,0.2591263,-0.003980218,-0.9657213
0.0148336,0.2591263,-0.003980218,-0.9657213
0.0148336,0.2591263,-0.003980218,-0.9657213
0.0148336,0.2591263,-0.003980218,-0.9657213
0.0148336,0.2591263,-0.003980218,-0.9657213
0.0148336,0.2591263,-0.003980218,-0.9657213
0.0148336,0.2591263,-0.003980218,-0.9657213
0.0148336,0.2591263,-0.003980218,-0.9657213
0.0148336,0.2591263,-0.003980218,-0.9657213
0.0148336,0.2591263,-0.003980218,-0.9657213
0.0148336,0.2591263,-0.003980218,-0.9657213
0.0148336,0.2591263,-0.003980218,-0.9657213
0.0148336,0.2591263,-0.003980218,-0.9657213
0.0148336,0.2591263,-0.003980218,-0.9657213
0.0148336,0.2591263,-0.003980218,-0.9657213
0.0148336,0.2591263,-0.003980218,-0.9657213
0.0148336,0.2591263,-0.003980218,-0.9657213
0.01483332,0.259194,-0.003981258,-0.9657031
0.01483269,0.259347,-0.003983608,-0.9656621
0.01483178,0.2595672,-0.00398699,-0.9656029
0.01483059,0.2598544,-0.003991401,-0.9655257
0.01482738,0.2606294,-0.004003306,-0.9653168
0.01482528,0.2611363,-0.004011091,-0.9651798
0.01482289,0.2617109,-0.004019917,-0.9650242
0.01482022,0.2623515,-0.004029757,-0.9648502
0.01481726,0.2630595,-0.004040631,-0.9646574
0.01481046,0.2646756,-0.004065455,-0.9642153
0.01480655,0.2656026,-0.004079694,-0.9639603
0.01480233,0.2665961,-0.004094955,-0.963686
0.01479782,0.267656,-0.004111235,-0.9633921
0.014793,0.2687828,-0.004128543,-0.9630784
0.01478244,0.2712356,-0.004166219,-0.9623905
0.01477668,0.2725618,-0.00418659,-0.9620157
0.01477052,0.2739731,-0.004208266,-0.9616148
0.01476403,0.2754509,-0.004230965,-0.9611925
0.01475722,0.2769943,-0.004254672,-0.9607489
0.01474258,0.2802787,-0.004305121,-0.9597958
0.01473466,0.282039,-0.004332159,-0.9592801
0.01472639,0.2838643,-0.004360197,-0.9587415
0.01471775,0.2857558,-0.00438925,-0.9581795
0.01470876,0.2877114,-0.004419289,-0.957594
0.01469939,0.2897337,-0.004450351,-0.9569842
0.01467935,0.2940099,-0.004516034,-0.9556791
0.01466874,0.2962441,-0.004550352,-0.9549888
0.01465774,0.2985432,-0.004585665,-0.9542726
0.01464633,0.3009079,-0.004621987,-0.9535296
0.0146345,0.3033369,-0.004659297,-0.9527597
0.0146094,0.3084234,-0.004737427,-0.9511252
0.01459619,0.3110628,-0.004777968,-0.9502653
0.01458254,0.313765,-0.004819474,-0.9493765
0.01456843,0.316531,-0.004861961,-0.9484578
0.01455385,0.3193599,-0.004905413,-0.9475091
0.01452308,0.3252431,-0.004995778,-0.9455057
0.01450696,0.3282795,-0.005042419,-0.9444558
0.01449033,0.3313771,-0.005089997,-0.9433734
0.01447319,0.3345365,-0.005138526,-0.9422577
0.01445553,0.337758,-0.005188009,-0.9411077
0.01441838,0.3444215,-0.005290361,-0.9386895
0.01439899,0.3478445,-0.005342938,-0.9374265
0.01437902,0.3513274,-0.005396436,-0.9361266
0.01435847,0.3548714,-0.005450872,-0.934789
0.01433734,0.3584743,-0.005506214,-0.9334133
0.01429305,0.3658938,-0.005620177,-0.9305299
0.01426998,0.3696916,-0.005678513,-0.9290276
0.01424626,0.373548,-0.005737748,-0.9274837
0.0142219,0.3774623,-0.005797871,-0.9258976
0.01417118,0.3854627,-0.005920759,-0.9225956
0.01414468,0.3895656,-0.00598378,-0.9208706
0.01411749,0.3937244,-0.00604766,-0.9191002
0.01408958,0.3979394,-0.006112402,-0.9172832
0.01406094,0.4022098,-0.006177997,-0.9154187
0.01400144,0.4109137,-0.00631169,-0.9115449
0.01397042,0.4153643,-0.006380051,-0.9095255
0.01393863,0.4198673,-0.006449219,-0.9074556
0.01390603,0.4244237,-0.006519206,-0.9053335
0.01387263,0.4290322,-0.006589992,-0.9031587
0.0138384,0.4336918,-0.006661565,-0.9009304
0.01376715,0.4431981,-0.006807583,-0.8962921
0.01373024,0.4480253,-0.006881729,-0.893889
0.01369244,0.4529019,-0.006956635,-0.8914281
0.01365374,0.4578269,-0.007032283,-0.8889087
0.01361413,0.4628001,-0.007108672,-0.8863297
0.01354748,0.4710167,-0.007234879,-0.8819906
0.01353642,0.4723624,-0.00725555,-0.8812706
0.01353642,0.4723624,-0.00725555,-0.8812706
0.01353642,0.4723624,-0.00725555,-0.8812706
0.01353642,0.4723624,-0.00725555,-0.8812706
0.01353642,0.4723624,-0.00725555,-0.8812706
0.01353642,0.4723624,-0.00725555,-0.8812706
0.01353642,0.4723624,-0.00725555,-0.8812706
0.01353642,0.4723624,-0.00725555,-0.8812706
0.01353642,0.4723624,-0.00725555,-0.8812706
0.01353642,0.4723624,-0.00725555,-0.8812706
0.01353642,0.4723624,-0.00725555,-0.8812706
0.01353642,0.4723624,-0.00725555,-0.8812706
0.01353642,0.4723624,-0.00725555,-0.8812706
0.01353642,0.4723624,-0.00725555,-0.8812706
0.01353642,0.4723624,-0.00725555,-0.8812706
0.01353642,0.4723624,-0.00725555,-0.8812706
0.01353642,0.4723624,-0.00725555,-0.8812706
0.01353642,0.4723624,-0.00725555,-0.8812706
0.01353642,0.4723624,-0.00725555,-0.8812706
0.01353642,0.4723624,-0.00725555,-0.8812706
0.01353642,0.4723624,-0.00725555,-0.8812706
0.01353642,0.4723624,-0.00725555,-0.8812706
0.01353642,0.4723624,-0.00725555,-0.8812706
0.01353642,0.4723624,-0.00725555,-0.8812706
0.01353642,0.4723624,-0.00725555,-0.8812706
0.01353642,0.4723624,-0.00725555,-0.8812706
0.01353642,0.4723624,-0.00725555,-0.8812706
0.01353642,0.4723624,-0.00725555,-0.8812706
0.01353642,0.4723624,-0.00725555,-0.8812706
0.01353792,0.4721799,-0.007252747,-0.8813684
0.01353944,0.4719962,-0.007249925,-0.8814668
0.01354145,0.4717514,-0.007246165,-0.8815978
0.01354397,0.4714452,-0.007241461,-0.8817617
0.01354712,0.4710607,-0.007235555,-0.8819671
0.01355494,0.4701069,-0.007220905,-0.8824759
0.01355959,0.4695378,-0.007212164,-0.8827788
0.01356474,0.4689072,-0.007202479,-0.8831139
0.01357037,0.4682155,-0.007191853,-0.8834809
0.01357664,0.4674447,-0.007180013,-0.883889
0.01359063,0.4657179,-0.00715349,-0.8848
0.01359835,0.4647615,-0.0071388,-0.8853027
0.01360656,0.4637428,-0.007123152,-0.8858368
0.01361524,0.462662,-0.00710655,-0.8864018
0.01362452,0.4615016,-0.007088726,-0.8870064
0.0136445,0.4589929,-0.007050193,-0.8883072
0.01365518,0.4576449,-0.007029488,-0.8890024
0.01366632,0.456234,-0.007007816,-0.8897274
0.0136779,0.4547599,-0.006985173,-0.8904817
0.01369007,0.4532054,-0.006961297,-0.8912738
0.01371573,0.4499056,-0.006910611,-0.892944
0.0137292,0.4481605,-0.006883806,-0.8938212
0.0137431,0.4463515,-0.00685602,-0.8947259
0.01375741,0.4444786,-0.006827252,-0.8956578
0.01377227,0.4425244,-0.006797235,-0.896625
0.01380319,0.4384216,-0.006734216,-0.8986382
0.01381924,0.4362728,-0.00670121,-0.8996834
0.01383568,0.4340595,-0.006667214,-0.9007533
0.01385261,0.4317634,-0.006631946,-0.9018561
0.01386992,0.4294018,-0.006595671,-0.902983
0.01390562,0.4244801,-0.006520072,-0.9053071
0.01392399,0.4219203,-0.006480754,-0.9065029
0.01394269,0.4192942,-0.006440417,-0.9077206
0.01396185,0.4165836,-0.006398783,-0.9089677
0.01398132,0.4138065,-0.006356126,-0.9102353
0.01402118,0.4080498,-0.006267703,-0.9128305
0.01404155,0.4050696,-0.006221927,-0.9141568
0.01406221,0.4020214,-0.006175106,-0.9155014
0.01408325,0.3988876,-0.00612697,-0.9168712
0.01410455,0.3956848,-0.006077774,-0.918258
0.01414786,0.3890752,-0.005976249,-0.921078
0.01416987,0.3856664,-0.005923891,-0.9225105
0.01419209,0.3821877,-0.005870457,-0.9239571
0.01421462,0.3786209,-0.00581567,-0.9254245
0.01423735,0.3749837,-0.005759803,-0.9269043
0.01428332,0.3674996,-0.005644847,-0.9298968
0.01430654,0.3636513,-0.005585736,-0.9314085
0.0143299,0.3597323,-0.005525539,-0.9329292
0.01435349,0.3557233,-0.005463961,-0.9344651
0.01437719,0.351643,-0.005401286,-0.9360082
0.01442487,0.3432675,-0.005272639,-0.9391121
0.01444882,0.3389713,-0.005206648,-0.9406714
0.01447283,0.3346022,-0.005139538,-0.9422343
0.01449697,0.3301423,-0.005071034,-0.9438062
0.01452114,0.3256094,-0.005001408,-0.9453797
0.01456948,0.3163241,-0.004858784,-0.9485269
0.01459363,0.3115711,-0.004785778,-0.9500988
0.01461773,0.3067437,-0.004711629,-0.9516683
0.01464188,0.3018238,-0.004636059,-0.95324
0.01466595,0.2968292,-0.004559341,-0.9548071
0.0147138,0.2866168,-0.004402478,-0.9579222
0.01473754,0.2813982,-0.004322319,-0.9594682
0.01476115,0.2761037,-0.004240995,-0.9610052
0.01478468,0.2707161,-0.004158241,-0.9625368
0.01480802,0.2652529,-0.004074326,-0.9640566
0.01485409,0.2540997,-0.003903011,-0.9670561
0.01487678,0.2484098,-0.003815614,-0.9685333
0.01489929,0.2426241,-0.003726745,-0.9699988
0.01492153,0.2367627,-0.003636714,-0.9714461
0.01494346,0.2308255,-0.003545517,-0.972874
0.01498635,0.2187216,-0.0033596,-0.9756665
0.01500727,0.2125545,-0.003264872,-0.9770285
0.01502787,0.2062937,-0.003168706,-0.9783696
0.01504807,0.199955,-0.003071344,-0.9796847
0.01506784,0.1935411,-0.002972824,-0.980972
0.01510604,0.1804808,-0.002772216,-0.9834586
0.01512441,0.1738363,-0.002670157,-0.9846548
0.01514233,0.1670961,-0.002566627,-0.985821
0.0151597,0.1602812,-0.00246195,-0.9869519
0.01517651,0.1533874,-0.00235606,-0.9880468
0.01520837,0.1393732,-0.002140799,-0.9901209
0.01522337,0.132252,-0.002031417,-0.9910972
0.01523775,0.1250354,-0.00192057,-0.9920335
0.01525145,0.1177433,-0.001808562,-0.9929253
0.01526444,0.1103765,-0.001695407,-0.9937713
0.01528822,0.09541746,-0.001465634,-0.9953188
0.01529895,0.08782573,-0.001349024,-0.9960175
0.0153089,0.08014011,-0.001230972,-0.9966653
0.01531802,0.07238031,-0.001111781,-0.9972589
0.01532627,0.06454816,-0.0009914782,-0.9977965
0.01534011,0.0486626,-0.0007474741,-0.9986972
0.01534565,0.04059122,-0.0006234967,-0.9990578
0.01535022,0.0324475,-0.0004984082,-0.9993555
0.0153538,0.02423218,-0.0003722199,-0.9995884
0.01535635,0.01594703,-0.000244959,-0.999755
0.0153583,-0.0008367944,1.284248E-05,-0.9998817
0.01535764,-0.009334358,0.0001433661,-0.9998385
0.01535584,-0.01791745,0.0002752034,-0.9997216
0.01535288,-0.02657001,0.0004081077,-0.9995289
0.01534874,-0.03528977,0.0005420442,-0.9992591
0.01533677,-0.05292957,0.0008129937,-0.9984802
0.01532888,-0.06186707,0.0009502746,-0.9979663
0.01531968,-0.07086884,0.001088543,-0.9973674
0.01530915,-0.07993384,0.001227782,-0.9966818
0.01529726,-0.08906142,0.001367983,-0.9959077
0.01526929,-0.1075005,0.00165121,-0.9940864
0.01525311,-0.1168296,0.001794506,-0.9930332
0.01523545,-0.1262176,0.001938707,-0.9918837
0.01521629,-0.1356626,0.002083783,-0.9906361
0.01519559,-0.145164,0.002229726,-0.9892884
0.01514947,-0.164332,0.002524148,-0.9862856
0.01512393,-0.1740151,0.002672882,-0.9846233
0.01509674,-0.1837498,0.002822408,-0.9828531
0.01506787,-0.1935341,0.002972696,-0.9809734
0.01503728,-0.2033676,0.00312374,-0.978982
0.01497086,-0.2231744,0.003427976,-0.9746576
0.01493489,-0.2331646,0.003581425,-0.972316
0.0148971,-0.2431971,0.003735526,-0.9698553
0.01485744,-0.2532703,0.003890252,-0.9672737
0.0148159,-0.2633839,0.004045598,-0.9645689
0.01472703,-0.2837223,0.004357998,-0.9587835
0.01467957,-0.293963,0.004515298,-0.9556934
0.0146301,-0.3042365,0.004673099,-0.9524727
0.0145786,-0.3145406,0.004831372,-0.9491198
0.01452504,-0.3248732,0.004990082,-0.9456329
0.01446939,-0.335233,0.005149209,-0.94201
0.01435153,-0.3560594,0.005469106,-0.9343371
0.01428936,-0.3665054,0.005629557,-0.9302892
0.01422499,-0.3769692,0.005790282,-0.9260985
0.0141584,-0.3874494,0.00595126,-0.9217631
0.01408955,-0.3979438,0.006112455,-0.9172813
0.01394478,-0.4190002,0.006435885,-0.9078562
0.01386892,-0.4295396,0.006597771,-0.9029174
0.01379071,-0.4400831,0.006759719,-0.8978257
0.01371014,-0.4506273,0.006921681,-0.89258
0.01354178,-0.4717116,0.007245538,-0.8816192
0.01345381,-0.4822631,0.007407611,-0.8758917
0.01336337,-0.4928057,0.007569547,-0.8700038
0.01327045,-0.503336,0.007731292,-0.8639544
0.01317502,-0.5138516,0.007892814,-0.8577417
0.01297657,-0.5348276,0.008215007,-0.8448217
0.01287334,-0.5452982,0.008375837,-0.8381014
0.01276754,-0.555742,0.008536255,-0.831213
0.01265912,-0.5661563,0.008696221,-0.8241549
0.0125481,-0.5765371,0.008855671,-0.8169267
0.01231811,-0.5971884,0.009172876,-0.8019541
0.0122247,-0.6052696,0.009297005,-0.7958724
0.01214948,-0.6116553,0.009395091,-0.7909753
0.01209344,-0.6163445,0.009467117,-0.7873269
0.01205682,-0.6193776,0.009513705,-0.784943
0.01203985,-0.6207752,0.009535173,-0.7838382
0.01203985,-0.6207752,0.009535173,-0.7838382
0.01203985,-0.6207752,0.009535173,-0.7838382
0.01203985,-0.6207752,0.009535173,-0.7838382
0.01203985,-0.6207752,0.009535173,-0.7838382
0.01203985,-0.6207752,0.009535173,-0.7838382
0.01203985,-0.6207752,0.009535173,-0.7838382
0.01203985,-0.6207752,0.009535173,-0.7838382
0.01203985,-0.6207752,0.009535173,-0.7838382
0.01203985,-0.6207752,0.009535173,-0.7838382
0.01203985,-0.6207752,0.009535173,-0.7838382
0.01203985,-0.6207752,0.009535173,-0.7838382
0.01203985,-0.6207752,0.009535173,-0.7838382
0.01203985,-0.6207752,0.009535173,-0.7838382
0.01204051,-0.6207209,0.009534338,-0.7838812
0.01204183,-0.6206123,0.00953267,-0.7839672
0.01204684,-0.6202005,0.009526345,-0.7842931
0.01205033,-0.6199126,0.009521922,-0.7845205
0.01205449,-0.6195705,0.009516668,-0.7847908
0.01205929,-0.6191738,0.009510574,-0.7851039
0.01206476,-0.6187224,0.009503641,-0.7854596
0.01207803,-0.6176239,0.009486767,-0.7863237
0.01208564,-0.6169924,0.009477068,-0.7868193
0.0120939,-0.6163059,0.009466522,-0.787357
0.01210281,-0.6155645,0.009455134,-0.7879369
0.01211255,-0.6147521,0.009442656,-0.7885708
0.01213395,-0.6129607,0.00941514,-0.7899641
0.01214561,-0.6119812,0.009400096,-0.7907231
0.0121579,-0.6109457,0.009384191,-0.7915235
0.01217082,-0.6098542,0.009367426,-0.7923648
0.01218455,-0.6086911,0.00934956,-0.7932587
0.01221387,-0.6061956,0.009311229,-0.7951673
0.01222945,-0.6048625,0.009290753,-0.7961819
0.01224564,-0.6034729,0.00926941,-0.7972356
0.01226244,-0.6020253,0.009247174,-0.7983293
0.01228002,-0.6005047,0.009223817,-0.7994738
0.01231696,-0.5972894,0.00917443,-0.8018788
0.01233631,-0.5955945,0.009148396,-0.8031385
0.01235623,-0.5938414,0.009121469,-0.8044356
0.01237673,-0.5920297,0.009093641,-0.8057699
0.01239779,-0.5901587,0.009064903,-0.8071412
0.01244195,-0.5862067,0.0090042,-0.810016
0.01246485,-0.5841409,0.008972469,-0.811507
0.01248829,-0.5820147,0.00893981,-0.8130332
0.01251226,-0.5798285,0.00890623,-0.8145938
0.01253677,-0.5775807,0.008871704,-0.8161892
0.01258765,-0.5728708,0.00879936,-0.8195018
0.01261385,-0.5704228,0.008761759,-0.8212076
0.01264055,-0.5679125,0.0087232,-0.8229457
0.01266773,-0.5653399,0.008683683,-0.8247151
0.01269555,-0.562688,0.00864295,-0.8265267
0.01275259,-0.5571947,0.008558571,-0.83024
0.01278179,-0.5543511,0.008514893,-0.8321412
0.01281143,-0.5514435,0.008470233,-0.8340709
0.01284167,-0.5484547,0.008424324,-0.8360392
0.01287232,-0.5454007,0.008377414,-0.8380348
0.01293483,-0.539096,0.008280573,-0.8421044
0.01296666,-0.5358442,0.008230626,-0.8441771
0.01299888,-0.5325255,0.00817965,-0.8462746
0.01303146,-0.5291401,0.008127649,-0.8483955
0.01306455,-0.5256702,0.008074351,-0.8505499
0.01313174,-0.5185261,0.007964617,-0.8549239
0.0131658,-0.5148516,0.007908175,-0.8571418
0.01320018,-0.5111073,0.007850663,-0.8593797
0.01323484,-0.5072936,0.007792084,-0.8616365
0.01326993,-0.5033931,0.007732171,-0.863921
0.01334089,-0.4953795,0.007609081,-0.8685409
0.01337673,-0.4912661,0.007545899,-0.8708742
0.0134128,-0.4870802,0.007481603,-0.8732223
0.01344921,-0.4828064,0.007415957,-0.8755924
0.01348581,-0.4784597,0.007349191,-0.8779752
0.0135595,-0.4695484,0.007212313,-0.8827731
0.01359658,-0.4649823,0.007142177,-0.8851868
0.01363378,-0.4603419,0.0070709,-0.8876089
0.01367124,-0.4556095,0.00699821,-0.8900473
0.01370878,-0.4508025,0.006924374,-0.8924916
0.01378409,-0.4409617,0.006773218,-0.8973945
0.01382182,-0.4359278,0.006695895,-0.8998507
0.01385957,-0.4308174,0.0066174,-0.9023083
0.01389733,-0.4256304,0.006537727,-0.9047668
0.01393521,-0.4203486,0.006456598,-0.9072328
0.01401085,-0.4095521,0.006290762,-0.9121575
0.01404858,-0.4040367,0.006206045,-0.9146138
0.01408622,-0.3984433,0.006120131,-0.9170644
0.01412376,-0.3927706,0.006032996,-0.9195083
0.01416129,-0.3870011,0.005944377,-0.9219514
0.01423587,-0.3752238,0.005763476,-0.926807
0.01427289,-0.3692151,0.005671183,-0.929217
0.01430969,-0.3631262,0.005577656,-0.9316134
0.01434627,-0.3569573,0.0054829,-0.9339945
0.0143827,-0.350689,0.005386619,-0.936366
0.01442115,-0.3439314,0.005282821,-0.9388692
0.01442364,-0.3434883,0.005276015,-0.9390314
0.01442364,-0.3434883,0.005276015,-0.9390314
0.01442364,-0.3434883,0.005276015,-0.9390314
0.01442364,-0.3434883,0.005276015,-0.9390314
0.01442364,-0.3434883,0.005276015,-0.9390314
0.01442364,-0.3434883,0.005276015,-0.9390314
0.01442364,-0.3434883,0.005276015,-0.9390314
0.01442364,-0.3434883,0.005276015,-0.9390314
0.01442364,-0.3434883,0.005276015,-0.9390314
0.01442364,-0.3434883,0.005276015,-0.9390314
0.01442364,-0.3434883,0.005276015,-0.9390314
0.01442364,-0.3434883,0.005276015,-0.9390314
0.01442364,-0.3434883,0.005276015,-0.9390314
0.01442364,-0.3434883,0.005276015,-0.9390314
0.01442364,-0.3434883,0.005276015,-0.9390314
0.01442364,-0.3434883,0.005276015,-0.9390314
0.01442364,-0.3434883,0.005276015,-0.9390314
0.01442364,-0.3434883,0.005276015,-0.9390314
0.01442364,-0.3434883,0.005276015,-0.9390314
0.01442364,-0.3434883,0.005276015,-0.9390314
0.01442364,-0.3434883,0.005276015,-0.9390314
0.01442364,-0.3434883,0.005276015,-0.9390314
0.01442364,-0.3434883,0.005276015,-0.9390314
0.01442364,-0.3434883,0.005276015,-0.9390314
0.01442364,-0.3434883,0.005276015,-0.9390314
0.01442364,-0.3434883,0.005276015,-0.9390314
0.01442364,-0.3434883,0.005276015,-0.9390314
0.01442364,-0.3434883,0.005276015,-0.9390314
0.01442364,-0.3434883,0.005276015,-0.9390314
0.01442364,-0.3434883,0.005276015,-0.9390314
0.01442364,-0.3434883,0.005276015,-0.9390314
0.01442364,-0.3434883,0.005276015,-0.9390314
0.01442364,-0.3434883,0.005276015,-0.9390314
0.01442364,-0.3434883,0.005276015,-0.9390314
0.01442364,-0.3434883,0.005276015,-0.9390314
0.01442364,-0.3434883,0.005276015,-0.9390314
0.01442364,-0.3434883,0.005276015,-0.9390314
0.01442364,-0.3434883,0.005276015,-0.9390314
0.01442364,-0.3434883,0.005276015,-0.9390314
0.01442364,-0.3434883,0.005276015,-0.9390314
0.01442364,-0.3434883,0.005276015,-0.9390314
0.01442364,-0.3434883,0.005276015,-0.9390314
0.01442364,-0.3434883,0.005276015,-0.9390314
0.01442364,-0.3434883,0.005276015,-0.9390314
0.01442364,-0.3434883,0.005276015,-0.9390314
0.01442364,-0.3434883,0.005276015,-0.9390314
0.01442364,-0.3434883,0.005276015,-0.9390314
0.01442364,-0.3434883,0.005276015,-0.9390314
0.01442364,-0.3434883,0.005276015,-0.9390314
0.01442364,-0.3434883,0.005276015,-0.9390314
0.01442411,-0.3434049,0.005274733,-0.9390619
0.01442494,-0.3432559,0.005272444,-0.9391164
0.01442615,-0.3430416,0.005269153,-0.9391947
0.01442771,-0.3427626,0.005264868,-0.9392965
0.01443193,-0.3420094,0.005253299,-0.939571
0.01443469,-0.3415155,0.005245712,-0.9397507
0.0144378,-0.3409566,0.005237128,-0.9399536
0.01444128,-0.3403326,0.005227542,-0.9401797
0.01444511,-0.3396425,0.005216943,-0.9404292
0.01445383,-0.3380668,0.005192741,-0.9409968
0.01445871,-0.3371803,0.005179123,-0.9413149
0.01446405,-0.3362095,0.005164212,-0.9416621
0.01446972,-0.3351736,0.0051483,-0.9420313
0.01447573,-0.334071,0.005131365,-0.9424227
0.01448876,-0.3316684,0.00509446,-0.943271
0.01449587,-0.3303497,0.005074205,-0.9437337
0.0145033,-0.3289645,0.005052929,-0.9442174
0.01451104,-0.3275132,0.005030636,-0.9447218
0.0145191,-0.3259952,0.00500732,-0.9452467
0.01453615,-0.3227599,0.004957625,-0.9463563
0.01454522,-0.3210236,0.004930955,-0.9469467
0.01455458,-0.3192199,0.004903251,-0.9475563
0.01456423,-0.3173499,0.004874527,-0.9481842
0.01457415,-0.3154125,0.004844768,-0.9488304
0.01459482,-0.3113361,0.004782154,-0.9501758
0.01460564,-0.309178,0.004749006,-0.9508802
0.01461671,-0.3069523,0.004714818,-0.951601
0.01462802,-0.3046589,0.00467959,-0.9523377
0.01463958,-0.3022971,0.004643313,-0.9530901
0.01466338,-0.2973673,0.004567592,-0.9546396
0.01467569,-0.2947824,0.004527888,-0.955441
0.0146882,-0.292129,0.004487131,-0.9562556
0.01470091,-0.2894065,0.004445313,-0.9570831
0.01471381,-0.2866156,0.004402443,-0.9579226
0.01474012,-0.2808264,0.004313522,-0.9596357
0.01475361,-0.2778088,0.00426717,-0.9605137
0.01476724,-0.2747218,0.004219754,-0.9614011
0.01478101,-0.2715651,0.004171267,-0.9622976
0.0147949,-0.2683392,0.004121717,-0.9632021
0.01482303,-0.2616764,0.004019375,-0.9650335
0.01483732,-0.2582204,0.003966291,-0.965964
0.0148517,-0.2546938,0.003912121,-0.9668998
0.01486614,-0.2510972,0.003856877,-0.96784
0.01488064,-0.2474298,0.003800545,-0.9687841
0.01490977,-0.239882,0.00368461,-0.9706807
0.01492445,-0.2359816,0.0036247,-0.9716362
0.01493913,-0.2320107,0.003563705,-0.9725921
0.01495381,-0.2279685,0.003501617,-0.9735475
0.01496847,-0.2238545,0.003438425,-0.9745016
0.01499766,-0.2154115,0.003308741,-0.9764026
0.01501224,-0.2110629,0.003241946,-0.9773518
0.01502674,-0.2066436,0.003174064,-0.9782958
0.01504116,-0.2021501,0.003105043,-0.9792342
0.01505546,-0.1975844,0.003034914,-0.9801656
0.0150837,-0.1882349,0.002891304,-0.982004
0.01509765,-0.1834327,0.002817543,-0.9829122
0.01511144,-0.1785578,0.002742662,-0.9838096
0.01512503,-0.1736107,0.002666674,-0.9846946
0.01513278,-0.1707227,0.002622315,-0.9851995
0.01513495,-0.1699064,0.002609776,-0.9853405
0.01513495,-0.1699064,0.002609776,-0.9853405
0.01513495,-0.1699064,0.002609776,-0.9853405
0.01513495,-0.1699064,0.002609776,-0.9853405
0.01513495,-0.1699064,0.002609776,-0.9853405
0.01513495,-0.1699064,0.002609776,-0.9853405
0.01513495,-0.1699064,0.002609776,-0.9853405
0.01513495,-0.1699064,0.002609776,-0.9853405
0.01513495,-0.1699064,0.002609776,-0.9853405
0.01513495,-0.1699064,0.002609776,-0.9853405
0.01513495,-0.1699064,0.002609776,-0.9853405
0.01513495,-0.1699064,0.002609776,-0.9853405
0.01513495,-0.1699064,0.002609776,-0.9853405
0.01513495,-0.1699064,0.002609776,-0.9853405
0.01513495,-0.1699064,0.002609776,-0.9853405
0.01513495,-0.1699064,0.002609776,-0.9853405
0.01513495,-0.1699064,0.002609776,-0.9853405
0.01513495,-0.1699064,0.002609776,-0.9853405
0.01513495,-0.1699064,0.002609776,-0.9853405
0.01513495,-0.1699064,0.002609776,-0.9853405
0.01513495,-0.1699064,0.002609776,-0.9853405
0.01513495,-0.1699064,0.002609776,-0.9853405
0.01513495,-0.1699064,0.002609776,-0.9853405
0.01513495,-0.1699064,0.002609776,-0.9853405
0.01513495,-0.1699064,0.002609776,-0.9853405
0.01513495,-0.1699064,0.002609776,-0.9853405
0.01513495,-0.1699064,0.002609776,-0.9853405
0.01513495,-0.1699064,0.002609776,-0.9853405
0.01513495,-0.1699064,0.002609776,-0.9853405
0.01513495,-0.1699064,0.002609776,-0.9853405
0.01513495,-0.1699064,0.002609776,-0.9853405
0.01513477,-0.1699748,0.002610827,-0.9853287
0.01513441,-0.170112,0.002612934,-0.9853051
0.01513386,-0.1703176,0.002616093,-0.9852695
0.01513313,-0.1705914,0.002620298,-0.9852222
0.01513222,-0.170934,0.002625561,-0.9851628
0.01512974,-0.1718627,0.002639825,-0.9850012
0.01512822,-0.1724288,0.002648521,-0.9849023
0.01512651,-0.1730638,0.002658275,-0.9847909
0.01512461,-0.173767,0.002669075,-0.9846671
0.01512246,-0.1745559,0.002681193,-0.9845275
0.01511758,-0.1763411,0.002708614,-0.9842093
0.01511483,-0.1773372,0.002723914,-0.9840303
0.01511187,-0.1784007,0.00274025,-0.9838381
0.01510871,-0.1795324,0.002757634,-0.9836322
0.01510534,-0.1807325,0.002776067,-0.9834124
0.01509782,-0.1833739,0.002816638,-0.9829233
0.01509373,-0.1847969,0.002838496,-0.9826568
0.0150894,-0.1862881,0.002861401,-0.9823751
0.01508484,-0.1878465,0.002885338,-0.9820783
0.01507999,-0.1894926,0.002910622,-0.9817621
0.01506953,-0.1929865,0.00296429,-0.9810812
0.01506392,-0.1948349,0.002992682,-0.9807158
0.01505804,-0.1967509,0.003022111,-0.9803332
0.01505189,-0.1987341,0.003052574,-0.9799331
0.01504541,-0.2008036,0.003084361,-0.9795111
0.01503159,-0.2051434,0.003151021,-0.9786115
0.01502424,-0.2074133,0.003185888,-0.9781329
0.01501658,-0.2097506,0.003221788,-0.9776344
0.01500855,-0.2121737,0.003259006,-0.9771113
0.0150002,-0.2146635,0.003297251,-0.9765674
0.01498249,-0.219841,0.003376777,-0.9754149
0.01497313,-0.2225293,0.003418071,-0.9748051
0.01496341,-0.2252837,0.003460379,-0.9741722
0.01495332,-0.2281038,0.003503695,-0.9735157
0.0149428,-0.2310084,0.00354831,-0.9728306
0.01492059,-0.2370149,0.00364057,-0.9713846
0.01490889,-0.2401155,0.003688197,-0.9706228
0.01489678,-0.2432807,0.003736815,-0.9698344
0.01488424,-0.2465121,0.003786449,-0.969018
0.01487119,-0.249826,0.003837351,-0.968169
0.01484378,-0.2566446,0.003942085,-0.9663839
0.01482937,-0.2601502,0.003995932,-0.965446
0.01481448,-0.2637208,0.004050777,-0.9644768
0.01479903,-0.2673729,0.004106874,-0.9634708
0.01478308,-0.2710875,0.00416393,-0.9624323
0.01474962,-0.2787044,0.004280928,-0.9602541
0.0147321,-0.2826057,0.004340852,-0.9591132
0.01471402,-0.2865691,0.00440173,-0.9579365
0.0146953,-0.2906129,0.004463844,-0.9567175
0.01467601,-0.2947163,0.004526872,-0.9554614
0.01463563,-0.303108,0.00465577,-0.9528325
0.01461452,-0.3073948,0.004721615,-0.9514582
0.01459278,-0.3117407,0.004788369,-0.9500431
0.01457031,-0.3161648,0.004856323,-0.94858
0.01454718,-0.3206464,0.004925162,-0.9470745
0.01449889,-0.3297879,0.005065575,-0.9439302
0.01447369,-0.334445,0.00513711,-0.9422901
0.01444779,-0.3391592,0.00520952,-0.9406037
0.01442105,-0.3439487,0.005283087,-0.9388629
0.01439356,-0.3487947,0.005357523,-0.9370733
0.01433629,-0.3586526,0.005508941,-0.9333447
0.01430647,-0.363664,0.005585916,-0.9314036
0.01427585,-0.3687288,0.005663713,-0.9294101
0.0142601,-0.3713037,0.005703263,-0.9283845
0.014256,-0.37197,0.005713497,-0.9281178
0.014256,-0.37197,0.005713497,-0.9281178
0.014256,-0.37197,0.005713497,-0.9281178
0.014256,-0.37197,0.005713497,-0.9281178
0.014256,-0.37197,0.005713497,-0.9281178
0.014256,-0.37197,0.005713497,-0.9281178
0.014256,-0.37197,0.005713497,-0.9281178
0.014256,-0.37197,0.005713497,-0.9281178
0.014256,-0.37197,0.005713497,-0.9281178
0.014256,-0.37197,0.005713497,-0.9281178
0.014256,-0.37197,0.005713497,-0.9281178
0.014256,-0.37197,0.005713497,-0.9281178
0.014256,-0.37197,0.005713497,-0.9281178
0.014256,-0.37197,0.005713497,-0.9281178
0.014256,-0.37197,0.005713497,-0.9281178
0.014256,-0.37197,0.005713497,-0.9281178
0.014256,-0.37197,0.005713497,-0.9281178
0.014256,-0.37197,0.005713497,-0.9281178
0.014256,-0.37197,0.005713497,-0.9281178
0.014256,-0.37197,0.005713497,-0.9281178
0.014256,-0.37197,0.005713497,-0.9281178
0.014256,-0.37197,0.005713497,-0.9281178
0.014256,-0.37197,0.005713497,-0.9281178
0.014256,-0.37197,0.005713497,-0.9281178
0.014256,-0.37197,0.005713497,-0.9281178
0.014256,-0.37197,0.005713497,-0.9281178
0.014256,-0.37197,0.005713497,-0.9281178
0.014256,-0.37197,0.005713497,-0.9281178
0.014256,-0.37197,0.005713497,-0.9281178
0.014256,-0.37197,0.005713497,-0.9281178
0.014256,-0.37197,0.005713497,-0.9281178
0.014256,-0.37197,0.005713497,-0.9281178
0.014256,-0.37197,0.005713497,-0.9281178
0.014256,-0.37197,0.005713497,-0.9281178
0.014256,-0.37197,0.005713497,-0.9281178
0.014256,-0.37197,0.005713497,-0.9281178
0.014256,-0.37197,0.005713497,-0.9281178
0.014256,-0.37197,0.005713497,-0.9281178
0.014256,-0.37197,0.005713497,-0.9281178
0.014256,-0.37197,0.005713497,-0.9281178
0.014256,-0.37197,0.005713497,-0.9281178
0.014256,-0.37197,0.005713497,-0.9281178
0.014256,-0.37197,0.005713497,-0.9281178
0.01425549,-0.3720524,0.005714763,-0.9280846
0.01425459,-0.3721995,0.005717023,-0.9280257
0.01425328,-0.3724112,0.005720274,-0.9279408
0.01424948,-0.373027,0.005729734,-0.9276934
0.01424687,-0.3734496,0.005736224,-0.9275233
0.01424386,-0.3739368,0.005743708,-0.927327
0.01424044,-0.3744884,0.00575218,-0.9271045
0.01423661,-0.3751046,0.005761645,-0.9268553
0.01422774,-0.3765282,0.005783511,-0.9262779
0.01422258,-0.3773544,0.005796202,-0.9259416
0.01421699,-0.3782446,0.005809876,-0.9255783
0.014211,-0.3791988,0.005824533,-0.9251878
0.01420458,-0.3802169,0.00584017,-0.9247699
0.01419047,-0.3824434,0.005874369,-0.9238513
0.01418277,-0.3836518,0.005892931,-0.9233501
0.01417451,-0.3849427,0.005912758,-0.9228127
0.01416583,-0.386295,0.005933531,-0.9222474
0.01415669,-0.3877119,0.005955295,-0.9216526
0.01413708,-0.3907343,0.006001718,-0.9203754
0.01412646,-0.3923578,0.006026655,-0.9196845
0.01411539,-0.3940431,0.006052542,-0.9189637
0.01410384,-0.3957923,0.006079411,-0.9182117
0.01409182,-0.3976031,0.006107225,-0.917429
0.01406632,-0.4014115,0.006165722,-0.9157691
0.01405272,-0.4034261,0.006196666,-0.9148834
0.01403862,-0.405502,0.006228553,-0.9139652
0.01402401,-0.4076392,0.006261381,-0.9130139
0.01400888,-0.409837,0.006295139,-0.9120295
0.01397706,-0.4144164,0.00636548,-0.9099578
0.01396034,-0.4167987,0.006402072,-0.9088691
0.01394296,-0.4192573,0.006439837,-0.9077376
0.01392503,-0.4217749,0.006478507,-0.9065706
0.01390655,-0.4243525,0.006518099,-0.9053668
0.01388749,-0.4269901,0.006558613,-0.9041259
0.01384737,-0.4324765,0.006642885,-0.9015145
0.01382644,-0.4353065,0.006686354,-0.9001514
0.01380488,-0.4381959,0.006730735,-0.8987483
0.01378272,-0.4411429,0.006776,-0.8973054
0.01373653,-0.4472081,0.006869164,-0.8942981
0.01371233,-0.4503444,0.006917338,-0.8927228
0.01368749,-0.4535368,0.006966374,-0.8911052
0.01366198,-0.4567851,0.007016267,-0.8894445
0.0136358,-0.4600887,0.007067012,-0.8877401
0.01358138,-0.466861,0.007171034,-0.8841974
0.01355299,-0.4703448,0.007224546,-0.8823491
0.01352387,-0.4738837,0.007278905,-0.8804535
0.01349403,-0.4774762,0.007334085,-0.8785105
0.01346345,-0.4811214,0.007390076,-0.8765194
0.01340002,-0.4885693,0.007504476,-0.87239
0.013367,-0.4923874,0.007563122,-0.8702407
0.01333321,-0.4962561,0.007622546,-0.8680404
0.01329861,-0.5001756,0.00768275,-0.8657879
0.0132632,-0.5041445,0.007743714,-0.8634828
0.01318991,-0.5122296,0.007867903,-0.8587112
0.01315185,-0.5163614,0.007931367,-0.8562331
0.01311292,-0.5205405,0.00799556,-0.8536988
0.01307312,-0.5247661,0.008060466,-0.8511079
0.01303244,-0.5290377,0.008126077,-0.8484594
0.01299086,-0.5333548,0.008192389,-0.8457522
0.01290462,-0.5421552,0.008327564,-0.840138
0.01286011,-0.5466204,0.008396151,-0.8372397
0.01281463,-0.5511281,0.008465389,-0.8342794
0.0127682,-0.5556775,0.008535268,-0.831256
0.01272078,-0.5602677,0.008605774,-0.8281692
0.01262262,-0.5696006,0.008749127,-0.8217782
0.01257201,-0.574325,0.008821695,-0.8184834
0.01252036,-0.5790869,0.008894839,-0.8151212
0.01246767,-0.5838855,0.008968546,-0.8116907
0.01241392,-0.5887197,0.009042799,-0.8081914
0.01230281,-0.5985235,0.009193387,-0.800958
0.01224561,-0.6034753,0.009269447,-0.7972338
0.01218728,-0.6084592,0.009346001,-0.7934366
0.01212782,-0.6134746,0.009423039,-0.7895651
0.01206703,-0.6185344,0.009500759,-0.7856076
0.01194195,-0.6287394,0.009657508,-0.7774644
0.01187763,-0.6338823,0.009736503,-0.7732771
0.01181211,-0.6390509,0.009815894,-0.7690112
0.01174537,-0.6442438,0.009895658,-0.764666
0.0116772,-0.6494747,0.009976006,-0.7602281
0.0115371,-0.6600016,0.0101377,-0.7511072
0.01146514,-0.665295,0.01021901,-0.7464226
0.0113919,-0.6706066,0.0103006,-0.7416542
0.01131735,-0.6759354,0.01038245,-0.7368008
0.01124149,-0.6812796,0.01046453,-0.7318622
0.01108536,-0.6920382,0.01062979,-0.7216975
0.01100526,-0.6974359,0.0107127,-0.7164826
0.0109238,-0.7028431,0.01079575,-0.7111791
0.01084095,-0.7082593,0.01087894,-0.7057854
0.01075669,-0.7136838,0.01096227,-0.7002997
0.01058354,-0.724573,0.01112952,-0.689027
0.01049482,-0.7300221,0.01121322,-0.683251
0.01040465,-0.7354723,0.01129694,-0.6773808
0.01031303,-0.740922,0.01138065,-0.6714155
0.01021993,-0.7463695,0.01146432,-0.6653546
0.01002884,-0.7572765,0.01163186,-0.6529139
0.009931031,-0.7627201,0.01171547,-0.6465462
0.009831714,-0.7681545,0.01179895,-0.6400803
0.009730875,-0.7735777,0.01188225,-0.6335153
0.009628261,-0.7790009,0.01196555,-0.6268348
0.009418375,-0.7898014,0.01213144,-0.6131704
0.009311084,-0.7951751,0.01221399,-0.6061853
0.009202215,-0.8005288,0.01229622,-0.5990975
0.009091762,-0.8058601,0.01237811,-0.5919067
0.008979713,-0.8111678,0.01245963,-0.5846118
0.008750294,-0.8217259,0.01262181,-0.5696759
0.008633163,-0.8269606,0.01270221,-0.5620502
0.008514403,-0.832163,0.01278212,-0.5543185
0.008394018,-0.8373306,0.0128615,-0.546481
0.00827175,-0.8424723,0.01294047,-0.5385209
0.008022243,-0.8526375,0.01309662,-0.5222771
0.007895014,-0.8576563,0.0131737,-0.513994
0.007766109,-0.8626302,0.0132501,-0.5056018
0.007635535,-0.8675569,0.01332578,-0.4971009
0.007503046,-0.8724425,0.01340082,-0.4884754
0.007233032,-0.8820548,0.01354847,-0.4708965
0.00709551,-0.8867765,0.01362099,-0.4619433
0.00695631,-0.8914387,0.0136926,-0.4528809
0.006815169,-0.8960478,0.0137634,-0.443692
0.006672362,-0.9005917,0.01383319,-0.4343948
0.006381669,-0.9094774,0.01396968,-0.4154697
0.006233803,-0.9138138,0.01403629,-0.405843
0.006084262,-0.9180757,0.01410175,-0.3961074
0.005933054,-0.9222607,0.01416603,-0.3862632
0.005779899,-0.9263737,0.01422921,-0.3762923
0.005468597,-0.9343501,0.01435173,-0.3560253
0.005310475,-0.938208,0.01441098,-0.345731
0.005150698,-0.941976,0.01446886,-0.3353289
0.00498899,-0.9456576,0.01452541,-0.3248012
0.00482565,-0.9492435,0.01458049,-0.3141671
0.004494114,-0.9561168,0.01468607,-0.2925829
0.004325943,-0.9593989,0.01473648,-0.2816344
0.004156177,-0.9625744,0.01478526,-0.270582
0.003984825,-0.9656408,0.01483236,-0.2594263
0.003811611,-0.9686,0.01487781,-0.2481495
0.003460543,-0.9741699,0.01496336,-0.2252937
0.00328271,-0.9767751,0.01500338,-0.2137161
0.003103376,-0.9792567,0.0150415,-0.2020408
0.00292255,-0.981612,0.01507768,-0.1902683
0.00273996,-0.9838417,0.01511192,-0.1783811
0.002370451,-0.9879009,0.01517427,-0.1543247
0.00218356,-0.9897249,0.01520229,-0.1421574
0.001995285,-0.9914082,0.01522815,-0.1299
0.001847393,-0.9926223,0.01524679,-0.1202717
0.001731512,-0.9935073,0.01526039,-0.1127274
0.001594479,-0.994479,0.01527531,-0.1038061
0.001573694,-0.9946193,0.01527747,-0.1024529
0.001573694,-0.9946193,0.01527747,-0.1024529
0.001573694,-0.9946193,0.01527747,-0.1024529
0.001573694,-0.9946193,0.01527747,-0.1024529
0.001573694,-0.9946193,0.01527747,-0.1024529
0.001573694,-0.9946193,0.01527747,-0.1024529
0.001573694,-0.9946193,0.01527747,-0.1024529
0.001573694,-0.9946193,0.01527747,-0.1024529
0.001573694,-0.9946193,0.01527747,-0.1024529
0.001573694,-0.9946193,0.01527747,-0.1024529
0.001573694,-0.9946193,0.01527747,-0.1024529
0.001573694,-0.9946193,0.01527747,-0.1024529
0.001573694,-0.9946193,0.01527747,-0.1024529
0.001573694,-0.9946193,0.01527747,-0.1024529
0.001573694,-0.9946193,0.01527747,-0.1024529
0.001573694,-0.9946193,0.01527747,-0.1024529
0.001573694,-0.9946193,0.01527747,-0.1024529
0.001573694,-0.9946193,0.01527747,-0.1024529
0.001573694,-0.9946193,0.01527747,-0.1024529
0.001573694,-0.9946193,0.01527747,-0.1024529
0.001573694,-0.9946193,0.01527747,-0.1024529
0.001573694,-0.9946193,0.01527747,-0.1024529
0.001573694,-0.9946193,0.01527747,-0.1024529
0.001573694,-0.9946193,0.01527747,-0.1024529
0.001573694,-0.9946193,0.01527747,-0.1024529
0.001573694,-0.9946193,0.01527747,-0.1024529
0.001573694,-0.9946193,0.01527747,-0.1024529
0.001573694,-0.9946193,0.01527747,-0.1024529
0.001572656,-0.9946263,0.01527758,-0.1023854
0.001567346,-0.9946619,0.01527812,-0.1020396
0.001563097,-0.9946902,0.01527856,-0.101763
0.001557519,-0.9947273,0.01527913,-0.1013999
0.001550851,-0.9947714,0.01527981,-0.1009657
0.001543139,-0.9948222,0.01528059,-0.1004637
0.001524496,-0.9949441,0.01528246,-0.09924994
0.001513583,-0.9950146,0.01528354,-0.09853949
0.001501603,-0.9950916,0.01528472,-0.09775955
0.001488254,-0.9951766,0.01528603,-0.09689043
0.001473849,-0.9952674,0.01528743,-0.09595263
0.001441858,-0.9954661,0.01529048,-0.09386988
0.001424267,-0.9955734,0.01529213,-0.09272467
0.001405609,-0.9956858,0.01529385,-0.09150994
0.00138559,-0.9958047,0.01529568,-0.09020663
0.001364497,-0.9959281,0.01529757,-0.08883344
0.001319148,-0.9961871,0.01530155,-0.08588103
0.001294858,-0.9963222,0.01530363,-0.08429967
0.001269207,-0.996462,0.01530577,-0.08262966
0.001242503,-0.9966047,0.01530796,-0.08089118
0.001214719,-0.9967498,0.01531019,-0.07908231
0.001155951,-0.997046,0.01531474,-0.0752563
0.001124666,-0.9971976,0.01531707,-0.07321952
0.001092308,-0.9973501,0.01531942,-0.0711129
0.001058879,-0.9975029,0.01532176,-0.06893655
0.001024382,-0.9976555,0.01532411,-0.06669065
0.0009521857,-0.9979586,0.01532876,-0.06199043
0.0009144848,-0.998108,0.01533106,-0.05953597
0.0008754335,-0.9982564,0.01533334,-0.05699358
0.0008352947,-0.9984021,0.01533557,-0.05438039
0.0007940868,-0.9985446,0.01533776,-0.05169762
0.0007084428,-0.9988178,0.01534196,-0.04612188
0.0006637093,-0.998948,0.01534396,-0.04320956
0.000617915,-0.9990726,0.01534587,-0.04022818
0.0005710412,-0.9991907,0.01534769,-0.03717653
0.0005230949,-0.999302,0.0153494,-0.03405505
0.0004239986,-0.999501,0.01535246,-0.02760352
0.0003728361,-0.9995874,0.01535378,-0.02427266
0.0003203119,-0.9996646,0.01535497,-0.02085314
0.0002667191,-0.9997313,0.01535599,-0.01736405
0.000212067,-0.9997868,0.01535685,-0.013806
9.952494E-05,-0.9998611,0.01535799,-0.0064791
4.165314E-05,-0.9998785,0.01535825,-0.002711434
-1.758922E-05,-0.9998814,0.0153583,0.00114546
-7.788547E-05,-0.9998693,0.01535811,0.005070967
-0.0001392539,-0.999841,0.01535768,0.009066273
-0.000265182,-0.999733,0.01535602,0.01726466
-0.0003297399,-0.9996516,0.01535477,0.02146761
-0.0003956697,-0.9995502,0.01535321,0.02575988
-0.0004626518,-0.9994283,0.01535134,0.03012066
-0.0005306872,-0.9992849,0.01534914,0.03455001
-0.0006699184,-0.9989303,0.01534369,0.04361448
-0.0007414167,-0.9987163,0.0153404,0.04826928
-0.0008139614,-0.9984769,0.01533672,0.05299221
-0.0008875565,-0.998211,0.01533264,0.05778352
-0.0009621926,-0.9979179,0.01532814,0.0626426
-0.001114599,-0.9972455,0.01531781,0.07256482
-0.001192649,-0.9968627,0.01531193,0.07764614
-0.001271736,-0.9964483,0.01530556,0.08279502
-0.001351843,-0.9960012,0.0152987,0.08801025
-0.00143298,-0.9955203,0.01529131,0.09329257
-0.00159832,-0.9944528,0.01527491,0.1040568
-0.00168251,-0.993864,0.01526587,0.1095379
-0.001768004,-0.9932348,0.01525621,0.1151039
-0.001854515,-0.9925659,0.01524593,0.120736
-0.00194201,-0.9918564,0.01523503,0.1264323
-0.002119971,-0.9903107,0.01521129,0.1380182
-0.002210732,-0.9894692,0.01519837,0.1439271
-0.002302472,-0.988582,0.01518474,0.1498997
-0.002395161,-0.9876481,0.01517039,0.1559341
-0.002488826,-0.986666,0.01515531,0.162032
-0.002679052,-0.9845523,0.01512284,0.1744164
-0.002775879,-0.9834147,0.01510537,0.1807203
-0.002873631,-0.9822239,0.01508708,0.1870843
-0.002972302,-0.9809785,0.01506795,0.1935081
-0.003071886,-0.9796774,0.01504796,0.1999914
-0.003273782,-0.9769019,0.01500533,0.2131355
-0.00337637,-0.9754208,0.01498258,0.2198144
-0.003479837,-0.9738784,0.01495889,0.2265504
-0.003584165,-0.9722733,0.01493424,0.2333426
-0.003689363,-0.9706041,0.0149086,0.2401914
-0.003902295,-0.9670681,0.01485428,0.254054
-0.004010302,-0.9651935,0.01482549,0.2610857
-0.004119125,-0.9632491,0.01479562,0.2681704
-0.004228744,-0.9612337,0.01476467,0.275307
-0.004339153,-0.9591458,0.0147326,0.2824951
-0.004450343,-0.956984,0.01469939,0.289734
-0.004675559,-0.9524217,0.01462931,0.3043964
-0.004789287,-0.9500234,0.01459247,0.3118005
-0.00490373,-0.9475457,0.01455442,0.3192511
-0.005018881,-0.9449867,0.01451511,0.3267479
-0.005134723,-0.9423453,0.01447454,0.3342897
-0.005368982,-0.9367953,0.01438929,0.3495408
-0.005487078,-0.9338905,0.01434467,0.3572292
-0.005605794,-0.9308974,0.0142987,0.364958
-0.005725108,-0.9278145,0.01425134,0.3727258
-0.005845014,-0.9246402,0.01420259,0.3805322
-0.006087077,-0.9179963,0.01410053,0.3962914
-0.006208902,-0.9145316,0.01404732,0.4042227
-0.006331236,-0.9109697,0.0139926,0.4121871
-0.006454055,-0.9073094,0.01393638,0.420183
-0.006539285,-0.9047191,0.01389659,0.4257318
-0.00662242,-0.9021524,0.01385717,0.4311442
-0.00662242,-0.9021524,0.01385717,0.4311442
-0.00662242,-0.9021524,0.01385717,0.4311442
-0.00662242,-0.9021524,0.01385717,0.4311442
-0.00662242,-0.9021524,0.01385717,0.4311442
-0.00662242,-0.9021524,0.01385717,0.4311442
-0.00662242,-0.9021524,0.01385717,0.4311442
-0.00662242,-0.9021524,0.01385717,0.4311442
-0.00662242,-0.9021524,0.01385717,0.4311442
-0.00662242,-0.9021524,0.01385717,0.4311442
-0.00662242,-0.9021524,0.01385717,0.4311442
-0.006621469,-0.9021818,0.01385762,0.4310823
-0.006619558,-0.9022413,0.01385854,0.4309579
-0.006616679,-0.9023309,0.01385991,0.4307705
-0.006612839,-0.9024501,0.01386174,0.4305205
-0.006601723,-0.902795,0.01386704,0.4297968
-0.006594716,-0.903012,0.01387037,0.4293406
-0.00658675,-0.9032585,0.01387416,0.428822
-0.00657781,-0.9035346,0.0138784,0.42824
-0.006567629,-0.9038484,0.01388322,0.4275771
-0.006544395,-0.9045624,0.01389419,0.4260646
-0.006531314,-0.9049631,0.01390034,0.4252129
-0.006517262,-0.9053923,0.01390694,0.4242981
-0.006502242,-0.9058499,0.01391396,0.4233202
-0.006486243,-0.9063359,0.01392143,0.4222786
-0.006450772,-0.9074084,0.0139379,0.4199694
-0.006431579,-0.9079856,0.01394677,0.4187198
-0.006411384,-0.9085907,0.01395607,0.417405
-0.006390207,-0.9092228,0.01396577,0.4160264
-0.006367777,-0.9098896,0.01397602,0.4145661
-0.006319953,-0.9113018,0.01399771,0.4114526
-0.006294548,-0.9120467,0.01400915,0.4097986
-0.006268157,-0.9128168,0.01402098,0.4080804
-0.006240764,-0.913612,0.01403319,0.4062971
-0.006212094,-0.9144398,0.01404591,0.4044306
-0.006151771,-0.9161667,0.01407243,0.4005033
-0.006120095,-0.9170653,0.01408624,0.3984411
-0.006087411,-0.9179869,0.01410039,0.3963133
-0.006053451,-0.9189382,0.014115,0.3941023
-0.006018448,-0.9199122,0.01412996,0.3918235
-0.0059454,-0.9219233,0.01416086,0.3870678
-0.005907336,-0.9229599,0.01417678,0.3845897
-0.005868247,-0.9240162,0.014193,0.3820449
-0.005828124,-0.9250919,0.01420952,0.3794327
-0.0057867,-0.9261934,0.01422644,0.3767359
-0.005700723,-0.9284506,0.01426112,0.3711384
-0.005656158,-0.9296051,0.01427885,0.3682371
-0.005610552,-0.9307758,0.01429683,0.365268
-0.005563896,-0.931962,0.01431505,0.3622305
-0.005515906,-0.9331703,0.01433361,0.3591062
-0.005416755,-0.9356289,0.01437137,0.3526511
-0.005365578,-0.936878,0.01439056,0.3493193
-0.005313337,-0.938139,0.01440993,0.3459181
-0.005259739,-0.9394183,0.01442958,0.3424287
-0.005205063,-0.9407081,0.01444939,0.3388691
-0.005092466,-0.9433166,0.01448946,0.3315386
-0.005034539,-0.9446336,0.01450969,0.3277674
-0.004975514,-0.9459583,0.01453003,0.3239247
-0.004915123,-0.9472955,0.01455057,0.319993
-0.004853631,-0.9486384,0.0145712,0.3159896
-0.004727362,-0.9513372,0.01461265,0.3077691
-0.004662558,-0.9526917,0.01463346,0.3035501
-0.004596645,-0.9540484,0.0146543,0.2992589
-0.004529334,-0.9554119,0.01467524,0.2948767
-0.004460912,-0.9567754,0.01469618,0.2904222
-0.004320715,-0.9594985,0.01473801,0.2812949
-0.00424893,-0.9608563,0.01475887,0.2766214
-0.004176016,-0.9622102,0.01477966,0.2718745
-0.004101969,-0.9635593,0.01480039,0.2670537
-0.0040265,-0.9649075,0.01482109,0.2621404
-0.003872146,-0.9675816,0.01486217,0.2520914
-0.003793261,-0.9689051,0.0148825,0.2469557
-0.003712947,-0.9702228,0.01490274,0.2417269
-0.003631777,-0.9715241,0.01492273,0.2364425
-0.003549166,-0.9728173,0.01494259,0.2310642
-0.003380506,-0.97536,0.01498165,0.2200838
-0.003294449,-0.9766074,0.01500081,0.2144812
-0.00320724,-0.977837,0.01501969,0.2088036
-0.003118883,-0.9790477,0.01503829,0.2030512
-0.003029082,-0.9802421,0.01505664,0.1972048
-0.002846014,-0.9825646,0.01509231,0.1852865
-0.002752743,-0.9836903,0.0151096,0.1792142
-0.002658009,-0.984794,0.01512655,0.1730466
-0.00256213,-0.9858704,0.01514309,0.1668046
-0.002465116,-0.9869183,0.01515918,0.1604886
-0.00226759,-0.9889236,0.01518998,0.1476289
-0.002167084,-0.9898783,0.01520465,0.1410856
-0.002065143,-0.9908015,0.01521883,0.1344489
-0.001962068,-0.991689,0.01523246,0.1277383
-0.001857822,-0.9925396,0.01524553,0.1209515
-0.001645891,-0.9941238,0.01526986,0.107154
-0.001538224,-0.9948544,0.01528108,0.1001445
-0.001429412,-0.995542,0.01529165,0.09306046
-0.001319163,-0.9961869,0.01530155,0.08588284
-0.001207777,-0.9967855,0.01531074,0.07863122
-0.0009816529,-0.9978375,0.0153269,0.06390972
-0.0008669002,-0.998288,0.01533382,0.0564389
-0.0007507331,-0.9986869,0.01533995,0.04887599
-0.0006334801,-0.9990312,0.01534524,0.04124239
-0.0005151008,-0.9993196,0.01534967,0.03353546
-0.000275071,-0.9997217,0.01535584,0.01790864
-0.0001534226,-0.9998322,0.01535754,0.009988887
-3.039333E-05,-0.9998802,0.01535828,0.001979232
9.37076E-05,-0.9998635,0.01535802,-0.006100193
0.0002188633,-0.9997805,0.01535675,-0.01424829
0.0004723239,-0.9994091,0.01535104,-0.0307495
0.000600622,-0.9991172,0.01534656,-0.03910218
0.0007302311,-0.9987513,0.01534094,-0.0475402
0.0008608536,-0.9983102,0.01533416,-0.0560442
0.0009924737,-0.9977922,0.01532621,-0.06461315
0.001258665,-0.9965187,0.01530665,-0.08194318
0.001393523,-0.9957578,0.01529496,-0.09072293
0.001529334,-0.9949126,0.01528198,-0.09956473
0.00166609,-0.9939813,0.01526767,-0.108468
0.001803775,-0.9929622,0.01525202,-0.1174318
0.001984266,-0.9915019,0.01522959,-0.1291825
0.002026663,-0.9911384,0.015224,-0.1319427
0.002028299,-0.9911242,0.01522379,-0.1320492
0.002028299,-0.9911242,0.01522379,-0.1320492
0.002028299,-0.9911242,0.01522379,-0.1320492
0.002028299,-0.9911242,0.01522379,-0.1320492
0.002028299,-0.9911242,0.01522379,-0.1320492
0.002028299,-0.9911242,0.01522379,-0.1320492
0.002028299,-0.9911242,0.01522379,-0.1320492
0.002028299,-0.9911242,0.01522379,-0.1320492
0.002028299,-0.9911242,0.01522379,-0.1320492
0.002028299,-0.9911242,0.01522379,-0.1320492
0.002028299,-0.9911242,0.01522379,-0.1320492
0.002028299,-0.9911242,0.01522379,-0.1320492
0.002028299,-0.9911242,0.01522379,-0.1320492
0.002028299,-0.9911242,0.01522379,-0.1320492
0.002028299,-0.9911242,0.01522379,-0.1320492
0.002028299,-0.9911242,0.01522379,-0.1320492
0.002028299,-0.9911242,0.01522379,-0.1320492
0.002028299,-0.9911242,0.01522379,-0.1320492
0.002028299,-0.9911242,0.01522379,-0.1320492
0.002028299,-0.9911242,0.01522379,-0.1320492
0.002028299,-0.9911242,0.01522379,-0.1320492
0.002028299,-0.9911242,0.01522379,-0.1320492
0.002028299,-0.9911242,0.01522379,-0.1320492
0.002028299,-0.9911242,0.01522379,-0.1320492
0.002028299,-0.9911242,0.01522379,-0.1320492
0.002028299,-0.9911242,0.01522379,-0.1320492
0.002028299,-0.9911242,0.01522379,-0.1320492
0.002028299,-0.9911242,0.01522379,-0.1320492
0.002028299,-0.9911242,0.01522379,-0.1320492
0.002029662,-0.9911124,0.0152236,-0.1321379
0.002032081,-0.9910914,0.01522328,-0.1322954
0.002035562,-0.9910611,0.01522282,-0.132522
0.002040096,-0.9910216,0.01522221,-0.1328172
0.002052309,-0.9909146,0.01522057,-0.1336123
0.002060005,-0.990847,0.01521953,-0.1341133
0.002069057,-0.9907671,0.0152183,-0.1347026
0.002079152,-0.9906775,0.01521692,-0.1353598
0.002090319,-0.9905779,0.01521539,-0.1360869
0.002115798,-0.9903486,0.01521187,-0.1377457
0.002130429,-0.9902157,0.01520983,-0.1386981
0.002146115,-0.9900721,0.01520762,-0.1397194
0.002162847,-0.9899178,0.01520525,-0.1408087
0.002180626,-0.9897524,0.01520271,-0.1419662
0.00221938,-0.9893872,0.01519711,-0.1444892
0.002240634,-0.9891842,0.01519399,-0.1458729
0.002262934,-0.988969,0.01519068,-0.1473247
0.00228628,-0.9887413,0.01518718,-0.1488446
0.002310671,-0.988501,0.01518349,-0.1504326
0.002336115,-0.9882475,0.0151796,-0.1520891
0.002390712,-0.9876939,0.0151711,-0.1556436
0.002419586,-0.9873959,0.01516652,-0.1575234
0.002449502,-0.9870832,0.01516171,-0.159471
0.002480467,-0.9867554,0.01515668,-0.1614869
0.002545545,-0.9860526,0.01514588,-0.1657238
0.002579931,-0.9856738,0.01514007,-0.1679624
0.002615353,-0.985278,0.01513399,-0.1702685
0.002651794,-0.9848651,0.01512764,-0.172641
0.00268928,-0.9844342,0.01512103,-0.1750815
0.002727801,-0.9839849,0.01511412,-0.1775893
0.002808524,-0.9830219,0.01509933,-0.1828447
0.002850433,-0.9825105,0.01509148,-0.1855731
0.002893364,-0.9819785,0.0150833,-0.1883681
0.002937318,-0.9814251,0.0150748,-0.1912297
0.002982292,-0.9808501,0.01506597,-0.1941576
0.003075893,-0.9796242,0.01504714,-0.2002514
0.003124216,-0.9789758,0.01503718,-0.2033974
0.003173549,-0.978303,0.01502685,-0.2066092
0.003223886,-0.9776052,0.01501613,-0.2098863
0.003327599,-0.9761311,0.01499349,-0.2166384
0.003381254,-0.9753493,0.01498148,-0.2201315
0.003435899,-0.9745396,0.01496904,-0.2236891
0.00349154,-0.973701,0.01495616,-0.2273116
0.00354817,-0.972833,0.01494283,-0.2309984
0.00360579,-0.9719346,0.01492903,-0.2347497
0.003724564,-0.9700343,0.01489984,-0.2424823
0.003785389,-0.9690358,0.0148845,-0.2464422
0.00384721,-0.9680033,0.01486864,-0.250467
0.00390997,-0.9669369,0.01485226,-0.2545529
0.004038413,-0.9646968,0.01481785,-0.262915
0.004104317,-0.9635172,0.01479974,-0.2672056
0.004171183,-0.9622993,0.01478103,-0.2715588
0.004238988,-0.9610426,0.01476173,-0.2759731
0.004307728,-0.9597463,0.01474182,-0.2804483
0.004377399,-0.9584092,0.01472128,-0.2849842
0.004520068,-0.9555982,0.0146781,-0.2942725
0.004592782,-0.9541276,0.01465551,-0.2990064
0.004666399,-0.9526123,0.01463224,-0.3037992
0.004740905,-0.9510518,0.01460827,-0.3086498
0.004816302,-0.9494447,0.01458358,-0.3135584
0.004970334,-0.946074,0.01453181,-0.3235864
0.005048648,-0.9443147,0.01450478,-0.328685
0.005127819,-0.9425049,0.01447698,-0.3338393
0.005176861,-0.9413679,0.01445952,-0.3370321
0.005195276,-0.9409378,0.01445291,-0.338231
0.005195276,-0.9409378,0.01445291,-0.338231
0.005195276,-0.9409378,0.01445291,-0.338231
0.005195276,-0.9409378,0.01445291,-0.338231
0.005195276,-0.9409378,0.01445291,-0.338231
0.005195276,-0.9409378,0.01445291,-0.338231
0.005195276,-0.9409378,0.01445291,-0.338231
0.005195276,-0.9409378,0.01445291,-0.338231
0.005195276,-0.9409378,0.01445291,-0.338231
0.005195276,-0.9409378,0.01445291,-0.338231
0.005195276,-0.9409378,0.01445291,-0.338231
0.005195276,-0.9409378,0.01445291,-0.338231
0.005195276,-0.9409378,0.01445291,-0.338231
0.005195276,-0.9409378,0.01445291,-0.338231
0.005195276,-0.9409378,0.01445291,-0.338231
0.005195276,-0.9409378,0.01445291,-0.338231
0.005195276,-0.9409378,0.01445291,-0.338231
0.005195276,-0.9409378,0.01445291,-0.338231
0.005195276,-0.9409378,0.01445291,-0.338231
0.005195276,-0.9409378,0.01445291,-0.338231
0.005195276,-0.9409378,0.01445291,-0.338231
0.005195276,-0.9409378,0.01445291,-0.338231
0.005195276,-0.9409378,0.01445291,-0.338231
0.005195276,-0.9409378,0.01445291,-0.338231
0.005195276,-0.9409378,0.01445291,-0.338231
0.005195276,-0.9409378,0.01445291,-0.338231
0.005195276,-0.9409378,0.01445291,-0.338231
0.005195276,-0.9409378,0.01445291,-0.338231
0.005195276,-0.9409378,0.01445291,-0.338231
0.005195276,-0.9409378,0.01445291,-0.338231
0.005195276,-0.9409378,0.01445291,-0.338231
0.005195276,-0.9409378,0.01445291,-0.338231
0.005195276,-0.9409378,0.01445291,-0.338231
0.005195276,-0.9409378,0.01445291,-0.338231
0.005195276,-0.9409378,0.01445291,-0.338231
0.005195276,-0.9409378,0.01445291,-0.338231
0.005195276,-0.9409378,0.01445291,-0.338231
0.005195276,-0.9409378,0.01445291,-0.338231
0.005195276,-0.9409378,0.01445291,-0.338231
0.005195276,-0.9409378,0.01445291,-0.338231
0.005195276,-0.9409378,0.01445291,-0.338231
0.005195276,-0.9409378,0.01445291,-0.338231
0.005195276,-0.9409378,0.01445291,-0.338231
0.005195276,-0.9409378,0.01445291,-0.338231
0.005195276,-0.9409378,0.01445291,-0.338231
0.005195276,-0.9409378,0.01445291,-0.338231
0.005195276,-0.9409378,0.01445291,-0.338231
0.005195276,-0.9409378,0.01445291,-0.338231
0.005195276,-0.9409378,0.01445291,-0.338231
0.005195276,-0.9409378,0.01445291,-0.338231
0.005195276,-0.9409378,0.01445291,-0.338231
0.005195276,-0.9409378,0.01445291,-0.338231
0.005195276,-0.9409378,0.01445291,-0.338231
0.005195276,-0.9409378,0.01445291,-0.338231
0.005195276,-0.9409378,0.01445291,-0.338231
0.005195276,-0.9409378,0.01445291,-0.338231
0.005195276,-0.9409378,0.01445291,-0.338231
0.005195276,-0.9409378,0.01445291,-0.338231
0.005195276,-0.9409378,0.01445291,-0.338231
0.005195276,-0.9409378,0.01445291,-0.338231
0.005195276,-0.9409378,0.01445291,-0.338231
0.005195276,-0.9409378,0.01445291,-0.338231
0.005195276,-0.9409378,0.01445291,-0.338231
0.005195276,-0.9409378,0.01445291,-0.338231
0.005195276,-0.9409378,0.01445291,-0.338231
0.005195276,-0.9409378,0.01445291,-0.338231
0.005195276,-0.9409378,0.01445291,-0.338231
0.005195276,-0.9409378,0.01445291,-0.338231
0.005195276,-0.9409378,0.01445291,-0.338231
0.005195276,-0.9409378,0.01445291,-0.338231
0.005195276,-0.9409378,0.01445291,-0.338231
0.005195276,-0.9409378,0.01445291,-0.338231
0.005195276,-0.9409378,0.01445291,-0.338231
0.005195276,-0.9409378,0.01445291,-0.338231
0.005195276,-0.9409378,0.01445291,-0.338231
0.005195276,-0.9409378,0.01445291,-0.338231
0.005195276,-0.9409378,0.01445291,-0.338231
0.005195276,-0.9409378,0.01445291,-0.338231
0.005195276,-0.9409378,0.01445291,-0.338231
0.005195276,-0.9409378,0.01445291,-0.338231
0.005195276,-0.9409378,0.01445291,-0.338231
0.005195276,-0.9409378,0.01445291,-0.338231
0.005195276,-0.9409378,0.01445291,-0.338231
0.005195276,-0.9409378,0.01445291,-0.338231
0.005195276,-0.9409378,0.01445291,-0.338231
0.005195276,-0.9409378,0.01445291,-0.338231
0.005195276,-0.9409378,0.01445291,-0.338231
0.005195276,-0.9409378,0.01445291,-0.338231
0.005195276,-0.9409378,0.01445291,-0.338231
0.005195276,-0.9409378,0.01445291,-0.338231
0.005195276,-0.9409378,0.01445291,-0.338231
0.005195276,-0.9409378,0.01445291,-0.338231
0.005195276,-0.9409378,0.01445291,-0.338231
0.005195276,-0.9409378,0.01445291,-0.338231
0.005195276,-0.9409378,0.01445291,-0.338231
0.005195276,-0.9409378,0.01445291,-0.338231
0.005195276,-0.9409378,0.01445291,-0.338231
0.005195276,-0.9409378,0.01445291,-0.338231
0.005195276,-0.9409378,0.01445291,-0.338231
0.005195276,-0.9409378,0.01445291,-0.338231
0.005195276,-0.9409378,0.01445291,-0.338231
0.005195276,-0.9409378,0.01445291,-0.338231
0.005195276,-0.9409378,0.01445291,-0.338231
0.005195276,-0.9409378,0.01445291,-0.338231
0.005195276,-0.9409378,0.01445291,-0.338231
0.005195276,-0.9409378,0.01445291,-0.338231
0.005195276,-0.9409378,0.01445291,-0.338231
0.005195276,-0.9409378,0.01445291,-0.338231
0.005195276,-0.9409378,0.01445291,-0.338231
0.005196284,-0.9409142,0.01445255,-0.3382966
0.005198292,-0.9408672,0.01445183,-0.3384273
0.005205314,-0.9407027,0.0144493,-0.3388845
0.005210611,-0.9405784,0.01444739,-0.3392293
0.005216912,-0.9404303,0.01444512,-0.3396395
0.00522422,-0.9402583,0.01444248,-0.3401153
0.005232507,-0.940063,0.01443948,-0.3406548
0.005252122,-0.9395993,0.01443236,-0.3419318
0.005263435,-0.9393309,0.01442823,-0.3426684
0.005276022,-0.9390316,0.01442364,-0.3434878
0.00528962,-0.9387074,0.01441866,-0.3443731
0.005304197,-0.9383586,0.0144133,-0.3453221
0.005336344,-0.9375858,0.01440143,-0.347415
0.005353915,-0.937161,0.0143949,-0.3485589
0.005372744,-0.9367043,0.01438789,-0.3497847
0.005392548,-0.9362218,0.01438048,-0.351074
0.00541336,-0.9357126,0.01437265,-0.3524289
0.005457934,-0.9346145,0.01435579,-0.3553309
0.005481982,-0.9340177,0.01434662,-0.3568965
0.005507012,-0.9333934,0.01433703,-0.358526
0.005533012,-0.9327415,0.01432702,-0.3602187
0.005559993,-0.9320612,0.01431657,-0.3619753
0.005616889,-0.9306142,0.01429434,-0.3656795
0.005647067,-0.9298398,0.01428245,-0.3676441
0.005678213,-0.9290355,0.01427009,-0.3696718
0.005710327,-0.9282008,0.01425727,-0.3717626
0.005743388,-0.9273359,0.01424399,-0.373915
0.005812399,-0.9255116,0.01421597,-0.3784078
0.005848605,-0.9245443,0.01420111,-0.380765
0.00588575,-0.9235447,0.01418575,-0.3831832
0.005923839,-0.9225119,0.01416989,-0.385663
0.005962875,-0.9214453,0.01415351,-0.3882044
0.006043746,-0.9192094,0.01411916,-0.3934694
0.00608584,-0.9180316,0.01410107,-0.3962098
0.006128879,-0.9168172,0.01408242,-0.3990119
0.00617282,-0.9155669,0.01406321,-0.4018725
0.006217684,-0.9142792,0.01404344,-0.4047933
0.006263469,-0.9129537,0.01402308,-0.4077742
0.006358297,-0.9101711,0.01398034,-0.4139478
0.00640706,-0.9087206,0.01395806,-0.4171224
0.006456705,-0.90723,0.01393516,-0.4203545
0.00650724,-0.9056984,0.01391163,-0.4236445
0.006558641,-0.9041255,0.01388747,-0.4269909
0.006664627,-0.9008345,0.01383692,-0.433891
0.006718886,-0.8991246,0.01381066,-0.4374234
0.006774016,-0.8973695,0.0137837,-0.4410126
0.006829993,-0.8955693,0.01375605,-0.4446569
0.00694446,-0.8918304,0.01369862,-0.4521091
0.007003209,-0.8898811,0.01366868,-0.4559339
0.007062771,-0.8878837,0.013638,-0.4598116
0.007123144,-0.8858372,0.01360657,-0.463742
0.007184325,-0.8837406,0.01357436,-0.4677252
0.007246304,-0.881593,0.01354137,-0.4717602
0.007272208,-0.8806886,0.01352748,-0.4734467
0.007272208,-0.8806886,0.01352748,-0.4734467
0.007272208,-0.8806886,0.01352748,-0.4734467
0.007272208,-0.8806886,0.01352748,-0.4734467
0.007272208,-0.8806886,0.01352748,-0.4734467
0.007272208,-0.8806886,0.01352748,-0.4734467
0.007272208,-0.8806886,0.01352748,-0.4734467
0.007272208,-0.8806886,0.01352748,-0.4734467
0.007272208,-0.8806886,0.01352748,-0.4734467
0.007272208,-0.8806886,0.01352748,-0.4734467
0.007272208,-0.8806886,0.01352748,-0.4734467
0.007272208,-0.8806886,0.01352748,-0.4734467
0.007272208,-0.8806886,0.01352748,-0.4734467
0.007272208,-0.8806886,0.01352748,-0.4734467
0.007272208,-0.8806886,0.01352748,-0.4734467
0.007272208,-0.8806886,0.01352748,-0.4734467
0.007272208,-0.8806886,0.01352748,-0.4734467
0.007272208,-0.8806886,0.01352748,-0.4734467
0.007272208,-0.8806886,0.01352748,-0.4734467
0.007272208,-0.8806886,0.01352748,-0.4734467
0.007272208,-0.8806886,0.01352748,-0.4734467
0.007272208,-0.8806886,0.01352748,-0.4734467
0.007272208,-0.8806886,0.01352748,-0.4734467
0.007272208,-0.8806886,0.01352748,-0.4734467
0.007271258,-0.8807218,0.01352799,-0.4733849
0.007266033,-0.8809046,0.0135308,-0.4730447
0.007262008,-0.8810453,0.01353296,-0.4727826
0.007257032,-0.881219,0.01353563,-0.4724587
0.00725111,-0.8814256,0.0135388,-0.4720732
0.007244259,-0.8816643,0.01354247,-0.4716271
0.007227183,-0.8822582,0.01355159,-0.4705154
0.007217232,-0.8826033,0.01355689,-0.4698676
0.007206332,-0.8829808,0.01356269,-0.4691579
0.007194492,-0.8833898,0.01356897,-0.4683871
0.007181466,-0.883839,0.01357587,-0.467539
0.007152502,-0.8848339,0.01359116,-0.4656534
0.007136597,-0.8853781,0.01359951,-0.4646179
0.007119734,-0.8859534,0.01360835,-0.4635201
0.007101911,-0.8865594,0.01361766,-0.4623598
0.007083127,-0.8871961,0.01362744,-0.4611369
0.00704215,-0.8885776,0.01364866,-0.4584691
0.007020216,-0.8893129,0.01365996,-0.4570411
0.006997312,-0.8900777,0.0136717,-0.45555
0.006973444,-0.8908713,0.01368389,-0.4539961
0.006948599,-0.8916938,0.01369653,-0.4523786
0.006895456,-0.8934406,0.01372336,-0.4489188
0.006867404,-0.8943559,0.01373742,-0.4470925
0.006838372,-0.8952983,0.01375189,-0.4452024
0.006808351,-0.8962674,0.01376678,-0.4432479
0.006777334,-0.8972633,0.01378207,-0.4412286
0.006711775,-0.8993496,0.01381412,-0.4369604
0.006677499,-0.9004304,0.01383072,-0.434729
0.006642225,-0.9015356,0.0138477,-0.4324325
0.006605938,-0.9026649,0.01386504,-0.4300701
0.006568359,-0.9038264,0.01388288,-0.4276236
0.006490184,-0.9062169,0.0139196,-0.4225342
0.006449571,-0.907445,0.01393847,-0.4198901
0.006407938,-0.9086943,0.01395766,-0.4171796
0.006365035,-0.9099714,0.01397727,-0.4143865
0.006321346,-0.9112614,0.01399709,-0.4115421
0.006230291,-0.9139155,0.01403785,-0.4056141
0.006183208,-0.9152696,0.01405865,-0.4025489
0.006135067,-0.9166417,0.01407973,-0.3994147
0.006085887,-0.9180302,0.01410105,-0.3962129
0.006035376,-0.9194425,0.01412275,-0.3929245
0.005931149,-0.9223128,0.01416683,-0.3861389
0.005877438,-0.923769,0.0141892,-0.3826422
0.005822662,-0.9252381,0.01421177,-0.379076
0.005766519,-0.9267272,0.01423464,-0.3754209
0.005709324,-0.9282269,0.01425768,-0.3716974
0.005591638,-0.9312584,0.01430424,-0.3640356
0.005531156,-0.9327881,0.01432774,-0.360098
0.005469586,-0.9343256,0.01435135,-0.3560895
0.005406919,-0.9358703,0.01437508,-0.3520097
0.005342867,-0.9374283,0.01439901,-0.3478397
0.005211427,-0.9405591,0.0144471,-0.3392825
0.005144039,-0.9421302,0.01447123,-0.3348953
0.005075534,-0.9437037,0.0144954,-0.3304354
0.005005901,-0.9452788,0.01451959,-0.3259021
0.004934867,-0.9468606,0.01454389,-0.3212775
0.004789394,-0.9500215,0.01459244,-0.3118066
0.004714958,-0.9515983,0.01461667,-0.3069606
0.004639364,-0.9531718,0.01464083,-0.3020391
0.004562648,-0.9547401,0.01466492,-0.2970446
0.004484497,-0.9563082,0.01468901,-0.2919567
0.004324733,-0.9594221,0.01473684,-0.2815555
0.004243135,-0.9609651,0.01476054,-0.2762432
0.00416038,-0.9624975,0.01478408,-0.2708555
0.004076177,-0.9640234,0.01480751,-0.2653736
0.003990809,-0.9655361,0.01483075,-0.2598158
0.003816599,-0.9685168,0.01487653,-0.2484741
0.003727733,-0.9699827,0.01489905,-0.2426886
0.003637697,-0.9714305,0.01492129,-0.236827
0.003546488,-0.9728589,0.01494323,-0.2308889
0.003453806,-0.9742712,0.01496492,-0.224855
0.003264933,-0.9770277,0.01500726,-0.2125587
0.003168728,-0.9783693,0.01502787,-0.2062954
0.003071351,-0.9796846,0.01504807,-0.1999557
0.002972502,-0.9809761,0.01506791,-0.1935203
0.002872476,-0.9822384,0.0150873,-0.1870082
0.002668905,-0.9846691,0.01512464,-0.173755
0.002565355,-0.985835,0.01514254,-0.1670135
0.002460331,-0.986969,0.01515996,-0.1601761
0.002354144,-0.9880661,0.01517681,-0.1532629
0.002246791,-0.989125,0.01519308,-0.1462739
0.002028577,-0.9911218,0.01522375,-0.1320673
0.001917723,-0.9920567,0.01523811,-0.1248503
0.001805413,-0.9929495,0.01525182,-0.1175385
0.001691943,-0.9937962,0.01526483,-0.1101512
0.001577309,-0.9945951,0.0152771,-0.1026881
0.001344595,-0.9960429,0.01529934,-0.0875376
0.001226527,-0.9966885,0.01530925,-0.07985093
0.001107333,-0.9972798,0.01531834,-0.07209092
0.0009866945,-0.9978165,0.01532658,-0.06423695
0.0008649417,-0.9982952,0.01533393,-0.0563104
0.0006180911,-0.9990721,0.01534587,-0.04023952
0.000492994,-0.9993669,0.0153504,-0.03209524
0.0003667969,-0.999597,0.01535393,-0.02387935
0.0002392042,-0.9997609,0.01535645,-0.01557259
0.0001105322,-0.9998562,0.01535791,-0.00719558
-0.0001500108,-0.9998344,0.01535758,0.009766721
-0.0002818785,-0.9997137,0.01535572,0.01835179
-0.0004147897,-0.9995173,0.01535271,0.0270048
-0.0005071241,-0.9993368,0.01534993,0.0330161
-0.0005667504,-0.999201,0.01534785,0.03689799
-0.0005945266,-0.9991326,0.0153468,0.03870632
-0.0005945266,-0.9991326,0.0153468,0.03870632
-0.0005945266,-0.9991326,0.0153468,0.03870632
-0.0005945266,-0.9991326,0.0153468,0.03870632
-0.0005945266,-0.9991326,0.0153468,0.03870632
-0.0005945266,-0.9991326,0.0153468,0.03870632
-0.0005945266,-0.9991326,0.0153468,0.03870632
-0.0005945266,-0.9991326,0.0153468,0.03870632
-0.0005945266,-0.9991326,0.0153468,0.03870632
-0.0005945266,-0.9991326,0.0153468,0.03870632
-0.0005945266,-0.9991326,0.0153468,0.03870632
-0.0005945266,-0.9991326,0.0153468,0.03870632
-0.0005945266,-0.9991326,0.0153468,0.03870632
-0.0005945266,-0.9991326,0.0153468,0.03870632
-0.0005945266,-0.9991326,0.0153468,0.03870632
-0.0005945266,-0.9991326,0.0153468,0.03870632
-0.0005945266,-0.9991326,0.0153468,0.03870632
-0.0005945266,-0.9991326,0.0153468,0.03870632
-0.0005945266,-0.9991326,0.0153468,0.03870632
-0.0005945266,-0.9991326,0.0153468,0.03870632
-0.0005945266,-0.9991326,0.0153468,0.03870632
-0.0005945266,-0.9991326,0.0153468,0.03870632
-0.0005945266,-0.9991326,0.0153468,0.03870632
-0.0005945266,-0.9991326,0.0153468,0.03870632
-0.0005945266,-0.9991326,0.0153468,0.03870632
-0.0005945266,-0.9991326,0.0153468,0.03870632
-0.0005945266,-0.9991326,0.0153468,0.03870632
-0.0005945266,-0.9991326,0.0153468,0.03870632
-0.0005945266,-0.9991326,0.0153468,0.03870632
-0.0005945266,-0.9991326,0.0153468,0.03870632
-0.0005945266,-0.9991326,0.0153468,0.03870632
-0.0005945266,-0.9991326,0.0153468,0.03870632
-0.0005945266,-0.9991326,0.0153468,0.03870632
-0.0005945266,-0.9991326,0.0153468,0.03870632
-0.0005945266,-0.9991326,0.0153468,0.03870632
-0.0005945266,-0.9991326,0.0153468,0.03870632
-0.0005945266,-0.9991326,0.0153468,0.03870632
-0.0005945266,-0.9991326,0.0153468,0.03870632
-0.0005945266,-0.9991326,0.0153468,0.03870632
-0.0005945266,-0.9991326,0.0153468,0.03870632
-0.0005945266,-0.9991326,0.0153468,0.03870632
-0.0005945266,-0.9991326,0.0153468,0.03870632
-0.0005945266,-0.9991326,0.0153468,0.03870632
-0.0005945266,-0.9991326,0.0153468,0.03870632
-0.0005945266,-0.9991326,0.0153468,0.03870632
-0.0005945266,-0.9991326,0.0153468,0.03870632
-0.0005945266,-0.9991326,0.0153468,0.03870632
-0.0005945266,-0.9991326,0.0153468,0.03870632
-0.0005945266,-0.9991326,0.0153468,0.03870632
-0.0005945266,-0.9991326,0.0153468,0.03870632
-0.0005945266,-0.9991326,0.0153468,0.03870632
-0.0005945266,-0.9991326,0.0153468,0.03870632
-0.0005945266,-0.9991326,0.0153468,0.03870632
-0.0005945266,-0.9991326,0.0153468,0.03870632
-0.0005945266,-0.9991326,0.0153468,0.03870632
-0.0005945266,-0.9991326,0.0153468,0.03870632
-0.0005945266,-0.9991326,0.0153468,0.03870632
-0.0005945266,-0.9991326,0.0153468,0.03870632
-0.0005945266,-0.9991326,0.0153468,0.03870632
-0.0005945266,-0.9991326,0.0153468,0.03870632
-0.0005945266,-0.9991326,0.0153468,0.03870632
-0.0005945266,-0.9991326,0.0153468,0.03870632
-0.0005945266,-0.9991326,0.0153468,0.03870632
-0.0005945266,-0.9991326,0.0153468,0.03870632
-0.0005945266,-0.9991326,0.0153468,0.03870632
-0.0005945266,-0.9991326,0.0153468,0.03870632
-0.0005945266,-0.9991326,0.0153468,0.03870632
-0.0005945266,-0.9991326,0.0153468,0.03870632
-0.0005945266,-0.9991326,0.0153468,0.03870632
-0.0005945266,-0.9991326,0.0153468,0.03870632
-0.0005945266,-0.9991326,0.0153468,0.03870632
-0.0005945266,-0.9991326,0.0153468,0.03870632
-0.0005945266,-0.9991326,0.0153468,0.03870632
-0.0005945266,-0.9991326,0.0153468,0.03870632
-0.0005945266,-0.9991326,0.0153468,0.03870632
-0.0005945266,-0.9991326,0.0153468,0.03870632
-0.0005945266,-0.9991326,0.0153468,0.03870632
-0.0005945266,-0.9991326,0.0153468,0.03870632
-0.0005945266,-0.9991326,0.0153468,0.03870632
-0.0005945266,-0.9991326,0.0153468,0.03870632
-0.0005945266,-0.9991326,0.0153468,0.03870632
-0.0005945266,-0.9991326,0.0153468,0.03870632
-0.0005945266,-0.9991326,0.0153468,0.03870632
-0.0005945266,-0.9991326,0.0153468,0.03870632
-0.0005945266,-0.9991326,0.0153468,0.03870632
-0.0005945266,-0.9991326,0.0153468,0.03870632
-0.0005945266,-0.9991326,0.0153468,0.03870632
-0.0005945266,-0.9991326,0.0153468,0.03870632
-0.0005945266,-0.9991326,0.0153468,0.03870632
-0.0005945266,-0.9991326,0.0153468,0.03870632
-0.0005945266,-0.9991326,0.0153468,0.03870632
-0.0005945266,-0.9991326,0.0153468,0.03870632
-0.0005945266,-0.9991326,0.0153468,0.03870632
-0.0005945266,-0.9991326,0.0153468,0.03870632
-0.0005945266,-0.9991326,0.0153468,0.03870632
-0.0005945266,-0.9991326,0.0153468,0.03870632
-0.0005945266,-0.9991326,0.0153468,0.03870632
-0.0005945266,-0.9991326,0.0153468,0.03870632
-0.0005945266,-0.9991326,0.0153468,0.03870632
-0.0005945266,-0.9991326,0.0153468,0.03870632
-0.0005945266,-0.9991326,0.0153468,0.03870632
-0.0005945266,-0.9991326,0.0153468,0.03870632
-0.0005945266,-0.9991326,0.0153468,0.03870632
-0.0005945266,-0.9991326,0.0153468,0.03870632
-0.0005945266,-0.9991326,0.0153468,0.03870632
-0.0005945266,-0.9991326,0.0153468,0.03870632
-0.0005945266,-0.9991326,0.0153468,0.03870632
-0.0005945266,-0.9991326,0.0153468,0.03870632
-0.0005945266,-0.9991326,0.0153468,0.03870632
-0.0005945266,-0.9991326,0.0153468,0.03870632
-0.0005945266,-0.9991326,0.0153468,0.03870632
-0.0005945266,-0.9991326,0.0153468,0.03870632
-0.0005945266,-0.9991326,0.0153468,0.03870632
-0.0005945266,-0.9991326,0.0153468,0.03870632
-0.0005945266,-0.9991326,0.0153468,0.03870632
-0.0005945266,-0.9991326,0.0153468,0.03870632
