0.002638231,0.9850201,-0.01513012,-0.1717542
0.002627656,0.98514,-0.01513196,-0.1710657
0.002620565,0.98522,-0.01513319,-0.1706041
0.002612481,0.9853109,-0.01513459,-0.1700778
0.002600789,0.9854421,-0.0151366,-0.1693166
0.002588206,0.9855825,-0.01513876,-0.1684974
0.002571019,0.9857731,-0.01514168,-0.1673785
0.002552525,0.9859768,-0.01514481,-0.1661745
0.002532675,0.9861937,-0.01514814,-0.1648821
0.002515638,0.9863785,-0.01515098,-0.163773
0.002506594,0.9864761,-0.01515248,-0.1631842
0.002487437,0.9866816,-0.01515564,-0.161937
0.002462304,0.9869487,-0.01515974,-0.1603008
0.002435818,0.9872273,-0.01516402,-0.1585765
0.002413511,0.9874595,-0.01516759,-0.1571242
0.002390308,0.9876986,-0.01517126,-0.1556136
0.002359843,0.9880091,-0.01517603,-0.1536302
0.002340861,0.9882005,-0.01517897,-0.1523945
0.002314311,0.9884654,-0.01518304,-0.150666
0.002293577,0.9886702,-0.01518619,-0.1493161
0.002264993,0.9889495,-0.01519047,-0.1474552
0.002227861,0.989307,-0.01519597,-0.1450378
0.002197018,0.9895992,-0.01520046,-0.1430298
0.00216527,0.9898957,-0.01520501,-0.1409629
0.002124114,0.9902736,-0.01521081,-0.1382835
0.002098669,0.9905035,-0.01521435,-0.136627
0.002054827,0.9908931,-0.01522033,-0.1337728
0.002018623,0.9912084,-0.01522517,-0.1314158
0.001972102,0.9916052,-0.01523127,-0.1283871
0.0019337,0.9919257,-0.01523619,-0.125887
0.001894379,0.9922473,-0.01524113,-0.123327
0.001843806,0.9926509,-0.01524733,-0.1200346
0.001802221,0.9929746,-0.0152523,-0.1173272
0.00175951,0.9932992,-0.01525729,-0.1145466
0.001715717,0.9936238,-0.01526228,-0.1116956
0.001671003,0.9939467,-0.01526724,-0.1087845
0.001613691,0.994348,-0.0152734,-0.1050533
0.001566692,0.9946665,-0.01527829,-0.1019936
0.001518782,0.9949813,-0.01528313,-0.09887446
0.001457401,0.9953704,-0.0152891,-0.09487834
0.001407277,0.995676,-0.0152938,-0.09161513
0.001381644,0.9958282,-0.01529614,-0.08994632
0.001329197,0.9961307,-0.01530078,-0.08653183
0.001275832,0.9964264,-0.01530533,-0.08305763
0.001207698,0.9967862,-0.01531085,-0.07862184
0.001152037,0.9970654,-0.01531514,-0.07499818
0.00109546,0.9973357,-0.01531929,-0.07131479
0.001023242,0.9976607,-0.01532429,-0.0666132
0.0009938757,0.9977865,-0.01532622,-0.06470133
0.0009638572,0.9979113,-0.01532814,-0.06274702
0.0009027389,0.9981536,-0.01533186,-0.05876803
0.0008407455,0.9983829,-0.01533538,-0.05473205
0.0007617684,0.9986515,-0.01533951,-0.04959039
0.000697498,0.9988506,-0.01534257,-0.04540618
0.0006158027,0.9990782,-0.01534606,-0.04008755
0.0005659739,0.999203,-0.01534798,-0.03684354
0.000532219,0.9992816,-0.01534919,-0.03464599
0.0004806615,0.9993924,-0.01535089,-0.03128942
0.0004110436,0.999524,-0.01535291,-0.02675708
0.0003225992,0.9996615,-0.01535502,-0.02099907
0.0002507012,0.9997489,-0.01535637,-0.01631827
0.0001778922,0.999815,-0.01535738,-0.01157817
8.540577E-05,0.9998667,-0.01535817,-0.00555701
2.915979E-05,0.9998803,-0.01535838,-0.001895216
-4.707675E-05,0.9998774,-0.01535834,0.003068029
-0.0001243395,0.9998493,-0.01535791,0.008098084
-0.0002025123,0.9997951,-0.01535708,0.01318739
-0.0003016875,0.9996891,-0.01535545,0.01964401
-0.0003820906,0.9995725,-0.01535366,0.02487851
-0.0004839226,0.9993855,-0.01535079,0.03150811
-0.0005665501,0.9992015,-0.01534796,0.03688742
-0.0006083928,0.9990971,-0.01534636,0.03961151
-0.0006931357,0.9988632,-0.01534276,0.04512855
-0.0007787632,0.9985957,-0.01533866,0.05070318
-0.0008871772,0.9982123,-0.01533277,0.05776128
-0.0009749978,0.9978651,-0.01532743,0.06347869
-0.001063698,0.9974809,-0.01532153,0.06925335
-0.001175991,0.9969464,-0.01531332,0.07656397
-0.001244033,0.9965963,-0.01530795,0.08099373
-0.001358889,0.9959604,-0.01529818,0.0884712
-0.001451895,0.9954039,-0.01528963,0.09452621
-0.001545754,0.9948047,-0.01528043,0.1006367
-0.001664392,0.9939931,-0.01526796,0.1083605
-0.001760357,0.9932921,-0.01525719,0.1146081
-0.001881472,0.9923505,-0.01524273,0.122493
-0.001979451,0.9915423,-0.01523032,0.1288718
-0.002053547,0.9909034,-0.0152205,0.1336957
-0.002178345,0.9897733,-0.01520314,0.1418204
-0.002279194,0.9888103,-0.01518835,0.148386
-0.002380839,0.9877946,-0.01517275,0.1550035
-0.002509199,0.9864469,-0.01515205,0.1633601
-0.00261281,0.9853061,-0.01513453,0.1701055
-0.002743475,0.9837997,-0.01511139,0.1786122
-0.002849024,0.9825273,-0.01509185,0.1854838
-0.002902159,0.981868,-0.01508172,0.188943
-0.002982824,0.9808428,-0.01506597,0.1941946
-0.003091151,0.9794202,-0.01504412,0.2012471
-0.003200201,0.9779345,-0.0150213,0.2083465
-0.003337723,0.9759842,-0.01499134,0.2172997
-0.003448582,0.9743492,-0.01496623,0.224517
-0.00358819,0.9722101,-0.01493338,0.2336058
-0.003672637,0.9708726,-0.01491283,0.2391036
-0.003701055,0.9704151,-0.0149058,0.2409537
-0.00384398,0.9680573,-0.01486959,0.2502586
-0.003959105,0.9660887,-0.01483935,0.2577536
-0.00410396,0.9635231,-0.01479995,0.2671842
-0.004220699,0.9613832,-0.01476708,0.2747843
-0.004338049,0.9591666,-0.01473303,0.2824241
-0.004485693,0.956284,-0.01468875,0.2920362
-0.004545091,0.9550945,-0.01467048,0.2959032
-0.004694656,0.9520232,-0.01462331,0.3056403
-0.004815069,0.9494708,-0.0145841,0.3134795
-0.004936019,0.9468347,-0.01454361,0.3213538
-0.005088055,0.9434174,-0.01449112,0.3312518
-0.005210353,0.9405839,-0.0144476,0.3392138
-0.005333123,0.9376629,-0.01440273,0.3472065
-0.005456507,0.9346493,-0.01435644,0.3552392
-0.005518545,0.9331043,-0.01433271,0.359278
-0.005674568,0.9291295,-0.01427166,0.3694356
-0.005799898,0.9258435,-0.01422118,0.377595
-0.00589439,0.9233106,-0.01418228,0.3837466
-0.00605245,0.9189664,-0.01411555,0.3940368
-0.006179284,0.9153817,-0.01406049,0.4022941
-0.006338405,0.9107586,-0.01398948,0.4126534
-0.006434216,0.9079067,-0.01394567,0.418891
-0.006594434,0.9030211,-0.01387063,0.4293217
-0.006723041,0.8989927,-0.01380875,0.4376944
-0.006851885,0.8948601,-0.01374527,0.4460826
-0.007013348,0.8895425,-0.01366359,0.4565943
-0.007142824,0.8851651,-0.01359635,0.4650235
-0.00730487,0.8795421,-0.01350998,0.4755733
-0.007434787,0.874916,-0.01343893,0.4840313
-0.007532359,0.8713714,-0.01338448,0.4903835
-0.007695322,0.8653151,-0.01329146,0.5009929
-0.007825794,0.8603413,-0.01321506,0.509487
-0.007988956,0.8539616,-0.01311706,0.5201094
-0.008119605,0.8487228,-0.0130366,0.528615
-0.008250213,0.8433673,-0.01295433,0.537118
-0.00841348,0.836503,-0.0128489,0.5477473
-0.008511424,0.8322927,-0.01278423,0.5541237
-0.008642084,0.8265662,-0.01269627,0.5626301
-0.008791929,0.8198409,-0.01259296,0.5723854
-0.008884661,0.8155926,-0.01252771,0.5784226
-0.008967313,0.8117498,-0.01246868,0.5838035
-0.009004535,0.8100014,-0.01244183,0.5862268
-0.009022001,0.8091773,-0.01242917,0.5873638
-0.009022001,0.8091773,-0.01242917,0.5873638
-0.009022001,0.8091773,-0.01242917,0.5873638
-0.009022001,0.8091773,-0.01242917,0.5873638
-0.009022001,0.8091773,-0.01242917,0.5873638
-0.009022001,0.8091773,-0.01242917,0.5873638
-0.009022001,0.8091773,-0.01242917,0.5873638
-0.009022001,0.8091773,-0.01242917,0.5873638
-0.009022001,0.8091773,-0.01242917,0.5873638
-0.009022001,0.8091773,-0.01242917,0.5873638
-0.009022001,0.8091773,-0.01242917,0.5873638
-0.009022001,0.8091773,-0.01242917,0.5873638
-0.009022001,0.8091773,-0.01242917,0.5873638
-0.009022001,0.8091773,-0.01242917,0.5873638
-0.009022001,0.8091773,-0.01242917,0.5873638
-0.009022001,0.8091773,-0.01242917,0.5873638
-0.009022001,0.8091773,-0.01242917,0.5873638
-0.009022001,0.8091773,-0.01242917,0.5873638
-0.009022001,0.8091773,-0.01242917,0.5873638
-0.009022001,0.8091773,-0.01242917,0.5873638
-0.009022001,0.8091773,-0.01242917,0.5873638
-0.009022001,0.8091773,-0.01242917,0.5873638
-0.009022001,0.8091773,-0.01242917,0.5873638
-0.009022001,0.8091773,-0.01242917,0.5873638
-0.009022001,0.8091773,-0.01242917,0.5873638
-0.009022001,0.8091773,-0.01242917,0.5873638
-0.009022001,0.8091773,-0.01242917,0.5873638
-0.009022001,0.8091773,-0.01242917,0.5873638
-0.009022001,0.8091773,-0.01242917,0.5873638
-0.009022001,0.8091773,-0.01242917,0.5873638
-0.009022001,0.8091773,-0.01242917,0.5873638
-0.009022001,0.8091773,-0.01242917,0.5873638
-0.009022001,0.8091773,-0.01242917,0.5873638
-0.009022001,0.8091773,-0.01242917,0.5873638
-0.009022001,0.8091773,-0.01242917,0.5873638
-0.009022001,0.8091773,-0.01242917,0.5873638
-0.009022001,0.8091773,-0.01242917,0.5873638
-0.009022001,0.8091773,-0.01242917,0.5873638
-0.009022001,0.8091773,-0.01242917,0.5873638
-0.009022001,0.8091773,-0.01242917,0.5873638
-0.009022001,0.8091773,-0.01242917,0.5873638
-0.009022001,0.8091773,-0.01242917,0.5873638
-0.009022001,0.8091773,-0.01242917,0.5873638
-0.009022001,0.8091773,-0.01242917,0.5873638
-0.009022001,0.8091773,-0.01242917,0.5873638
-0.009022001,0.8091773,-0.01242917,0.5873638
-0.009022001,0.8091773,-0.01242917,0.5873638
-0.009022001,0.8091773,-0.01242917,0.5873638
-0.009022001,0.8091773,-0.01242917,0.5873638
-0.009022001,0.8091773,-0.01242917,0.5873638
-0.009022001,0.8091773,-0.01242917,0.5873638
-0.009022001,0.8091773,-0.01242917,0.5873638
-0.009022001,0.8091773,-0.01242917,0.5873638
-0.009022001,0.8091773,-0.01242917,0.5873638
-0.009022001,0.8091773,-0.01242917,0.5873638
-0.009022001,0.8091773,-0.01242917,0.5873638
-0.009022001,0.8091773,-0.01242917,0.5873638
-0.009022001,0.8091773,-0.01242917,0.5873638
-0.009022001,0.8091773,-0.01242917,0.5873638
-0.009022001,0.8091773,-0.01242917,0.5873638
-0.009022001,0.8091773,-0.01242917,0.5873638
-0.009022001,0.8091773,-0.01242917,0.5873638
-0.009022001,0.8091773,-0.01242917,0.5873638
-0.009022001,0.8091773,-0.01242917,0.5873638
-0.009022001,0.8091773,-0.01242917,0.5873638
-0.009022001,0.8091773,-0.01242917,0.5873638
-0.009022001,0.8091773,-0.01242917,0.5873638
-0.009022001,0.8091773,-0.01242917,0.5873638
-0.009022001,0.8091773,-0.01242917,0.5873638
-0.009021745,0.8091893,-0.01242936,0.5873472
-0.009021003,0.8092244,-0.01242989,0.5872989
-0.009020048,0.8092695,-0.01243059,0.5872367
-0.009017185,0.8094048,-0.01243267,0.5870503
-0.009012636,0.8096195,-0.01243596,0.5867541
-0.009006995,0.8098856,-0.01244005,0.5863869
-0.009001561,0.8101416,-0.01244398,0.5860332
-0.00899694,0.8103591,-0.01244732,0.5857323
-0.008988033,0.8107779,-0.01245376,0.5851524
-0.008982074,0.8110577,-0.01245805,0.5847645
-0.008975282,0.8113764,-0.01246295,0.5843223
-0.008965488,0.8118352,-0.01246999,0.5836846
-0.008952206,0.8124563,-0.01247953,0.5828199
-0.008937818,0.8131273,-0.01248984,0.5818831
-0.008925431,0.8137039,-0.0124987,0.5810767
-0.008908846,0.8144738,-0.01251052,0.5799971
-0.008891152,0.8152928,-0.0125231,0.5788452
-0.008883593,0.8156419,-0.01252847,0.578353
-0.008867571,0.8163806,-0.01253981,0.57731
-0.008846554,0.8173466,-0.01255465,0.5759416
-0.00882442,0.8183601,-0.01257022,0.5745006
-0.008805762,0.8192116,-0.0125833,0.5732858
-0.008781374,0.8203203,-0.01260033,0.5716981
-0.008755846,0.821476,-0.01261808,0.5700361
-0.008739973,0.8221921,-0.01262908,0.5690028
-0.008717688,0.8231944,-0.01264447,0.5675519
-0.008694541,0.8242313,-0.0126604,0.5660449
-0.008664453,0.825573,-0.01268101,0.5640862
-0.008633228,0.8269585,-0.01270229,0.5620533
-0.008607352,0.8281008,-0.01271984,0.5603688
-0.008573789,0.8295752,-0.01274249,0.5581837
-0.008545968,0.8307911,-0.01276116,0.5563725
-0.008524442,0.8317278,-0.01277555,0.5549712
-0.008494723,0.8330156,-0.01279533,0.5530363
-0.0084565,0.8346624,-0.01282062,0.5505478
-0.008417075,0.8363498,-0.01284654,0.547981
-0.00838453,0.8377342,-0.01286781,0.5458623
-0.008351169,0.8391454,-0.01288948,0.5436904
-0.008308142,0.8409536,-0.01291726,0.5408893
-0.008281702,0.8420582,-0.01293422,0.5391679
-0.008245322,0.8435701,-0.01295745,0.5367994
-0.008207916,0.8451148,-0.01298117,0.5343643
-0.00816967,0.846684,-0.01300527,0.5318744
-0.008120571,0.8486836,-0.01303599,0.5286779
-0.008080254,0.8503131,-0.01306102,0.5260531
-0.00804935,0.8515545,-0.01308009,0.5240412
-0.007996536,0.8536608,-0.01311244,0.5206029
-0.007974967,0.8545156,-0.01312557,0.5191987
-0.007941731,0.8558265,-0.0131457,0.5170349
-0.007896476,0.8575996,-0.01317294,0.5140887
-0.007850347,0.8593926,-0.01320048,0.5110856
-0.007791276,0.8616681,-0.01323543,0.5072399
-0.007742985,0.863511,-0.01326374,0.504096
-0.007681325,0.865842,-0.01329954,0.5000818
-0.007630851,0.8677316,-0.01332857,0.4967957
-0.007592338,0.8691623,-0.01335054,0.4942885
-0.007539796,0.8710988,-0.01338029,0.4908678
-0.007499712,0.8725641,-0.01340279,0.4882582
-0.007431545,0.8750326,-0.01344071,0.4838203
-0.007375838,0.877028,-0.01347136,0.4801936
-0.007319192,0.8790371,-0.01350222,0.4765058
-0.007246976,0.8815695,-0.01354112,0.4718043
-0.007188051,0.8836119,-0.01357249,0.4679681
-0.007158042,0.8846437,-0.01358834,0.4660144
-0.007096972,0.8867269,-0.01362034,0.4620386
-0.007034939,0.8888196,-0.01365248,0.458
-0.006955949,0.8914506,-0.01369289,0.4528575
-0.006891572,0.8935673,-0.0137254,0.4486664
-0.00682624,0.8956903,-0.01375801,0.4444131
-0.006743029,0.8983579,-0.01379898,0.4389958
-0.006675375,0.9004968,-0.01383184,0.4345913
-0.006606438,0.902649,-0.0138649,0.4301033
-0.00653637,0.9048085,-0.01389807,0.4255416
-0.006465306,0.90697,-0.01393127,0.4209152
-0.006374959,0.9096766,-0.01397284,0.4150333
-0.006301453,0.9118448,-0.01400615,0.4102478
-0.006226952,0.9140115,-0.01403943,0.4053975
-0.006132228,0.9167219,-0.01408106,0.3992307
-0.006074465,0.9183505,-0.01410607,0.3954701
-0.005991705,0.920652,-0.01414142,0.3900822
-0.005958158,0.9215742,-0.01415559,0.3878982
-0.005947993,0.9218526,-0.01415987,0.3872364
-0.005947993,0.9218526,-0.01415987,0.3872364
-0.005947993,0.9218526,-0.01415987,0.3872364
-0.005947993,0.9218526,-0.01415987,0.3872364
-0.005947993,0.9218526,-0.01415987,0.3872364
-0.005947993,0.9218526,-0.01415987,0.3872364
-0.005947993,0.9218526,-0.01415987,0.3872364
-0.005947993,0.9218526,-0.01415987,0.3872364
-0.005947993,0.9218526,-0.01415987,0.3872364
-0.005947993,0.9218526,-0.01415987,0.3872364
-0.005947993,0.9218526,-0.01415987,0.3872364
-0.005947993,0.9218526,-0.01415987,0.3872364
-0.005947993,0.9218526,-0.01415987,0.3872364
-0.005947993,0.9218526,-0.01415987,0.3872364
-0.005947993,0.9218526,-0.01415987,0.3872364
-0.005947993,0.9218526,-0.01415987,0.3872364
-0.005947993,0.9218526,-0.01415987,0.3872364
-0.005947993,0.9218526,-0.01415987,0.3872364
-0.005947993,0.9218526,-0.01415987,0.3872364
-0.005947993,0.9218526,-0.01415987,0.3872364
-0.005947993,0.9218526,-0.01415987,0.3872364
-0.005947993,0.9218526,-0.01415987,0.3872364
-0.005947993,0.9218526,-0.01415987,0.3872364
-0.005947993,0.9218526,-0.01415987,0.3872364
-0.00594849,0.921839,-0.01415966,0.3872688
-0.005950224,0.9217916,-0.01415893,0.3873816
-0.00595319,0.9217104,-0.01415768,0.3875747
-0.005956508,0.9216195,-0.01415629,0.3877907
-0.005957646,0.9215884,-0.01415581,0.3878648
-0.005964325,0.9214052,-0.014153,0.3882996
-0.005972235,0.9211881,-0.01414966,0.3888146
-0.005981376,0.9209366,-0.0141458,0.3894097
-0.005991745,0.9206509,-0.01414141,0.3900847
-0.006003343,0.9203306,-0.01413649,0.3908398
-0.006016174,0.9199755,-0.01413103,0.3916751
-0.006021748,0.9198208,-0.01412866,0.392038
-0.006027918,0.9196494,-0.01412602,0.3924398
-0.006041246,0.9192788,-0.01412033,0.3933074
-0.006055397,0.918884,-0.01411427,0.3942286
-0.006074383,0.9183528,-0.01410611,0.3954647
-0.00609059,0.9178977,-0.01409912,0.3965198
-0.006107625,0.9174178,-0.01409175,0.3976288
-0.006125638,0.9169087,-0.01408393,0.3988015
-0.006135126,0.9166397,-0.0140798,0.3994192
-0.006160194,0.9159269,-0.01406885,0.4010513
-0.00618122,0.9153263,-0.01405962,0.4024202
-0.006208696,0.9145377,-0.01404751,0.4042089
-0.006237376,0.9137102,-0.0140348,0.4060761
-0.006267255,0.9128432,-0.01402148,0.4080213
-0.006298336,0.911936,-0.01400755,0.4100448
-0.006317698,0.9113682,-0.01399883,0.4113053
-0.006337792,0.9107768,-0.01398974,0.4126135
-0.006372461,0.9097509,-0.01397398,0.4148706
-0.006401139,0.9088972,-0.01396087,0.4167376
-0.006438161,0.9077882,-0.01394384,0.4191478
-0.00647635,0.9066361,-0.01392614,0.4216341
-0.006515701,0.9054402,-0.01390777,0.424196
-0.006556218,0.9041997,-0.01388872,0.4268338
-0.006581277,0.9034278,-0.01387686,0.4284652
-0.006624123,0.9020996,-0.01385646,0.4312545
-0.006659428,0.9009973,-0.01383953,0.433553
-0.006704563,0.8995773,-0.01381772,0.4364915
-0.006750838,0.8981093,-0.01379517,0.4395041
-0.006788818,0.8968951,-0.01377652,0.4419767
-0.006837348,0.8953312,-0.0137525,0.4451362
-0.00687698,0.8940438,-0.01373272,0.4477164
-0.00691761,0.8927143,-0.0137123,0.4503615
-0.006969499,0.8910019,-0.013686,0.4537397
-0.007022481,0.889237,-0.01365889,0.4571889
-0.007065705,0.8877846,-0.01363658,0.460003
-0.007120876,0.8859143,-0.01360785,0.4635947
-0.007165928,0.8843732,-0.01358418,0.4665278
-0.007211694,0.8827949,-0.01355994,0.4695073
-0.007246661,0.8815807,-0.01354129,0.4717837
-0.007270576,0.8807456,-0.01352846,0.4733407
-0.007331191,0.8786134,-0.01349571,0.4772868
-0.007380574,0.8768592,-0.01346877,0.4805019
-0.007430716,0.8750625,-0.01344117,0.4837663
-0.00748181,0.8732153,-0.01341279,0.4870926
-0.007533599,0.871326,-0.01338378,0.4904643
-0.007599387,0.8689011,-0.01334653,0.4947473
-0.007612705,0.868407,-0.01333894,0.4956143
-0.007666951,0.8663819,-0.01330783,0.499146
-0.007735838,0.8637825,-0.01326791,0.5036307
-0.007791722,0.861651,-0.01323517,0.507269
-0.007862546,0.8589199,-0.01319322,0.5118798
-0.007920043,0.8566779,-0.01315878,0.515623
-0.007978176,0.8543885,-0.01312361,0.5194077
-0.00803706,0.8520463,-0.01308764,0.5232412
-0.008067016,0.8508456,-0.01306919,0.5251914
-0.008127591,0.8483986,-0.01303161,0.529135
-0.008188882,0.8458969,-0.01299318,0.5331253
-0.008266298,0.8426993,-0.01294407,0.5381654
-0.008344536,0.8394248,-0.01289377,0.5432588
-0.008407777,0.8367459,-0.01285262,0.547376
-0.008487702,0.8333188,-0.01279998,0.5525794
-0.008519985,0.8319212,-0.01277851,0.5546811
-0.008601681,0.8283504,-0.01272366,0.5599998
-0.008667747,0.8254264,-0.01267875,0.5643009
-0.008734332,0.822446,-0.01263297,0.5686358
-0.008818382,0.8186357,-0.01257445,0.5741078
-0.008886256,0.8155189,-0.01252657,0.5785266
-0.00895463,0.8123428,-0.01247779,0.582978
-0.00902359,0.8091021,-0.01242801,0.5874675
-0.009058395,0.807452,-0.01240266,0.5897334
-0.009146274,0.8032422,-0.012338,0.5954546
-0.009199462,0.8006637,-0.01229839,0.5989173
-0.009288745,0.7962826,-0.0122311,0.6047298
-0.009360707,0.7927028,-0.01217611,0.6094149
-0.009433065,0.7890589,-0.01212014,0.6141256
-0.009524182,0.7844059,-0.01204867,0.6200577
-0.009579185,0.7815619,-0.01200499,0.6236386
-0.009671529,0.7767268,-0.01193072,0.6296505
-0.009745858,0.7727788,-0.01187008,0.6344895
-0.009820511,0.7687628,-0.01180839,0.6393496
-0.0099144,0.763638,-0.01172967,0.645462
-0.009989869,0.7594579,-0.01166546,0.6503752
-0.01008463,0.7541312,-0.01158364,0.6565442
-0.01016079,0.7497854,-0.01151689,0.661503
-0.0102182,0.7464716,-0.01146599,0.66524
-0.01031429,0.7408487,-0.01137962,0.6714963
-0.01039144,0.7362651,-0.01130922,0.676519
-0.01048819,0.7304276,-0.01121956,0.6828174
-0.01056587,0.7256666,-0.01114643,0.6878751
-0.01064371,0.7208291,-0.01107212,0.6929427
-0.01074128,0.7146689,-0.0109775,0.6992944
-0.01079998,0.7109091,-0.01091975,0.7031163
-0.01087846,0.7058191,-0.01084157,0.7082257
-0.01097679,0.6993373,-0.010742,0.7146268
-0.01105553,0.6940597,-0.01066094,0.7197536
-0.01115406,0.6873458,-0.01055781,0.726168
-0.01123298,0.6818765,-0.0104738,0.7313061
-0.0113119,0.6763244,-0.01038852,0.7364438
-0.01141057,0.6692625,-0.01028005,0.7428674
-0.01146984,0.6649543,-0.01021387,0.7467262
-0.01152933,0.660579,-0.01014667,0.7505994
-0.01160867,0.6546633,-0.0100558,0.7557647
-0.01168789,0.6486615,-0.009963615,0.7609221
-0.01178678,0.6410326,-0.009846433,0.76736
-0.01186577,0.634826,-0.009751099,0.7725025
-0.01194456,0.6285325,-0.009654429,0.7776317
-0.01202322,0.622143,-0.009556286,0.782753
-0.01206251,0.6189108,-0.00950664,0.7853111
-0.01216093,0.6106936,-0.009380421,0.7917181
-0.01223941,0.6040115,-0.009277782,0.7968276
-0.01231758,0.5972386,-0.009173749,0.8019165
-0.01240549,0.5894762,-0.009054516,0.8076397
-0.01245506,0.5850288,-0.008986204,0.8108671
-0.01249459,0.5814453,-0.008931162,0.8134405
-0.0125061,0.5803954,-0.008915034,0.81419
-0.0125061,0.5803954,-0.008915034,0.81419
-0.0125061,0.5803954,-0.008915034,0.81419
-0.0125061,0.5803954,-0.008915034,0.81419
-0.0125061,0.5803954,-0.008915034,0.81419
-0.0125061,0.5803954,-0.008915034,0.81419
-0.0125061,0.5803954,-0.008915034,0.81419
-0.0125061,0.5803954,-0.008915034,0.81419
-0.0125061,0.5803954,-0.008915034,0.81419
-0.0125061,0.5803954,-0.008915034,0.81419
-0.0125061,0.5803954,-0.008915034,0.81419
-0.0125061,0.5803954,-0.008915034,0.81419
-0.0125061,0.5803954,-0.008915034,0.81419
-0.0125061,0.5803954,-0.008915034,0.81419
-0.0125061,0.5803954,-0.008915034,0.81419
-0.0125061,0.5803954,-0.008915034,0.81419
-0.01250616,0.5803897,-0.008914948,0.814194
-0.01250693,0.5803195,-0.008913868,0.8142441
-0.01250848,0.5801783,-0.008911699,0.8143447
-0.0125108,0.5799659,-0.008908435,0.814496
-0.0125139,0.5796822,-0.008904075,0.8146979
-0.01251778,0.5793278,-0.00889863,0.81495
-0.01252243,0.5789015,-0.008892082,0.8152529
-0.01252454,0.5787083,-0.008889114,0.8153901
-0.01253073,0.5781395,-0.008880376,0.8157934
-0.01253769,0.5774992,-0.008870541,0.8162468
-0.01254391,0.5769265,-0.008861744,0.8166517
-0.01255241,0.5761428,-0.008849706,0.8172048
-0.01255799,0.5756268,-0.008841778,0.8175683
-0.01256601,0.5748853,-0.00883039,0.8180899
-0.01257457,0.5740914,-0.008818196,0.8186472
-0.01258382,0.5732316,-0.008804989,0.8192495
-0.01259361,0.5723191,-0.008790973,0.8198872
-0.01260663,0.5711028,-0.008772288,0.8207349
-0.01261768,0.5700683,-0.008756399,0.8214538
-0.01263217,0.568706,-0.008735475,0.8223975
-0.01264739,0.5672704,-0.008713423,0.8233885
-0.01266333,0.5657612,-0.008690242,0.8244262
-0.01267665,0.564495,-0.008670793,0.8252935
-0.01269059,0.5631665,-0.008650387,0.8262007
-0.01270867,0.5614356,-0.008623799,0.8273779
-0.01272746,0.5596288,-0.008596047,0.8286011
-0.01274692,0.5577481,-0.008567157,0.8298682
-0.01276707,0.5557917,-0.008537109,0.8311797
-0.01278788,0.5537597,-0.008505897,0.8325349
-0.01280936,0.5516518,-0.00847352,0.8339332
-0.01282713,0.5498987,-0.008446593,0.83509
-0.01284541,0.5480877,-0.008418776,0.8362799
-0.01286886,0.5457506,-0.008382879,0.8378069
-0.0128882,0.5438132,-0.008353119,0.8390658
-0.01291292,0.5413221,-0.008314855,0.8406751
-0.01293825,0.5387523,-0.008275384,0.8423243
-0.01295903,0.5366308,-0.008242797,0.8436773
-0.01298025,0.5344536,-0.008209355,0.8450583
-0.01299112,0.5333327,-0.008192138,0.8457661
-0.01301892,0.530452,-0.00814789,0.8475759
-0.01304727,0.5274907,-0.008102404,0.849422
-0.01307047,0.5250513,-0.008064934,0.8509321
-0.01309993,0.52193,-0.008016989,0.8528501
-0.01312992,0.5187267,-0.007967785,0.8548022
-0.01315436,0.5160955,-0.00792737,0.8563934
-0.01316673,0.5147561,-0.007906796,0.8571991
-0.0131858,0.5126836,-0.007874964,0.8584402
-0.01321798,0.5091593,-0.007820829,0.8605353
-0.01324417,0.5062667,-0.007776399,0.8622402
-0.01327729,0.5025764,-0.007719714,0.8643965
-0.01331084,0.4988004,-0.007661714,0.8665808
-0.01333807,0.4957082,-0.007614218,0.8683533
-0.01336556,0.4925589,-0.007565844,0.8701437
-0.01337957,0.490945,-0.007541054,0.8710553
-0.01341495,0.4868355,-0.007477933,0.8733586
-0.01345068,0.4826383,-0.007413463,0.8756852
-0.01347959,0.4792081,-0.007360775,0.877567
-0.01350872,0.4757183,-0.007307169,0.8794636
-0.01354553,0.4712615,-0.007238714,0.8818598
-0.01357523,0.4676258,-0.007182868,0.8837932
-0.01359767,0.4648534,-0.007140283,0.8852544
-0.01362046,0.4620171,-0.007096718,0.8867381
-0.01365866,0.4572124,-0.007022918,0.8892249
-0.01368174,0.4542788,-0.006977856,0.8907272
-0.01372049,0.4492979,-0.00690135,0.89325
-0.01375941,0.4442238,-0.006823411,0.8957842
-0.0137907,0.4400921,-0.006759947,0.8978213
-0.01382999,0.4348354,-0.006679202,0.9003791
-0.01384585,0.4326906,-0.006646258,0.9014117
-0.01387766,0.4283495,-0.006579578,0.9034827
-0.0139176,0.4228222,-0.006494678,0.9060825
-0.01394962,0.4183263,-0.006425619,0.9081669
-0.01398971,0.4126123,-0.00633785,0.9107772
-0.0140298,0.4068029,-0.006248617,0.9133868
-0.01406187,0.4020822,-0.006176105,0.9154748
-0.01409399,0.3972864,-0.00610244,0.9175662
-0.01411821,0.3936245,-0.006046193,0.919143
-0.01415852,0.3874393,-0.005951188,0.9217673
-0.01419074,0.3824113,-0.005873957,0.9238645
-0.01423089,0.3760341,-0.005776001,0.9264786
-0.01427087,0.3695569,-0.00567651,0.9290812
-0.01430273,0.3642977,-0.005595729,0.9311559
-0.01432664,0.3602942,-0.005534234,0.9327124
-0.01435055,0.356238,-0.00547193,0.934269
-0.01439028,0.3493799,-0.005366588,0.9368553
-0.0144219,0.3438084,-0.005281009,0.9389142
-0.01445333,0.3381684,-0.005194378,0.9409603
-0.01449236,0.3310145,-0.005084492,0.9435007
-0.01451561,0.3266669,-0.005017712,0.9450148
-0.01454646,0.3207975,-0.004927558,0.9470233
-0.0145771,0.314848,-0.004836171,0.9490179
-0.01461504,0.3073031,-0.004720281,0.9514878
-0.01465246,0.2996539,-0.004602788,0.9539244
-0.01468207,0.2934482,-0.004507465,0.9558517
-0.01471132,0.2871725,-0.00441107,0.9577557
-0.01474738,0.2792234,-0.00428897,0.9601034
-0.0147758,0.2727796,-0.004189993,0.961954
-0.01480381,0.2662657,-0.004089938,0.9637774
-0.01483145,0.2596656,-0.003988559,0.9655765
-0.01485866,0.2529864,-0.003885966,0.9673479
-0.014892,0.2445349,-0.003756149,0.9695188
-0.01491814,0.2376864,-0.003650955,0.9712206
-0.01494375,0.2307678,-0.003544684,0.9728877
-0.014975,0.2220146,-0.003410233,0.9749224
-0.01499938,0.2149268,-0.003301363,0.9765095
-0.01502316,0.2077703,-0.003191437,0.9780571
-0.01503484,0.204157,-0.003135937,0.9788177
-0.01505219,0.1986631,-0.003051548,0.9799476
-0.01508028,0.1894194,-0.002909564,0.9817762
-0.015102,0.1819396,-0.002794672,0.9831898
-0.01512299,0.1743913,-0.002678729,0.9845567
-0.01514823,0.1648471,-0.002532128,0.9861996
-0.01516756,0.1571316,-0.002413617,0.9874583
-0.01518612,0.1493435,-0.00229399,0.9886661
-0.01519955,0.1434326,-0.002203197,0.989541
-0.01521674,0.1354872,-0.002081154,0.9906601
-0.01523703,0.1254528,-0.001927024,0.9919807
-0.01525227,0.1173425,-0.001802448,0.9929727
-0.01526659,0.1091659,-0.001676854,0.9939049
-0.01528318,0.09883849,-0.001518223,0.994985
-0.01529823,0.088415,-0.001358116,0.9959654
-0.01530652,0.08211041,-0.001261276,0.996505
-0.01531428,0.07573617,-0.001163366,0.9970096
-0.01532588,0.06503101,-0.0009989328,0.9977651
-0.01533396,0.05638485,-0.0008661259,0.998291
-0.01534093,0.04767438,-0.0007323312,0.9987449
-0.01534806,0.03669006,-0.0005636098,0.9992087
-0.01535245,0.02782578,-0.0004274526,0.9994949
-0.01535566,0.01890067,-0.000290361,0.9997034
-0.01535765,0.009894104,-0.0001520182,0.9998331
-0.0153584,0.0008198137,-1.263522E-05,0.9998818
-0.01535754,-0.0106102,0.0001629323,0.9998258
-0.01535538,-0.01982976,0.0003045466,0.9996854
-0.0153519,-0.02910723,0.0004470505,0.9994584
-0.01534562,-0.04079191,0.0006265298,0.9990497
-0.01533903,-0.05020899,0.0007711783,0.9986206
-0.01533102,-0.05968076,0.0009166666,0.9980993
-0.01532155,-0.06923068,0.001063355,0.9974825
-0.01531059,-0.07883325,0.001210853,0.9967695
-0.01529478,-0.09091774,0.001396473,0.99574
-0.0152804,-0.1006493,0.001545952,0.9948035
-0.01526445,-0.1104294,0.001696176,0.9937653
-0.01524226,-0.1227349,0.001885191,0.9923207
-0.01522269,-0.1326315,0.002037205,0.9910464
-0.01520144,-0.1425873,0.002190128,0.9896631
-0.01519584,-0.1450947,0.002228642,0.9892986
-0.01516621,-0.1576867,0.002422059,0.9873698
-0.01514056,-0.1678111,0.002577571,0.9856995
-0.01510601,-0.1805274,0.002772897,0.9834501
-0.01507633,-0.1907539,0.002929978,0.9815177
-0.01504483,-0.201018,0.003087637,0.9794672
-0.01501147,-0.2113249,0.003245953,0.9772952
-0.01500283,-0.2139101,0.003285663,0.9767326
-0.01497604,-0.2217237,0.003405681,0.9749886
-0.01493857,-0.2321893,0.003566435,0.9725494
-0.01488897,-0.245323,0.00376817,0.9693198
-0.01484703,-0.2558686,0.003930154,0.9665896
-0.01480309,-0.2664406,0.004092542,0.963729
-0.01474526,-0.2797026,0.004296251,0.9599639
-0.01470901,-0.2876777,0.004418749,0.9576042
-0.01467147,-0.2956925,0.004541859,0.9551597
-0.01461946,-0.3064162,0.004706576,0.9517738
-0.01456531,-0.3171569,0.004871557,0.9482487
-0.01449455,-0.3306122,0.005078233,0.9436417
-0.01443544,-0.3413976,0.005243898,0.9397935
-0.01437412,-0.3521936,0.005409727,0.9358012
-0.01429425,-0.3657119,0.005617371,0.9306014
-0.0142446,-0.3738318,0.005742094,0.9273694
-0.0141589,-0.3873868,0.005950303,0.9217894
-0.01408769,-0.3982379,0.006116978,0.9171537
-0.01401415,-0.409088,0.006283639,0.9123657
-0.01391883,-0.422656,0.006492046,0.9061601
-0.01383988,-0.433506,0.006658704,0.9010199
-0.01373778,-0.4470583,0.006866871,0.894373
-0.01365331,-0.4578953,0.00703333,0.8888735
-0.01361009,-0.4633164,0.007116598,0.8860599
-0.01349919,-0.4768694,0.007324778,0.87884
-0.01340765,-0.4876925,0.007491022,0.8728805
-0.01328968,-0.5011916,0.007698371,0.8652
-0.01319239,-0.5119697,0.007863926,0.8588662
-0.01309256,-0.5227184,0.008029029,0.852367
-0.01296681,-0.5358399,0.008230578,0.8441799
-0.01290135,-0.5424955,0.008332809,0.8399183
-0.01282875,-0.5497445,0.008444156,0.8351917
-0.01276129,-0.5563596,0.008545767,0.8307998
-0.01272384,-0.5599832,0.008601425,0.8283617
-0.01270063,-0.5622113,0.008635649,0.826851
-0.01269861,-0.5624046,0.008638619,0.8267195
-0.01269861,-0.5624046,0.008638619,0.8267195
-0.01269861,-0.5624046,0.008638619,0.8267195
-0.01269861,-0.5624046,0.008638619,0.8267195
-0.01269861,-0.5624046,0.008638619,0.8267195
-0.01269861,-0.5624046,0.008638619,0.8267195
-0.01269861,-0.5624046,0.008638619,0.8267195
-0.01269861,-0.5624046,0.008638619,0.8267195
-0.01269861,-0.5624046,0.008638619,0.8267195
-0.01269861,-0.5624046,0.008638619,0.8267195
-0.01269861,-0.5624046,0.008638619,0.8267195
-0.01269861,-0.5624046,0.008638619,0.8267195
-0.01269861,-0.5624046,0.008638619,0.8267195
-0.01269861,-0.5624046,0.008638619,0.8267195
-0.01269861,-0.5624046,0.008638619,0.8267195
-0.01269861,-0.5624046,0.008638619,0.8267195
-0.01269861,-0.5624046,0.008638619,0.8267195
-0.01269861,-0.5624046,0.008638619,0.8267195
-0.01269861,-0.5624046,0.008638619,0.8267195
-0.01269861,-0.5624046,0.008638619,0.8267195
-0.01269861,-0.5624046,0.008638619,0.8267195
-0.01269861,-0.5624046,0.008638619,0.8267195
-0.01269861,-0.5624046,0.008638619,0.8267195
-0.01269861,-0.5624046,0.008638619,0.8267195
-0.01269861,-0.5624046,0.008638619,0.8267195
-0.01269861,-0.5624046,0.008638619,0.8267195
-0.01269861,-0.5624046,0.008638619,0.8267195
-0.01269861,-0.5624046,0.008638619,0.8267195
-0.01269861,-0.5624046,0.008638619,0.8267195
-0.01269861,-0.5624046,0.008638619,0.8267195
-0.01269861,-0.5624046,0.008638619,0.8267195
-0.01269861,-0.5624046,0.008638619,0.8267195
-0.01269861,-0.5624046,0.008638619,0.8267195
-0.01269861,-0.5624046,0.008638619,0.8267195
-0.01269861,-0.5624046,0.008638619,0.8267195
-0.01269861,-0.5624046,0.008638619,0.8267195
-0.01269861,-0.5624046,0.008638619,0.8267195
-0.01269908,-0.5623605,0.008637939,0.8267496
-0.01270002,-0.5622696,0.008636544,0.8268114
-0.012702,-0.5620802,0.008633634,0.8269401
-0.01270422,-0.5618677,0.008630371,0.8270845
-0.01270559,-0.5617368,0.00862836,0.8271735
-0.012709,-0.5614091,0.008623327,0.8273958
-0.01271299,-0.5610266,0.008617453,0.8276553
-0.01271872,-0.5604759,0.008608993,0.8280284
-0.01272396,-0.5599716,0.008601246,0.8283695
-0.0127297,-0.559418,0.008592742,0.8287435
-0.01273766,-0.5586495,0.008580939,0.8292617
-0.01274286,-0.5581474,0.008573225,0.8295997
-0.01274849,-0.557602,0.008564848,0.8299664
-0.01275866,-0.5566152,0.00854969,0.8306285
-0.01276735,-0.5557701,0.008536709,0.8311942
-0.01277897,-0.5546362,0.008519293,0.8319512
-0.01278644,-0.5539062,0.008508079,0.8324375
-0.01279951,-0.5526255,0.008488406,0.8332883
-0.01281059,-0.5515358,0.00847167,0.8340098
-0.01281926,-0.5506815,0.008458547,0.8345742
-0.01283446,-0.5491787,0.008435466,0.8355638
-0.01284722,-0.5479136,0.008416034,0.836394
-0.01286043,-0.5465977,0.008395822,0.8372544
-0.01287771,-0.5448711,0.008369301,0.8383791
-0.01289207,-0.5434297,0.008347161,0.8393142
-0.0129107,-0.5415523,0.008318324,0.8405268
-0.01292619,-0.539983,0.008294219,0.8415358
-0.0129382,-0.5387627,0.008275475,0.8423176
-0.01295468,-0.5370817,0.008249654,0.8433905
-0.01297175,-0.5353331,0.008222794,0.8445014
-0.01299367,-0.533075,0.008188108,0.8459286
-0.01301177,-0.5312001,0.00815931,0.8471072
-0.01303029,-0.5292727,0.008129703,0.8483128
-0.01305408,-0.5267821,0.008091448,0.8498616
-0.01306873,-0.5252407,0.008067771,0.8508151
-0.0130887,-0.5231293,0.008035341,0.8521149
-0.01311431,-0.5204034,0.00799347,0.8537825
-0.01313526,-0.5181595,0.007959004,0.8551462
-0.01316201,-0.5152743,0.007914689,0.8568878
-0.01318391,-0.5128959,0.007878157,0.8583134
-0.01320614,-0.510466,0.007840834,0.8597607
-0.01323453,-0.5073401,0.007792818,0.8616091
-0.01324608,-0.5060607,0.007773167,0.8623611
-0.01326974,-0.5034263,0.007732701,0.8639017
-0.01329382,-0.5007267,0.007691236,0.8654692
-0.01331822,-0.4979709,0.007648905,0.8670578
-0.01334922,-0.4944396,0.007594664,0.8690763
-0.01337443,-0.4915445,0.007550194,0.8707171
-0.01339993,-0.4885917,0.00750484,0.8723774
-0.0134258,-0.4855725,0.007458464,0.8740615
-0.01343895,-0.4840277,0.007434734,0.8749179
-0.01346571,-0.4808657,0.007386166,0.8766598
-0.01349272,-0.4776451,0.007336697,0.8784186
-0.0135269,-0.4735301,0.007273489,0.8806438
-0.01355457,-0.4701652,0.007221804,0.8824448
-0.01358946,-0.4658766,0.007155931,0.8847165
-0.01361067,-0.4632453,0.007115513,0.886097
-0.01363205,-0.4605729,0.007074464,0.887489
-0.01366093,-0.4569311,0.007018525,0.8893695
-0.01369005,-0.4532223,0.006961557,0.8912653
-0.01371934,-0.4494529,0.006903658,0.893172
-0.01375626,-0.4446438,0.006829788,0.8955758
-0.01379338,-0.4397436,0.00675452,0.897992
-0.01383066,-0.4347517,0.006677844,0.9004194
-0.01386069,-0.4306789,0.006615284,0.9023746
-0.01387583,-0.4286081,0.006583476,0.90336
-0.01389876,-0.4254478,0.006534933,0.9048527
-0.01392943,-0.4211745,0.006469294,0.9068496
-0.01396792,-0.415737,0.006385773,0.9093553
-0.01399881,-0.4113089,0.006317756,0.9113666
-0.01401432,-0.4090643,0.006283279,0.9123763
-0.01405332,-0.4033541,0.006195568,0.9149151
-0.01407671,-0.399882,0.006142235,0.916438
-0.01411588,-0.3939865,0.006051679,0.9189879
-0.01414719,-0.3891971,0.005978113,0.9210265
-0.01418633,-0.3831108,0.005884625,0.9235747
-0.01421762,-0.3781619,0.00580861,0.9256121
-0.01424885,-0.3731474,0.005731585,0.927645
-0.01428783,-0.3667743,0.005633694,0.9301832
-0.01431893,-0.3615986,0.005554194,0.9322074
-0.01434224,-0.3576604,0.005493701,0.9337254
-0.01437335,-0.3523277,0.005411789,0.9357507
-0.0144043,-0.3469279,0.005328846,0.9377661
-0.01444281,-0.3400757,0.005223595,0.9402727
-0.01447343,-0.3345116,0.005138129,0.9422665
-0.01450385,-0.3288799,0.005051626,0.9442469
-0.01454162,-0.321733,0.004941848,0.9467059
-0.01457156,-0.3159394,0.004852857,0.9486551
-0.01460134,-0.3100581,0.00476252,0.9505936
-0.01463087,-0.304101,0.004671017,0.952516
-0.01466009,-0.2980755,0.004578463,0.9544188
-0.01468907,-0.291967,0.004484636,0.956305
-0.01471776,-0.285778,0.004389572,0.9581728
-0.01475313,-0.2779401,0.004269179,0.9604757
-0.01478104,-0.2715825,0.004171527,0.9622927
-0.0148017,-0.266771,0.004097621,0.9636377
-0.01482225,-0.2618891,0.004022633,0.9649758
-0.01484932,-0.2553067,0.003921526,0.9667382
-0.01488252,-0.2469776,0.003793589,0.9688995
-0.01490857,-0.2402265,0.003689891,0.9705954
-0.01493411,-0.2334061,0.003585127,0.9722581
-0.01496531,-0.2247751,0.003452554,0.9742897
-0.01498967,-0.2177859,0.003345197,0.9758758
-0.01500165,-0.2142617,0.003291065,0.9766555
-0.01501948,-0.2089016,0.003208733,0.9778161
-0.01504841,-0.19988,0.003070161,0.9797
-0.01507087,-0.1925755,0.00295796,0.981162
-0.01509266,-0.1852017,0.002844698,0.9825805
-0.01511895,-0.1758798,0.002701511,0.9842919
-0.01513919,-0.1683379,0.002585665,0.9856097
-0.01515869,-0.1607283,0.002468781,0.9868792
-0.01517288,-0.1549509,0.002380039,0.9878029
-0.01519111,-0.1471831,0.002260724,0.98899
-0.01521278,-0.1373696,0.002109986,0.9904008
-0.01522919,-0.129436,0.001988124,0.9914688
-0.01524473,-0.1214359,0.00186524,0.9924805
-0.0152594,-0.1133578,0.001741159,0.9934356
-0.01527318,-0.1051971,0.00161581,0.9943328
-0.01528291,-0.09902685,0.001521032,0.9949663
-0.01529215,-0.09278589,0.00142517,0.9955677
-0.0153063,-0.08230152,0.001264128,0.9964891
-0.01531649,-0.07383083,0.001134016,0.9971525
-0.01532541,-0.06551888,0.001006342,0.9977332
-0.01533302,-0.05747104,0.0008827255,0.9982291
-0.01533663,-0.05323908,0.0008177217,0.9984637
-0.01533859,-0.05078382,0.0007800084,0.9985916
-0.01533883,-0.05047342,0.0007752405,0.9986073
-0.01533883,-0.05047342,0.0007752405,0.9986073
-0.01533883,-0.05047342,0.0007752405,0.9986073
-0.01533883,-0.05047342,0.0007752405,0.9986073
-0.01533883,-0.05047342,0.0007752405,0.9986073
-0.01533883,-0.05047342,0.0007752405,0.9986073
-0.01533883,-0.05047342,0.0007752405,0.9986073
-0.01533883,-0.05047342,0.0007752405,0.9986073
-0.01533883,-0.05047342,0.0007752405,0.9986073
-0.01533883,-0.05047342,0.0007752405,0.9986073
-0.01533883,-0.05047342,0.0007752405,0.9986073
-0.01533883,-0.05047342,0.0007752405,0.9986073
-0.01533883,-0.05047342,0.0007752405,0.9986073
-0.01533883,-0.05047342,0.0007752405,0.9986073
-0.01533883,-0.05047342,0.0007752405,0.9986073
-0.01533883,-0.05047342,0.0007752405,0.9986073
-0.01533883,-0.05047342,0.0007752405,0.9986073
-0.01533883,-0.05047342,0.0007752405,0.9986073
-0.01533883,-0.05047342,0.0007752405,0.9986073
-0.01533883,-0.05047342,0.0007752405,0.9986073
-0.01533883,-0.05047342,0.0007752405,0.9986073
-0.01533883,-0.05047342,0.0007752405,0.9986073
-0.01533883,-0.05047342,0.0007752405,0.9986073
-0.01533883,-0.05047342,0.0007752405,0.9986073
-0.01533883,-0.05047342,0.0007752405,0.9986073
-0.01533883,-0.05047342,0.0007752405,0.9986073
-0.01533883,-0.05047342,0.0007752405,0.9986073
-0.01533883,-0.05047342,0.0007752405,0.9986073
-0.01533883,-0.05047342,0.0007752405,0.9986073
-0.01533883,-0.05047342,0.0007752405,0.9986073
-0.01533883,-0.05047342,0.0007752405,0.9986073
-0.01533883,-0.05047342,0.0007752405,0.9986073
-0.01533883,-0.05047342,0.0007752405,0.9986073
-0.01533883,-0.05047342,0.0007752405,0.9986073
-0.01533883,-0.05047342,0.0007752405,0.9986073
-0.01533883,-0.05047342,0.0007752405,0.9986073
-0.01533883,-0.05047342,0.0007752405,0.9986073
-0.01533883,-0.05047342,0.0007752405,0.9986073
-0.01533883,-0.05047342,0.0007752405,0.9986073
-0.01533883,-0.05047342,0.0007752405,0.9986073
-0.01533883,-0.05047342,0.0007752405,0.9986073
-0.01533883,-0.05047342,0.0007752405,0.9986073
-0.01533883,-0.05047342,0.0007752405,0.9986073
-0.01533883,-0.05047342,0.0007752405,0.9986073
-0.01533883,-0.05047342,0.0007752405,0.9986073
-0.01533883,-0.05047342,0.0007752405,0.9986073
-0.01533883,-0.05047342,0.0007752405,0.9986073
-0.01533883,-0.05047342,0.0007752405,0.9986073
-0.01533883,-0.05047342,0.0007752405,0.9986073
-0.01533883,-0.05047342,0.0007752405,0.9986073
-0.01533883,-0.05047342,0.0007752405,0.9986073
-0.01533883,-0.05047342,0.0007752405,0.9986073
-0.01533883,-0.05047342,0.0007752405,0.9986073
-0.01533883,-0.05047342,0.0007752405,0.9986073
-0.01533883,-0.05047342,0.0007752405,0.9986073
-0.01533883,-0.05047342,0.0007752405,0.9986073
-0.01533883,-0.05047342,0.0007752405,0.9986073
-0.01533883,-0.05047342,0.0007752405,0.9986073
-0.01533883,-0.05047342,0.0007752405,0.9986073
-0.01533883,-0.05047342,0.0007752405,0.9986073
-0.01533883,-0.05047342,0.0007752405,0.9986073
-0.01533883,-0.05047342,0.0007752405,0.9986073
-0.01533883,-0.05047342,0.0007752405,0.9986073
-0.01533883,-0.05047342,0.0007752405,0.9986073
-0.01533883,-0.05047342,0.0007752405,0.9986073
-0.01533883,-0.05047342,0.0007752405,0.9986073
-0.01533883,-0.05047342,0.0007752405,0.9986073
-0.01533883,-0.05047342,0.0007752405,0.9986073
-0.01533883,-0.05047342,0.0007752405,0.9986073
-0.01533883,-0.05047342,0.0007752405,0.9986073
-0.01533883,-0.05047342,0.0007752405,0.9986073
-0.01533883,-0.05047342,0.0007752405,0.9986073
-0.01533883,-0.05047342,0.0007752405,0.9986073
-0.01533883,-0.05047342,0.0007752405,0.9986073
-0.01533883,-0.05047342,0.0007752405,0.9986073
-0.01533883,-0.05047342,0.0007752405,0.9986073
-0.01533883,-0.05047342,0.0007752405,0.9986073
-0.01533883,-0.05047342,0.0007752405,0.9986073
-0.01533883,-0.05047342,0.0007752405,0.9986073
-0.01533883,-0.05047342,0.0007752405,0.9986073
-0.01533883,-0.05047342,0.0007752405,0.9986073
-0.01533883,-0.05047342,0.0007752405,0.9986073
-0.01533883,-0.05047342,0.0007752405,0.9986073
-0.01533883,-0.05047342,0.0007752405,0.9986073
-0.01533883,-0.05047342,0.0007752405,0.9986073
-0.01533883,-0.05047342,0.0007752405,0.9986073
-0.01533883,-0.05047342,0.0007752405,0.9986073
-0.01533883,-0.05047342,0.0007752405,0.9986073
-0.01533883,-0.05047342,0.0007752405,0.9986073
-0.01533883,-0.05047342,0.0007752405,0.9986073
-0.01533883,-0.05047342,0.0007752405,0.9986073
-0.01533883,-0.05047342,0.0007752405,0.9986073
-0.01533883,-0.05047342,0.0007752405,0.9986073
-0.01533883,-0.05047342,0.0007752405,0.9986073
-0.01533883,-0.05047342,0.0007752405,0.9986073
-0.01533883,-0.05047342,0.0007752405,0.9986073
-0.01533883,-0.05047342,0.0007752405,0.9986073
-0.01533883,-0.05047342,0.0007752405,0.9986073
-0.01533883,-0.05047342,0.0007752405,0.9986073
-0.01533883,-0.05047342,0.0007752405,0.9986073
-0.01533883,-0.05047342,0.0007752405,0.9986073
-0.01533883,-0.05047342,0.0007752405,0.9986073
-0.01533882,-0.05049447,0.0007755639,0.9986063
-0.01533874,-0.05059947,0.0007771768,0.998601
-0.01533859,-0.05079133,0.0007801238,0.9985912
-0.01533837,-0.05107072,0.0007844152,0.9985769
-0.01533808,-0.05143683,0.0007900387,0.9985582
-0.01533779,-0.05180662,0.0007957188,0.998539
-0.01533736,-0.0523471,0.0008040208,0.9985108
-0.01533695,-0.0528533,0.0008117962,0.9984841
-0.01533636,-0.05356788,0.0008227722,0.9984461
-0.0153357,-0.05436962,0.0008350873,0.9984028
-0.01533495,-0.0552585,0.0008487406,0.998354
-0.01533411,-0.05623491,0.0008637386,0.9982994
-0.01533337,-0.05708206,0.000876751,0.9982514
-0.01533256,-0.05799954,0.0008908437,0.9981985
-0.01533144,-0.05923821,0.0009098699,0.9981257
-0.01533046,-0.06030138,0.0009262005,0.9980621
-0.01532914,-0.06171278,0.0009478798,0.9979758
-0.0153277,-0.06321078,0.0009708894,0.9978821
-0.01532614,-0.06479581,0.000995236,0.9977803
-0.01532445,-0.06646749,0.001020913,0.9976704
-0.01532335,-0.06752664,0.001037182,0.9975992
-0.01532218,-0.06864449,0.001054352,0.997523
-0.01532011,-0.07057687,0.001084034,0.9973881
-0.01531789,-0.07259613,0.001115051,0.9972432
-0.0153155,-0.07470287,0.001147411,0.9970876
-0.01531345,-0.07646132,0.001174421,0.9969543
-0.01531129,-0.07827791,0.001202324,0.9968133
-0.01530956,-0.0796952,0.001224094,0.996701
-0.01530835,-0.08067635,0.001239165,0.996622
-0.01530514,-0.08321589,0.001278173,0.9964132
-0.01530172,-0.0858416,0.001318504,0.9961904
-0.01529807,-0.088554,0.001360168,0.995953
-0.01529497,-0.09079704,0.001394621,0.995751
-0.01529087,-0.09368154,0.001438928,0.9954838
-0.0152865,-0.09665282,0.001484567,0.9951996
-0.01528375,-0.09848423,0.001512698,0.9950202
-0.01527986,-0.1010061,0.001551435,0.9947672
-0.01527577,-0.1035933,0.001591174,0.9945012
-0.01527038,-0.1069086,0.001642098,0.9941502
-0.01526468,-0.1103087,0.001694324,0.9937787
-0.01525986,-0.1130979,0.001737167,0.9934652
-0.01525352,-0.1166698,0.001792033,0.9930521
-0.01524816,-0.1196031,0.001837089,0.992703
-0.01524536,-0.1211035,0.001860135,0.9925211
-0.01523954,-0.1241737,0.001907295,0.9921417
-0.01523189,-0.1280864,0.001967395,0.9916441
-0.01522384,-0.1320837,0.002028795,0.9911196
-0.01521706,-0.1353533,0.002079016,0.9906784
-0.01520999,-0.1386793,0.002130105,0.9902183
-0.01520071,-0.1429307,0.002195408,0.9896136
-0.0151949,-0.145525,0.002235258,0.9892353
-0.01518476,-0.1499437,0.00230313,0.9885753
-0.01518053,-0.1517487,0.002330855,0.9882998
-0.01517177,-0.1554155,0.002387177,0.9877298
-0.01516031,-0.160086,0.002458917,0.9869836
-0.01515071,-0.1638918,0.002517377,0.9863588
-0.01514074,-0.1677548,0.002576713,0.9857091
-0.01512768,-0.1726747,0.002652283,0.9848592
-0.01511954,-0.1756724,0.00269833,0.9843289
-0.01510824,-0.1797442,0.002760873,0.9835935
-0.01509649,-0.1838812,0.002824418,0.9828285
-0.01508119,-0.1891279,0.002905009,0.9818324
-0.0150652,-0.1944552,0.002986838,0.9807912
-0.01505188,-0.1987781,0.003053239,0.9799241
-0.01503454,-0.2042655,0.003137527,0.9787951
-0.01501644,-0.2098314,0.00322302,0.977617
-0.01500893,-0.2120974,0.003257827,0.9771279
-0.01499346,-0.2166863,0.003328314,0.9761205
-0.01497745,-0.2213292,0.003399631,0.9750782
-0.01495664,-0.2272138,0.003490019,0.9737238
-0.01493935,-0.2319876,0.003563346,0.9725975
-0.01491692,-0.2380263,0.003656101,0.9711373
-0.01489358,-0.2441418,0.003750038,0.9696179
-0.01487424,-0.2490903,0.003826048,0.9683585
-0.01486428,-0.2515979,0.003864564,0.96771
-0.01484375,-0.2566818,0.003942655,0.966374
-0.01482258,-0.2618165,0.004021525,0.9649955
-0.01479515,-0.2683119,0.004121296,0.9632097
-0.01477241,-0.2735706,0.004202071,0.9617293
-0.01474898,-0.2788786,0.004283602,0.9602036
-0.01471863,-0.2855922,0.004386726,0.9582282
-0.01470616,-0.2883038,0.004428376,0.9574159
-0.01468046,-0.2938012,0.004512817,0.9557433
-0.01465397,-0.2993545,0.004598118,0.9540184
-0.0146267,-0.3049549,0.004684142,0.9522429
-0.01459147,-0.3120268,0.004792768,0.9499492
-0.01456234,-0.3177421,0.004880556,0.9480528
-0.01453239,-0.3235014,0.00496902,0.946103
-0.01450155,-0.3293148,0.005058316,0.9440953
-0.01448574,-0.3322498,0.005103398,0.9430664
-0.01444512,-0.339663,0.005217267,0.9404218
-0.0144116,-0.3456446,0.005309146,0.9382398
-0.01436842,-0.3531834,0.005424944,0.9354281
-0.01433278,-0.3592691,0.005518421,0.9331076
-0.01429619,-0.3653953,0.00561252,0.9307258
-0.01424906,-0.3731163,0.005731116,0.9276575
-0.01422001,-0.3777848,0.005802825,0.9257661
-0.01419029,-0.3824923,0.005875134,0.923831
-0.01413941,-0.3903952,0.005996525,0.9205192
-0.01409755,-0.3967612,0.006094309,0.9177934
-0.01404371,-0.4047725,0.006217365,0.9142885
-0.01399939,-0.4112287,0.006316532,0.9114029
-0.01395398,-0.417718,0.00641621,0.9084469
-0.01389562,-0.4258837,0.006541638,0.9046475
-0.0138597,-0.4308172,0.006617417,0.9023086
-0.01379836,-0.4390834,0.006744389,0.898315
-0.01374792,-0.4457383,0.00684661,0.8950316
-0.01369632,-0.4524216,0.006949268,0.891672
-0.01363009,-0.4608215,0.007078292,0.88736
-0.01357569,-0.4675771,0.00718206,0.8838189
-0.01352008,-0.4743572,0.007286204,0.8801985
-0.01346316,-0.4811705,0.007390857,0.8764925
-0.01340485,-0.4880221,0.007496099,0.8726961
-0.01333014,-0.49662,0.007628167,0.8678322
-0.01326884,-0.5035297,0.007734301,0.8638415
-0.01320623,-0.5104581,0.007840723,0.8597655
-0.01312604,-0.5191508,0.007974245,0.8545447
-0.01306031,-0.5261294,0.008081438,0.8502659
-0.01299323,-0.5331222,0.008188849,0.8458988
-0.01292464,-0.5401434,0.008296696,0.8414329
-0.0128369,-0.5489399,0.008431814,0.8357207
-0.01274699,-0.5577491,0.008567125,0.8298675
-0.0127103,-0.561287,0.008621468,0.8274787
-0.0126357,-0.568381,0.008730432,0.8226222
-0.01254033,-0.5772644,0.008866883,0.8164129
-0.01246231,-0.584382,0.008976211,0.8113334
-0.0123828,-0.5915024,0.009085583,0.806157
-0.0123424,-0.5950705,0.009140388,0.8035267
-0.01226009,-0.6022391,0.009250499,0.7981681
-0.012155,-0.6112005,0.009388152,0.7913268
-0.0120691,-0.618374,0.009498338,0.7857339
-0.01198162,-0.6255426,0.00960845,0.7800388
-0.01186997,-0.6345003,0.009746043,0.77277
-0.01177878,-0.6416624,0.009856055,0.7668334
-0.01168599,-0.6488137,0.009965901,0.7607922
-0.01161506,-0.6541892,0.01004847,0.756175
-0.01151903,-0.6613475,0.01015842,0.7499224
-0.01139657,-0.6702791,0.01029561,0.7419502
-0.01129666,-0.6774092,0.01040513,0.735446
-0.01119509,-0.6845193,0.01051435,0.728833
-0.01106561,-0.6933848,0.01065052,0.7204038
-0.01096008,-0.700453,0.01075909,0.7135333
-0.01087974,-0.7057413,0.01084032,0.7083032
-0.01077078,-0.7127901,0.01094859,0.7012092
-0.01063215,-0.7215576,0.01108326,0.692184
-0.01051917,-0.7285422,0.01119055,0.6848288
-0.01040444,-0.7354919,0.0112973,0.6773594
-0.01025846,-0.7441322,0.01143002,0.6678558
-0.01013961,-0.751005,0.01153559,0.660118
-0.00998855,-0.7595363,0.01166663,0.6502836
-0.009927153,-0.7629403,0.01171891,0.6462865
-0.009802981,-0.7697154,0.01182298,0.6382025
-0.009645081,-0.778124,0.01195214,0.6279228
-0.009548878,-0.7831369,0.01202914,0.6216597
-0.009386142,-0.7914314,0.01215655,0.611065
-0.009253828,-0.7980082,0.01225757,0.6024509
-0.009119699,-0.8045262,0.01235769,0.5937186
-0.008983573,-0.8109915,0.012457,0.5848563
-0.008845444,-0.8174013,0.01255545,0.5758637
-0.008670167,-0.8253226,0.01267713,0.5644526
-0.00856343,-0.8300324,0.01274947,0.5575037
-0.00841945,-0.836252,0.01284501,0.5481302
-0.008236793,-0.8439267,0.01296289,0.5362387
-0.008088517,-0.8499835,0.01305593,0.5265854
-0.007938417,-0.8559604,0.01314774,0.5168134
-0.007862506,-0.8589249,0.01319327,0.5118713
-0.007747387,-0.8633471,0.0132612,0.5043768
-0.007567809,-0.8700719,0.01336449,0.4926856
-0.007452781,-0.87427,0.01342898,0.4851969
-0.007341519,-0.878251,0.01349013,0.4779534
-0.007298823,-0.879758,0.01351328,0.4751737
-0.007265017,-0.8809432,0.01353148,0.4729728
-0.00725769,-0.8811992,0.01353541,0.4724958
-0.00725769,-0.8811992,0.01353541,0.4724958
-0.00725769,-0.8811992,0.01353541,0.4724958
-0.00725769,-0.8811992,0.01353541,0.4724958
-0.00725769,-0.8811992,0.01353541,0.4724958
-0.00725769,-0.8811992,0.01353541,0.4724958
-0.00725769,-0.8811992,0.01353541,0.4724958
-0.00725769,-0.8811992,0.01353541,0.4724958
-0.00725769,-0.8811992,0.01353541,0.4724958
-0.00725769,-0.8811992,0.01353541,0.4724958
-0.00725769,-0.8811992,0.01353541,0.4724958
-0.00725769,-0.8811992,0.01353541,0.4724958
-0.00725769,-0.8811992,0.01353541,0.4724958
-0.00725769,-0.8811992,0.01353541,0.4724958
-0.007257642,-0.8812007,0.01353544,0.4724926
-0.007256704,-0.8812336,0.01353594,0.4724315
-0.00725628,-0.8812484,0.01353617,0.4724039
-0.007253739,-0.881337,0.01353753,0.4722385
-0.007250085,-0.8814645,0.01353949,0.4720006
-0.007246588,-0.8815863,0.01354135,0.471773
-0.007239745,-0.8818246,0.01354502,0.4713275
-0.007236486,-0.881938,0.01354676,0.4711153
-0.007229227,-0.8821903,0.01355063,0.4706427
-0.007222984,-0.8824069,0.01355396,0.4702363
-0.007218257,-0.8825709,0.01355648,0.4699286
-0.007205482,-0.8830132,0.01356328,0.4690969
-0.007194265,-0.8834007,0.01356923,0.4683667
-0.00718224,-0.8838154,0.0135756,0.4675838
-0.007165895,-0.8843775,0.01358423,0.4665197
-0.007151862,-0.8848588,0.01359162,0.4656061
-0.007133119,-0.8854998,0.01360147,0.4643859
-0.007125094,-0.8857736,0.01360568,0.4638634
-0.007108235,-0.8863475,0.01361449,0.4627658
-0.007085906,-0.887105,0.01362613,0.4613121
-0.00706703,-0.887743,0.01363593,0.4600832
-0.00704733,-0.8884065,0.01364612,0.4588007
-0.007021365,-0.8892775,0.0136595,0.4571103
-0.006999676,-0.8900018,0.01367062,0.4556983
-0.006971275,-0.8909461,0.01368512,0.4538493
-0.00695337,-0.8915389,0.01369423,0.4526836
-0.006928795,-0.8923496,0.01370668,0.4510836
-0.00689673,-0.8934018,0.01372284,0.4489961
-0.006870144,-0.8942694,0.01373617,0.4472653
-0.00683561,-0.8953904,0.01375339,0.445017
-0.006806954,-0.8963153,0.0137676,0.4431514
-0.006777435,-0.8972628,0.01378215,0.4412296
-0.006746877,-0.8982384,0.01379714,0.4392402
-0.006715272,-0.8992416,0.01381255,0.4371826
-0.006674515,-0.9005268,0.01383229,0.4345292
-0.006640803,-0.9015826,0.01384851,0.4323344
-0.00660623,-0.9026584,0.01386503,0.4300836
-0.00656168,-0.9040346,0.01388617,0.4271833
-0.006524979,-0.9051598,0.01390345,0.4247939
-0.006487396,-0.9063041,0.01392103,0.4223471
-0.006458428,-0.9071805,0.01393449,0.4204612
-0.006438481,-0.9077813,0.01394372,0.4191626
-0.006397824,-0.9089988,0.01396242,0.4165156
-0.006356032,-0.9102406,0.0139815,0.4137949
-0.006302557,-0.9118152,0.01400568,0.4103135
-0.006258631,-0.9130967,0.01402537,0.4074537
-0.006213865,-0.9143916,0.01404526,0.4045393
-0.006168046,-0.9157056,0.01406544,0.4015563
-0.006144579,-0.916374,0.01407571,0.4000286
-0.006096498,-0.9177341,0.0140966,0.3968983
-0.00604751,-0.9191068,0.01411768,0.3937091
-0.005984884,-0.9208426,0.01414435,0.3896319
-0.005933657,-0.9222467,0.01416591,0.3862969
-0.005881516,-0.9236612,0.01418764,0.3829023
-0.005814857,-0.9254483,0.01421509,0.3785626
-0.005787758,-0.926168,0.01422615,0.3767984
-0.005718433,-0.9279914,0.01425415,0.3722851
-0.005661882,-0.9294598,0.01427671,0.3686034
-0.005589816,-0.9313069,0.01430508,0.3639116
-0.005545653,-0.9324252,0.01432226,0.3610365
-0.005485876,-0.9339228,0.01434526,0.3571448
-0.005409712,-0.9358039,0.01437416,0.3521862
-0.005347603,-0.9373158,0.01439738,0.3481427
-0.005300244,-0.9384552,0.01441488,0.3450595
-0.005235902,-0.9399847,0.01443838,0.3408707
-0.005170596,-0.9415157,0.01446189,0.336619
-0.005087491,-0.9434325,0.01449134,0.3312086
-0.005019811,-0.9449679,0.01451492,0.3268025
-0.004933868,-0.9468844,0.01454436,0.3212073
-0.00486387,-0.9484181,0.01456792,0.3166503
-0.004792888,-0.9499484,0.01459142,0.3120291
-0.004756879,-0.9507152,0.0146032,0.3096848
-0.004701855,-0.9518747,0.01462101,0.3061026
-0.004608891,-0.9537997,0.01465058,0.3000504
-0.004552148,-0.954954,0.01466831,0.2963562
-0.004494666,-0.9561074,0.01468603,0.2926139
-0.004397446,-0.9580216,0.01471543,0.2862846
-0.004318441,-0.9595436,0.01473881,0.2811411
-0.004278454,-0.9603025,0.01475047,0.2785379
-0.004217465,-0.9614453,0.01476802,0.2745673
-0.004155783,-0.962583,0.0147855,0.2705516
-0.004072269,-0.9640946,0.01480872,0.2651145
-0.003987655,-0.9655926,0.01483173,0.2596059
-0.003880401,-0.9674428,0.01486015,0.2526234
-0.003815067,-0.9685435,0.01487706,0.2483699
-0.003748992,-0.9696364,0.01489385,0.2440682
-0.003682053,-0.970723,0.01491054,0.2397103
-0.003614159,-0.9718039,0.01492714,0.2352902
-0.003499704,-0.9735777,0.01495439,0.2278388
-0.003406839,-0.9749728,0.01497582,0.221793
-0.003312952,-0.9763432,0.01499687,0.2156807
-0.003194037,-0.9780213,0.01502265,0.2079389
-0.003097663,-0.9793342,0.01504281,0.2016647
-0.003000259,-0.9806187,0.01506254,0.1953233
-0.00290152,-0.9818772,0.01508188,0.1888952
-0.002801661,-0.9831055,0.01510074,0.182394
-0.002675341,-0.9845958,0.01512363,0.1741702
-0.002572989,-0.9857513,0.01514138,0.1675068
-0.002469616,-0.9868713,0.01515858,0.1607769
-0.002338856,-0.9882206,0.01517931,0.152264
-0.002232997,-0.9892578,0.01519524,0.1453723
-0.002126133,-0.9902552,0.01521057,0.1384151
-0.002072131,-0.9907404,0.01521802,0.1348994
-0.00196293,-0.9916823,0.01523249,0.12779
-0.001824889,-0.992799,0.01524964,0.1188031
-0.001741192,-0.993436,0.01525942,0.1133542
-0.001628562,-0.9942452,0.01527185,0.1060216
-0.001486179,-0.99519,0.01528637,0.09675203
-0.00137111,-0.9958899,0.01529712,0.08926066
-0.00125489,-0.9965391,0.01530709,0.08169441
-0.001137427,-0.9971365,0.01531627,0.07404718
-0.001018986,-0.9976792,0.0153246,0.06633629
-0.0008694466,-0.9982787,0.01533381,0.05660084
-0.0007486227,-0.9986937,0.01534019,0.04873483
-0.0006268437,-0.9990491,0.01534565,0.04080663
-0.0004730955,-0.9994076,0.01535115,0.03079715
-0.0003489878,-0.999624,0.01535448,0.02271735
-0.0003177487,-0.9996681,0.01535516,0.02068359
-0.0001914171,-0.9998044,0.01535725,0.01245901
-6.415846E-05,-0.9998733,0.01535831,0.004174078
9.639579E-05,-0.9998624,0.01535814,-0.0062785
0.0002259038,-0.9997739,0.01535678,-0.01470987
0.0003891041,-0.9995611,0.01535351,-0.02533471
0.0005208072,-0.9993069,0.01534961,-0.03390899
0.0006201254,-0.9990666,0.01534592,-0.04037491
0.0007538434,-0.9986768,0.01533993,-0.04908036
0.0008885203,-0.9982073,0.01533272,-0.05784824
0.001058115,-0.9975061,0.01532195,-0.06888941
0.00119487,-0.9968513,0.01531189,-0.07779255
0.00133244,-0.9961119,0.01530053,-0.08674874
0.001470935,-0.9952855,0.01528784,-0.09576519
0.001610523,-0.9943691,0.01527376,-0.1048528
0.001680662,-0.9938771,0.01526621,-0.1094191
0.00178696,-0.9930908,0.01525413,-0.1163394
0.001865796,-0.9924761,0.01524469,-0.1214719
0.001920701,-0.9920321,0.01523787,-0.1250464
0.001932765,-0.9919327,0.01523634,-0.1258318
0.001932765,-0.9919327,0.01523634,-0.1258318
0.001932765,-0.9919327,0.01523634,-0.1258318
0.001932765,-0.9919327,0.01523634,-0.1258318
0.001932765,-0.9919327,0.01523634,-0.1258318
0.001932765,-0.9919327,0.01523634,-0.1258318
0.001932765,-0.9919327,0.01523634,-0.1258318
0.001932765,-0.9919327,0.01523634,-0.1258318
0.001932765,-0.9919327,0.01523634,-0.1258318
0.001932765,-0.9919327,0.01523634,-0.1258318
0.001932765,-0.9919327,0.01523634,-0.1258318
0.001932765,-0.9919327,0.01523634,-0.1258318
0.001932765,-0.9919327,0.01523634,-0.1258318
0.001932765,-0.9919327,0.01523634,-0.1258318
0.001932765,-0.9919327,0.01523634,-0.1258318
