-0.01525189,-0.1174983,0.001804779,0.9929544
-0.01523674,-0.125549,0.001928439,0.9919686
-0.01521601,-0.1357906,0.00208575,0.9906185
-0.01519794,-0.1441107,0.002213548,0.9894424
-0.01517344,-0.1546693,0.002375731,0.9878469
-0.01516296,-0.1589642,0.0024417,0.9871649
-0.01514084,-0.1676612,0.002575286,0.9857251
-0.01511104,-0.178694,0.002744751,0.9837849
-0.01508541,-0.187649,0.002882301,0.9821161
-0.0150511,-0.1989813,0.003056367,0.9798829
-0.01502172,-0.2081795,0.003197652,0.9779701
-0.01499062,-0.2174743,0.00334042,0.9759452
-0.0149576,-0.2269063,0.003485296,0.9737955
-0.0149227,-0.2364459,0.003631826,0.9715233
-0.01487642,-0.2484981,0.003816949,0.9685107
-0.01483714,-0.2582615,0.003966916,0.965953
-0.01479585,-0.2681127,0.004118231,0.9632652
-0.01474129,-0.2805629,0.004309468,0.9597128
-0.0146952,-0.2906299,0.004464099,0.9567124
-0.01464695,-0.3007773,0.004619963,0.9535708
-0.01458338,-0.3135964,0.004816866,0.9494322
-0.01452995,-0.3239363,0.004975688,0.9459542
-0.0144598,-0.3369785,0.005176017,0.9413871
-0.0144009,-0.3475053,0.00533771,0.9375523
-0.0143395,-0.358105,0.005500522,0.9335551
-0.01427536,-0.3688072,0.005664909,0.9293791
-0.01420863,-0.3795711,0.005830243,0.9250351
-0.01412144,-0.3931211,0.006038373,0.9193585
-0.01404857,-0.4040358,0.006206024,0.9146143
-0.01396203,-0.4165556,0.006398329,0.9089805
-0.01393138,-0.420883,0.006464799,0.9069849
-0.0139182,-0.4227275,0.006493129,0.9061267
-0.01391792,-0.4227667,0.006493731,0.9061084
-0.01391792,-0.4227667,0.006493731,0.9061084
-0.01391792,-0.4227667,0.006493731,0.9061084
-0.01391792,-0.4227667,0.006493731,0.9061084
-0.01391792,-0.4227667,0.006493731,0.9061084
-0.01391792,-0.4227667,0.006493731,0.9061084
-0.01391792,-0.4227667,0.006493731,0.9061084
-0.01391792,-0.4227667,0.006493731,0.9061084
-0.01391792,-0.4227667,0.006493731,0.9061084
-0.01391792,-0.4227667,0.006493731,0.9061084
-0.01391792,-0.4227667,0.006493731,0.9061084
-0.01391792,-0.4227667,0.006493731,0.9061084
-0.01391779,-0.4227839,0.006493996,0.9061004
-0.01391681,-0.4229216,0.006496111,0.9060361
-0.01391505,-0.4231667,0.006499875,0.9059218
-0.01391166,-0.4236387,0.006507125,0.905701
-0.01390798,-0.4241499,0.006514979,0.9054618
-0.01390354,-0.4247673,0.006524461,0.9051723
-0.01389671,-0.4257128,0.006538983,0.9047281
-0.01389033,-0.4265951,0.006552535,0.9043124
-0.01388118,-0.4278548,0.006571884,0.903717
-0.01387284,-0.4290007,0.006589486,0.9031736
-0.01386368,-0.4302538,0.006608733,0.9025773
-0.01385098,-0.4319829,0.006635292,0.901751
-0.01383981,-0.4334978,0.006658562,0.9010238
-0.01382781,-0.4351184,0.006683455,0.9002423
-0.01381145,-0.4373148,0.006717192,0.8991774
-0.01379742,-0.4391884,0.006745969,0.8982638
-0.01378228,-0.4411984,0.006776843,0.8972782
-0.01376612,-0.443332,0.006809615,0.8962259
-0.01374907,-0.4455683,0.006843964,0.8951162
-0.01372633,-0.4485305,0.006889464,0.8936356
-0.01370706,-0.4510212,0.006927722,0.8923811
-0.0136816,-0.4542866,0.006977879,0.8907232
-0.01366539,-0.4563488,0.007009554,0.8896685
-0.01364287,-0.4591963,0.007053292,0.8882021
-0.01361323,-0.4629094,0.007110326,0.8862725
-0.01358829,-0.4660049,0.007157873,0.8846489
-0.01356219,-0.4692174,0.007207218,0.8829491
-0.01354167,-0.4717228,0.0072457,0.8816132
-0.01352037,-0.4743048,0.007285359,0.8802267
-0.01348335,-0.4787507,0.007353649,0.8778166
-0.01345239,-0.4824284,0.007410138,0.8758007
-0.01343632,-0.4843225,0.007439232,0.8747548
-0.01341138,-0.4872437,0.007484103,0.873131
-0.0134027,-0.488255,0.007499635,0.8725659
-0.01335799,-0.4934211,0.007578988,0.869655
-0.01332081,-0.4976626,0.007644137,0.8672347
-0.01329186,-0.5009329,0.007694369,0.8653499
-0.01325185,-0.505406,0.007763077,0.862745
-0.01322086,-0.5088346,0.007815741,0.8607274
-0.01316738,-0.5146791,0.007905512,0.8572454
-0.01312768,-0.5189594,0.007971257,0.8546609
-0.01311288,-0.5205431,0.007995583,0.8536973
-0.01311288,-0.5205431,0.007995583,0.8536973
-0.01311288,-0.5205431,0.007995583,0.8536973
-0.01311288,-0.5205431,0.007995583,0.8536973
-0.01311288,-0.5205431,0.007995583,0.8536973
-0.01311288,-0.5205431,0.007995583,0.8536973
-0.01311288,-0.5205431,0.007995583,0.8536973
-0.01311288,-0.5205431,0.007995583,0.8536973
-0.01311288,-0.5205431,0.007995583,0.8536973
-0.01311288,-0.5205431,0.007995583,0.8536973
-0.01311288,-0.5205431,0.007995583,0.8536973
-0.01311305,-0.5205252,0.007995307,0.8537083
-0.01311423,-0.5203989,0.007993368,0.8537852
-0.01311635,-0.5201725,0.007989891,0.8539231
-0.01312053,-0.5197253,0.007983022,0.8541954
-0.01312388,-0.519367,0.007977518,0.8544133
-0.01312951,-0.5187631,0.00796824,0.8547802
-0.01313624,-0.5180407,0.007957145,0.8552181
-0.01314391,-0.5172157,0.007944472,0.8557173
-0.01315499,-0.5160198,0.007926103,0.8564389
-0.01316246,-0.5152116,0.007913688,0.8569254
-0.01317357,-0.5140072,0.007895187,0.8576484
-0.01318573,-0.5126834,0.007874853,0.8584404
-0.01319881,-0.5112555,0.00785292,0.8592916
-0.01321658,-0.5093055,0.007822967,0.8604488
-0.01323184,-0.5076233,0.007797128,0.8614423
-0.01325221,-0.505366,0.007762455,0.8627685
-0.01326519,-0.5039202,0.007740248,0.8636137
-0.01328348,-0.5018745,0.007708826,0.864804
-0.01330762,-0.499156,0.007667069,0.8663761
-0.01332797,-0.4968496,0.007631643,0.8677008
-0.01334913,-0.4944369,0.007594583,0.8690779
-0.01337686,-0.4912491,0.00754562,0.8708837
-0.01339998,-0.4885713,0.007504487,0.8723888
-0.01343,-0.4850655,0.007450639,0.874343
-0.01345499,-0.4821216,0.00740542,0.8759698
-0.0134807,-0.4790674,0.007358507,0.8776438
-0.01351395,-0.4750803,0.007297265,0.8798085
-0.01354141,-0.4717541,0.007246174,0.8815964
-0.01356953,-0.4683169,0.007193379,0.8834271
-0.01360576,-0.4638397,0.007124608,0.8857861
-0.01363548,-0.4601261,0.007067568,0.8877208
-0.01367351,-0.4553176,0.006993708,0.8901966
-0.01370472,-0.4513234,0.006932357,0.8922283
-0.01373646,-0.4472139,0.006869235,0.8942952
-0.01377698,-0.4418997,0.006787607,0.896933
-0.01381004,-0.4375044,0.006720094,0.8990851
-0.01385199,-0.4318472,0.006633199,0.9018161
-0.01388616,-0.4271702,0.00656136,0.9040409
-0.01392072,-0.422375,0.006487705,0.9062911
-0.01396455,-0.4161975,0.006392819,0.9091445
-0.01400008,-0.4111065,0.006314621,0.911458
-0.01404491,-0.4045741,0.006214281,0.9143763
-0.0140812,-0.3991922,0.006131615,0.9167387
-0.01411767,-0.3936945,0.006047169,0.9191131
-0.0141546,-0.3880331,0.005960211,0.9215175
-0.01419177,-0.3822362,0.005871171,0.923937
-0.01423843,-0.3748077,0.005757068,0.9269754
-0.01427598,-0.3687039,0.005663312,0.9294201
-0.01431122,-0.3628681,0.005573674,0.9317139
-0.01432905,-0.3598733,0.005527673,0.9328747
-0.01432905,-0.3598729,0.005527667,0.9328749
-0.01432905,-0.3598729,0.005527667,0.9328749
-0.01432905,-0.3598729,0.005527667,0.9328749
-0.01432905,-0.3598729,0.005527667,0.9328749
-0.01432905,-0.3598729,0.005527667,0.9328749
-0.01432905,-0.3598729,0.005527667,0.9328749
-0.01432905,-0.3598729,0.005527667,0.9328749
-0.01432905,-0.3598729,0.005527667,0.9328749
-0.01432905,-0.3598729,0.005527667,0.9328749
-0.01432905,-0.3598729,0.005527667,0.9328749
-0.01432905,-0.3598729,0.005527667,0.9328749
-0.01432905,-0.3598729,0.005527667,0.9328749
-0.01432905,-0.3598729,0.005527667,0.9328749
-0.01432905,-0.3598729,0.005527667,0.9328749
-0.01432905,-0.3598729,0.005527667,0.9328749
-0.01432905,-0.3598729,0.005527667,0.9328749
-0.01432905,-0.3598729,0.005527667,0.9328749
-0.01432905,-0.3598729,0.005527667,0.9328749
-0.01432905,-0.3598729,0.005527667,0.9328749
-0.01432905,-0.3598729,0.005527667,0.9328749
-0.01432905,-0.3598729,0.005527667,0.9328749
-0.01432905,-0.3598729,0.005527667,0.9328749
-0.01432905,-0.3598729,0.005527667,0.9328749
-0.01432905,-0.3598729,0.005527667,0.9328749
-0.01432905,-0.3598729,0.005527667,0.9328749
-0.01432905,-0.3598729,0.005527667,0.9328749
-0.01432905,-0.3598729,0.005527667,0.9328749
-0.01432905,-0.3598729,0.005527667,0.9328749
-0.01432905,-0.3598729,0.005527667,0.9328749
-0.01432905,-0.3598729,0.005527667,0.9328749
-0.01432905,-0.3598729,0.005527667,0.9328749
-0.01432905,-0.3598729,0.005527667,0.9328749
-0.01432905,-0.3598729,0.005527667,0.9328749
-0.01432905,-0.3598729,0.005527667,0.9328749
-0.01432905,-0.3598729,0.005527667,0.9328749
-0.01432905,-0.3598729,0.005527667,0.9328749
-0.01432905,-0.3598729,0.005527667,0.9328749
-0.01432905,-0.3598729,0.005527667,0.9328749
-0.01432905,-0.3598729,0.005527667,0.9328749
-0.01432905,-0.3598729,0.005527667,0.9328749
-0.01432905,-0.3598729,0.005527667,0.9328749
-0.01432905,-0.3598729,0.005527667,0.9328749
-0.01432905,-0.3598729,0.005527667,0.9328749
-0.01432905,-0.3598729,0.005527667,0.9328749
-0.01432905,-0.3598729,0.005527667,0.9328749
-0.01432905,-0.3598729,0.005527667,0.9328749
-0.01432905,-0.3598729,0.005527667,0.9328749
-0.01432905,-0.3598729,0.005527667,0.9328749
-0.01432905,-0.3598729,0.005527667,0.9328749
-0.01432905,-0.3598729,0.005527667,0.9328749
-0.01432905,-0.3598729,0.005527667,0.9328749
-0.01432905,-0.3598729,0.005527667,0.9328749
-0.01432905,-0.3598729,0.005527667,0.9328749
-0.01432905,-0.3598729,0.005527667,0.9328749
-0.01432905,-0.3598729,0.005527667,0.9328749
-0.01432905,-0.3598729,0.005527667,0.9328749
-0.01432905,-0.3598729,0.005527667,0.9328749
-0.01432905,-0.3598729,0.005527667,0.9328749
-0.01432905,-0.3598729,0.005527667,0.9328749
-0.01432905,-0.3598729,0.005527667,0.9328749
-0.01432905,-0.3598729,0.005527667,0.9328749
-0.01432905,-0.3598729,0.005527667,0.9328749
-0.01432905,-0.3598729,0.005527667,0.9328749
-0.01432905,-0.3598729,0.005527667,0.9328749
-0.01432905,-0.3598729,0.005527667,0.9328749
-0.01432905,-0.3598729,0.005527667,0.9328749
-0.01432905,-0.3598729,0.005527667,0.9328749
-0.01432905,-0.3598729,0.005527667,0.9328749
-0.01432905,-0.3598729,0.005527667,0.9328749
-0.01432905,-0.3598729,0.005527667,0.9328749
-0.01432905,-0.3598729,0.005527667,0.9328749
-0.01432905,-0.3598729,0.005527667,0.9328749
-0.01432905,-0.3598729,0.005527667,0.9328749
-0.01432905,-0.3598729,0.005527667,0.9328749
-0.01432905,-0.3598729,0.005527667,0.9328749
-0.01432905,-0.3598729,0.005527667,0.9328749
-0.01432905,-0.3598729,0.005527667,0.9328749
-0.01432905,-0.3598729,0.005527667,0.9328749
-0.01432905,-0.3598729,0.005527667,0.9328749
-0.01432905,-0.3598729,0.005527667,0.9328749
-0.01432905,-0.3598729,0.005527667,0.9328749
-0.01432905,-0.3598729,0.005527667,0.9328749
-0.01432905,-0.3598729,0.005527667,0.9328749
-0.01432905,-0.3598729,0.005527667,0.9328749
-0.01432905,-0.3598729,0.005527667,0.9328749
-0.01432905,-0.3598729,0.005527667,0.9328749
-0.01432905,-0.3598729,0.005527667,0.9328749
-0.01432905,-0.3598729,0.005527667,0.9328749
-0.01432905,-0.3598729,0.005527667,0.9328749
-0.01432905,-0.3598729,0.005527667,0.9328749
-0.01432905,-0.3598729,0.005527667,0.9328749
-0.01432905,-0.3598729,0.005527667,0.9328749
-0.01432905,-0.3598729,0.005527667,0.9328749
-0.01432905,-0.3598729,0.005527667,0.9328749
-0.01432905,-0.3598729,0.005527667,0.9328749
-0.01432905,-0.3598729,0.005527667,0.9328749
-0.01432905,-0.3598729,0.005527667,0.9328749
-0.01432905,-0.3598729,0.005527667,0.9328749
-0.01432905,-0.3598729,0.005527667,0.9328749
-0.01432905,-0.3598729,0.005527667,0.9328749
-0.01432905,-0.3598729,0.005527667,0.9328749
-0.01432905,-0.3598729,0.005527667,0.9328749
-0.01432905,-0.3598729,0.005527667,0.9328749
-0.01432905,-0.3598729,0.005527667,0.9328749
-0.01432905,-0.3598729,0.005527667,0.9328749
-0.01432905,-0.3598729,0.005527667,0.9328749
-0.01432905,-0.3598729,0.005527667,0.9328749
-0.01432905,-0.3598729,0.005527667,0.9328749
-0.01432905,-0.3598729,0.005527667,0.9328749
-0.01432905,-0.3598729,0.005527667,0.9328749
-0.01432905,-0.3598729,0.005527667,0.9328749
-0.01432905,-0.3598729,0.005527667,0.9328749
-0.01432905,-0.3598729,0.005527667,0.9328749
-0.01432905,-0.3598729,0.005527667,0.9328749
-0.01432905,-0.3598729,0.005527667,0.9328749
-0.01432905,-0.3598729,0.005527667,0.9328749
-0.01432905,-0.3598729,0.005527667,0.9328749
-0.01432905,-0.3598729,0.005527667,0.9328749
-0.01432905,-0.3598729,0.005527667,0.9328749
-0.01432905,-0.3598729,0.005527667,0.9328749
-0.01432905,-0.3598729,0.005527667,0.9328749
-0.01432905,-0.3598729,0.005527667,0.9328749
-0.01432905,-0.3598729,0.005527667,0.9328749
-0.01432905,-0.3598729,0.005527667,0.9328749
-0.01432905,-0.3598729,0.005527667,0.9328749
-0.01432905,-0.3598729,0.005527667,0.9328749
-0.01432905,-0.3598729,0.005527667,0.9328749
-0.01432905,-0.3598729,0.005527667,0.9328749
-0.01432905,-0.3598729,0.005527667,0.9328749
-0.01432905,-0.3598729,0.005527667,0.9328749
-0.01432905,-0.3598729,0.005527667,0.9328749
-0.01432905,-0.3598729,0.005527667,0.9328749
-0.01432905,-0.3598729,0.005527667,0.9328749
-0.01432905,-0.3598729,0.005527667,0.9328749
-0.01432905,-0.3598729,0.005527667,0.9328749
-0.01432905,-0.3598729,0.005527667,0.9328749
-0.01432905,-0.3598729,0.005527667,0.9328749
-0.01432905,-0.3598729,0.005527667,0.9328749
-0.01432905,-0.3598729,0.005527667,0.9328749
-0.01432905,-0.3598729,0.005527667,0.9328749
-0.01432905,-0.3598729,0.005527667,0.9328749
-0.01432905,-0.3598729,0.005527667,0.9328749
-0.01432905,-0.3598729,0.005527667,0.9328749
-0.01432905,-0.3598729,0.005527667,0.9328749
-0.01432905,-0.3598729,0.005527667,0.9328749
-0.01432905,-0.3598729,0.005527667,0.9328749
-0.01432905,-0.3598729,0.005527667,0.9328749
-0.01432905,-0.3598729,0.005527667,0.9328749
-0.01432905,-0.3598729,0.005527667,0.9328749
-0.01432905,-0.3598729,0.005527667,0.9328749
-0.01432905,-0.3598729,0.005527667,0.9328749
-0.01432905,-0.3598729,0.005527667,0.9328749
-0.01432905,-0.3598729,0.005527667,0.9328749
-0.01432963,-0.3597754,0.005526168,0.9329126
-0.01433118,-0.3595127,0.005522133,0.9330139
-0.01433369,-0.3590883,0.005515614,0.9331773
-0.01433581,-0.3587295,0.005510104,0.9333153
-0.01433943,-0.3581156,0.005500673,0.933551
-0.0143448,-0.3572037,0.005486667,0.9339002
-0.01435111,-0.3561268,0.005470124,0.9343114
-0.01435695,-0.3551284,0.005454788,0.9346914
-0.01436342,-0.354018,0.005437732,0.9351125
-0.01437252,-0.3524487,0.005413629,0.9357051
-0.01438052,-0.3510634,0.005392349,0.9362257
-0.01438796,-0.3497683,0.005372457,0.9367104
-0.01438796,-0.3497683,0.005372457,0.9367104
-0.01438796,-0.3497683,0.005372457,0.9367104
-0.01438796,-0.3497683,0.005372457,0.9367104
-0.01438796,-0.3497683,0.005372457,0.9367104
-0.01438796,-0.3497683,0.005372457,0.9367104
-0.01438796,-0.3497683,0.005372457,0.9367104
-0.01438796,-0.3497683,0.005372457,0.9367104
-0.01438796,-0.3497683,0.005372457,0.9367104
-0.01438796,-0.3497683,0.005372457,0.9367104
-0.01438796,-0.3497683,0.005372457,0.9367104
-0.01438796,-0.3497683,0.005372457,0.9367104
-0.01438796,-0.3497683,0.005372457,0.9367104
-0.01438796,-0.3497683,0.005372457,0.9367104
-0.01438796,-0.3497683,0.005372457,0.9367104
-0.01438796,-0.3497683,0.005372457,0.9367104
-0.01438796,-0.3497683,0.005372457,0.9367104
-0.01438796,-0.3497683,0.005372457,0.9367104
-0.01438796,-0.3497683,0.005372457,0.9367104
-0.01438796,-0.3497683,0.005372457,0.9367104
-0.01438796,-0.3497683,0.005372457,0.9367104
-0.01438796,-0.3497683,0.005372457,0.9367104
-0.01438796,-0.3497683,0.005372457,0.9367104
-0.01438796,-0.3497683,0.005372457,0.9367104
-0.01438796,-0.3497683,0.005372457,0.9367104
-0.01438796,-0.3497683,0.005372457,0.9367104
-0.01438796,-0.3497683,0.005372457,0.9367104
-0.01438796,-0.3497683,0.005372457,0.9367104
-0.01438796,-0.3497683,0.005372457,0.9367104
-0.01438796,-0.3497683,0.005372457,0.9367104
-0.01438796,-0.3497683,0.005372457,0.9367104
-0.01438796,-0.3497683,0.005372457,0.9367104
-0.01438796,-0.3497683,0.005372457,0.9367104
-0.01438796,-0.3497683,0.005372457,0.9367104
-0.01438796,-0.3497683,0.005372457,0.9367104
-0.01438796,-0.3497683,0.005372457,0.9367104
-0.01438796,-0.3497683,0.005372457,0.9367104
-0.01438796,-0.3497683,0.005372457,0.9367104
-0.01438796,-0.3497683,0.005372457,0.9367104
-0.01438796,-0.3497683,0.005372457,0.9367104
-0.01438796,-0.3497683,0.005372457,0.9367104
-0.01438796,-0.3497683,0.005372457,0.9367104
-0.01438796,-0.3497683,0.005372457,0.9367104
-0.01438796,-0.3497683,0.005372457,0.9367104
-0.01438796,-0.3497683,0.005372457,0.9367104
-0.01438796,-0.3497683,0.005372457,0.9367104
-0.01438796,-0.3497683,0.005372457,0.9367104
-0.01438796,-0.3497683,0.005372457,0.9367104
-0.01438796,-0.3497683,0.005372457,0.9367104
-0.01438796,-0.3497683,0.005372457,0.9367104
-0.01438796,-0.3497683,0.005372457,0.9367104
-0.01438796,-0.3497683,0.005372457,0.9367104
-0.01438796,-0.3497683,0.005372457,0.9367104
-0.01438796,-0.3497683,0.005372457,0.9367104
-0.01438796,-0.3497683,0.005372457,0.9367104
-0.01438796,-0.3497683,0.005372457,0.9367104
-0.01438796,-0.3497683,0.005372457,0.9367104
-0.01438796,-0.3497683,0.005372457,0.9367104
-0.01438796,-0.3497683,0.005372457,0.9367104
-0.0143874,-0.3498655,0.00537395,0.9366741
-0.01438591,-0.3501264,0.005377957,0.9365765
-0.01438347,-0.3505504,0.005384469,0.936418
-0.01438072,-0.3510282,0.005391808,0.936239
-0.01437733,-0.3516163,0.00540084,0.9360182
-0.01437204,-0.3525317,0.005414901,0.9356738
-0.01436826,-0.3531844,0.005424927,0.9354277
-0.01436106,-0.3544247,0.005443978,0.9349585
-0.01435447,-0.3555541,0.005461327,0.9345295
-0.0143453,-0.357119,0.005485363,0.9339327
-0.01433708,-0.3585146,0.0055068,0.9333978
-0.01432591,-0.3604023,0.005535795,0.9326706
-0.0143137,-0.3624532,0.005567296,0.9318755
-0.01430306,-0.3642283,0.005594563,0.931183
-0.01429171,-0.3661136,0.005623521,0.9304435
-0.01427634,-0.3686464,0.005662425,0.9294428
-0.01426317,-0.3707994,0.005695496,0.928586
-0.01424561,-0.37365,0.005739281,0.9274427
-0.01423057,-0.3760715,0.005776477,0.9264634
-0.01421474,-0.3786004,0.005815322,0.9254328
-0.01419372,-0.3819285,0.005866441,0.9240643
-0.01417593,-0.3847187,0.005909298,0.9229061
-0.01415252,-0.3883557,0.005965163,0.9213816
-0.01412782,-0.3921484,0.00602342,0.9197738
-0.01410184,-0.3960922,0.006083996,0.9180823
-0.01407451,-0.4001918,0.006146967,0.9163027
-0.0140515,-0.4036045,0.006199385,0.9148046
-0.01402754,-0.4071212,0.006253403,0.913245
-0.01399616,-0.4116742,0.006323337,0.9112017
-0.01396985,-0.4154438,0.006381239,0.9094892
-0.01394255,-0.4193128,0.006440667,0.9077119
-0.01390682,-0.4243121,0.006517457,0.9053858
-0.01387701,-0.4284287,0.006580689,0.9034451
-0.01384601,-0.4326594,0.006645672,0.9014267
-0.01381365,-0.4370213,0.006712672,0.8993201
-0.01378015,-0.4414809,0.006781172,0.8971392
-0.01373656,-0.4472025,0.006869056,0.8943009
-0.01370025,-0.4518986,0.00694119,0.8919371
-0.01366274,-0.4566863,0.00701473,0.8894953
-0.01361394,-0.4628223,0.007108979,0.8863181
-0.01357342,-0.4678386,0.00718603,0.8836805
-0.01352088,-0.4742436,0.007284412,0.8802598
-0.01347721,-0.4794831,0.007364891,0.8774167
-0.01343217,-0.4848107,0.007446723,0.8744842
-0.0133738,-0.4916024,0.007551045,0.8706844
-0.01332539,-0.4971428,0.007636147,0.8675328
-0.013288,-0.5013672,0.007701034,0.8650984
-0.01322357,-0.508536,0.007811148,0.8609038
-0.01317026,-0.514366,0.007900697,0.8574332
-0.01310136,-0.5217709,0.008014437,0.8529474
-0.0130443,-0.5277957,0.00810698,0.8492326
-0.0129856,-0.5338954,0.008200671,0.845411
-0.01290977,-0.5416339,0.008319533,0.8404742
-0.01284707,-0.5479156,0.00841602,0.8363926
-0.01278266,-0.5542644,0.008513537,0.8321989
-0.01269945,-0.5623132,0.008637168,0.8267817
-0.0126308,-0.5688289,0.008737251,0.8223124
-0.01254231,-0.5770683,0.008863809,0.8165515
-0.01248766,-0.5820702,0.008940638,0.8129935
-0.01239399,-0.5904948,0.00907004,0.8068954
-0.01229735,-0.5989975,0.009200644,0.8006036
-0.01221768,-0.6058681,0.009306177,0.7954169
-0.01214498,-0.6120325,0.009400863,0.7906834
-0.01213035,-0.6132611,0.009419735,0.789731
-0.01213035,-0.6132611,0.009419735,0.789731
-0.01213035,-0.6132611,0.009419735,0.789731
-0.01213035,-0.6132611,0.009419735,0.789731
-0.01213035,-0.6132611,0.009419735,0.789731
-0.01213035,-0.6132611,0.009419735,0.789731
-0.01213035,-0.6132611,0.009419735,0.789731
-0.01213035,-0.6132611,0.009419735,0.789731
-0.01213035,-0.6132611,0.009419735,0.789731
-0.01212996,-0.6132933,0.009420229,0.789706
-0.012128,-0.6134576,0.009422751,0.7895784
-0.01212504,-0.6137053,0.009426556,0.7893859
-0.01211979,-0.6141446,0.009433303,0.7890441
-0.01211288,-0.6147224,0.009442177,0.7885941
-0.01210432,-0.6154366,0.009453147,0.7880368
-0.0120941,-0.6162874,0.009466213,0.7873716
-0.01208453,-0.6170825,0.009478427,0.7867486
-0.01207097,-0.6182067,0.009495695,0.7858655
-0.01205572,-0.619467,0.009515053,0.7848725
-0.01204208,-0.62059,0.009532303,0.7839848
-0.0120273,-0.6218041,0.009550951,0.7830223
-0.01200694,-0.6234699,0.009576539,0.7816965
-0.01198927,-0.6249095,0.00959865,0.7805461
-0.01196544,-0.6268419,0.009628333,0.778995
-0.01194484,-0.6285052,0.009653883,0.7776537
-0.01191751,-0.6307005,0.009687603,0.7758743
-0.01188838,-0.6330261,0.009723324,0.7739781
-0.01186356,-0.6349965,0.00975359,0.7723624
-0.01183751,-0.637054,0.009785194,0.7706662
-0.01180293,-0.6397681,0.009826883,0.7684146
-0.01177379,-0.6420392,0.009861766,0.7665181
-0.0117355,-0.6450042,0.00990731,0.7640247
-0.01170319,-0.6474874,0.009945452,0.7619213
-0.01166955,-0.6500554,0.009984897,0.7597316
-0.01162551,-0.6533921,0.01003615,0.756864
-0.01158863,-0.6561627,0.0100787,0.7544631
-0.01154066,-0.6597364,0.0101336,0.7513402
-0.01150053,-0.6626996,0.01017911,0.7487278
-0.011459,-0.6657422,0.01022585,0.7460239
-0.01140493,-0.6696663,0.01028612,0.7425034
-0.01135992,-0.6729009,0.0103358,0.7395732
-0.01130167,-0.6770457,0.01039947,0.7357808
-0.01124125,-0.6812957,0.01046475,0.7318472
-0.01119122,-0.6847781,0.01051824,0.7285898
-0.0111264,-0.6892405,0.01058678,0.7243699
-0.01107267,-0.6928985,0.01064297,0.7208717
-0.01103116,-0.6956986,0.01068598,0.7181696
-0.01095969,-0.7004704,0.01075928,0.7135162
-0.01090064,-0.7043647,0.01081909,0.7096722
-0.01082446,-0.7093267,0.01089531,0.7047126
-0.01076147,-0.7133779,0.01095754,0.7006113
-0.01069679,-0.7174892,0.01102068,0.6964004
-0.0106134,-0.7227188,0.01110101,0.6909716
-0.01054461,-0.726974,0.01116637,0.6864933
-0.01047408,-0.7312832,0.01123256,0.681901
-0.01038317,-0.7367572,0.01131664,0.675983
-0.01030837,-0.7411958,0.01138482,0.6711133
-0.01021223,-0.7468156,0.01147114,0.6648539
-0.01013302,-0.7513749,0.01154117,0.6596968
-0.01005195,-0.7559763,0.01161185,0.6544189
-0.0099478,-0.7617931,0.01170119,0.6476384
-0.009862165,-0.7664979,0.01177346,0.6420633
-0.009752446,-0.7724253,0.01186451,0.6349199
-0.00963976,-0.7783977,0.01195624,0.6275836
-0.009524138,-0.7844071,0.01204855,0.6200562
-0.009405491,-0.7904518,0.0121414,0.6123318
-0.009308062,-0.7953249,0.01221624,0.6059888
-0.009208562,-0.8002192,0.01229142,0.599511
-0.00908109,-0.80637,0.0123859,0.591212
-0.008976566,-0.8113154,0.01246186,0.5844071
-0.008842966,-0.8175103,0.01255701,0.5757092
-0.008733546,-0.8224809,0.01263336,0.5685855
-0.008593682,-0.8287017,0.01272891,0.5594799
-0.0084505,-0.8349192,0.01282442,0.5501582
-0.008333234,-0.8399001,0.01290093,0.5425237
-0.008213721,-0.8448752,0.01297734,0.534743
-0.008060933,-0.8510896,0.0130728,0.5247959
-0.007935985,-0.8560521,0.01314902,0.5166613
-0.007808745,-0.8609974,0.01322498,0.5083775
-0.007646143,-0.8671607,0.01331965,0.4977915
-0.00751335,-0.8720667,0.01339501,0.4891462
-0.007343946,-0.8781617,0.01348863,0.4781173
-0.007205525,-0.8830085,0.01356307,0.4691056
-0.007064714,-0.8878181,0.01363695,0.4599383
-0.006885126,-0.8937782,0.01372849,0.4482464
-0.006738565,-0.8985001,0.01380102,0.4387047
-0.006552022,-0.9043289,0.01389056,0.42656
-0.006361846,-0.9100659,0.01397868,0.4141788
-0.00620698,-0.9145875,0.01404813,0.4040964
-0.006009757,-0.9201536,0.01413363,0.3912564
-0.005889271,-0.9234496,0.01418425,0.3834124
-0.005685157,-0.9288556,0.01426729,0.3701237
-0.005518929,-0.9330952,0.01433241,0.3593016
-0.005350254,-0.9372498,0.01439623,0.3483202
-0.005135589,-0.9423258,0.01447419,0.3343447
-0.004961009,-0.9462816,0.01453496,0.3229789
-0.004783748,-0.9501423,0.01459426,0.3114384
-0.004603464,-0.9539095,0.01465212,0.2997012
-0.004420727,-0.9575661,0.01470829,0.2878044
-0.004188627,-0.9619783,0.01477606,0.2726938
-0.004000025,-0.9653746,0.01482823,0.2604151
-0.003809021,-0.9686434,0.01487844,0.24798
-0.003566514,-0.9725488,0.01493842,0.2321919
-0.00336973,-0.9755185,0.01498404,0.2193805
-0.003120319,-0.9790287,0.01503796,0.203143
-0.002917849,-0.9816714,0.01507855,0.1899613
-0.002713058,-0.9841578,0.01511674,0.1766287
-0.002453597,-0.9870402,0.01516101,0.1597368
-0.00224326,-0.989159,0.01519356,0.146043
-0.002030337,-0.9911067,0.01522348,0.1321809
-0.001860023,-0.9925224,0.01524522,0.1210928
-0.001743875,-0.9934158,0.01525895,0.1135311
-0.001682571,-0.9938638,0.01526583,0.10954
-0.001679856,-0.9938833,0.01526612,0.1093632
-0.001679856,-0.9938833,0.01526612,0.1093632
-0.001679856,-0.9938833,0.01526612,0.1093632
-0.001679856,-0.9938833,0.01526612,0.1093632
-0.001679856,-0.9938833,0.01526612,0.1093632
-0.001679856,-0.9938833,0.01526612,0.1093632
-0.001679856,-0.9938833,0.01526612,0.1093632
-0.001679856,-0.9938833,0.01526612,0.1093632
-0.001679856,-0.9938833,0.01526612,0.1093632
-0.001679856,-0.9938833,0.01526612,0.1093632
-0.001679856,-0.9938833,0.01526612,0.1093632
-0.001679856,-0.9938833,0.01526612,0.1093632
-0.001679194,-0.993888,0.0152662,0.1093202
-0.001676396,-0.9939079,0.0152665,0.109138
-0.001671786,-0.9939409,0.01526701,0.1088378
-0.001663223,-0.9940017,0.01526794,0.1082804
-0.001654134,-0.9940661,0.01526893,0.1076886
-0.001643233,-0.9941427,0.01527011,0.106979
-0.001626659,-0.9942582,0.01527188,0.1058999
-0.001611271,-0.9943644,0.01527351,0.1048981
-0.001589373,-0.9945138,0.01527581,0.1034724
-0.001569509,-0.9946475,0.01527786,0.1021792
-0.001547833,-0.9947914,0.01528007,0.100768
-0.001517934,-0.9949866,0.01528307,0.09882152
-0.00149175,-0.9951545,0.01528565,0.09711679
-0.001463771,-0.9953306,0.01528835,0.09529529
-0.001425842,-0.995564,0.01529194,0.09282592
-0.001393367,-0.9957587,0.01529493,0.0907117
-0.001350081,-0.9960114,0.01529881,0.08789359
-0.001313084,-0.9962211,0.01530203,0.08548495
-0.00127429,-0.9964346,0.01530531,0.08295935
-0.001222966,-0.9967071,0.0153095,0.0796179
-0.001179642,-0.9969285,0.0153129,0.07679737
-0.001134503,-0.9971505,0.01531631,0.07385868
-0.001098983,-0.9973191,0.0153189,0.07154619
-0.001061528,-0.997491,0.01532154,0.06910772
-0.0010488,-0.997548,0.01532241,0.06827907
-0.0009947417,-0.9977827,0.01532602,0.06475966
-0.0009246409,-0.9980685,0.01533041,0.06019582
-0.0008807374,-0.9982368,0.01533299,0.05733754
-0.0008204385,-0.9984545,0.01533634,0.05341185
-0.0007422622,-0.9987138,0.01534032,0.04832228
-0.0006774355,-0.998909,0.01534332,0.04410181
-0.0006107802,-0.9990912,0.01534612,0.03976229
-0.0005245083,-0.9992989,0.01534931,0.03414566
-0.0004534411,-0.9994463,0.01535157,0.02951891
-0.0003801844,-0.9995757,0.01535356,0.02474961
-0.0003046012,-0.9996855,0.01535525,0.01982886
-0.000227176,-0.9997727,0.01535659,0.01478819
-0.0001274437,-0.9998477,0.01535774,0.008295229
-4.561773E-05,-0.9998777,0.0153582,0.002968043
1.754584E-05,-0.9998814,0.01535826,-0.001144147
0.0001038939,-0.9998592,0.01535792,-0.006765736
0.0001920403,-0.9998039,0.01535707,-0.01250441
0.0003051659,-0.9996846,0.01535523,-0.01986931
0.0003976907,-0.9995468,0.01535312,-0.02589303
0.0005161423,-0.9993172,0.01534959,-0.03360468
0.0006131317,-0.9990849,0.01534603,-0.03991906
0.0007119072,-0.9988073,0.01534176,-0.04634972
0.0008382776,-0.9983915,0.01533538,-0.05457692
0.0009672704,-0.997897,0.01532778,-0.06297484
0.001098874,-0.9973193,0.01531891,-0.07154272
0.001179629,-0.9969282,0.0153129,-0.07680018
0.001288983,-0.9963542,0.01530409,-0.08391957
0.001428364,-0.9955483,0.01529171,-0.0929938
0.001542051,-0.9948291,0.01528066,-0.1003953
0.001686551,-0.9938347,0.01526539,-0.1098028
0.001804375,-0.9929572,0.01525191,-0.1174736
0.001894136,-0.9922485,0.01524102,-0.1233174
0.002046217,-0.9909678,0.01522135,-0.1332184
0.002169967,-0.9898513,0.0152042,-0.141275
0.002295402,-0.9886513,0.01518577,-0.1494413
0.002454839,-0.9870266,0.01516081,-0.1598213
0.002584199,-0.985626,0.0151393,-0.1682431
0.002748379,-0.9837416,0.01511035,-0.1789318
0.002881711,-0.9821231,0.01508549,-0.1876123
0.003050541,-0.9799595,0.01505226,-0.1986037
0.003187645,-0.9781082,0.01502382,-0.2075298
0.003326285,-0.9761494,0.01499373,-0.2165558
0.003501915,-0.9735423,0.01495369,-0.2279899
0.003644256,-0.9713255,0.01491964,-0.237257
0.003788027,-0.9689913,0.01488379,-0.246617
0.003970083,-0.9658973,0.01483626,-0.2584695
0.004117361,-0.9632804,0.01479607,-0.2680579
0.004266407,-0.9605274,0.01475378,-0.2777613
0.004417199,-0.957634,0.01470934,-0.2875785
0.004531446,-0.9553688,0.01467455,-0.2950164
0.004595343,-0.9540743,0.01465466,-0.2991763
0.004658496,-0.9527753,0.01463471,-0.3032879
0.004671732,-0.9525005,0.01463049,-0.3041496
0.004671732,-0.9525005,0.01463049,-0.3041496
0.004671732,-0.9525005,0.01463049,-0.3041496
0.004671732,-0.9525005,0.01463049,-0.3041496
0.004671732,-0.9525005,0.01463049,-0.3041496
0.004671732,-0.9525005,0.01463049,-0.3041496
0.004671732,-0.9525005,0.01463049,-0.3041496
0.004671732,-0.9525005,0.01463049,-0.3041496
0.004671732,-0.9525005,0.01463049,-0.3041496
0.004671732,-0.9525005,0.01463049,-0.3041496
0.004671732,-0.9525005,0.01463049,-0.3041496
0.004671732,-0.9525005,0.01463049,-0.3041496
0.004671732,-0.9525005,0.01463049,-0.3041496
0.004671732,-0.9525005,0.01463049,-0.3041496
0.004671732,-0.9525005,0.01463049,-0.3041496
0.004671732,-0.9525005,0.01463049,-0.3041496
0.004671732,-0.9525005,0.01463049,-0.3041496
0.004671732,-0.9525005,0.01463049,-0.3041496
0.004671732,-0.9525005,0.01463049,-0.3041496
0.004671732,-0.9525005,0.01463049,-0.3041496
0.004671732,-0.9525005,0.01463049,-0.3041496
0.004671732,-0.9525005,0.01463049,-0.3041496
0.004671732,-0.9525005,0.01463049,-0.3041496
0.004671732,-0.9525005,0.01463049,-0.3041496
0.004671732,-0.9525005,0.01463049,-0.3041496
0.004671732,-0.9525005,0.01463049,-0.3041496
0.004671732,-0.9525005,0.01463049,-0.3041496
0.004671836,-0.9524984,0.01463046,-0.3041564
0.004673596,-0.9524617,0.01462989,-0.304271
0.004678199,-0.9523659,0.01462842,-0.3045706
0.004685374,-0.9522165,0.01462613,-0.3050377
0.004693166,-0.9520538,0.01462363,-0.3055451
0.004703079,-0.9518464,0.01462044,-0.3061904
0.004715033,-0.9515957,0.01461659,-0.3069687
0.004728726,-0.9513077,0.01461217,-0.3078601
0.004748637,-0.9508872,0.01460571,-0.3091564
0.004762221,-0.9505992,0.01460129,-0.3100408
0.004787202,-0.9500673,0.01459312,-0.3116671
0.004809315,-0.9495937,0.01458584,-0.3131068
0.004833146,-0.9490808,0.01457796,-0.3146582
0.004865716,-0.9483752,0.01456713,-0.3167787
0.004893804,-0.9477624,0.01455771,-0.3186073
0.004931398,-0.9469361,0.01454502,-0.3210548
0.004963703,-0.9462204,0.01453403,-0.323158
0.004997781,-0.9454598,0.01452235,-0.3253765
0.005042885,-0.9444442,0.01450675,-0.328313
0.005090464,-0.9433616,0.01449012,-0.3314106
0.005140521,-0.9422105,0.01447244,-0.3346694
0.005193033,-0.9409891,0.01445368,-0.3380882
0.005248,-0.9396958,0.01443381,-0.3416667
0.005305422,-0.938328,0.0144128,-0.3454051
0.005353401,-0.9371723,0.01439505,-0.3485287
0.005403028,-0.9359643,0.01437649,-0.3517596
0.005467739,-0.9343702,0.01435201,-0.3559725
0.00553481,-0.932695,0.01432628,-0.3603391
0.005604285,-0.9309348,0.01429924,-0.3648622
0.005661949,-0.9294548,0.0142765,-0.3686163
0.005721226,-0.927915,0.01425285,-0.3724755
0.005782526,-0.926303,0.01422809,-0.3764664
0.005845751,-0.9246194,0.01420223,-0.3805826
0.005910551,-0.9228717,0.01417539,-0.3848013
0.00599409,-0.9205851,0.01414027,-0.39024
0.006062751,-0.9186774,0.01411096,-0.3947101
0.006150815,-0.9161927,0.0140728,-0.4004434
0.006223266,-0.9141167,0.01404091,-0.4051602
0.006297209,-0.9119678,0.0140079,-0.4099742
0.00639195,-0.9091699,0.01396493,-0.4161423
0.006469571,-0.9068398,0.01392914,-0.4211956
0.006548626,-0.9044315,0.01389214,-0.4263425
0.006629722,-0.9019238,0.01385363,-0.4316221
0.006712453,-0.8993264,0.01381373,-0.4370082
0.006797009,-0.8966306,0.01377232,-0.4425131
0.006883227,-0.8938384,0.01372943,-0.4481262
0.006970809,-0.8909569,0.01368517,-0.4538282
0.007082387,-0.8872193,0.01362776,-0.4610923
0.007173283,-0.8841187,0.01358014,-0.4670099
0.007288706,-0.8801084,0.01351854,-0.4745245
0.007405966,-0.8759494,0.01345466,-0.4821586
0.00750114,-0.87251,0.01340183,-0.4883548
0.007622032,-0.8680578,0.01333345,-0.4962254
0.007720261,-0.8643709,0.01327681,-0.5026204
0.007819623,-0.8605767,0.01321854,-0.5090892
0.007945741,-0.8556664,0.01314311,-0.5173
0.008047866,-0.8516113,0.01308083,-0.5239487
0.008177191,-0.8463735,0.01300038,-0.5323683
0.008281878,-0.8420481,0.01293394,-0.5391838
0.008414215,-0.8364687,0.01284824,-0.5477995
0.008521416,-0.8318563,0.01277739,-0.5547787
0.008629525,-0.827119,0.01270462,-0.561817
0.008766104,-0.821009,0.01261078,-0.5707087
0.008876455,-0.8159681,0.01253335,-0.577893
0.00898761,-0.8107944,0.01245388,-0.5851296
0.009127925,-0.8041229,0.0123514,-0.5942647
0.009241052,-0.7986274,0.01226699,-0.6016297
0.009383476,-0.7915573,0.0121584,-0.6109021
0.00949836,-0.7857281,0.01206886,-0.6183814
0.009613802,-0.7797543,0.0119771,-0.6258971
0.009759039,-0.7720694,0.01185906,-0.6353526
0.009875918,-0.7657443,0.01176191,-0.6429618
0.00999321,-0.759267,0.01166242,-0.650598
0.01013301,-0.7513726,0.01154116,-0.6596993
0.01020168,-0.7474236,0.0114805,-0.6641702
0.010227,-0.7459554,0.01145795,-0.6658189
0.010227,-0.7459554,0.01145795,-0.6658189
0.010227,-0.7459554,0.01145795,-0.6658189
0.010227,-0.7459554,0.01145795,-0.6658189
0.010227,-0.7459554,0.01145795,-0.6658189
0.010227,-0.7459554,0.01145795,-0.6658189
0.010227,-0.7459554,0.01145795,-0.6658189
0.010227,-0.7459554,0.01145795,-0.6658189
0.010227,-0.7459554,0.01145795,-0.6658189
0.010227,-0.7459554,0.01145795,-0.6658189
0.010227,-0.7459554,0.01145795,-0.6658189
0.010227,-0.7459554,0.01145795,-0.6658189
0.010227,-0.7459554,0.01145795,-0.6658189
0.010227,-0.7459554,0.01145795,-0.6658189
0.010227,-0.7459554,0.01145795,-0.6658189
0.010227,-0.7459554,0.01145795,-0.6658189
0.010227,-0.7459554,0.01145795,-0.6658189
0.010227,-0.7459554,0.01145795,-0.6658189
0.01022716,-0.7459461,0.01145781,-0.6658292
0.01022915,-0.7458303,0.01145603,-0.665959
0.01023243,-0.7456399,0.01145311,-0.6661721
0.01023705,-0.745371,0.01144898,-0.666473
0.010245,-0.7449077,0.01144186,-0.6669908
0.01025296,-0.7444435,0.01143473,-0.6675088
0.0102649,-0.7437454,0.01142401,-0.6682865
0.01027882,-0.7429304,0.01141149,-0.6691924
0.01029147,-0.7421877,0.01140008,-0.6700162
0.01030934,-0.7411357,0.01138392,-0.6711797
0.0103253,-0.7401936,0.01136945,-0.6722184
0.01034257,-0.7391707,0.01135374,-0.673343
0.01036631,-0.73776,0.01133207,-0.6748884
0.01038683,-0.7365358,0.01131327,-0.6762242
0.0104144,-0.7348836,0.01128789,-0.6780193
0.01043807,-0.7334588,0.01126601,-0.6795604
0.01046303,-0.7319498,0.01124283,-0.6811855
0.01049629,-0.7299286,0.01121178,-0.6833509
0.0105314,-0.7277817,0.0111788,-0.6856369
0.01056838,-0.725506,0.01114385,-0.6880445
0.0105996,-0.7235731,0.01111416,-0.6900769
0.01063206,-0.7215521,0.01108312,-0.6921898
0.01067453,-0.7188895,0.01104222,-0.6949547
0.01071,-0.7166494,0.01100781,-0.6972645
0.010756,-0.713724,0.01096288,-0.7002587
0.01079434,-0.7112662,0.01092513,-0.702755
0.01083385,-0.7087154,0.01088595,-0.7053273
0.010885,-0.7053855,0.0108348,-0.7086575
0.01092726,-0.7026109,0.01079218,-0.7114086
0.01098173,-0.6990022,0.01073675,-0.7149546
0.01102674,-0.6959924,0.01069052,-0.717885
0.01107282,-0.6928844,0.01064278,-0.7208851
0.01112497,-0.6893346,0.01058826,-0.7242803
0.01113074,-0.6889397,0.01058219,-0.7246559
0.01113074,-0.6889397,0.01058219,-0.7246559
0.01113074,-0.6889397,0.01058219,-0.7246559
0.01113074,-0.6889397,0.01058219,-0.7246559
0.01113074,-0.6889397,0.01058219,-0.7246559
0.01113074,-0.6889397,0.01058219,-0.7246559
0.01113074,-0.6889397,0.01058219,-0.7246559
0.01113074,-0.6889397,0.01058219,-0.7246559
0.01113074,-0.6889397,0.01058219,-0.7246559
0.01113074,-0.6889397,0.01058219,-0.7246559
0.01113074,-0.6889397,0.01058219,-0.7246559
0.01113074,-0.6889397,0.01058219,-0.7246559
0.01113074,-0.6889397,0.01058219,-0.7246559
0.01113074,-0.6889397,0.01058219,-0.7246559
0.01113074,-0.6889397,0.01058219,-0.7246559
0.01113074,-0.6889397,0.01058219,-0.7246559
0.01113074,-0.6889397,0.01058219,-0.7246559
0.01113074,-0.6889397,0.01058219,-0.7246559
0.01113074,-0.6889397,0.01058219,-0.7246559
0.01113074,-0.6889397,0.01058219,-0.7246559
0.01113074,-0.6889397,0.01058219,-0.7246559
0.01113074,-0.6889397,0.01058219,-0.7246559
0.01113074,-0.6889397,0.01058219,-0.7246559
0.01113074,-0.6889397,0.01058219,-0.7246559
0.01113074,-0.6889397,0.01058219,-0.7246559
0.01113074,-0.6889397,0.01058219,-0.7246559
0.01113074,-0.6889397,0.01058219,-0.7246559
0.01113074,-0.6889397,0.01058219,-0.7246559
0.01113074,-0.6889397,0.01058219,-0.7246559
0.01113074,-0.6889397,0.01058219,-0.7246559
0.01113074,-0.6889397,0.01058219,-0.7246559
0.01113074,-0.6889397,0.01058219,-0.7246559
0.01113074,-0.6889397,0.01058219,-0.7246559
0.01113074,-0.6889397,0.01058219,-0.7246559
0.01113074,-0.6889397,0.01058219,-0.7246559
0.01113074,-0.6889397,0.01058219,-0.7246559
0.01113074,-0.6889397,0.01058219,-0.7246559
0.01113074,-0.6889397,0.01058219,-0.7246559
0.01113074,-0.6889397,0.01058219,-0.7246559
0.01113074,-0.6889397,0.01058219,-0.7246559
0.01113074,-0.6889397,0.01058219,-0.7246559
0.01113074,-0.6889397,0.01058219,-0.7246559
0.01113074,-0.6889397,0.01058219,-0.7246559
0.01113074,-0.6889397,0.01058219,-0.7246559
0.01113074,-0.6889397,0.01058219,-0.7246559
0.01113074,-0.6889397,0.01058219,-0.7246559
0.01113074,-0.6889397,0.01058219,-0.7246559
0.01113074,-0.6889397,0.01058219,-0.7246559
0.01113074,-0.6889397,0.01058219,-0.7246559
0.01113074,-0.6889397,0.01058219,-0.7246559
0.01113074,-0.6889397,0.01058219,-0.7246559
0.01113074,-0.6889397,0.01058219,-0.7246559
0.01113074,-0.6889397,0.01058219,-0.7246559
0.01113074,-0.6889397,0.01058219,-0.7246559
0.01113074,-0.6889397,0.01058219,-0.7246559
0.01113074,-0.6889397,0.01058219,-0.7246559
0.01113074,-0.6889397,0.01058219,-0.7246559
0.01113074,-0.6889397,0.01058219,-0.7246559
0.01113074,-0.6889397,0.01058219,-0.7246559
0.01113074,-0.6889397,0.01058219,-0.7246559
0.01113074,-0.6889397,0.01058219,-0.7246559
0.01113074,-0.6889397,0.01058219,-0.7246559
0.01113074,-0.6889397,0.01058219,-0.7246559
0.01113074,-0.6889397,0.01058219,-0.7246559
0.01113074,-0.6889397,0.01058219,-0.7246559
0.01113074,-0.6889397,0.01058219,-0.7246559
0.01113074,-0.6889397,0.01058219,-0.7246559
0.01113074,-0.6889397,0.01058219,-0.7246559
0.01113074,-0.6889397,0.01058219,-0.7246559
0.01113074,-0.6889397,0.01058219,-0.7246559
0.01113074,-0.6889397,0.01058219,-0.7246559
0.01113074,-0.6889397,0.01058219,-0.7246559
0.01113074,-0.6889397,0.01058219,-0.7246559
0.01113074,-0.6889397,0.01058219,-0.7246559
0.01113074,-0.6889397,0.01058219,-0.7246559
0.01113074,-0.6889397,0.01058219,-0.7246559
0.01113074,-0.6889397,0.01058219,-0.7246559
0.01113074,-0.6889397,0.01058219,-0.7246559
0.01113074,-0.6889397,0.01058219,-0.7246559
0.01113074,-0.6889397,0.01058219,-0.7246559
0.01113074,-0.6889397,0.01058219,-0.7246559
0.01113074,-0.6889397,0.01058219,-0.7246559
0.01113074,-0.6889397,0.01058219,-0.7246559
0.01113074,-0.6889397,0.01058219,-0.7246559
0.01113074,-0.6889397,0.01058219,-0.7246559
0.01113074,-0.6889397,0.01058219,-0.7246559
0.01113074,-0.6889397,0.01058219,-0.7246559
0.01113074,-0.6889397,0.01058219,-0.7246559
0.01113074,-0.6889397,0.01058219,-0.7246559
0.01113074,-0.6889397,0.01058219,-0.7246559
0.01113074,-0.6889397,0.01058219,-0.7246559
0.01113074,-0.6889397,0.01058219,-0.7246559
0.01113074,-0.6889397,0.01058219,-0.7246559
0.01113074,-0.6889397,0.01058219,-0.7246559
0.01113074,-0.6889397,0.01058219,-0.7246559
0.01113074,-0.6889397,0.01058219,-0.7246559
0.01113074,-0.6889397,0.01058219,-0.7246559
0.01113074,-0.6889397,0.01058219,-0.7246559
0.01113074,-0.6889397,0.01058219,-0.7246559
0.01113074,-0.6889397,0.01058219,-0.7246559
0.01113074,-0.6889397,0.01058219,-0.7246559
0.01113074,-0.6889397,0.01058219,-0.7246559
0.01113074,-0.6889397,0.01058219,-0.7246559
0.01113074,-0.6889397,0.01058219,-0.7246559
0.01113074,-0.6889397,0.01058219,-0.7246559
0.01113149,-0.6888884,0.0105814,-0.7247047
0.01113368,-0.6887386,0.0105791,-0.7248471
0.01113812,-0.6884345,0.01057443,-0.725136
0.01114442,-0.6880022,0.01056779,-0.7255462
0.01115254,-0.6874437,0.01055921,-0.7260754
0.01116252,-0.6867568,0.01054866,-0.726725
0.01117213,-0.6860945,0.01053849,-0.7273504
0.01118298,-0.6853452,0.01052698,-0.7280564
0.01119844,-0.6842741,0.01051052,-0.7290632
0.01121232,-0.6833102,0.01049572,-0.7299667
0.01123138,-0.6819823,0.01047532,-0.7312074
0.0112522,-0.6805256,0.01045295,-0.7325634
0.01127024,-0.6792596,0.0104335,-0.7337374
0.01129466,-0.6775385,0.01040707,-0.7353271
0.01131565,-0.6760519,0.01038423,-0.736694
0.01133783,-0.6744747,0.01036001,-0.7381383
0.01136747,-0.6723574,0.01032748,-0.7400674
0.01139255,-0.6705557,0.01029981,-0.7417003
0.01142561,-0.6681674,0.01026313,-0.7438526
0.01145353,-0.6661381,0.01023196,-0.7456704
0.01148257,-0.6640154,0.01019935,-0.7475612
0.0115206,-0.6612179,0.01015638,-0.7500367
0.01155239,-0.6588625,0.0101202,-0.7521067
0.01158527,-0.656411,0.01008255,-0.7542472
0.01162815,-0.6531897,0.01003307,-0.7570385
0.01166368,-0.6504993,0.009991745,-0.7593515
0.01170962,-0.6469914,0.00993786,-0.7623426
0.01174771,-0.644058,0.009892804,-0.7648225
0.0117868,-0.6410238,0.009846198,-0.7673673
0.0118372,-0.6370757,0.009785557,-0.7706482
0.01187873,-0.6337908,0.009735101,-0.773352
0.01193193,-0.629541,0.009669823,-0.7768155
0.0119757,-0.6260081,0.009615557,-0.7796654
0.01202037,-0.6223691,0.009559661,-0.7825733
0.01207757,-0.6176575,0.009487293,-0.7862973
0.0121244,-0.6137564,0.009427373,-0.7893461
0.01217204,-0.6097466,0.009365781,-0.7924477
0.01223087,-0.6047363,0.009288824,-0.7962777
0.01225353,-0.6027889,0.009258912,-0.7977529
0.01225353,-0.6027889,0.009258912,-0.7977529
0.01225353,-0.6027889,0.009258912,-0.7977529
0.01225353,-0.6027889,0.009258912,-0.7977529
0.01225353,-0.6027889,0.009258912,-0.7977529
0.01225353,-0.6027889,0.009258912,-0.7977529
0.01225353,-0.6027889,0.009258912,-0.7977529
0.01225353,-0.6027889,0.009258912,-0.7977529
0.01225353,-0.6027889,0.009258912,-0.7977529
0.01225353,-0.6027889,0.009258912,-0.7977529
0.01225353,-0.6027889,0.009258912,-0.7977529
0.01225353,-0.6027889,0.009258912,-0.7977529
0.01225353,-0.6027889,0.009258912,-0.7977529
0.01225353,-0.6027889,0.009258912,-0.7977529
0.01225353,-0.6027889,0.009258912,-0.7977529
0.01225353,-0.6027889,0.009258912,-0.7977529
0.01225353,-0.6027889,0.009258912,-0.7977529
0.01225353,-0.6027889,0.009258912,-0.7977529
0.01225353,-0.6027889,0.009258912,-0.7977529
0.01225353,-0.6027889,0.009258912,-0.7977529
0.01225353,-0.6027889,0.009258912,-0.7977529
0.01225353,-0.6027889,0.009258912,-0.7977529
0.01225353,-0.6027889,0.009258912,-0.7977529
0.01225353,-0.6027889,0.009258912,-0.7977529
0.01225353,-0.6027889,0.009258912,-0.7977529
0.01225314,-0.6028221,0.009259423,-0.7977278
0.01225172,-0.6029446,0.009261305,-0.7976353
0.01224816,-0.6032513,0.009266016,-0.7974034
0.01224298,-0.6036965,0.009272854,-0.7970663
0.01223747,-0.6041696,0.00928012,-0.7967077
0.01223247,-0.6045993,0.00928672,-0.7963817
0.01222239,-0.6054621,0.009299973,-0.795726
0.01221069,-0.6064622,0.009315334,-0.794964
0.01219735,-0.6075991,0.009332797,-0.7940955
0.01218234,-0.6088732,0.009352367,-0.7931188
0.01217574,-0.6094326,0.009360959,-0.7926891
0.01215741,-0.6109824,0.009384762,-0.7914953
0.0121414,-0.6123303,0.009405468,-0.7904528
0.0121241,-0.6137812,0.009427753,-0.7893268
0.01210525,-0.6153565,0.009451949,-0.7880993
0.0120852,-0.6170244,0.009477568,-0.7867941
0.01205832,-0.6192489,0.009511736,-0.7850445
0.01203537,-0.6211388,0.009540764,-0.7835501
0.012005,-0.6236249,0.00957895,-0.7815729
0.01197281,-0.6262422,0.009619151,-0.7794773
0.01194561,-0.6284399,0.009652909,-0.7777064
0.0119098,-0.6313142,0.009697058,-0.7753751
0.01187952,-0.6337273,0.009734122,-0.773404
0.01184798,-0.6362256,0.009772495,-0.7713502
0.01180657,-0.6394801,0.009822484,-0.7686543
0.01177184,-0.6421877,0.009864074,-0.7663936
0.01173581,-0.644977,0.009906917,-0.7640477
0.01168864,-0.6485975,0.009962527,-0.7609767
0.01164931,-0.6515896,0.01000849,-0.7584161
0.01159812,-0.6554489,0.01006776,-0.7550834
0.01155542,-0.6586379,0.01011675,-0.7523032
0.01151129,-0.6619052,0.01016693,-0.7494302
0.01145396,-0.6661071,0.01023147,-0.745698
0.01140631,-0.6695637,0.01028457,-0.7425959
0.0113572,-0.6730925,0.01033877,-0.7393988
0.01129346,-0.6776231,0.01040836,-0.735249
0.0112407,-0.6813312,0.01046532,-0.7318141
0.01117249,-0.6860704,0.01053811,-0.7273731
0.01111597,-0.6899508,0.01059771,-0.7236934
0.01105785,-0.6938978,0.01065834,-0.7199098
0.01098276,-0.6989343,0.0107357,-0.715021
0.01092072,-0.703042,0.01079879,-0.7109825
0.01085703,-0.7072108,0.01086283,-0.7068359
0.01077481,-0.7125207,0.01094439,-0.701483
0.01070706,-0.7168366,0.01101068,-0.6970721
0.01061983,-0.7223153,0.01109483,-0.6913934
0.01054788,-0.7267705,0.01116326,-0.6867086
0.01047413,-0.7312772,0.01123249,-0.6819074
0.01037926,-0.7369882,0.01132021,-0.6757311
0.01030114,-0.7416191,0.01139134,-0.6706455
0.0102212,-0.7462927,0.01146313,-0.6654407
0.01011835,-0.7522098,0.01155401,-0.6587448
0.01005502,-0.7558003,0.01160916,-0.6546221
0.009946792,-0.7618462,0.01170203,-0.6475759
0.009857844,-0.7667309,0.01177706,-0.641785
0.00974393,-0.7728781,0.01187148,-0.6343688
0.009626984,-0.7790651,0.01196651,-0.626755
0.009507034,-0.7852836,0.01206203,-0.6189458
0.009383979,-0.7915323,0.01215801,-0.6109344
0.009282987,-0.7965639,0.01223529,-0.6043594
0.009179877,-0.8016126,0.01231284,-0.5976466
0.009047831,-0.8079508,0.0124102,-0.5890499
0.008939599,-0.8130413,0.01248838,-0.5820035
0.00882921,-0.8181381,0.01256667,-0.5748168
0.008687847,-0.8245274,0.01266481,-0.5656135
0.00854317,-0.8309102,0.01276285,-0.5561945
0.008395099,-0.8372827,0.01286073,-0.5465545
0.008273871,-0.842382,0.01293905,-0.5386621
0.008150345,-0.8474706,0.01301722,-0.5306202
0.007992529,-0.8538176,0.01311471,-0.5203457
0.007863481,-0.8588815,0.01319249,-0.5119442
0.007732119,-0.8639217,0.01326991,-0.503392
0.007564284,-0.8701966,0.01336629,-0.4924653
0.007427272,-0.8751847,0.0134429,-0.4835453
0.007252526,-0.8813745,0.01353798,-0.4721686
0.007109782,-0.8862903,0.01361349,-0.4628755
0.006964615,-0.8911623,0.01368832,-0.4534245
0.006779542,-0.897191,0.01378092,-0.4413756
0.006628537,-0.9019609,0.01385419,-0.4315445
0.006478141,-0.9065806,0.01392515,-0.4217532
0.006358792,-0.9101551,0.01398005,-0.4139831
0.006321741,-0.9112483,0.01399684,-0.411571
0.006302841,-0.9118031,0.01400536,-0.4103405
0.006293231,-0.9120844,0.01400968,-0.4097148
0.006293231,-0.9120844,0.01400968,-0.4097148
0.006293231,-0.9120844,0.01400968,-0.4097148
0.006293138,-0.9120871,0.01400973,-0.4097087
0.006291192,-0.9121441,0.0140106,-0.409582
0.006286788,-0.9122727,0.01401258,-0.4092954
0.00627996,-0.912472,0.01401564,-0.4088509
0.006270682,-0.9127424,0.01401979,-0.4082468
0.006258949,-0.9130837,0.01402503,-0.4074829
0.00624768,-0.9134108,0.01403006,-0.4067492
0.006231029,-0.9138927,0.01403746,-0.4056652
0.006215628,-0.9143372,0.01404429,-0.4046626
0.006194069,-0.914957,0.01405381,-0.403259
0.006170031,-0.9156452,0.01406438,-0.401694
0.006148814,-0.9162499,0.01407367,-0.4003127
0.006119817,-0.9170724,0.0140863,-0.3984249
0.006088345,-0.9179599,0.01409993,-0.3963759
0.00606126,-0.9187192,0.0141116,-0.3946126
0.006024765,-0.9197361,0.01412722,-0.3922366
0.00599347,-0.9206024,0.01414052,-0.3901991
0.005951987,-0.9217424,0.01415803,-0.3874984
0.005907989,-0.9229414,0.01417645,-0.3846339
0.005870844,-0.9239456,0.01419187,-0.3822156
0.005821764,-0.9252609,0.01421208,-0.3790202
0.005780349,-0.9263608,0.01422897,-0.376324
0.005737197,-0.9274972,0.01424643,-0.3735146
0.005680436,-0.9289768,0.01426915,-0.3698193
0.005632994,-0.9302005,0.01428795,-0.3667305
0.005571087,-0.9317793,0.0143122,-0.3627002
0.005519293,-0.9330849,0.01433225,-0.3593282
0.00546572,-0.9344206,0.01435277,-0.3558404
0.005396025,-0.9361359,0.01437911,-0.351303
0.005338015,-0.9375445,0.01440075,-0.3475263
0.005263045,-0.9393393,0.01442832,-0.3426455
0.005200752,-0.9408087,0.01445089,-0.33859
0.005136622,-0.9423008,0.01447381,-0.3344149
0.005053673,-0.9442,0.01450298,-0.3290145
0.004985046,-0.945745,0.01452671,-0.3245467
0.004896723,-0.9476988,0.01455672,-0.3187965
0.004823701,-0.9492847,0.01458108,-0.3140425
0.004748802,-0.950884,0.01460564,-0.3091663
0.004652343,-0.9529029,0.01463666,-0.3028864
0.004572859,-0.9545323,0.01466168,-0.2977117
0.004491524,-0.9561678,0.0146868,-0.2924165
0.004407954,-0.9578148,0.0147121,-0.2869757
0.004300512,-0.9598828,0.01474387,-0.2799808
0.004190263,-0.9619473,0.01477558,-0.2728032
0.004099621,-0.9636013,0.01480098,-0.2669021
0.004007043,-0.9652505,0.01482631,-0.2608749
0.003888406,-0.9673048,0.01485787,-0.2531512
0.003791112,-0.9689404,0.01488299,-0.2468169
0.003691906,-0.9705628,0.01490791,-0.2403582
0.003564804,-0.9725747,0.01493881,-0.2320834
0.003460844,-0.9741649,0.01496324,-0.2253152
0.003328014,-0.9761246,0.01499334,-0.2166675
0.00321928,-0.9776691,0.01501707,-0.2095885
0.003108586,-0.9791863,0.01504037,-0.2023818
0.002967212,-0.9810436,0.0150689,-0.1931778
0.002880885,-0.9821336,0.01508564,-0.1875576
0.002847633,-0.9825445,0.01509195,-0.1853928
0.002847633,-0.9825445,0.01509195,-0.1853928
0.002847633,-0.9825445,0.01509195,-0.1853928
0.002847633,-0.9825445,0.01509195,-0.1853928
0.002847633,-0.9825445,0.01509195,-0.1853928
0.002847633,-0.9825445,0.01509195,-0.1853928
0.002847633,-0.9825445,0.01509195,-0.1853928
0.002847633,-0.9825445,0.01509195,-0.1853928
0.002847633,-0.9825445,0.01509195,-0.1853928
0.002847633,-0.9825445,0.01509195,-0.1853928
0.002847633,-0.9825445,0.01509195,-0.1853928
0.002847633,-0.9825445,0.01509195,-0.1853928
0.002847633,-0.9825445,0.01509195,-0.1853928
0.002847633,-0.9825445,0.01509195,-0.1853928
0.002847633,-0.9825445,0.01509195,-0.1853928
0.002847633,-0.9825445,0.01509195,-0.1853928
0.002847633,-0.9825445,0.01509195,-0.1853928
0.002847633,-0.9825445,0.01509195,-0.1853928
0.002847633,-0.9825445,0.01509195,-0.1853928
0.002847633,-0.9825445,0.01509195,-0.1853928
0.002847633,-0.9825445,0.01509195,-0.1853928
0.002847633,-0.9825445,0.01509195,-0.1853928
0.002847633,-0.9825445,0.01509195,-0.1853928
0.002847633,-0.9825445,0.01509195,-0.1853928
0.002847633,-0.9825445,0.01509195,-0.1853928
0.002847633,-0.9825445,0.01509195,-0.1853928
0.002846062,-0.9825638,0.01509225,-0.1852905
0.002841853,-0.9826154,0.01509304,-0.1850165
0.002836455,-0.9826816,0.01509406,-0.1846651
0.002826964,-0.9827974,0.01509584,-0.1840472
0.002817159,-0.9829168,0.01509767,-0.1834088
0.002802402,-0.9830955,0.01510041,-0.1824481
0.002785022,-0.9833049,0.01510363,-0.1813166
0.002768992,-0.9834967,0.01510658,-0.1802729
0.00274632,-0.9837661,0.01511072,-0.1787969
0.00272101,-0.9840642,0.01511529,-0.1771491
0.00269873,-0.9843243,0.01511929,-0.1756986
0.002668122,-0.9846778,0.01512472,-0.1737059
0.002641411,-0.984983,0.01512941,-0.1719669
0.002612895,-0.9853054,0.01513436,-0.1701104
0.002574318,-0.9857357,0.01514097,-0.1675989
0.002541335,-0.9860983,0.01514654,-0.1654516
0.002497441,-0.9865736,0.01515384,-0.1625939
0.002459959,-0.9869726,0.01515997,-0.1601537
0.002420657,-0.9873844,0.01516629,-0.157595
0.00236873,-0.9879181,0.01517449,-0.1542143
0.002324961,-0.9883586,0.01518126,-0.1513648
0.002279364,-0.9888088,0.01518817,-0.1483963
0.002231521,-0.9892712,0.01519527,-0.1452815
0.002168933,-0.989861,0.01520433,-0.1412068
0.002103642,-0.9904581,0.0152135,-0.1369561
0.002049041,-0.9909431,0.01522096,-0.1334013
0.001992581,-0.9914309,0.01522845,-0.1297256
0.001919185,-0.9920445,0.01523787,-0.1249472
0.001858183,-0.9925367,0.01524543,-0.1209758
0.001795369,-0.9930266,0.01525296,-0.1168863
0.00171387,-0.9936367,0.01526233,-0.1115804
0.001646501,-0.9941195,0.01526974,-0.1071944
0.00155958,-0.9947134,0.01527886,-0.1015355
0.001487664,-0.9951802,0.01528603,-0.09685353
0.001413908,-0.9956358,0.01529303,-0.09205171
0.001318868,-0.9961885,0.01530152,-0.08586425
0.00124052,-0.9966149,0.01530807,-0.08076353
0.001160351,-0.9970241,0.01531435,-0.07554416
0.001057149,-0.9975105,0.01532182,-0.06882533
0.0009724019,-0.9978759,0.01532744,-0.06330797
0.0008637614,-0.9982995,0.01533394,-0.05623505
0.0007744636,-0.99861,0.01533871,-0.05042142
0.0006833136,-0.9988919,0.01534304,-0.0444872
0.0005665297,-0.9992015,0.0153478,-0.03688411
0.0004708184,-0.9994121,0.01535103,-0.03065294
0.0003732773,-0.9995868,0.01535371,-0.02430264
0.0002483698,-0.9997513,0.01535624,-0.01617067
0.0001720255,-0.9998193,0.01535729,-0.01120036
4.174264E-05,-0.9998784,0.0153582,-0.002718436
-6.483484E-05,-0.9998732,0.01535811,0.004220174
-0.0001732443,-0.9998184,0.01535727,0.01127806
-0.0003115557,-0.9996763,0.01535509,0.02028267
-0.000424446,-0.9995002,0.01535238,0.02763226
-0.0005680483,-0.999198,0.01534774,0.03698134
-0.0006852526,-0.9988863,0.01534296,0.04461179
-0.0008042461,-0.9985102,0.01533718,0.05235874
-0.0009557422,-0.9979442,0.01532848,0.06222172
-0.001079114,-0.997411,0.01532029,0.0702537
-0.001204222,-0.9968038,0.01531097,0.07839876
-0.001363431,-0.9959343,0.01529761,0.08876386
-0.001492833,-0.9951475,0.01528552,0.09718841
-0.0016571,-0.994045,0.01526859,0.1078828
-0.00172392,-0.9935632,0.01526119,0.1122331
-0.001859287,-0.9925281,0.01524529,0.121046
-0.002031072,-0.9911001,0.01522336,0.1322299
-0.002170532,-0.9898463,0.0152041,0.1413093
-0.002311618,-0.9884915,0.01518329,0.1504945
-0.002490602,-0.9866471,0.01515496,0.1621471
-0.002635659,-0.9850486,0.01513041,0.1715908
-0.002819269,-0.9828914,0.01509727,0.1835446
-0.002968169,-0.9810316,0.01506871,0.1932386
-0.00311856,-0.9790522,0.0150383,0.2030296
-0.003308872,-0.9764007,0.01499758,0.2154196
-0.003424592,-0.9747081,0.01497158,0.2229535
-0.00361924,-0.9717225,0.01492572,0.2356258
-0.003776793,-0.9691778,0.01488663,0.2458831
-0.003935687,-0.9664944,0.01484542,0.2562278
-0.004136384,-0.9629356,0.01479075,0.2692939
-0.004298568,-0.9599202,0.01474444,0.2798527
-0.004502975,-0.9559399,0.0146833,0.2931604
-0.00466814,-0.9525759,0.01463163,0.3039133
-0.004834439,-0.9490536,0.01457752,0.3147401
-0.005044087,-0.9444178,0.01450632,0.328389
-0.005213172,-0.9405178,0.01444641,0.3393971
-0.005383244,-0.9364483,0.01438391,0.3504694
-0.005554669,-0.9321952,0.01431858,0.3616299
-0.00577042,-0.9266238,0.014233,0.3756762
-0.005944183,-0.9219565,0.01416131,0.3869888
-0.006119104,-0.9170933,0.01408661,0.3983768
-0.006294759,-0.9120405,0.014009,0.4098126
-0.006515483,-0.9054465,0.01390772,0.4241827
-0.00669292,-0.8999442,0.0138232,0.4357345
-0.006870876,-0.894242,0.01373562,0.4473202
-0.007094334,-0.8868157,0.01362155,0.4618682
-0.007273625,-0.8806379,0.01352666,0.4735407
-0.007498283,-0.8726152,0.01340342,0.4881669
-0.007633674,-0.8676253,0.01332678,0.4969814
-0.007814486,-0.8607756,0.01322157,0.5087529
-0.007995856,-0.8536865,0.01311268,0.5205608
-0.008177525,-0.8463612,0.01300016,0.5323881
-0.008404504,-0.8368837,0.01285459,0.5471653
-0.008586176,-0.8290302,0.01273396,0.5589929
-0.008706233,-0.823706,0.01265218,0.5668091
-0.00884011,-0.81764,0.012559,0.575525
-0.008890789,-0.8153076,0.01252318,0.5788245
-0.008899288,-0.8149144,0.01251714,0.5793778
-0.008899288,-0.8149144,0.01251714,0.5793778
-0.008899288,-0.8149144,0.01251714,0.5793778
-0.008899288,-0.8149144,0.01251714,0.5793778
-0.008899288,-0.8149144,0.01251714,0.5793778
-0.008900186,-0.814873,0.0125165,0.5794362
-0.008903691,-0.8147107,0.01251401,0.5796643
-0.008908169,-0.8145031,0.01251082,0.5799559
-0.008916051,-0.8141375,0.01250521,0.5804691
-0.008924181,-0.8137599,0.01249941,0.5809983
-0.008931441,-0.8134223,0.01249422,0.581471
-0.008945849,-0.8127508,0.01248391,0.5824091
-0.008959116,-0.812131,0.01247439,0.5832729
-0.008977849,-0.8112539,0.01246091,0.5844924
-0.00899473,-0.8104609,0.01244873,0.5855915
-0.009013084,-0.8095962,0.01243545,0.5867864
-0.009038257,-0.8084058,0.01241717,0.5884253
-0.009060192,-0.8073643,0.01240117,0.5898533
-0.009069595,-0.8069167,0.0123943,0.5904655
-0.009069595,-0.8069167,0.0123943,0.5904655
-0.009069595,-0.8069167,0.0123943,0.5904655
-0.009069595,-0.8069167,0.0123943,0.5904655
-0.009069595,-0.8069167,0.0123943,0.5904655
