0.01117814,-0.6856832,0.01053218,-0.7277381
0.01113461,-0.6886787,0.01057819,-0.7249041
0.01113461,-0.6886787,0.01057819,-0.7249041
0.01113461,-0.6886787,0.01057819,-0.7249041
0.01113461,-0.6886787,0.01057819,-0.7249041
0.01113461,-0.6886787,0.01057819,-0.7249041
0.01113461,-0.6886787,0.01057819,-0.7249041
0.01113461,-0.6886787,0.01057819,-0.7249041
0.01113461,-0.6886787,0.01057819,-0.7249041
0.01113461,-0.6886787,0.01057819,-0.7249041
0.01113461,-0.6886787,0.01057819,-0.7249041
0.01113461,-0.6886787,0.01057819,-0.7249041
0.01113461,-0.6886787,0.01057819,-0.7249041
0.01113461,-0.6886787,0.01057819,-0.7249041
0.01113461,-0.6886787,0.01057819,-0.7249041
0.01113461,-0.6886787,0.01057819,-0.7249041
0.01113461,-0.6886787,0.01057819,-0.7249041
0.01113461,-0.6886787,0.01057819,-0.7249041
0.01113461,-0.6886787,0.01057819,-0.7249041
0.01113461,-0.6886787,0.01057819,-0.7249041
0.01113461,-0.6886787,0.01057819,-0.7249041
0.01113461,-0.6886787,0.01057819,-0.7249041
0.01113461,-0.6886787,0.01057819,-0.7249041
0.01113461,-0.6886787,0.01057819,-0.7249041
0.01113461,-0.6886787,0.01057819,-0.7249041
0.01113461,-0.6886787,0.01057819,-0.7249041
0.01113461,-0.6886787,0.01057819,-0.7249041
0.01113461,-0.6886787,0.01057819,-0.7249041
0.01113461,-0.6886787,0.01057819,-0.7249041
0.01113461,-0.6886787,0.01057819,-0.7249041
0.01113461,-0.6886787,0.01057819,-0.7249041
0.01113461,-0.6886787,0.01057819,-0.7249041
0.01113461,-0.6886787,0.01057819,-0.7249041
0.01113461,-0.6886787,0.01057819,-0.7249041
0.01113461,-0.6886787,0.01057819,-0.7249041
0.01113461,-0.6886787,0.01057819,-0.7249041
0.01113461,-0.6886787,0.01057819,-0.7249041
0.01113461,-0.6886787,0.01057819,-0.7249041
0.01113461,-0.6886787,0.01057819,-0.7249041
0.01113461,-0.6886787,0.01057819,-0.7249041
0.01113461,-0.6886787,0.01057819,-0.7249041
0.01113461,-0.6886787,0.01057819,-0.7249041
0.01113461,-0.6886787,0.01057819,-0.7249041
0.01113461,-0.6886787,0.01057819,-0.7249041
0.01113461,-0.6886787,0.01057819,-0.7249041
0.01113386,-0.68873,0.01057898,-0.7248553
0.01113016,-0.6889834,0.01058287,-0.7246144
0.01112721,-0.6891855,0.01058597,-0.7244222
0.01112331,-0.6894522,0.01059007,-0.7241684
0.01111867,-0.6897691,0.01059494,-0.7238665
0.01111331,-0.6901352,0.01060056,-0.7235175
0.01110033,-0.69102,0.01061415,-0.7226726
0.01109274,-0.6915367,0.01062209,-0.7221782
0.0110842,-0.6921169,0.010631,-0.7216221
0.0110749,-0.6927474,0.01064068,-0.7210169
0.01106486,-0.6934273,0.01065112,-0.720363
0.01104252,-0.694935,0.01067428,-0.7189085
0.01103021,-0.6957628,0.010687,-0.7181075
0.01101696,-0.6966521,0.01070066,-0.7172447
0.01100293,-0.6975917,0.01071509,-0.716331
0.01098813,-0.6985794,0.01073026,-0.7153678
0.01095623,-0.7006996,0.01076283,-0.713291
0.01093912,-0.7018318,0.01078022,-0.7121771
0.01092103,-0.7030253,0.01079855,-0.7109991
0.01090215,-0.7042658,0.01081761,-0.7097703
0.01088249,-0.7055536,0.01083739,-0.7084901
0.0108408,-0.7082689,0.0108791,-0.7057757
0.01081854,-0.7097101,0.01090123,-0.7043265
0.01079547,-0.7111971,0.01092407,-0.702825
0.0107716,-0.7127296,0.01094761,-0.7012708
0.01074692,-0.7143068,0.01097184,-0.6996641
0.0106951,-0.7175962,0.01102236,-0.69629
0.01066773,-0.7193209,0.01104886,-0.6945083
0.01063952,-0.7210893,0.01107602,-0.692672
0.01061048,-0.7229006,0.01110384,-0.6907813
0.01058059,-0.7247552,0.01113233,-0.6888352
0.01051824,-0.7285919,0.01119126,-0.6847759
0.01048556,-0.7305858,0.01122189,-0.6826483
0.01045201,-0.7326202,0.01125314,-0.6804644
0.01041758,-0.7346958,0.01128502,-0.6782229
0.01038227,-0.7368114,0.01131751,-0.6759239
0.01030898,-0.7411605,0.01138431,-0.6711522
0.01027096,-0.743394,0.01141862,-0.6686774
0.01023182,-0.7456781,0.01145371,-0.6661293
0.01019177,-0.7479993,0.01148936,-0.6635218
0.01015079,-0.7503575,0.01152558,-0.6608538
0.01006602,-0.7551824,0.01159969,-0.6553348
0.010022,-0.7576602,0.01163775,-0.6524687
0.009977013,-0.7601722,0.01167634,-0.6495401
0.009931071,-0.7627178,0.01171544,-0.6465491
0.00988416,-0.7652962,0.01175504,-0.6434951
0.009836268,-0.7679071,0.01179515,-0.6403771
0.009737293,-0.773235,0.01187698,-0.6339335
0.009686188,-0.7759508,0.0119187,-0.6306064
0.009634071,-0.7786961,0.01196087,-0.6272134
0.009580937,-0.7814697,0.01200347,-0.6237542
0.009526781,-0.7842708,0.01204649,-0.6202285
0.009414927,-0.7899752,0.01213412,-0.6129464
0.009384325,-0.7915171,0.0121578,-0.610954
0.009378987,-0.7917852,0.01216192,-0.6106066
0.009378987,-0.7917852,0.01216192,-0.6106066
0.009378987,-0.7917852,0.01216192,-0.6106066
0.009378987,-0.7917852,0.01216192,-0.6106066
0.009378987,-0.7917852,0.01216192,-0.6106066
0.009378987,-0.7917852,0.01216192,-0.6106066
0.009378987,-0.7917852,0.01216192,-0.6106066
0.009378987,-0.7917852,0.01216192,-0.6106066
0.009378987,-0.7917852,0.01216192,-0.6106066
0.009378987,-0.7917852,0.01216192,-0.6106066
0.009378987,-0.7917852,0.01216192,-0.6106066
0.009378987,-0.7917852,0.01216192,-0.6106066
0.009378987,-0.7917852,0.01216192,-0.6106066
0.009378987,-0.7917852,0.01216192,-0.6106066
0.009378987,-0.7917852,0.01216192,-0.6106066
0.009378987,-0.7917852,0.01216192,-0.6106066
0.009378987,-0.7917852,0.01216192,-0.6106066
0.009378987,-0.7917852,0.01216192,-0.6106066
0.009378987,-0.7917852,0.01216192,-0.6106066
0.009378987,-0.7917852,0.01216192,-0.6106066
0.009378987,-0.7917852,0.01216192,-0.6106066
0.009378987,-0.7917852,0.01216192,-0.6106066
0.009378987,-0.7917852,0.01216192,-0.6106066
0.009378987,-0.7917852,0.01216192,-0.6106066
0.009378987,-0.7917852,0.01216192,-0.6106066
0.009378987,-0.7917852,0.01216192,-0.6106066
0.009378987,-0.7917852,0.01216192,-0.6106066
0.009378987,-0.7917852,0.01216192,-0.6106066
0.009378987,-0.7917852,0.01216192,-0.6106066
0.009378987,-0.7917852,0.01216192,-0.6106066
0.009378145,-0.7918275,0.01216257,-0.6105517
0.009376449,-0.7919126,0.01216387,-0.6104413
0.009373904,-0.7920403,0.01216584,-0.6102756
0.009365794,-0.7924467,0.01217208,-0.6097476
0.00936047,-0.7927134,0.01217617,-0.609401
0.009354304,-0.7930219,0.01218091,-0.6089996
0.009347279,-0.7933729,0.0121863,-0.6085423
0.009339411,-0.7937655,0.01219233,-0.60803
0.009320658,-0.7946993,0.01220668,-0.6068091
0.009309994,-0.7952288,0.01221481,-0.6061149
0.009298475,-0.7957998,0.01222358,-0.605365
0.009286093,-0.7964125,0.01223299,-0.6045588
0.009272617,-0.7970777,0.01224321,-0.6036815
0.009258281,-0.7977837,0.01225405,-0.6027482
0.009258281,-0.7977837,0.01225405,-0.6027482
0.009258281,-0.7977837,0.01225405,-0.6027482
0.009258281,-0.7977837,0.01225405,-0.6027482
0.009258281,-0.7977837,0.01225405,-0.6027482
0.009259135,-0.7977417,0.01225341,-0.6028038
0.009260837,-0.7976578,0.01225212,-0.6029146
0.009263393,-0.7975322,0.01225019,-0.6030809
0.009266799,-0.7973644,0.01224761,-0.6033027
0.009271288,-0.7971432,0.01224422,-0.603595
0.009282824,-0.7965739,0.01223547,-0.604346
0.009289858,-0.7962264,0.01223013,-0.6048039
0.009297742,-0.7958363,0.01222414,-0.6053172
0.009306468,-0.7954038,0.0122175,-0.6058853
0.009316283,-0.7949166,0.01221001,-0.6065243
0.009338422,-0.7938148,0.01219309,-0.6079656
0.009350753,-0.7931993,0.01218364,-0.6087685
0.009363918,-0.7925408,0.01217352,-0.6096255
0.009377913,-0.7918391,0.01216274,-0.6105367
0.009392979,-0.7910818,0.01215111,-0.6115175
0.009425574,-0.7894369,0.01212585,-0.6136396
0.00944312,-0.7885476,0.01211219,-0.6147819
0.00946149,-0.7876138,0.01209784,-0.6159779
0.009480911,-0.7866233,0.01208263,-0.6172423
0.009501147,-0.7855877,0.01206672,-0.6185597
0.00954404,-0.7833808,0.01203282,-0.6213523
0.009566687,-0.7822091,0.01201483,-0.6228266
0.009590137,-0.7809911,0.01199612,-0.6243533
0.009614387,-0.7797264,0.01197669,-0.6259321
0.00963965,-0.7784032,0.01195637,-0.6275768
0.009692552,-0.7756137,0.01191352,-0.631021
0.009720168,-0.7741476,0.011891,-0.6328189
0.009748553,-0.7726333,0.01186774,-0.6346669
0.009777705,-0.7710703,0.01184373,-0.6365648
0.009807852,-0.7694458,0.01181878,-0.6385275
0.009870409,-0.7660477,0.01176658,-0.6426001
0.009902807,-0.7642736,0.01173933,-0.6447093
0.009935943,-0.7624485,0.0117113,-0.6468666
0.009969815,-0.7605721,0.01168248,-0.6490718
0.01000465,-0.7586311,0.01165266,-0.6513395
0.01007644,-0.7545928,0.01159063,-0.6560137
0.01011341,-0.752494,0.0115584,-0.65842
0.01015106,-0.7503421,0.01152534,-0.6608713
0.01018963,-0.7481229,0.01149126,-0.6633825
0.01022888,-0.7458488,0.01145633,-0.6659382
0.01030938,-0.7411367,0.01138395,-0.6711785
0.01035062,-0.738696,0.01134646,-0.6738638
0.01039251,-0.7361988,0.0113081,-0.676591
0.01043505,-0.7336444,0.01126887,-0.67936
0.01047843,-0.7310188,0.01122854,-0.6821845
0.01056706,-0.7255912,0.01114517,-0.6879546
0.01061228,-0.7227888,0.01110212,-0.6908984
0.01065809,-0.7199261,0.01105815,-0.6938808
0.01070448,-0.7170023,0.01101324,-0.6969016
0.01075167,-0.7140039,0.01096719,-0.6999733
0.01084769,-0.7078211,0.01087222,-0.7062248
0.01089652,-0.7046349,0.01082328,-0.7094038
0.01094588,-0.7013851,0.01077336,-0.712617
0.01099575,-0.6980707,0.01072245,-0.7158641
0.01104634,-0.6946771,0.01067032,-0.7191579
0.01114897,-0.6876929,0.01056305,-0.7258393
0.01120099,-0.6841006,0.01050787,-0.7292261
0.01125347,-0.6804404,0.01045165,-0.7326426
0.01130639,-0.6767122,0.01039438,-0.7360876
0.01135993,-0.6729006,0.01033583,-0.7395735
0.01146824,-0.665068,0.01021552,-0.7466249
0.01152297,-0.6610463,0.01015375,-0.7501881
0.01157827,-0.656938,0.01009065,-0.7537881
0.01163373,-0.6527717,0.01002665,-0.7573991
0.01168972,-0.6485181,0.009961315,-0.7610444
0.01180264,-0.6397905,0.009827259,-0.7683958
0.01185954,-0.6353152,0.009758518,-0.7721002
0.01191672,-0.6307643,0.009688615,-0.7758225
0.01197434,-0.6261223,0.009617313,-0.7795736
0.01203218,-0.6214049,0.009544853,-0.7833391
0.01214851,-0.6117358,0.009396334,-0.7909131
0.01220697,-0.6067832,0.009320262,-0.7947191
0.0122656,-0.6017516,0.009242976,-0.7985357
0.01232454,-0.5966254,0.009164238,-0.8023729
0.01238361,-0.5914178,0.009084249,-0.806219
0.01250206,-0.5807591,0.008920529,-0.8139305
0.0125614,-0.5753067,0.00883678,-0.8177936
0.01262095,-0.5697555,0.008751513,-0.8216708
0.01268036,-0.5641369,0.008665211,-0.8255385
0.01273994,-0.5584186,0.008577377,-0.8294172
0.01285902,-0.5467277,0.008397803,-0.8371697
0.01291848,-0.5407537,0.008306043,-0.8410408
0.01297785,-0.5346941,0.008212967,-0.8449062
0.01303728,-0.5285314,0.008118305,-0.8487749
0.01309657,-0.5222812,0.008022302,-0.8526351
0.01321466,-0.5095175,0.007826249,-0.8603233
0.01327341,-0.5030033,0.00772619,-0.8641481
0.01333208,-0.496383,0.007624501,-0.8679678
0.0133905,-0.489673,0.007521435,-0.871771
0.01344864,-0.4828724,0.007416977,-0.875556
0.01356397,-0.4690008,0.007203908,-0.8830642
0.0136211,-0.4619288,0.007095281,-0.8867841
0.01367786,-0.4547652,0.006985247,-0.890479
0.01373433,-0.4474925,0.006873538,-0.8941557
0.01379036,-0.4401283,0.006760423,-0.8978035
0.01390099,-0.4251215,0.006529917,-0.905006
0.01395554,-0.4174787,0.006412521,-0.9085569
0.01400964,-0.4097263,0.006293443,-0.9120793
0.01406316,-0.4018799,0.006172922,-0.9155636
0.01411606,-0.3939398,0.006050962,-0.9190079
0.01421991,-0.3777787,0.005802726,-0.9257686
0.01427089,-0.3695412,0.005676197,-0.9290874
0.01432103,-0.3612263,0.005548479,-0.9323518
0.01437051,-0.3527991,0.005419037,-0.9355731
0.01441918,-0.344278,0.005288152,-0.9387421
0.014514,-0.326955,0.005022069,-0.9449151
0.01456008,-0.3181525,0.004886861,-0.9479151
0.01460533,-0.3092379,0.004749932,-0.9508607
0.0146496,-0.3002298,0.004611567,-0.9537433
0.01469288,-0.2911288,0.004471774,-0.9565606
0.01477629,-0.2726476,0.004187901,-0.9619914
0.01481637,-0.2632681,0.004043831,-0.9646005
0.01485539,-0.2537776,0.003898056,-0.9671407
0.01489324,-0.2441942,0.003750854,-0.9696048
0.01492987,-0.2345217,0.003602283,-0.9719896
0.01499938,-0.2149017,0.003300917,-0.976515
0.01503224,-0.204939,0.003147889,-0.9786543
0.01506375,-0.1948848,0.002993456,-0.980706
0.01509388,-0.1847422,0.002837665,-0.9826671
0.01512257,-0.1745124,0.002680534,-0.9845353
0.0151599,-0.160198,0.002460663,-0.9869654
0.01516848,-0.1567155,0.00240717,-0.9875244
0.0151721,-0.1552244,0.002384268,-0.9877599
0.0151721,-0.1552244,0.002384268,-0.9877599
0.0151721,-0.1552244,0.002384268,-0.9877599
0.0151721,-0.1552244,0.002384268,-0.9877599
0.0151721,-0.1552244,0.002384268,-0.9877599
0.0151721,-0.1552244,0.002384268,-0.9877599
0.0151721,-0.1552244,0.002384268,-0.9877599
0.0151721,-0.1552244,0.002384268,-0.9877599
0.0151721,-0.1552244,0.002384268,-0.9877599
0.0151721,-0.1552244,0.002384268,-0.9877599
0.0151721,-0.1552244,0.002384268,-0.9877599
0.0151721,-0.1552244,0.002384268,-0.9877599
0.0151721,-0.1552244,0.002384268,-0.9877599
0.0151721,-0.1552244,0.002384268,-0.9877599
0.0151721,-0.1552244,0.002384268,-0.9877599
0.0151721,-0.1552244,0.002384268,-0.9877599
0.0151721,-0.1552244,0.002384268,-0.9877599
0.0151721,-0.1552244,0.002384268,-0.9877599
0.01517227,-0.1551555,0.002383209,-0.9877707
0.0151726,-0.1550181,0.002381098,-0.9877923
0.01517314,-0.1547928,0.002377638,-0.9878277
0.01517385,-0.1544995,0.002373134,-0.9878736
0.01517472,-0.1541368,0.002367563,-0.9879301
0.01517694,-0.1532054,0.002353256,-0.988075
0.01517834,-0.1526171,0.00234422,-0.988166
0.01517989,-0.1519608,0.002334139,-0.9882672
0.0151816,-0.1512358,0.002323003,-0.9883784
0.01518346,-0.1504419,0.002310809,-0.9884996
0.01518763,-0.1486481,0.002283255,-0.9887709
0.01518998,-0.1476282,0.00226759,-0.9889237
0.01519246,-0.1465408,0.002250887,-0.9890854
0.01519508,-0.1453833,0.002233107,-0.9892562
0.01519784,-0.1441573,0.002214277,-0.9894356
0.01520374,-0.1414971,0.002173416,-0.9898196
0.01520691,-0.1400439,0.002151095,-0.9900262
0.0152102,-0.1385217,0.002127713,-0.9902403
0.0152136,-0.1369302,0.002103267,-0.9904616
0.01521711,-0.1352697,0.002077762,-0.9906898
0.01522071,-0.1335402,0.002051197,-0.9909244
0.01522827,-0.1298339,0.001994268,-0.9914169
0.01523218,-0.1278768,0.001964206,-0.9916712
0.01523616,-0.1258522,0.001933109,-0.9919301
0.0152402,-0.1237574,0.001900931,-0.9921937
0.01524848,-0.1193564,0.001833332,-0.9927327
0.01525273,-0.117033,0.001797645,-0.9930093
0.01525702,-0.11464,0.001760888,-0.9932884
0.01526134,-0.1121777,0.001723067,-0.9935695
0.01526568,-0.1096448,0.001684161,-0.9938522
0.01527004,-0.1070428,0.001644193,-0.9941359
0.01527882,-0.1015906,0.001560448,-0.9947078
0.0152832,-0.09875952,0.001516962,-0.9949929
0.01528756,-0.09585897,0.001472409,-0.9952765
0.01529188,-0.09288815,0.001426777,-0.9955581
0.01530041,-0.08673619,0.001332282,-0.996113
0.01530461,-0.08353508,0.001283113,-0.9963865
0.01530873,-0.08026395,0.001232868,-0.9966553
0.01531278,-0.07692323,0.001181554,-0.9969187
0.01531673,-0.07351264,0.001129167,-0.9971761
0.01532058,-0.07003184,0.001075702,-0.9974266
0.01532772,-0.06306773,0.0009687321,-0.9978911
0.01533101,-0.05958451,0.0009152293,-0.9981052
0.01533411,-0.05610055,0.0008617154,-0.998307
0.01533702,-0.05261591,0.0008081909,-0.9984968
0.0153376,-0.05189466,0.0007971124,-0.9985344
0.01533531,-0.05469014,0.0008400512,-0.9983853
0.01533403,-0.05619267,0.0008631304,-0.9983019
0.01533265,-0.05776478,0.0008872781,-0.9982121
0.01533117,-0.05940546,0.0009124792,-0.9981158
0.01532958,-0.06111581,0.0009387503,-0.9980125
0.01532603,-0.06478227,0.0009950675,-0.9977813
0.01532407,-0.06672012,0.001024833,-0.9976535
0.01532198,-0.06872624,0.001055647,-0.9975173
0.01531975,-0.07080123,0.001087519,-0.9973722
0.01531738,-0.07294475,0.001120444,-0.9972177
0.01531212,-0.07747825,0.001190079,-0.9968758
0.01530925,-0.07984816,0.001226481,-0.9966888
0.0153062,-0.0822863,0.001263931,-0.9964904
0.01530298,-0.08479347,0.001302442,-0.9962802
0.01529956,-0.08736918,0.001342005,-0.9960576
0.01529206,-0.09276641,0.001424907,-0.9955695
0.01528799,-0.09556714,0.001467927,-0.9953045
0.01528369,-0.09843648,0.001512,-0.9950249
0.01527916,-0.1013745,0.001557128,-0.9947298
0.01527439,-0.1043801,0.001603295,-0.9944189
0.015264,-0.1106351,0.001699372,-0.9937425
0.01525839,-0.1138646,0.001748978,-0.9933776
0.0152525,-0.117162,0.001799625,-0.9929941
0.01524631,-0.1205269,0.001851312,-0.9925913
0.01523982,-0.123959,0.001904028,-0.9921685
0.01522579,-0.1310634,0.002013153,-0.991255
0.01521826,-0.1347164,0.002069264,-0.9907652
0.01521039,-0.138436,0.002126397,-0.9902524
0.01520214,-0.1422233,0.00218457,-0.9897155
0.01519352,-0.1460767,0.00224376,-0.9891541
0.01517499,-0.1540216,0.002365793,-0.9879481
0.01516511,-0.1580931,0.002428332,-0.9873048
0.0151548,-0.1622302,0.002491879,-0.9866335
0.01514404,-0.1664335,0.002556442,-0.9859331
0.01513283,-0.170702,0.002622007,-0.985203
0.01512844,-0.172342,0.002647197,-0.9849175
0.01512844,-0.172342,0.002647197,-0.9849175
0.01512844,-0.172342,0.002647197,-0.9849175
0.01512844,-0.172342,0.002647197,-0.9849175
0.01512844,-0.172342,0.002647197,-0.9849175
0.01512844,-0.172342,0.002647197,-0.9849175
0.01512844,-0.172342,0.002647197,-0.9849175
0.01512844,-0.172342,0.002647197,-0.9849175
0.01512844,-0.172342,0.002647197,-0.9849175
0.01512844,-0.172342,0.002647197,-0.9849175
0.01512844,-0.172342,0.002647197,-0.9849175
0.01512844,-0.172342,0.002647197,-0.9849175
0.01512844,-0.172342,0.002647197,-0.9849175
0.01512844,-0.172342,0.002647197,-0.9849175
0.01512844,-0.172342,0.002647197,-0.9849175
0.01512844,-0.172342,0.002647197,-0.9849175
0.01512844,-0.172342,0.002647197,-0.9849175
0.01512844,-0.172342,0.002647197,-0.9849175
0.01512844,-0.172342,0.002647197,-0.9849175
0.01512844,-0.172342,0.002647197,-0.9849175
0.01512844,-0.172342,0.002647197,-0.9849175
0.01512844,-0.172342,0.002647197,-0.9849175
0.01512844,-0.172342,0.002647197,-0.9849175
0.01512844,-0.172342,0.002647197,-0.9849175
0.01512844,-0.172342,0.002647197,-0.9849175
0.01512844,-0.172342,0.002647197,-0.9849175
0.01512844,-0.172342,0.002647197,-0.9849175
0.01512844,-0.172342,0.002647197,-0.9849175
0.01512844,-0.172342,0.002647197,-0.9849175
0.01512844,-0.172342,0.002647197,-0.9849175
0.01512844,-0.172342,0.002647197,-0.9849175
0.01512844,-0.172342,0.002647197,-0.9849175
0.01512844,-0.172342,0.002647197,-0.9849175
0.01512844,-0.172342,0.002647197,-0.9849175
0.01512844,-0.172342,0.002647197,-0.9849175
0.01512844,-0.172342,0.002647197,-0.9849175
0.01512844,-0.172342,0.002647197,-0.9849175
0.01512844,-0.172342,0.002647197,-0.9849175
0.01512844,-0.172342,0.002647197,-0.9849175
0.01512844,-0.172342,0.002647197,-0.9849175
0.01512844,-0.172342,0.002647197,-0.9849175
0.01512844,-0.172342,0.002647197,-0.9849175
0.01512844,-0.172342,0.002647197,-0.9849175
0.01512844,-0.172342,0.002647197,-0.9849175
0.01512844,-0.172342,0.002647197,-0.9849175
0.01512844,-0.172342,0.002647197,-0.9849175
0.01512844,-0.172342,0.002647197,-0.9849175
0.01512844,-0.172342,0.002647197,-0.9849175
0.01512844,-0.172342,0.002647197,-0.9849175
0.01512844,-0.172342,0.002647197,-0.9849175
0.01512844,-0.172342,0.002647197,-0.9849175
0.01512844,-0.172342,0.002647197,-0.9849175
0.01512844,-0.172342,0.002647197,-0.9849175
0.01512844,-0.172342,0.002647197,-0.9849175
0.01512844,-0.172342,0.002647197,-0.9849175
0.01512844,-0.172342,0.002647197,-0.9849175
0.01512844,-0.172342,0.002647197,-0.9849175
0.01512844,-0.172342,0.002647197,-0.9849175
0.01512844,-0.172342,0.002647197,-0.9849175
0.01512844,-0.172342,0.002647197,-0.9849175
0.01512844,-0.172342,0.002647197,-0.9849175
0.01512844,-0.172342,0.002647197,-0.9849175
0.01512844,-0.172342,0.002647197,-0.9849175
0.01512844,-0.172342,0.002647197,-0.9849175
0.01512844,-0.172342,0.002647197,-0.9849175
0.01512844,-0.172342,0.002647197,-0.9849175
0.01512844,-0.172342,0.002647197,-0.9849175
0.01512844,-0.172342,0.002647197,-0.9849175
0.01512844,-0.172342,0.002647197,-0.9849175
0.01512844,-0.172342,0.002647197,-0.9849175
0.01512844,-0.172342,0.002647197,-0.9849175
0.01512844,-0.172342,0.002647197,-0.9849175
0.01512844,-0.172342,0.002647197,-0.9849175
0.01512844,-0.172342,0.002647197,-0.9849175
0.01512844,-0.172342,0.002647197,-0.9849175
0.01512844,-0.172342,0.002647197,-0.9849175
0.01512844,-0.172342,0.002647197,-0.9849175
0.01512844,-0.172342,0.002647197,-0.9849175
0.01512844,-0.172342,0.002647197,-0.9849175
0.01512844,-0.172342,0.002647197,-0.9849175
0.01512844,-0.172342,0.002647197,-0.9849175
0.01512844,-0.172342,0.002647197,-0.9849175
0.01512844,-0.172342,0.002647197,-0.9849175
0.01512844,-0.172342,0.002647197,-0.9849175
0.01512844,-0.172342,0.002647197,-0.9849175
0.01512844,-0.172342,0.002647197,-0.9849175
0.01512844,-0.172342,0.002647197,-0.9849175
0.01512844,-0.172342,0.002647197,-0.9849175
0.01512844,-0.172342,0.002647197,-0.9849175
0.01512844,-0.172342,0.002647197,-0.9849175
0.01512844,-0.172342,0.002647197,-0.9849175
0.01512844,-0.172342,0.002647197,-0.9849175
0.01512844,-0.172342,0.002647197,-0.9849175
0.01512844,-0.172342,0.002647197,-0.9849175
0.01512844,-0.172342,0.002647197,-0.9849175
0.01512844,-0.172342,0.002647197,-0.9849175
0.01512844,-0.172342,0.002647197,-0.9849175
0.01512844,-0.172342,0.002647197,-0.9849175
0.01512844,-0.172342,0.002647197,-0.9849175
0.01512844,-0.172342,0.002647197,-0.9849175
0.01512844,-0.172342,0.002647197,-0.9849175
0.01512844,-0.172342,0.002647197,-0.9849175
0.01512844,-0.172342,0.002647197,-0.9849175
0.01512844,-0.172342,0.002647197,-0.9849175
0.01512844,-0.172342,0.002647197,-0.9849175
0.01512844,-0.172342,0.002647197,-0.9849175
0.01512844,-0.172342,0.002647197,-0.9849175
0.01512844,-0.172342,0.002647197,-0.9849175
0.01512844,-0.172342,0.002647197,-0.9849175
0.01512844,-0.172342,0.002647197,-0.9849175
0.01512844,-0.172342,0.002647197,-0.9849175
0.01512844,-0.172342,0.002647197,-0.9849175
0.01512844,-0.172342,0.002647197,-0.9849175
0.01512844,-0.172342,0.002647197,-0.9849175
0.01512844,-0.172342,0.002647197,-0.9849175
0.01512844,-0.172342,0.002647197,-0.9849175
0.01512844,-0.172342,0.002647197,-0.9849175
0.01512844,-0.172342,0.002647197,-0.9849175
0.01512844,-0.172342,0.002647197,-0.9849175
0.01512844,-0.172342,0.002647197,-0.9849175
0.01512844,-0.172342,0.002647197,-0.9849175
0.01512844,-0.172342,0.002647197,-0.9849175
0.01512844,-0.172342,0.002647197,-0.9849175
0.01512844,-0.172342,0.002647197,-0.9849175
0.01512844,-0.172342,0.002647197,-0.9849175
0.01512844,-0.172342,0.002647197,-0.9849175
0.01512844,-0.172342,0.002647197,-0.9849175
0.01512844,-0.172342,0.002647197,-0.9849175
0.01512844,-0.172342,0.002647197,-0.9849175
0.01512844,-0.172342,0.002647197,-0.9849175
0.01512844,-0.172342,0.002647197,-0.9849175
0.01512844,-0.172342,0.002647197,-0.9849175
0.01512844,-0.172342,0.002647197,-0.9849175
0.01512844,-0.172342,0.002647197,-0.9849175
0.01512844,-0.172342,0.002647197,-0.9849175
0.01512844,-0.172342,0.002647197,-0.9849175
0.01512844,-0.172342,0.002647197,-0.9849175
0.01512844,-0.172342,0.002647197,-0.9849175
0.01512844,-0.172342,0.002647197,-0.9849175
0.01512844,-0.172342,0.002647197,-0.9849175
0.01512844,-0.172342,0.002647197,-0.9849175
0.01512844,-0.172342,0.002647197,-0.9849175
0.01512844,-0.172342,0.002647197,-0.9849175
0.01512844,-0.172342,0.002647197,-0.9849175
0.01512844,-0.172342,0.002647197,-0.9849175
0.01512844,-0.172342,0.002647197,-0.9849175
0.01512844,-0.172342,0.002647197,-0.9849175
0.01512844,-0.172342,0.002647197,-0.9849175
0.01512844,-0.172342,0.002647197,-0.9849175
0.01512844,-0.172342,0.002647197,-0.9849175
0.01512844,-0.172342,0.002647197,-0.9849175
0.01512844,-0.172342,0.002647197,-0.9849175
0.01512844,-0.172342,0.002647197,-0.9849175
0.01512844,-0.172342,0.002647197,-0.9849175
0.01512844,-0.172342,0.002647197,-0.9849175
0.01512844,-0.172342,0.002647197,-0.9849175
0.01512844,-0.172342,0.002647197,-0.9849175
0.01512844,-0.172342,0.002647197,-0.9849175
0.01512844,-0.172342,0.002647197,-0.9849175
0.01512844,-0.172342,0.002647197,-0.9849175
0.01512844,-0.172342,0.002647197,-0.9849175
0.01512844,-0.172342,0.002647197,-0.9849175
0.01512844,-0.172342,0.002647197,-0.9849175
0.01512844,-0.172342,0.002647197,-0.9849175
0.01512844,-0.172342,0.002647197,-0.9849175
0.01512844,-0.172342,0.002647197,-0.9849175
0.01512779,-0.1725866,0.002650954,-0.9848747
0.01512718,-0.1728115,0.002654409,-0.9848351
0.01512639,-0.1731046,0.002658911,-0.9847837
0.01512541,-0.1734661,0.002664463,-0.9847201
0.0151242,-0.1739151,0.00267136,-0.9846409
0.01512119,-0.1750182,0.002688303,-0.9844455
0.0151194,-0.1756724,0.002698351,-0.9843289
0.01511742,-0.176395,0.002709452,-0.9841996
0.01511524,-0.1771854,0.002721592,-0.9840577
0.01511286,-0.1780439,0.002734779,-0.9839027
0.01510738,-0.180005,0.002764901,-0.9835458
0.01510433,-0.1810872,0.002781524,-0.9833472
0.01510106,-0.1822373,0.00279919,-0.9831347
0.01509758,-0.1834553,0.002817899,-0.9829081
0.01509388,-0.1847422,0.002837666,-0.9826671
0.01508569,-0.187557,0.002880902,-0.9821337
0.01508124,-0.1890663,0.002904084,-0.9818442
0.01507656,-0.1906429,0.0029283,-0.9815393
0.01507163,-0.192287,0.002953555,-0.9812186
0.01506645,-0.1939992,0.002979853,-0.9808815
0.01505521,-0.1976643,0.003036151,-0.9801495
0.01504919,-0.1995981,0.003065853,-0.9797575
0.0150429,-0.2015987,0.003096583,-0.9793478
0.01503632,-0.2036663,0.003128341,-0.97892
0.01502946,-0.2058011,0.003161132,-0.9784734
0.01502169,-0.2081923,0.003197862,-0.9779674
0.01502169,-0.2081923,0.003197862,-0.9779674
0.01502169,-0.2081923,0.003197862,-0.9779674
0.01502169,-0.2081923,0.003197862,-0.9779674
0.01502169,-0.2081923,0.003197862,-0.9779674
0.01502169,-0.2081923,0.003197862,-0.9779674
0.01502169,-0.2081923,0.003197862,-0.9779674
0.01502169,-0.2081923,0.003197862,-0.9779674
0.01502169,-0.2081923,0.003197862,-0.9779674
0.01502169,-0.2081923,0.003197862,-0.9779674
0.01502169,-0.2081923,0.003197862,-0.9779674
0.01502169,-0.2081923,0.003197862,-0.9779674
0.01502169,-0.2081923,0.003197862,-0.9779674
0.01502169,-0.2081923,0.003197862,-0.9779674
0.01502169,-0.2081923,0.003197862,-0.9779674
0.01502169,-0.2081923,0.003197862,-0.9779674
0.01502169,-0.2081923,0.003197862,-0.9779674
0.01502169,-0.2081923,0.003197862,-0.9779674
0.01502169,-0.2081923,0.003197862,-0.9779674
0.01502169,-0.2081923,0.003197862,-0.9779674
0.01502169,-0.2081923,0.003197862,-0.9779674
0.01502169,-0.2081923,0.003197862,-0.9779674
0.01502169,-0.2081923,0.003197862,-0.9779674
0.01502169,-0.2081923,0.003197862,-0.9779674
0.01502169,-0.2081923,0.003197862,-0.9779674
0.01502169,-0.2081923,0.003197862,-0.9779674
0.01502169,-0.2081923,0.003197862,-0.9779674
0.01502169,-0.2081923,0.003197862,-0.9779674
0.01502169,-0.2081923,0.003197862,-0.9779674
0.01502169,-0.2081923,0.003197862,-0.9779674
0.01502169,-0.2081923,0.003197862,-0.9779674
0.01502169,-0.2081923,0.003197862,-0.9779674
0.01502169,-0.2081923,0.003197862,-0.9779674
0.01502169,-0.2081923,0.003197862,-0.9779674
0.01502169,-0.2081923,0.003197862,-0.9779674
0.01502169,-0.2081923,0.003197862,-0.9779674
0.01502169,-0.2081923,0.003197862,-0.9779674
0.01502169,-0.2081923,0.003197862,-0.9779674
0.01502169,-0.2081923,0.003197862,-0.9779674
0.01502169,-0.2081923,0.003197862,-0.9779674
0.01502169,-0.2081923,0.003197862,-0.9779674
0.01502169,-0.2081923,0.003197862,-0.9779674
0.01502169,-0.2081923,0.003197862,-0.9779674
0.01502169,-0.2081923,0.003197862,-0.9779674
0.01502169,-0.2081923,0.003197862,-0.9779674
0.01502169,-0.2081923,0.003197862,-0.9779674
0.01502191,-0.2081242,0.003196815,-0.9779819
0.01502236,-0.2079877,0.003194718,-0.9780109
0.01502309,-0.2077643,0.003191287,-0.9780584
0.01502404,-0.2074729,0.003186811,-0.9781203
0.0150266,-0.2066866,0.003174734,-0.9782867
0.0150282,-0.2061913,0.003167126,-0.9783912
0.01503002,-0.2056278,0.003158471,-0.9785098
0.01503212,-0.2049773,0.003148478,-0.9786462
0.01503443,-0.2042589,0.003137445,-0.9787964
0.01503967,-0.2026173,0.003112228,-0.9791376
0.01504259,-0.2016944,0.003098053,-0.9793282
0.01504572,-0.200703,0.003082826,-0.9795318
0.01504911,-0.1996245,0.003066259,-0.9797521
0.01505269,-0.1984779,0.003048647,-0.9799851
0.01506041,-0.1959795,0.003010272,-0.9804878
0.01506454,-0.1946273,0.002989501,-0.9807571
0.01506886,-0.1932069,0.002967684,-0.9810379
0.0150734,-0.1916982,0.00294451,-0.9813338
0.01507811,-0.1901213,0.002920289,-0.9816405
0.01508802,-0.186761,0.002868675,-0.9822853
0.0150932,-0.1849776,0.002841281,-0.9826227
0.01509853,-0.1831256,0.002812834,-0.9829696
0.01510405,-0.1811848,0.002783024,-0.9833292
0.0151097,-0.1791768,0.00275218,-0.9836971
0.01512138,-0.1749512,0.002687274,-0.9844574
0.01512739,-0.1727343,0.002653223,-0.9848487
0.01513351,-0.170448,0.002618104,-0.985247
0.01513977,-0.1680737,0.002581636,-0.9856548
0.01514613,-0.1656296,0.002544093,-0.9860685
0.01515907,-0.1605329,0.002465807,-0.9869111
0.01516564,-0.1578793,0.002425048,-0.987339
0.01517227,-0.1551566,0.002383227,-0.9877705
0.01517899,-0.1523445,0.002340032,-0.9882081
0.01518575,-0.1494629,0.002295771,-0.9886481
0.01519934,-0.1434895,0.002204019,-0.9895327
0.01520615,-0.1403978,0.00215653,-0.9899761
0.015213,-0.1372165,0.002107665,-0.9904221
0.01521983,-0.1339647,0.002057716,-0.9908671
0.01522665,-0.130642,0.00200668,-0.9913107
0.01524015,-0.1237877,0.001901396,-0.9921899
0.01524683,-0.1202542,0.001847123,-0.9926243
0.01525347,-0.1166314,0.001791475,-0.9930565
0.01526002,-0.1129376,0.001734738,-0.9934834
0.01526648,-0.1091732,0.001676916,-0.9939042
0.01527908,-0.1014327,0.001558022,-0.9947239
0.01528518,-0.09745634,0.001496944,-0.9951214
0.01529114,-0.09340786,0.001434759,-0.9955095
0.01529697,-0.08927083,0.001371214,-0.995889
0.01530263,-0.08506427,0.001306601,-0.9962571
0.01531336,-0.07643719,0.001174088,-0.9969561
0.01531842,-0.07201746,0.0011062,-0.9972851
0.01532326,-0.06750743,0.001036926,-0.9976006
0.01532786,-0.06292665,0.0009665643,-0.9979
0.0153322,-0.05827538,0.0008951202,-0.9981824
0.01534003,-0.04876037,0.0007489685,-0.9986924
0.01534351,-0.04387788,0.0006739729,-0.9989188
0.01534666,-0.03892463,0.0005978905,-0.9991241
0.01534948,-0.03390097,0.0005207265,-0.9993072
0.01535193,-0.02880731,0.0004424873,-0.999467
0.0153557,-0.01841004,0.0002827839,-0.9997126
0.01535699,-0.0131062,0.0002013163,-0.9997962
0.01535785,-0.007712433,0.0001184674,-0.9998524
0.01535827,-0.002249442,3.45552E-05,-0.9998796
0.01535823,0.003282452,-5.041535E-05,-0.9998767
0.01535668,0.01455437,-0.0002235534,-0.9997761
0.01535514,0.02031385,-0.0003120197,-0.9996757
0.01535306,0.02614187,-0.0004015387,-0.9995403
0.01535042,0.03203825,-0.0004921078,-0.9993687
0.01534721,0.03800319,-0.00058373,-0.9991596
0.01533899,0.0501368,-0.0007701037,-0.9986243
0.01533394,0.05630516,-0.0008648505,-0.9982955
0.01532821,0.06255995,-0.0009609247,-0.997923
0.01532182,0.06888072,-0.001058012,-0.9975067
0.01531473,0.07526868,-0.001156132,-0.997045
0.01529838,0.08824269,-0.001355415,-0.9959807
0.01528905,0.09484758,-0.001456867,-0.9953733
0.01527894,0.101517,-0.001559309,-0.9947153
0.01526803,0.1082513,-0.00166275,-0.9940049
0.0152563,0.1150498,-0.001767175,-0.993241
0.01523028,0.1288362,-0.001978935,-0.991547
0.01521595,0.1358245,-0.002086277,-0.9906139
0.01520066,0.1428936,-0.002194859,-0.9896189
0.01518445,0.1500241,-0.002304385,-0.9885631
0.01516727,0.157214,-0.002414823,-0.9874452
0.01512996,0.1717772,-0.002638516,-0.9850161
0.01510973,0.1791667,-0.002752018,-0.9836988
0.01508845,0.1866134,-0.002866401,-0.9823134
0.0150661,0.1941176,-0.002981666,-0.9808581
0.01504265,0.2016783,-0.0030978,-0.9793314
0.01499237,0.2169665,-0.003332628,-0.9760582
0.0149655,0.2246931,-0.00345131,-0.9743086
0.01493736,0.2324922,-0.003571105,-0.972477
0.01490801,0.2403441,-0.003691711,-0.9705663
0.01487743,0.2482468,-0.003813098,-0.9685751
0.01481245,0.2642036,-0.004058196,-0.9643447
0.01477792,0.2722745,-0.004182166,-0.962097
0.01474207,0.2803932,-0.00430687,-0.9597623
0.01470485,0.2885578,-0.004432278,-0.9573393
0.01466625,0.2967673,-0.004558377,-0.9548263
0.01462624,0.3050221,-0.004685171,-0.9522215
0.01454171,0.3216959,-0.004941284,-0.9467185
0.01449723,0.3300947,-0.005070291,-0.9438229
0.01445125,0.3385323,-0.005199893,-0.9408295
0.01440375,0.3470073,-0.00533007,-0.9377367
0.01435469,0.35552,-0.005460825,-0.9345425
0.01425159,0.372686,-0.005724497,-0.9278305
0.01419761,0.3813175,-0.005857079,-0.9243166
0.01414199,0.3899792,-0.005990124,-0.9206955
0.0140847,0.398671,-0.00612363,-0.9169654
0.013965,0.4161363,-0.006391899,-0.9091725
0.01390242,0.424924,-0.00652688,-0.9050987
0.01383808,0.4337347,-0.006662212,-0.9009097
0.01377195,0.4425659,-0.00679786,-0.8966045
0.01370401,0.451416,-0.006933799,-0.8921815
0.0135626,0.469169,-0.007206487,-0.8829749
0.01348895,0.4780836,-0.007343417,-0.87818
0.0134134,0.48701,-0.007480527,-0.8732614
0.01333593,0.4959458,-0.007617781,-0.8682177
0.01325651,0.5048892,-0.007755155,-0.8630475
0.01317498,0.5138552,-0.007892873,-0.8577394
0.01300593,0.5317957,-0.008168441,-0.8467335
0.01291837,0.5407659,-0.008306223,-0.841033
0.01282877,0.5497326,-0.008443953,-0.8351995
0.0127371,0.5586939,-0.008581599,-0.8292317
0.0125475,0.5765921,-0.008856519,-0.8168878
0.01244935,0.5855401,-0.00899396,-0.8104981
0.01234907,0.5944726,-0.009131165,-0.8039693
0.01224663,0.6033877,-0.009268103,-0.7973001
0.01214201,0.6122831,-0.009404738,-0.7904895
0.01192603,0.6300188,-0.009677159,-0.7764281
0.01181462,0.6388538,-0.009812866,-0.7691749
0.01170097,0.6476591,-0.009948118,-0.7617755
0.01158507,0.6564304,-0.01008285,-0.7542304
0.01146692,0.6651652,-0.01021701,-0.7465383
0.01134649,0.6738621,-0.0103506,-0.7386976
0.01112104,0.6896076,-0.01059245,-0.7240204
0.01103983,0.6951168,-0.01067707,-0.7187328
0.01098041,0.6990942,-0.01073817,-0.7148646
0.01094309,0.70157,-0.0107762,-0.712435
0.01093383,0.7021818,-0.01078559,-0.711832
0.01093383,0.7021818,-0.01078559,-0.711832
0.01093383,0.7021818,-0.01078559,-0.711832
0.01093383,0.7021818,-0.01078559,-0.711832
0.01093383,0.7021818,-0.01078559,-0.711832
0.01093383,0.7021818,-0.01078559,-0.711832
0.01093383,0.7021818,-0.01078559,-0.711832
0.01093383,0.7021818,-0.01078559,-0.711832
0.01093383,0.7021818,-0.01078559,-0.711832
0.01093383,0.7021818,-0.01078559,-0.711832
0.01093383,0.7021818,-0.01078559,-0.711832
0.01093383,0.7021818,-0.01078559,-0.711832
0.01093383,0.7021818,-0.01078559,-0.711832
0.01093383,0.7021818,-0.01078559,-0.711832
0.01093383,0.7021818,-0.01078559,-0.711832
0.01093383,0.7021818,-0.01078559,-0.711832
0.01093383,0.7021818,-0.01078559,-0.711832
0.01093383,0.7021818,-0.01078559,-0.711832
0.01093383,0.7021818,-0.01078559,-0.711832
0.01093383,0.7021818,-0.01078559,-0.711832
0.01093383,0.7021818,-0.01078559,-0.711832
0.01093383,0.7021818,-0.01078559,-0.711832
0.01093383,0.7021818,-0.01078559,-0.711832
0.01093383,0.7021818,-0.01078559,-0.711832
0.01093383,0.7021818,-0.01078559,-0.711832
0.01093383,0.7021818,-0.01078559,-0.711832
0.0109316,0.7023291,-0.01078786,-0.7116867
0.01092935,0.7024775,-0.01079014,-0.7115403
0.01092635,0.702675,-0.01079317,-0.7113452
0.0109226,0.702922,-0.01079697,-0.7111012
0.01091789,0.703232,-0.01080173,-0.7107946
0.01090622,0.703999,-0.01081351,-0.7100349
0.01089925,0.7044568,-0.01082054,-0.7095807
0.01089152,0.7049634,-0.01082832,-0.7090775
0.01088282,0.7055327,-0.01083707,-0.708511
0.01087336,0.7061506,-0.01084656,-0.7078952
0.01085215,0.7075319,-0.01086777,-0.7065145
0.0108404,0.7082946,-0.01087949,-0.7057498
0.01082788,0.7091062,-0.01089195,-0.7049345
0.01081459,0.7099655,-0.01090515,-0.7040691
0.01080031,0.7108864,-0.0109193,-0.7031393
0.0107694,0.7128705,-0.01094977,-0.7011275
0.01075277,0.7139337,-0.01096611,-0.7000448
0.01073536,0.7150437,-0.01098315,-0.6989111
0.01071694,0.7162136,-0.01100112,-0.6977121
0.01069773,0.7174305,-0.01101981,-0.6964609
0.0106569,0.7200013,-0.0110593,-0.6938028
0.01063527,0.7213553,-0.0110801,-0.6923949
0.01061283,0.7227546,-0.01110159,-0.6909341
0.01058938,0.7242114,-0.01112397,-0.6894071
0.01056508,0.725714,-0.01114705,-0.6878251
0.01051401,0.7288506,-0.01119523,-0.6845005
0.01048723,0.7304844,-0.01122033,-0.6827567
0.0104596,0.7321613,-0.01124609,-0.6809582
0.01043091,0.7338942,-0.0112727,-0.6790902
0.01040137,0.7356691,-0.01129996,-0.677167
0.0103397,0.7393447,-0.01135642,-0.673152
0.01030757,0.741244,-0.01138559,-0.67106
0.01027455,0.7431843,-0.0114154,-0.6689106
0.01024043,0.7451774,-0.01144601,-0.6666895
0.01020544,0.7472093,-0.01147722,-0.6644114
0.01013274,0.7513911,-0.01154146,-0.6596785
0.01009503,0.7535393,-0.01157445,-0.6572235
0.01005641,0.7557253,-0.01160803,-0.6547086
0.01001687,0.7579478,-0.01164217,-0.6521344
0.009976187,0.7602184,-0.01167705,-0.6494861
0.009891982,0.7648678,-0.01174846,-0.644004
0.009848467,0.7672443,-0.01178496,-0.641171
0.009803996,0.7696546,-0.01182199,-0.6382758
0.009758328,0.7721106,-0.01185971,-0.6353026
0.009711683,0.7745993,-0.01189794,-0.6322659
0.009615469,0.7796702,-0.01197583,-0.626002
0.009565872,0.7822518,-0.01201548,-0.6227731
0.009515276,0.7848628,-0.01205559,-0.6194792
0.009463429,0.7875152,-0.01209633,-0.6161038
0.009410569,0.7901955,-0.01213749,-0.6126624
0.00930176,0.7956374,-0.01222108,-0.6055785
0.009245805,0.7983969,-0.01226347,-0.6019357
0.0091888,0.8011815,-0.01230624,-0.5982244
0.009130498,0.8040016,-0.01234956,-0.5944288
0.009071151,0.8068439,-0.01239322,-0.590565
0.008949184,0.8125964,-0.01248157,-0.5826245
0.008886575,0.8155035,-0.01252623,-0.5785484
0.008822872,0.8184299,-0.01257118,-0.5744012
0.008757818,0.821386,-0.01261659,-0.570166
0.008691667,0.8243588,-0.01266225,-0.5658593
0.008555953,0.8303546,-0.01275434,-0.5570238
0.008486395,0.8333746,-0.01280073,-0.5524953
0.008415696,0.8364078,-0.01284732,-0.5478926
0.008343596,0.8394638,-0.01289426,-0.5431986
0.008270327,0.8425313,-0.01294138,-0.5384285
0.008120299,0.8486941,-0.01303604,-0.5286611
0.008071537,0.8506634,-0.01306629,-0.5254865
0.008058368,0.8511924,-0.01307442,-0.5246292
0.00807397,0.8505655,-0.01306479,-0.5256449
0.008090466,0.8499007,-0.01305458,-0.5267189
0.008126129,0.8484574,-0.01303241,-0.5290407
0.008145296,0.8476782,-0.01302044,-0.5302885
0.008165605,0.8468495,-0.01300771,-0.5316107
0.008186796,0.845982,-0.01299438,-0.5329903
0.008208865,0.845075,-0.01298045,-0.5344271
0.008255636,0.8431417,-0.01295076,-0.5374721
0.008280326,0.8421149,-0.01293498,-0.5390794
0.008305886,0.8410473,-0.01291859,-0.5407435
0.008332568,0.8399279,-0.01290139,-0.5424806
0.008360104,0.8387674,-0.01288357,-0.5442733
0.008417748,0.8363201,-0.01284597,-0.5480261
0.008447834,0.8350334,-0.01282621,-0.5499849
0.008479018,0.8336927,-0.01280562,-0.552015
0.00851104,0.8323087,-0.01278436,-0.5540998
0.008543893,0.8308807,-0.01276242,-0.5562386
0.008612079,0.8278917,-0.01271651,-0.5606778
0.008647399,0.8263296,-0.01269252,-0.5629773
0.008683791,0.8247105,-0.01266765,-0.5653465
0.008720987,0.8230453,-0.01264207,-0.5677682
0.008758981,0.8213335,-0.01261578,-0.5702417
0.008837343,0.8177679,-0.01256101,-0.5753434
0.008877702,0.815913,-0.01253252,-0.5779709
0.008919078,0.8139981,-0.0125031,-0.5806646
0.008961229,0.8120335,-0.01247293,-0.5834088
0.009004138,0.8100191,-0.01244199,-0.5862024
0.009092219,0.8058381,-0.01237777,-0.5919367
0.009137378,0.8036702,-0.01234447,-0.5948767
0.009183503,0.8014388,-0.01231019,-0.5978796
0.009230352,0.7991543,-0.0122751,-0.6009297
0.009277904,0.796817,-0.0122392,-0.6040255
0.009375155,0.7919776,-0.01216487,-0.6103569
0.009425054,0.7894633,-0.01212625,-0.6136056
0.009475639,0.7868927,-0.01208676,-0.6168988
0.009526896,0.7842649,-0.0120464,-0.6202359
0.009578808,0.7815803,-0.01200516,-0.6236156
0.009684582,0.7760358,-0.01192,-0.6305019
0.009738634,0.7731634,-0.01187588,-0.6340209
0.009793334,0.7702295,-0.01183081,-0.637582
0.009848641,0.7672346,-0.01178481,-0.6411827
0.009904539,0.7641785,-0.01173787,-0.6448219
0.0100181,0.7578781,-0.01164109,-0.6522154
0.01007597,0.7546198,-0.01159105,-0.6559826
0.01013437,0.7512977,-0.01154002,-0.6597847
0.01019332,0.74791,-0.01148798,-0.6636224
0.01025279,0.7444564,-0.01143493,-0.6674945
0.01037327,0.7373482,-0.01132575,-0.6753383
0.01043448,0.7336788,-0.01126939,-0.6793228
0.01049616,0.7299404,-0.01121197,-0.6833383
0.01055829,0.7261325,-0.01115348,-0.6873833
0.01062086,0.7222542,-0.01109391,-0.6914572
0.0107473,0.7142826,-0.01097146,-0.6996889
0.01081134,0.7101746,-0.01090836,-0.7038581
0.01087577,0.7059928,-0.01084413,-0.7080525
0.01094056,0.7017371,-0.01077876,-0.7122704
0.0110057,0.6974064,-0.01071224,-0.7165114
0.01113696,0.6885175,-0.01057571,-0.7250571
0.01120326,0.6839433,-0.01050544,-0.7293735
0.01126985,0.6792908,-0.01043398,-0.7337085
0.0113367,0.6745597,-0.01036131,-0.7380606
0.01140378,0.66975,-0.01028744,-0.7424278
0.01153862,0.6598887,-0.01013596,-0.7512065
0.01160654,0.6548208,-0.01005812,-0.7556281
0.01167462,0.6496708,-0.009979018,-0.7600605
0.01174285,0.6444376,-0.009898635,-0.7645027
0.01181121,0.6391205,-0.009816965,-0.7689533
0.01194824,0.6282322,-0.009649719,-0.7778744
0.01201705,0.6226444,-0.00956389,-0.7823541
0.0120859,0.6169702,-0.009476734,-0.7868366
0.01215477,0.6112089,-0.00938824,-0.7913203
0.01222364,0.6053595,-0.009298392,-0.795804
0.01236128,0.5933952,-0.009114619,-0.8047647
0.01243018,0.5872626,-0.009020422,-0.8092507
0.01249899,0.5810401,-0.008924842,-0.81373
0.01256767,0.5747261,-0.008827859,-0.8182018
0.01263621,0.5683206,-0.00872947,-0.8226639
0.01277276,0.5552318,-0.008528423,-0.8315539
0.01284088,0.5485321,-0.008425516,-0.8359884
0.01290874,0.5417392,-0.008321176,-0.8404064
0.01297633,0.5348516,-0.008215382,-0.8448065
0.01304361,0.5278693,-0.008108133,-0.8491867
0.01316007,0.5154717,-0.007917704,-0.856769
0.01318813,0.5124229,-0.007870874,-0.8585959
0.0131997,0.5111595,-0.007851469,-0.8593487
0.0131997,0.5111595,-0.007851469,-0.8593487
0.0131997,0.5111595,-0.007851469,-0.8593487
0.0131997,0.5111595,-0.007851469,-0.8593487
0.0131997,0.5111595,-0.007851469,-0.8593487
0.0131997,0.5111595,-0.007851469,-0.8593487
0.0131997,0.5111595,-0.007851469,-0.8593487
0.0131997,0.5111595,-0.007851469,-0.8593487
0.0131997,0.5111595,-0.007851469,-0.8593487
0.0131997,0.5111595,-0.007851469,-0.8593487
0.0131997,0.5111595,-0.007851469,-0.8593487
0.0131997,0.5111595,-0.007851469,-0.8593487
0.0131997,0.5111595,-0.007851469,-0.8593487
0.0131997,0.5111595,-0.007851469,-0.8593487
0.0131997,0.5111595,-0.007851469,-0.8593487
0.0131997,0.5111595,-0.007851469,-0.8593487
0.0131997,0.5111595,-0.007851469,-0.8593487
0.0131997,0.5111595,-0.007851469,-0.8593487
0.0131997,0.5111595,-0.007851469,-0.8593487
0.0131997,0.5111595,-0.007851469,-0.8593487
0.0131997,0.5111595,-0.007851469,-0.8593487
0.0131997,0.5111595,-0.007851469,-0.8593487
0.0131997,0.5111595,-0.007851469,-0.8593487
0.0131997,0.5111595,-0.007851469,-0.8593487
0.0131997,0.5111595,-0.007851469,-0.8593487
0.0131997,0.5111595,-0.007851469,-0.8593487
0.0131997,0.5111595,-0.007851469,-0.8593487
0.0131997,0.5111595,-0.007851469,-0.8593487
0.0131997,0.5111595,-0.007851469,-0.8593487
0.0131997,0.5111595,-0.007851469,-0.8593487
0.0131997,0.5111595,-0.007851469,-0.8593487
0.0131997,0.5111595,-0.007851469,-0.8593487
0.0131997,0.5111595,-0.007851469,-0.8593487
0.0131997,0.5111595,-0.007851469,-0.8593487
0.0131997,0.5111595,-0.007851469,-0.8593487
0.0131997,0.5111595,-0.007851469,-0.8593487
0.0131997,0.5111595,-0.007851469,-0.8593487
0.0131997,0.5111595,-0.007851469,-0.8593487
0.0131997,0.5111595,-0.007851469,-0.8593487
0.0131997,0.5111595,-0.007851469,-0.8593487
0.0131997,0.5111595,-0.007851469,-0.8593487
0.0131997,0.5111595,-0.007851469,-0.8593487
0.0131997,0.5111595,-0.007851469,-0.8593487
0.0131997,0.5111595,-0.007851469,-0.8593487
0.0131997,0.5111595,-0.007851469,-0.8593487
0.0131997,0.5111595,-0.007851469,-0.8593487
0.0131997,0.5111595,-0.007851469,-0.8593487
0.0131997,0.5111595,-0.007851469,-0.8593487
0.0131997,0.5111595,-0.007851469,-0.8593487
0.0131997,0.5111595,-0.007851469,-0.8593487
0.0131997,0.5111595,-0.007851469,-0.8593487
0.0131997,0.5111595,-0.007851469,-0.8593487
0.0131997,0.5111595,-0.007851469,-0.8593487
0.0131997,0.5111595,-0.007851469,-0.8593487
0.0131997,0.5111595,-0.007851469,-0.8593487
0.0131997,0.5111595,-0.007851469,-0.8593487
0.0131997,0.5111595,-0.007851469,-0.8593487
0.0131997,0.5111595,-0.007851469,-0.8593487
0.013199,0.5112359,-0.007852643,-0.8593032
0.01319597,0.5115673,-0.007857734,-0.859106
0.01319364,0.5118223,-0.007861651,-0.8589541
0.01319075,0.512137,-0.007866485,-0.8587665
0.01318732,0.5125113,-0.007872234,-0.8585432
0.0131832,0.5129607,-0.007879138,-0.8582747
0.01317327,0.5140402,-0.007895718,-0.8576286
0.01316748,0.5146691,-0.007905378,-0.8572513
0.01316113,0.5153571,-0.007915946,-0.8568379
0.01315422,0.5161042,-0.007927421,-0.8563881
0.0131466,0.5169268,-0.007940056,-0.8558919
0.01312964,0.5187505,-0.007968068,-0.8547878
0.01312031,0.5197498,-0.007983417,-0.8541805
0.01311042,0.5208075,-0.007999664,-0.853536
0.01309993,0.5219243,-0.008016817,-0.8528536
0.01308872,0.5231159,-0.008035121,-0.8521232
0.01306452,0.525673,-0.008074398,-0.8505481
0.01305154,0.5270385,-0.008095372,-0.8497027
0.01303795,0.5284616,-0.008117232,-0.8488183
0.01302377,0.5299419,-0.008139969,-0.847895
0.01300883,0.5314951,-0.008163827,-0.8469222
0.01297708,0.5347747,-0.0082142,-0.8448552
0.01296027,0.5364991,-0.008240688,-0.8437612
0.01294284,0.5382794,-0.008268033,-0.8426265
0.01292462,0.5401325,-0.008296497,-0.8414398
0.01290575,0.5420414,-0.008325818,-0.8402115
0.01286608,0.5460243,-0.008386995,-0.8376286
0.01284525,0.5480989,-0.008418862,-0.8362726
0.01282376,0.5502277,-0.008451561,-0.8348734
0.01280144,0.5524263,-0.008485332,-0.8334202
0.01277842,0.55468,-0.008519949,-0.831922
0.01273033,0.5593475,-0.008591641,-0.8287911
0.01270524,0.5617608,-0.00862871,-0.8271572
0.01267942,0.5642274,-0.008666597,-0.8254766
0.0126529,0.5667456,-0.008705277,-0.8237498
0.01262548,0.5693316,-0.008745,-0.8219646
0.01256842,0.5746574,-0.008826804,-0.81825
0.01253877,0.5773963,-0.008868873,-0.8163196
0.01250818,0.580201,-0.008911954,-0.8143284
0.01249614,0.5813002,-0.008928837,-0.8135442
0.01249614,0.5813002,-0.008928837,-0.8135442
0.01249614,0.5813002,-0.008928837,-0.8135442
0.01249614,0.5813002,-0.008928837,-0.8135442
0.01249614,0.5813002,-0.008928837,-0.8135442
0.01249614,0.5813002,-0.008928837,-0.8135442
0.01249614,0.5813002,-0.008928837,-0.8135442
0.01249614,0.5813002,-0.008928837,-0.8135442
0.01249614,0.5813002,-0.008928837,-0.8135442
0.01249614,0.5813002,-0.008928837,-0.8135442
0.01249614,0.5813002,-0.008928837,-0.8135442
0.01249614,0.5813002,-0.008928837,-0.8135442
0.01249428,0.5814692,-0.008931434,-0.8134235
0.01249242,0.5816384,-0.008934032,-0.8133025
0.01248994,0.5818641,-0.008937499,-0.813141
0.01248667,0.5821619,-0.008942073,-0.8129278
0.01248277,0.5825161,-0.008947513,-0.812674
0.01247312,0.5833922,-0.008960971,-0.8120454
0.01246734,0.5839152,-0.008969004,-0.8116694
0.01246076,0.58451,-0.008978141,-0.8112411
0.01245355,0.5851612,-0.008988143,-0.8107716
0.01244571,0.5858675,-0.008998992,-0.8102614
0.01242812,0.5874484,-0.009023274,-0.8091158
0.01241836,0.5883223,-0.009036697,-0.8084807
0.01240797,0.5892513,-0.009050968,-0.8078039
0.01239674,0.5902519,-0.009066336,-0.8070731
0.01238487,0.591307,-0.009082543,-0.8063003
0.01235917,0.593582,-0.009117489,-0.8046269
0.01234533,0.5948018,-0.009136225,-0.8037257
0.01233082,0.5960759,-0.009155795,-0.8027812
0.01231546,0.59742,-0.009176441,-0.8017815
0.01229943,0.598818,-0.009197915,-0.8007379
0.01226534,0.6017743,-0.009243323,-0.7985185
0.01224727,0.6033326,-0.009267259,-0.7973418
0.01222832,0.6049595,-0.009292249,-0.7961081
0.01220867,0.6066393,-0.009318052,-0.7948288
0.01218833,0.6083708,-0.009344649,-0.7935044
0.01214549,0.6119906,-0.009400249,-0.7907158
0.012123,0.6138784,-0.009429244,-0.7892513
0.01209978,0.615817,-0.009459022,-0.7877395
0.01207564,0.6178221,-0.009489821,-0.7861679
0.01205076,0.6198775,-0.009521392,-0.7845483
0.01201916,0.6224723,-0.009561249,-0.7824911
0.01201916,0.6224723,-0.009561249,-0.7824911
0.01201916,0.6224723,-0.009561249,-0.7824911
0.01201916,0.6224723,-0.009561249,-0.7824911
0.01201916,0.6224723,-0.009561249,-0.7824911
0.01201916,0.6224723,-0.009561249,-0.7824911
0.01201916,0.6224723,-0.009561249,-0.7824911
0.01201916,0.6224723,-0.009561249,-0.7824911
0.01201916,0.6224723,-0.009561249,-0.7824911
0.01201916,0.6224723,-0.009561249,-0.7824911
0.01201916,0.6224723,-0.009561249,-0.7824911
0.01201916,0.6224723,-0.009561249,-0.7824911
0.01201916,0.6224723,-0.009561249,-0.7824911
0.01201916,0.6224723,-0.009561249,-0.7824911
0.01201916,0.6224723,-0.009561249,-0.7824911
0.01201916,0.6224723,-0.009561249,-0.7824911
0.01201916,0.6224723,-0.009561249,-0.7824911
0.01201916,0.6224723,-0.009561249,-0.7824911
0.01201916,0.6224723,-0.009561249,-0.7824911
0.01201916,0.6224723,-0.009561249,-0.7824911
0.01201916,0.6224723,-0.009561249,-0.7824911
0.01201916,0.6224723,-0.009561249,-0.7824911
0.01201916,0.6224723,-0.009561249,-0.7824911
0.01201916,0.6224723,-0.009561249,-0.7824911
0.01201916,0.6224723,-0.009561249,-0.7824911
0.01201916,0.6224723,-0.009561249,-0.7824911
0.01201916,0.6224723,-0.009561249,-0.7824911
0.01201916,0.6224723,-0.009561249,-0.7824911
0.01201916,0.6224723,-0.009561249,-0.7824911
0.01201916,0.6224723,-0.009561249,-0.7824911
0.01201916,0.6224723,-0.009561249,-0.7824911
0.01201916,0.6224723,-0.009561249,-0.7824911
0.01201916,0.6224723,-0.009561249,-0.7824911
0.01201916,0.6224723,-0.009561249,-0.7824911
0.01201916,0.6224723,-0.009561249,-0.7824911
0.01201916,0.6224723,-0.009561249,-0.7824911
0.01201916,0.6224723,-0.009561249,-0.7824911
0.01201916,0.6224723,-0.009561249,-0.7824911
0.01201916,0.6224723,-0.009561249,-0.7824911
0.01201916,0.6224723,-0.009561249,-0.7824911
0.01201916,0.6224723,-0.009561249,-0.7824911
0.01201916,0.6224723,-0.009561249,-0.7824911
0.01201916,0.6224723,-0.009561249,-0.7824911
0.01201916,0.6224723,-0.009561249,-0.7824911
0.01201916,0.6224723,-0.009561249,-0.7824911
0.01201916,0.6224723,-0.009561249,-0.7824911
0.01201916,0.6224723,-0.009561249,-0.7824911
0.0120185,0.6225268,-0.009562084,-0.7824479
0.01201716,0.6226355,-0.009563755,-0.7823612
0.01201517,0.6227986,-0.00956626,-0.7822315
0.01200918,0.6232879,-0.009573775,-0.7818416
0.012005,0.6236291,-0.009579016,-0.7815695
0.01200015,0.624025,-0.009585097,-0.7812535
0.01199463,0.6244745,-0.009592,-0.7808942
0.01198844,0.6249779,-0.009599734,-0.7804914
0.01198159,0.6255351,-0.009608292,-0.7800449
0.01196548,0.6268402,-0.009628339,-0.7789964
0.01195641,0.6275738,-0.009639609,-0.7784056
0.01194665,0.6283609,-0.009651698,-0.7777703
0.01193621,0.6292014,-0.009664607,-0.7770906
0.01192508,0.6300946,-0.009678328,-0.7763665
0.01190037,0.6320717,-0.009708696,-0.7747577
0.01188698,0.6331393,-0.009725093,-0.7738856
0.01187288,0.634259,-0.009742293,-0.7729681
0.01185809,0.6354312,-0.009760298,-0.7720048
0.01182618,0.6379467,-0.009798937,-0.7699273
0.01180906,0.6392894,-0.009819561,-0.7688129
0.01179122,0.6406834,-0.009840972,-0.7676516
0.01177266,0.6421285,-0.009863169,-0.7664432
0.01175337,0.6436245,-0.009886148,-0.7651873
0.01173335,0.645171,-0.009909902,-0.7638839
0.01173335,0.645171,-0.009909902,-0.7638839
0.01173335,0.645171,-0.009909902,-0.7638839
0.01173335,0.645171,-0.009909902,-0.7638839
0.01173335,0.645171,-0.009909902,-0.7638839
0.01173335,0.645171,-0.009909902,-0.7638839
0.01173335,0.645171,-0.009909902,-0.7638839
0.01173335,0.645171,-0.009909902,-0.7638839
0.01173335,0.645171,-0.009909902,-0.7638839
0.01173335,0.645171,-0.009909902,-0.7638839
0.01173335,0.645171,-0.009909902,-0.7638839
0.01173335,0.645171,-0.009909902,-0.7638839
0.01173335,0.645171,-0.009909902,-0.7638839
0.01173335,0.645171,-0.009909902,-0.7638839
0.01173335,0.645171,-0.009909902,-0.7638839
0.01173335,0.645171,-0.009909902,-0.7638839
0.01173335,0.645171,-0.009909902,-0.7638839
0.01173335,0.645171,-0.009909902,-0.7638839
0.01173335,0.645171,-0.009909902,-0.7638839
0.01173404,0.6451178,-0.009909084,-0.7639288
0.01173562,0.6449963,-0.009907219,-0.7640314
0.01174082,0.6445945,-0.009901046,-0.7643704
0.01174446,0.6443135,-0.009896728,-0.7646074
0.01174879,0.6439791,-0.009891592,-0.764889
0.0117538,0.6435916,-0.009885641,-0.765215
0.01175949,0.6431511,-0.009878874,-0.7655853
0.01177329,0.6420794,-0.009862413,-0.7664843
0.01178121,0.6414633,-0.009852949,-0.767
0.01178981,0.6407935,-0.00984266,-0.7675597
0.01179908,0.6400701,-0.009831549,-0.7681631
0.01180902,0.6392924,-0.009819604,-0.7688103
0.0118313,0.6375442,-0.009792751,-0.7702608
0.01184344,0.6365885,-0.009778072,-0.7710508
0.01185623,0.6355785,-0.009762557,-0.7718836
0.01186987,0.6344985,-0.009745969,-0.7727714
0.01188416,0.6333636,-0.009728537,-0.7737019
0.01191469,0.6309277,-0.009691121,-0.7756896
0.01193092,0.6296262,-0.009671128,-0.7767465
0.01194779,0.6282693,-0.009650286,-0.7778444
0.01196528,0.6268564,-0.009628585,-0.7789834
0.01198359,0.6253721,-0.009605785,-0.7801756
0.01202207,0.6222339,-0.009557582,-0.7826807
0.01204224,0.6205791,-0.009532163,-0.7839935
0.01206301,0.6188666,-0.009505859,-0.785346
0.01208438,0.617097,-0.009478678,-0.7867372
0.01210653,0.6152542,-0.009450373,-0.7881791
0.01215258,0.6113943,-0.009391085,-0.7911771
0.01217648,0.6093756,-0.009360077,-0.792733
0.01220094,0.6072981,-0.009328166,-0.7943256
0.01222597,0.6051611,-0.009295342,-0.7959548
0.01225173,0.6029488,-0.00926136,-0.7976321
0.01230489,0.5983429,-0.009190613,-0.801093
0.01233227,0.5959491,-0.009153845,-0.8028754
0.01236017,0.5934942,-0.009116136,-0.8046917
0.01238877,0.5909616,-0.009077236,-0.8065535
0.01241787,0.5883669,-0.009037382,-0.8084482
0.01247754,0.5829914,-0.008954812,-0.8123332
0.0125081,0.5802094,-0.00891208,-0.8143226
0.01253913,0.5773637,-0.00886837,-0.8163427
0.01257062,0.5744539,-0.008823676,-0.8183929
0.01260274,0.5714631,-0.008777737,-0.820484
0.01266827,0.5652882,-0.00868289,-0.8247505
0.01270168,0.5621023,-0.008633953,-0.8269252
0.01273548,0.5588505,-0.008584004,-0.8291262
0.01276969,0.5555327,-0.008533042,-0.8313528
0.01280444,0.5521318,-0.008480804,-0.8336154
0.01287505,0.5451273,-0.008373214,-0.8382126
0.01291089,0.541523,-0.008317852,-0.8405457
0.01294706,0.5378507,-0.008261446,-0.8429002
0.0129652,0.5359951,-0.008232942,-0.8440815
0.0129652,0.5359951,-0.008232942,-0.8440815
0.0129652,0.5359951,-0.008232942,-0.8440815
0.0129652,0.5359951,-0.008232942,-0.8440815
0.0129652,0.5359951,-0.008232942,-0.8440815
0.0129652,0.5359951,-0.008232942,-0.8440815
0.0129652,0.5359951,-0.008232942,-0.8440815
0.0129652,0.5359951,-0.008232942,-0.8440815
0.0129652,0.5359951,-0.008232942,-0.8440815
0.0129652,0.5359951,-0.008232942,-0.8440815
0.0129652,0.5359951,-0.008232942,-0.8440815
0.0129652,0.5359951,-0.008232942,-0.8440815
0.0129652,0.5359951,-0.008232942,-0.8440815
0.0129652,0.5359951,-0.008232942,-0.8440815
0.01296447,0.5360698,-0.008234089,-0.844034
0.01296317,0.5362031,-0.008236138,-0.8439493
0.01296129,0.5363955,-0.008239093,-0.8438271
0.01295582,0.5369554,-0.008247693,-0.8434708
0.01295222,0.5373235,-0.008253347,-0.8432364
0.01294805,0.5377494,-0.008259889,-0.8429649
0.01294313,0.5382504,-0.008267584,-0.8426449
0.01293764,0.5388101,-0.00827618,-0.8422873
0.01292491,0.5401032,-0.008296043,-0.8414587
0.01291768,0.5408366,-0.008307307,-0.8409876
0.01290984,0.5416285,-0.008319472,-0.8404776
0.01290126,0.5424949,-0.00833278,-0.8399187
0.0128921,0.5434176,-0.008346952,-0.8393221
0.01287197,0.5454363,-0.00837796,-0.8380116
0.01286099,0.5465325,-0.008394796,-0.8372971
0.01284941,0.547686,-0.008412515,-0.836543
0.01283705,0.5489127,-0.008431357,-0.8357386
0.0128241,0.5501951,-0.008451056,-0.834895
0.01279629,0.552932,-0.008493094,-0.8330849
0.01278145,0.5543849,-0.00851541,-0.8321186
0.01276582,0.5559097,-0.008538831,-0.8311008
0.01274955,0.5574897,-0.008563099,-0.8300418
0.01273263,0.5591261,-0.008588234,-0.8289404
0.01269685,0.5625643,-0.008641046,-0.8266109
0.01267798,0.5643657,-0.008668717,-0.825382
0.01265843,0.5662224,-0.008697236,-0.8241094
0.01263805,0.5681489,-0.008726827,-0.8227825
0.01261699,0.5701298,-0.008757252,-0.8214112
0.01257281,0.5742511,-0.008820556,-0.8185351
0.01254968,0.5763916,-0.008853436,-0.8170292
0.01252585,0.5785847,-0.008887122,-0.8154777
0.01250113,0.5808462,-0.008921859,-0.8138685
0.01247569,0.5831597,-0.008957394,-0.8122124
0.01242264,0.5879403,-0.009030825,-0.8087586
0.012395,0.5904074,-0.009068721,-0.8069593
0.01236662,0.592925,-0.009107391,-0.8051113
