0.0003718458,0.9995889,-0.01535379,-0.02421381
0.000385034,0.9995677,-0.01535347,-0.02507241
0.0004030014,0.9995376,-0.015353,-0.02624215
0.0004222939,0.9995039,-0.01535249,-0.02749817
0.0004429424,0.999466,-0.01535191,-0.02884246
0.0004604216,0.9994325,-0.01535139,-0.02998042
0.000483739,0.9993858,-0.01535067,-0.03149847
0.0005083918,0.999334,-0.01534988,-0.03310346
0.0005292419,0.999288,-0.01534917,-0.03446088
0.0005565745,0.9992251,-0.01534821,-0.03624034
0.0005852424,0.9991556,-0.01534714,-0.03810672
0.0006092491,0.9990948,-0.0153462,-0.03966964
0.0006405953,0.9990118,-0.01534493,-0.0417104
0.0006667411,0.9989392,-0.01534381,-0.04341258
0.0006735994,0.9989197,-0.01534351,-0.04385908
0.0007089562,0.998816,-0.01534192,-0.04616095
0.000738312,0.9987258,-0.01534053,-0.04807212
0.0007763403,0.9986036,-0.01533866,-0.0505479
0.0008156967,0.9984706,-0.01533661,-0.05311015
0.0008563828,0.9983262,-0.0153344,-0.05575897
0.0008984106,0.9981695,-0.01533199,-0.05849513
0.0009070848,0.9981363,-0.01533148,-0.05905985
0.0009517818,0.9979599,-0.01532877,-0.06196979
0.0009977972,0.9977694,-0.01532584,-0.06496558
0.001035634,0.9976059,-0.01532333,-0.06742892
0.001084318,0.9973865,-0.01531996,-0.07059844
0.001124385,0.9971985,-0.01531707,-0.07320692
0.001175717,0.9969476,-0.01531322,-0.07654878
0.001217791,0.9967335,-0.01530993,-0.07928801
0.001228646,0.996677,-0.01530906,-0.07999471
0.001283966,0.9963813,-0.01530452,-0.08359623
0.001329224,0.9961298,-0.01530066,-0.08654272
0.001387173,0.9957948,-0.01529551,-0.09031537
0.001446432,0.9954374,-0.01529002,-0.09417336
0.001507008,0.9950565,-0.01528417,-0.09811708
0.001568883,0.994651,-0.01527795,-0.1021454
0.00159411,0.9944809,-0.01527533,-0.1037878
0.001658629,0.9940336,-0.01526846,-0.1079882
0.001711404,0.9936543,-0.01526264,-0.111424
0.001765063,0.9932563,-0.01525652,-0.1149174
0.001833489,0.9927308,-0.01524845,-0.1193722
0.001889332,0.9922869,-0.01524163,-0.1230078
0.001946041,0.9918222,-0.0152345,-0.1266997
0.002003789,0.9913347,-0.01522701,-0.1304594
0.002047999,0.9909517,-0.01522113,-0.1333376
0.002122917,0.9902831,-0.01521086,-0.1382151
0.002183871,0.9897212,-0.01520223,-0.1421833
0.002261329,0.9889836,-0.0151909,-0.1472261
0.002324421,0.9883634,-0.01518137,-0.1513337
0.002388373,0.9877169,-0.01517144,-0.1554972
0.00246964,0.9868695,-0.01515843,-0.160788
0.00251916,0.9863389,-0.01515028,-0.1640119
0.002586108,0.9856042,-0.01513899,-0.1683705
0.002671159,0.9846422,-0.01512422,-0.1739076
0.002740191,0.9838379,-0.01511186,-0.1784018
0.002827736,0.9827873,-0.01509573,-0.1841013
0.002898847,0.9819087,-0.01508223,-0.188731
0.002970801,0.9809968,-0.01506823,-0.1934154
0.003043675,0.9800494,-0.01505367,-0.1981598
0.003080524,0.9795613,-0.01504618,-0.2005588
0.00315555,0.9785485,-0.01503062,-0.2054433
0.003231607,0.9774959,-0.01501445,-0.2103948
0.003308462,0.9764055,-0.01499771,-0.2153984
0.003405782,0.9749862,-0.01497591,-0.2217342
0.003484641,0.9738044,-0.01495775,-0.2268682
0.003584302,0.9722699,-0.01493418,-0.2333565
0.00366506,0.9709931,-0.01491457,-0.2386142
0.003726263,0.9700052,-0.0148994,-0.2425988
0.003829425,0.9683007,-0.01487322,-0.249315
0.003912922,0.9668848,-0.01485147,-0.254751
0.003997163,0.965423,-0.01482902,-0.2602354
0.004082378,0.9639105,-0.01480579,-0.2657832
0.004168523,0.9623465,-0.01478176,-0.2713915
0.004277293,0.9603214,-0.01475066,-0.2784729
0.004343214,0.9590664,-0.01473138,-0.2827646
0.004409821,0.9577773,-0.01471158,-0.2871009
0.004521921,0.9555592,-0.01467751,-0.2943991
0.004612491,0.9537227,-0.0146493,-0.3002955
0.004703739,0.9518318,-0.01462025,-0.3062361
0.004818937,0.9493861,-0.01458269,-0.3137359
0.004911894,0.9473648,-0.01455164,-0.3197877
0.005029086,0.9447551,-0.01451156,-0.3274173
0.005100096,0.9431402,-0.01448675,-0.3320403
0.005195413,0.9409325,-0.01445284,-0.3382458
0.005291644,0.9386567,-0.01441788,-0.3445108
0.005388625,0.9363152,-0.01438192,-0.3508246
0.005510682,0.9332992,-0.01433559,-0.358771
0.005609139,0.9308099,-0.01429736,-0.365181
0.005708181,0.9282542,-0.0142581,-0.371629
0.005832899,0.9249622,-0.01420754,-0.3797486
0.005908401,0.9229288,-0.01417631,-0.384664
0.006009506,0.9201578,-0.01413374,-0.3912463
0.006136805,0.9165897,-0.01407894,-0.399534
0.00623927,0.913653,-0.01403383,-0.4062048
0.006368106,0.9098777,-0.01397584,-0.4145924
0.006471849,0.9067697,-0.0139281,-0.4213465
0.006576061,0.9035861,-0.0138792,-0.4281311
0.006680863,0.9003215,-0.01382906,-0.4349541
0.006786354,0.8969713,-0.0137776,-0.441822
0.006892257,0.8935422,-0.01372493,-0.4487166
0.007025371,0.8891373,-0.01365727,-0.4573828
0.007132335,0.8855205,-0.01360172,-0.4643466
0.007266602,0.8808814,-0.01353046,-0.4730878
0.007374537,0.8770713,-0.01347194,-0.4801148
0.007482796,0.8731761,-0.0134121,-0.4871629
0.00753714,0.8711928,-0.01338164,-0.4907008
0.007619361,0.868156,-0.01333499,-0.4960538
0.00775675,0.8629838,-0.01325555,-0.5049983
0.007867076,0.8587404,-0.01319037,-0.5121808
0.007977636,0.8544061,-0.0131238,-0.5193787
0.008116236,0.8488553,-0.01303854,-0.5284021
0.008227418,0.8443063,-0.01296866,-0.5356405
0.008338757,0.839664,-0.01289736,-0.5428891
0.008394737,0.8372964,-0.01286099,-0.5465336
0.008506968,0.8324813,-0.01278703,-0.5538403
0.00863411,0.8269145,-0.01270153,-0.5621177
0.00870716,0.8236616,-0.01265156,-0.5668736
0.00876687,0.8209727,-0.01261026,-0.5707609
0.008785699,0.8201191,-0.01259715,-0.5719867
0.008787213,0.8200504,-0.01259609,-0.5720853
0.008787213,0.8200504,-0.01259609,-0.5720853
0.008787213,0.8200504,-0.01259609,-0.5720853
0.008787213,0.8200504,-0.01259609,-0.5720853
0.008787213,0.8200504,-0.01259609,-0.5720853
0.008787213,0.8200504,-0.01259609,-0.5720853
0.008787213,0.8200504,-0.01259609,-0.5720853
0.008787213,0.8200504,-0.01259609,-0.5720853
0.008787213,0.8200504,-0.01259609,-0.5720853
0.008787213,0.8200504,-0.01259609,-0.5720853
0.008787213,0.8200504,-0.01259609,-0.5720853
0.008787783,0.8200244,-0.01259569,-0.5721225
0.008789358,0.8199529,-0.01259459,-0.572225
0.008792432,0.819813,-0.01259244,-0.5724253
0.008795857,0.8196573,-0.01259005,-0.5726483
0.008800042,0.8194669,-0.01258713,-0.5729207
0.008805094,0.8192368,-0.0125836,-0.5732497
0.008809665,0.8190285,-0.0125804,-0.5735473
0.008818235,0.8186375,-0.01257439,-0.5741052
0.008826052,0.8182805,-0.01256891,-0.5746141
0.00883461,0.8178889,-0.01256289,-0.5751712
0.008846453,0.8173462,-0.01255455,-0.5759423
0.00885684,0.8168693,-0.01254723,-0.5766185
0.008867964,0.8163576,-0.01253937,-0.5773426
0.008877023,0.8159402,-0.01253296,-0.5779324
0.008893198,0.8151933,-0.01252149,-0.5789855
0.008910455,0.8143942,-0.01250921,-0.5801089
0.008925205,0.8137093,-0.01249869,-0.5810692
0.008940691,0.8129885,-0.01248762,-0.5820773
0.008961175,0.8120319,-0.01247293,-0.5834109
0.008978451,0.8112227,-0.0124605,-0.5845357
0.008996456,0.8103768,-0.01244751,-0.5857078
0.009015474,0.8094804,-0.01243374,-0.586946
0.009035217,0.808547,-0.0124194,-0.5882312
0.009060984,0.8073239,-0.01240062,-0.5899087
0.009082478,0.8062996,-0.01238488,-0.5913081
0.009104692,0.8052369,-0.01236856,-0.5927542
0.009133604,0.803848,-0.01234722,-0.5946366
0.009163519,0.8024036,-0.01232504,-0.5965841
0.009188287,0.8012023,-0.01230659,-0.5981966
0.009207498,0.800267,-0.01229222,-0.5994473
0.009240492,0.7986535,-0.01226744,-0.6015952
0.009274508,0.7969803,-0.01224174,-0.6038099
0.009302552,0.7955938,-0.01222044,-0.6056357
0.009331279,0.7941667,-0.01219852,-0.6075059
0.00936827,0.7923186,-0.01217013,-0.6099142
0.009398655,0.7907919,-0.01214668,-0.6118924
0.009429912,0.7892132,-0.01212244,-0.6139273
0.00946196,0.7875859,-0.01209744,-0.6160136
0.009494656,0.7859161,-0.01207179,-0.6181424
0.009536532,0.7837642,-0.01203874,-0.6208687
0.009570824,0.7819905,-0.0120115,-0.6231011
0.009605755,0.7801731,-0.01198358,-0.6253752
0.009650443,0.7778321,-0.01194762,-0.6282846
0.00967774,0.7763932,-0.01192552,-0.6300617
0.00970572,0.7749114,-0.01190276,-0.6318833
0.009743818,0.7728823,-0.0118716,-0.6343636
0.009782516,0.7708075,-0.01183973,-0.636883
0.009831822,0.7681439,-0.01179881,-0.640093
0.009871994,0.7659571,-0.01176523,-0.6427082
0.009912754,0.7637225,-0.0117309,-0.645362
0.009964657,0.7608542,-0.01168684,-0.6487411
0.009996281,0.7590941,-0.01165981,-0.6507999
0.01003927,0.7566856,-0.01162282,-0.6535987
0.0100829,0.7542226,-0.01158499,-0.6564392
0.01012707,0.7517103,-0.0115464,-0.6593146
0.01018317,0.7484914,-0.01149696,-0.6629667
0.01022867,0.7458571,-0.01145649,-0.665929
0.01028633,0.7424883,-0.01140475,-0.669683
0.01033314,0.7397282,-0.01136235,-0.6727305
0.01035683,0.7383227,-0.01134076,-0.6742728
0.01041686,0.7347351,-0.01128566,-0.6781803
0.01046545,0.7318022,-0.01124061,-0.681344
0.01052689,0.7280573,-0.01118309,-0.6853443
0.01057667,0.7249931,-0.01113602,-0.688585
0.0106269,0.7218727,-0.01108809,-0.6918554
0.01069039,0.7178885,-0.01102689,-0.6959887
0.0107289,0.7154498,-0.01098944,-0.6984954
0.01075487,0.7137946,-0.01096401,-0.7001867
0.01082051,0.709578,-0.01089925,-0.7044595
0.01087349,0.7061368,-0.01084639,-0.7079089
0.01091366,0.7035055,-0.01080597,-0.7105239
0.01098115,0.6990398,-0.01073738,-0.7149179
0.01103554,0.6953998,-0.01068147,-0.7184589
0.0111041,0.6907584,-0.01061018,-0.7229225
0.01114562,0.6879188,-0.01056656,-0.7256252
0.01121527,0.6831039,-0.0104926,-0.7301598
0.01127143,0.6791743,-0.01043224,-0.7338163
0.01132789,0.6751813,-0.01037091,-0.737492
0.01139894,0.670094,-0.01029277,-0.7421175
0.01145614,0.6659464,-0.01022906,-0.7458415
0.01151373,0.6617236,-0.0101642,-0.7495906
0.01155716,0.6585071,-0.0101148,-0.7524178
0.01161539,0.6541497,-0.01004786,-0.7562092
0.01168856,0.6486021,-0.009962653,-0.7609727
0.01174738,0.6440826,-0.009893235,-0.7648017
0.01180636,0.6394954,-0.009822776,-0.7686415
0.01188042,0.6336551,-0.009733067,-0.7734632
0.01193986,0.6289021,-0.009660061,-0.7773328
0.01201436,0.6228595,-0.009567246,-0.7821829
0.01205928,0.6191697,-0.009510569,-0.7851071
0.01207436,0.617922,-0.009491405,-0.7860894
0.01215001,0.6116049,-0.009394374,-0.7910143
0.01221058,0.6064703,-0.009315506,-0.7949578
0.01228643,0.5999428,-0.009215243,-0.7998955
0.01234718,0.5946325,-0.009133676,-0.803851
0.01240793,0.5892487,-0.00905098,-0.8078057
0.01248394,0.582404,-0.008945844,-0.8127545
0.01249916,0.5810189,-0.00892457,-0.8137451
0.01257564,0.5739815,-0.008816475,-0.8187243
0.01263682,0.5682576,-0.008728557,-0.8227074
0.0126979,0.562457,-0.008639459,-0.8266839
0.01277415,0.5550907,-0.008526312,-0.831648
0.01283504,0.5491054,-0.008434378,-0.8356121
0.01289576,0.5430415,-0.008341236,-0.8395654
0.01295641,0.5368879,-0.008246717,-0.8435138
0.01297165,0.5353263,-0.008222732,-0.8445057
0.01304771,0.5274326,-0.008101485,-0.8494581
0.01310829,0.521028,-0.00800311,-0.8534014
0.01318368,0.512902,-0.007878295,-0.8583099
0.01324371,0.506305,-0.007776966,-0.8622177
0.01330341,0.4996269,-0.007674388,-0.8661045
0.01337764,0.4911536,-0.007544238,-0.8709375
0.01340722,0.4877234,-0.00749155,-0.8728631
0.01348095,0.4790318,-0.007358047,-0.8776633
0.01353952,0.4719793,-0.00724972,-0.8814759
0.01359763,0.4648441,-0.007140121,-0.8852594
0.0136697,0.4557968,-0.007001155,-0.8899513
0.01372682,0.4484629,-0.006888506,-0.8936695
0.01379749,0.4391745,-0.006745835,-0.8982705
0.01383953,0.4335316,-0.00665916,-0.9010075
0.01386746,0.4297321,-0.0066008,-0.9028258
0.01393683,0.4201122,-0.006453038,-0.9073421
0.01399164,0.4123184,-0.006333325,-0.9109104
0.01405924,0.4024536,-0.0061818,-0.9153116
0.01411261,0.3944573,-0.006058977,-0.9187859
0.01416526,0.3863766,-0.005934855,-0.9222133
0.01423006,0.3761488,-0.005777757,-0.926432
0.0142684,0.3699414,-0.00568241,-0.9289282
0.01433136,0.3594778,-0.00552169,-0.9330273
0.01438084,0.3510022,-0.005391504,-0.9362487
0.01442944,0.3424456,-0.005260073,-0.9394122
0.01448898,0.3316189,-0.005093774,-0.9432884
0.01453558,0.32286,-0.004959238,-0.9463222
0.01459249,0.3117893,-0.00478919,-0.9500271
0.01463694,0.3028288,-0.004651556,-0.9529212
0.01466964,0.2960458,-0.004547368,-0.9550503
0.01472288,0.2846242,-0.004371931,-0.9585162
0.01476427,0.275387,-0.004230048,-0.9612108
0.01480453,0.2660678,-0.004086904,-0.963832
0.01485329,0.2542903,-0.003906001,-0.967006
0.01489095,0.2447766,-0.003759869,-0.9694579
0.01491846,0.2375693,-0.003649164,-0.9712492
0.01494532,0.2303037,-0.003537564,-0.9729977
0.01496288,0.2254205,-0.003462559,-0.9741405
0.01499713,0.2155582,-0.003311073,-0.9763702
0.01503803,0.2031194,-0.00312001,-0.9790335
0.01506924,0.1930688,-0.002965634,-0.981065
0.01509902,0.1829396,-0.002810047,-0.9830042
0.01513424,0.170161,-0.002613767,-0.9852966
0.01516075,0.1598441,-0.002455299,-0.9870228
0.01517965,0.1520534,-0.002335634,-0.9882529
0.01519183,0.1468081,-0.002255065,-0.9890458
0.01522054,0.1336083,-0.002052315,-0.9909152
0.01524171,0.1229577,-0.00188872,-0.9922931
0.01526583,0.109543,-0.00168267,-0.9938634
0.01528324,0.09872019,-0.00151643,-0.9949968
0.01529517,0.09054771,-0.001390901,-0.9957737
0.01531288,0.07682811,-0.001180166,-0.9969261
0.01531919,0.07129359,-0.001095155,-0.9973372
0.01533045,0.0601709,-0.00092431,-0.9980699
0.01534191,0.04616076,-0.0007091129,-0.998816
0.01534894,0.03487645,-0.0005357847,-0.9992737
0.015355,0.02067734,-0.000317685,-0.9996682
0.01535763,0.009238129,-0.0001419777,-0.9998394
0.01535825,-0.002261585,3.465907E-05,-0.9998795
0.01535737,-0.01093083,0.0001678195,-0.9998224
0.01535438,-0.02257605,0.0003466912,-0.9996272
0.01534765,-0.03720994,0.0005714694,-0.9991895
0.015342,-0.04604645,0.0007071991,-0.9988213
0.01533511,-0.05492501,0.0008435746,-0.9983724
0.01532083,-0.06979859,0.001072034,-0.9974429
0.01530687,-0.0817597,0.001255758,-0.9965338
0.01529062,-0.09376785,0.001440205,-0.9954756
0.01527688,-0.102822,0.001579277,-0.9945812
0.01526178,-0.1119205,0.001719032,-0.9935985
0.01523362,-0.1271488,0.00195294,-0.9917647
0.01520835,-0.1393837,0.002140868,-0.9901194
0.0151733,-0.1547278,0.002376557,-0.9878377
0.01515037,-0.1639756,0.002518604,-0.9863449
0.01511757,-0.1763396,0.002708516,-0.9842097
0.0150822,-0.1887406,0.002898996,-0.9819069
0.01504419,-0.2011904,0.003090227,-0.9794318
0.01500355,-0.2136658,0.003281851,-0.9767861
0.01496121,-0.2258983,0.003469744,-0.9740298
0.01493278,-0.2337357,0.003590127,-0.9721789
0.01489294,-0.2442724,0.003751972,-0.9695851
0.0148684,-0.2505278,0.003848056,-0.9679876
0.01484656,-0.2559596,0.00393149,-0.9665655
0.01484185,-0.2571155,0.003949243,-0.9662586
0.01483976,-0.2576254,0.003957076,-0.9661229
0.01483976,-0.2576254,0.003957076,-0.9661229
0.01483976,-0.2576254,0.003957076,-0.9661229
0.01483976,-0.2576254,0.003957076,-0.9661229
0.01483976,-0.2576254,0.003957076,-0.9661229
0.01483976,-0.2576254,0.003957076,-0.9661229
0.01483976,-0.2576254,0.003957076,-0.9661229
0.01483976,-0.2576254,0.003957076,-0.9661229
0.01483976,-0.2576254,0.003957076,-0.9661229
0.01483976,-0.2576254,0.003957076,-0.9661229
0.01483976,-0.2576254,0.003957076,-0.9661229
0.01483976,-0.2576254,0.003957076,-0.9661229
0.01483976,-0.2576254,0.003957076,-0.9661229
0.01483976,-0.2576254,0.003957076,-0.9661229
0.01483976,-0.2576254,0.003957076,-0.9661229
0.01483976,-0.2576254,0.003957076,-0.9661229
0.01483976,-0.2576254,0.003957076,-0.9661229
0.01483976,-0.2576254,0.003957076,-0.9661229
0.01483976,-0.2576254,0.003957076,-0.9661229
0.01483976,-0.2576254,0.003957076,-0.9661229
0.01483976,-0.2576254,0.003957076,-0.9661229
0.01483976,-0.2576254,0.003957076,-0.9661229
0.01483976,-0.2576254,0.003957076,-0.9661229
0.01483976,-0.2576254,0.003957076,-0.9661229
0.01483976,-0.2576254,0.003957076,-0.9661229
0.01483976,-0.2576254,0.003957076,-0.9661229
0.01483976,-0.2576254,0.003957076,-0.9661229
0.01483976,-0.2576254,0.003957076,-0.9661229
0.01483976,-0.2576254,0.003957076,-0.9661229
0.01483976,-0.2576254,0.003957076,-0.9661229
0.01483976,-0.2576254,0.003957076,-0.9661229
0.01483976,-0.2576254,0.003957076,-0.9661229
0.01483976,-0.2576254,0.003957076,-0.9661229
0.01483976,-0.2576254,0.003957076,-0.9661229
0.01483976,-0.2576254,0.003957076,-0.9661229
0.01483976,-0.2576254,0.003957076,-0.9661229
0.01483976,-0.2576254,0.003957076,-0.9661229
0.01483976,-0.2576254,0.003957076,-0.9661229
0.01483976,-0.2576254,0.003957076,-0.9661229
0.01483976,-0.2576254,0.003957076,-0.9661229
0.01483976,-0.2576254,0.003957076,-0.9661229
0.01483976,-0.2576254,0.003957076,-0.9661229
0.01483976,-0.2576254,0.003957076,-0.9661229
0.01483976,-0.2576254,0.003957076,-0.9661229
0.01483976,-0.2576254,0.003957076,-0.9661229
0.01483976,-0.2576254,0.003957076,-0.9661229
0.01483973,-0.2576322,0.00395718,-0.9661211
0.01483938,-0.2577179,0.003958497,-0.9660982
0.01483881,-0.2578579,0.003960648,-0.9660608
0.014838,-0.2580548,0.003963672,-0.9660082
0.01483661,-0.2583934,0.003968873,-0.9659177
0.01483522,-0.2587318,0.003974071,-0.9658271
0.01483313,-0.2592384,0.003981852,-0.9656913
0.01483214,-0.2594782,0.003985535,-0.9656268
0.01483046,-0.2598847,0.003991779,-0.9655175
0.01482732,-0.2606443,0.004003448,-0.9653127
0.01482453,-0.261316,0.004013764,-0.9651312
0.01482066,-0.2622435,0.004028011,-0.9648796
0.01481727,-0.2630561,0.004040493,-0.9646583
0.01481362,-0.2639262,0.004053859,-0.9644206
0.01480966,-0.2648664,0.004068299,-0.9641628
0.01480857,-0.2651224,0.00407223,-0.9640924
0.01480399,-0.2662044,0.004088851,-0.9637942
0.01480034,-0.2670633,0.004102043,-0.9635566
0.01479388,-0.2685778,0.004125306,-0.9631355
0.01478837,-0.2698601,0.004145002,-0.9627771
0.01478259,-0.2711985,0.004165559,-0.962401
0.01477493,-0.272963,0.004192663,-0.961902
0.01477171,-0.273699,0.004203968,-0.9616928
0.01476491,-0.2752501,0.004227794,-0.96125
0.01475779,-0.2768653,0.004252603,-0.960786
0.01474847,-0.278962,0.004284807,-0.9601793
0.01474063,-0.2807124,0.004311695,-0.9596691
0.01473249,-0.2825185,0.004339437,-0.9591389
0.01472184,-0.2848625,0.004375442,-0.9584454
0.01471518,-0.2863156,0.004397761,-0.9580123
0.01471058,-0.2873155,0.004413121,-0.9577129
0.01469858,-0.2899067,0.004452921,-0.9569317
0.0146886,-0.2920444,0.004485756,-0.9562814
0.01467825,-0.2942411,0.004519498,-0.9556078
0.01466478,-0.2970746,0.004563021,-0.9547308
0.01465361,-0.2994006,0.00459875,-0.9540039
0.01463909,-0.3023977,0.004644785,-0.9530582
0.01463009,-0.3042373,0.004673041,-0.9524725
0.0146176,-0.306771,0.004711959,-0.9516594
0.0146047,-0.309365,0.004751803,-0.9508194
0.0145914,-0.3120137,0.004792486,-0.9499535
0.01457415,-0.3154122,0.004844688,-0.9488305
0.0145599,-0.3181905,0.004887364,-0.9479024
0.01454145,-0.3217468,0.004941989,-0.9467012
0.01452618,-0.3246574,0.004986696,-0.945707
0.01451832,-0.3261427,0.005009511,-0.9451959
0.01450217,-0.3291754,0.005056093,-0.944144
0.01448549,-0.3322721,0.005103659,-0.9430586
0.0144726,-0.3346449,0.005140104,-0.9422192
0.01445491,-0.3378705,0.005189651,-0.9410673
0.01443674,-0.3411476,0.005239987,-0.9398844
0.01441327,-0.3453285,0.005304207,-0.9383562
0.01439881,-0.3478763,0.005343342,-0.9374146
0.01437393,-0.3522095,0.0054099,-0.9357952
0.01435339,-0.3557424,0.005464165,-0.9344579
0.01433232,-0.3593255,0.005519202,-0.9330859
0.01430517,-0.3638822,0.005589194,-0.9313184
0.01428279,-0.3675899,0.005646144,-0.9298612
0.01425984,-0.3713468,0.00570385,-0.9283673
0.01423028,-0.376123,0.005777213,-0.9264424
0.01421207,-0.3790295,0.005821857,-0.9252572
0.01419338,-0.3819867,0.005867281,-0.9240402
0.01416782,-0.3859869,0.005928724,-0.9223765
0.01414165,-0.3900338,0.005990883,-0.9206724
0.01410796,-0.3951708,0.006069789,-0.9184793
0.01408026,-0.3993357,0.006133763,-0.9166762
0.01404469,-0.4046102,0.006214779,-0.9143603
0.01401542,-0.4088903,0.006280522,-0.9124543
0.01400798,-0.4099698,0.006297104,-0.9119698
0.01397745,-0.4143623,0.006364573,-0.9099825
0.01394622,-0.4187991,0.006432722,-0.907949
0.01390608,-0.4244181,0.00651903,-0.9053361
0.01387313,-0.4289638,0.006588853,-0.9031911
0.01383087,-0.4347101,0.006677117,-0.9004395
0.01379614,-0.4393634,0.006748593,-0.8981782
0.01376064,-0.4440572,0.00682069,-0.8958668
0.01374242,-0.446442,0.006857321,-0.8946808
0.01370535,-0.4512459,0.00693111,-0.8922675
0.01365784,-0.4573101,0.007024257,-0.8891747
0.01361884,-0.4622141,0.007099584,-0.8866354
0.01357899,-0.4671569,0.007175506,-0.884041
0.01352792,-0.4733954,0.00727133,-0.8807162
0.01348604,-0.4784337,0.007348719,-0.8779894
0.01346474,-0.4809698,0.007387673,-0.8766026
0.01342115,-0.4861059,0.007466565,-0.873765
0.01337665,-0.4912774,0.007545999,-0.8708678
0.01331963,-0.4978005,0.007646195,-0.8671556
0.01327294,-0.5030593,0.007726971,-0.8641155
0.0132132,-0.5096815,0.00782869,-0.8602261
0.01316424,-0.5150232,0.007910739,-0.8570387
0.01311429,-0.5203959,0.007993265,-0.853787
0.013076,-0.5244642,0.008055757,-0.851294
0.01302395,-0.5299253,0.008139639,-0.8479053
0.01297088,-0.5354143,0.00822395,-0.84445
0.01290297,-0.5423239,0.008330083,-0.8400291
0.01284744,-0.5478841,0.008415487,-0.8364133
0.01277647,-0.5548731,0.008522838,-0.8317932
0.0127184,-0.5604998,0.008609266,-0.8280122
0.01267414,-0.5647333,0.008674291,-0.8251306
0.01259871,-0.5718421,0.008783483,-0.8202199
0.01253707,-0.5775551,0.008871234,-0.8162073
0.01245838,-0.5847279,0.00898141,-0.8110842
0.01239404,-0.5904952,0.009069998,-0.8068951
0.01232852,-0.5962802,0.009158855,-0.8026295
0.01224487,-0.6035413,0.009270387,-0.7971839
0.01217654,-0.6093729,0.009359962,-0.792735
0.0121069,-0.6152256,0.009449862,-0.7882016
0.01203589,-0.6211029,0.009540138,-0.7835785
0.01196364,-0.6269914,0.009630586,-0.7788747
0.01189002,-0.6328994,0.009721334,-0.7740818
0.01181497,-0.6388292,0.009812417,-0.7691953
0.01173863,-0.6447662,0.009903609,-0.7642256
0.01164126,-0.6522059,0.01001788,-0.7578863
0.01158184,-0.656674,0.01008652,-0.7540181
0.01154172,-0.6596616,0.0101324,-0.7514059
0.01145995,-0.6656764,0.01022479,-0.7460825
0.01137684,-0.6716921,0.0103172,-0.7406713
0.01127089,-0.6792204,0.01043283,-0.7337736
0.01118455,-0.6852431,0.01052534,-0.7281525
0.01111981,-0.6896943,0.01059371,-0.7239378
0.01103154,-0.6956768,0.0106856,-0.7181908
0.01099413,-0.6981823,0.01072409,-0.7157553
0.01097787,-0.6992658,0.01074073,-0.7146968
0.01097372,-0.6995416,0.01074497,-0.7144268
0.01097372,-0.6995416,0.01074497,-0.7144268
0.01097372,-0.6995416,0.01074497,-0.7144268
0.01097372,-0.6995416,0.01074497,-0.7144268
0.01097372,-0.6995416,0.01074497,-0.7144268
0.01097372,-0.6995416,0.01074497,-0.7144268
0.01097372,-0.6995416,0.01074497,-0.7144268
0.01097372,-0.6995416,0.01074497,-0.7144268
0.01097372,-0.6995416,0.01074497,-0.7144268
0.01097372,-0.6995416,0.01074497,-0.7144268
0.01097372,-0.6995416,0.01074497,-0.7144268
0.01097372,-0.6995416,0.01074497,-0.7144268
0.01097372,-0.6995416,0.01074497,-0.7144268
0.01097372,-0.6995416,0.01074497,-0.7144268
0.01097372,-0.6995416,0.01074497,-0.7144268
0.01097341,-0.6995623,0.01074528,-0.7144066
0.01097209,-0.6996506,0.01074664,-0.7143202
0.01097073,-0.6997406,0.01074803,-0.714232
0.01096949,-0.6998233,0.01074929,-0.714151
0.01096535,-0.7000978,0.01075351,-0.7138819
0.01096129,-0.7003672,0.01075765,-0.7136176
0.01095765,-0.700609,0.01076137,-0.7133801
0.01095487,-0.7007931,0.01076419,-0.7131993
0.01094858,-0.7012096,0.01077059,-0.7127898
0.01094149,-0.7016783,0.01077779,-0.7123284
0.01093361,-0.7021986,0.01078578,-0.7118155
0.01092287,-0.7029067,0.01079666,-0.7111163
0.01091118,-0.7036759,0.01080847,-0.7103551
0.01090367,-0.7041696,0.01081606,-0.7098658
0.01089274,-0.704886,0.01082706,-0.7091544
0.010881,-0.705654,0.01083886,-0.7083902
0.01086861,-0.7064627,0.01085128,-0.7075836
0.01085211,-0.7075371,0.01086778,-0.7065094
0.01083809,-0.7084473,0.01088176,-0.7055966
0.01082342,-0.7093973,0.01089636,-0.7046415
0.010804,-0.7106512,0.01091562,-0.7033769
0.01079595,-0.7111694,0.01092358,-0.702853
0.0107704,-0.7128095,0.01094877,-0.7011895
0.01075244,-0.7139573,0.0109664,-0.7000209
0.01073381,-0.7151444,0.01098463,-0.6988081
0.01070942,-0.7166926,0.01100841,-0.6972201
0.01068403,-0.7182972,0.01103306,-0.6955668
0.0106576,-0.7199593,0.01105859,-0.6938463
0.01063557,-0.7213387,0.01107978,-0.6924122
0.01061846,-0.7224064,0.01109618,-0.6912982
0.01058897,-0.7242389,0.01112433,-0.6893781
0.01056451,-0.725751,0.01114755,-0.687786
0.01053934,-0.7273008,0.01117136,-0.686147
0.01050672,-0.729298,0.01120204,-0.6840239
0.01047978,-0.7309391,0.01122724,-0.6822698
0.01044503,-0.7330446,0.01125958,-0.6800073
0.0104235,-0.7343419,0.01127951,-0.678606
0.01038663,-0.7365532,0.01131348,-0.6762053
0.01034864,-0.738816,0.01134823,-0.6737322
0.01031734,-0.7406695,0.01137671,-0.671694
0.01028527,-0.7425573,0.0114057,-0.6696064
0.01024398,-0.7449727,0.0114428,-0.6669182
0.01020157,-0.7474354,0.01148063,-0.664157
0.01015799,-0.7499466,0.0115192,-0.6613201
0.01014012,-0.7509708,0.01153493,-0.6601568
0.01011267,-0.752538,0.01155901,-0.6583696
0.01006577,-0.7551988,0.01159988,-0.6553159
0.01003692,-0.7568241,0.01162484,-0.6534382
0.009987711,-0.7595783,0.01166715,-0.6502345
0.009947362,-0.7618192,0.01170157,-0.6476076
0.009906202,-0.7640891,0.01173644,-0.6449279
0.009853447,-0.7669749,0.01178076,-0.6414933
0.009831845,-0.768149,0.0117988,-0.6400869
0.009776747,-0.7711239,0.01184449,-0.6364998
0.009731683,-0.7735363,0.01188155,-0.633566
0.009674115,-0.7765909,0.01192847,-0.629818
0.009626984,-0.7790695,0.01196654,-0.6267495
0.009578986,-0.781573,0.01200499,-0.6236247
0.009517669,-0.7847416,0.01205366,-0.6196327
0.009480129,-0.7866653,0.01208321,-0.6171888
0.009441736,-0.7886198,0.01211323,-0.6146892
0.009389636,-0.7912521,0.01215367,-0.6112972
0.009336635,-0.7939059,0.01219443,-0.6078467
0.009269014,-0.7972574,0.01224591,-0.6034442
0.009213813,-0.7999649,0.0122875,-0.5998503
0.009157695,-0.8026915,0.01232938,-0.5961968
0.00908609,-0.806133,0.01238224,-0.591535
0.009042281,-0.8082183,0.01241427,-0.5886828
0.008968,-0.8117186,0.01246804,-0.5838468
0.008907393,-0.8145422,0.01251141,-0.579901
0.008845829,-0.8173808,0.01255501,-0.575893
0.008767422,-0.8209534,0.01260989,-0.5707884
0.008703514,-0.8238307,0.01265408,-0.5666279
0.00863864,-0.8267198,0.01269846,-0.5624043
0.008572651,-0.8296262,0.0127431,-0.558108
0.008505496,-0.8325506,0.01278802,-0.553736
0.008420041,-0.8362243,0.01284445,-0.5481725
0.008350451,-0.8391767,0.0128898,-0.543642
0.008279859,-0.8421361,0.01293526,-0.5390462
0.008190018,-0.8458515,0.01299233,-0.5331973
0.008098654,-0.8495721,0.01304947,-0.527249
0.008005747,-0.8532961,0.01310668,-0.5212005
0.007949027,-0.8555407,0.01314115,-0.5175079
0.007872412,-0.858538,0.01318719,-0.5125199
0.007775069,-0.8622897,0.01324482,-0.5061825
0.007695957,-0.8652924,0.01329094,-0.5010321
0.007595524,-0.8690457,0.01334859,-0.4944935
0.007493496,-0.8727918,0.01340613,-0.4878511
0.007410647,-0.8757849,0.01345211,-0.4824573
0.007305468,-0.8795224,0.01350952,-0.4756097
0.007262749,-0.8810206,0.01353253,-0.4728286
0.007197762,-0.8832783,0.01356721,-0.4685977
0.007088121,-0.8870283,0.01362481,-0.4614596
0.006999125,-0.8900186,0.01367074,-0.4556657
0.006886253,-0.8937426,0.01372794,-0.4483173
0.006794557,-0.8967122,0.01377355,-0.4423475
0.006701753,-0.8996675,0.01381895,-0.4363056
0.006607668,-0.9026123,0.01386418,-0.4301803
0.0065838,-0.9033513,0.01387553,-0.4286264
0.00646319,-0.9070353,0.01393212,-0.4207743
0.006365373,-0.9099626,0.01397708,-0.4144059
0.006241423,-0.9135945,0.01403287,-0.4063363
0.00614083,-0.9164793,0.01407718,-0.3997873
0.006039089,-0.9193403,0.01412113,-0.3931636
0.005910181,-0.9228842,0.01417556,-0.3847712
0.005858034,-0.9242924,0.01419719,-0.3813762
0.005752296,-0.9271029,0.01424036,-0.3744923
0.005645259,-0.9298874,0.01428313,-0.3675238
0.005537041,-0.9326412,0.01432543,-0.3604783
0.005400013,-0.9360404,0.01437764,-0.3515573
0.005288956,-0.9387241,0.01441886,-0.3443271
0.00514853,-0.9420272,0.0144696,-0.3351848
0.005063279,-0.9439837,0.01449965,-0.3296346
0.004977047,-0.9459253,0.01452948,-0.3240206
0.004831727,-0.9491135,0.01457845,-0.3145597
0.004684666,-0.9522333,0.01462637,-0.3049855
0.004535848,-0.9552822,0.0146732,-0.2952968
0.004415324,-0.9576725,0.01470991,-0.2874503
0.004293628,-0.9600149,0.01474589,-0.2795273
0.004139747,-0.9628754,0.01478983,-0.2695091
0.004046424,-0.9645553,0.01481564,-0.2634334
0.003952155,-0.9662106,0.01484106,-0.2572961
0.003856899,-0.9678407,0.0148661,-0.2510946
0.003696583,-0.9704887,0.01490678,-0.2406574
0.003534537,-0.973044,0.01494603,-0.2301075
0.003403434,-0.9750231,0.01497643,-0.2215722
0.003274593,-0.9768913,0.01500513,-0.2131842
0.003148491,-0.9786469,0.01503209,-0.2049745
0.003098051,-0.9793289,0.01504257,-0.2016906
0.003050993,-0.9799548,0.01505218,-0.198627
0.003045291,-0.98003,0.01505334,-0.1982558
0.003047101,-0.9800062,0.01505297,-0.1983735
0.003050233,-0.9799649,0.01505234,-0.1985774
0.003054672,-0.9799063,0.01505144,-0.1988665
0.003060429,-0.9798302,0.01505027,-0.1992413
0.003065983,-0.9797565,0.01504914,-0.1996029
0.003072649,-0.979668,0.01504778,-0.2000369
0.00308234,-0.979539,0.0150458,-0.2006678
0.003091201,-0.9794207,0.01504398,-0.2012447
0.003103509,-0.9792556,0.01504144,-0.202046
0.003117135,-0.9790722,0.01503863,-0.2029331
0.003132073,-0.97887,0.01503552,-0.2039056
0.003148313,-0.9786493,0.01503213,-0.2049629
0.003162351,-0.9784574,0.01502919,-0.2058768
0.00317739,-0.9782509,0.01502601,-0.2068559
0.003197552,-0.9779724,0.01502174,-0.2081686
0.003214792,-0.9777328,0.01501806,-0.2092909
0.00323291,-0.9774796,0.01501416,-0.2104705
0.003256989,-0.9771407,0.01500896,-0.2120381
0.003277294,-0.976853,0.01500454,-0.2133601
0.003303979,-0.9764719,0.01499869,-0.2150974
0.003309519,-0.9763924,0.01499747,-0.215458
0.003338804,-0.9759697,0.01499098,-0.2173646
0.003369388,-0.9755241,0.01498413,-0.2193557
0.003394896,-0.9751492,0.01497837,-0.2210164
0.003428069,-0.9746572,0.01497081,-0.2231761
0.003455738,-0.974243,0.01496445,-0.2249774
0.003491479,-0.9737027,0.01495615,-0.2273043
0.003521056,-0.9732512,0.01494922,-0.2292299
0.003528772,-0.9731327,0.0149474,-0.2297322
0.003568417,-0.9725198,0.01493798,-0.2323132
0.003609308,-0.97188,0.01492816,-0.2349754
0.00365148,-0.9712121,0.0149179,-0.237721
0.003694923,-0.9705154,0.0149072,-0.2405492
0.003739629,-0.9697894,0.01489605,-0.2434598
0.003785603,-0.9690332,0.01488443,-0.2464529
0.003804457,-0.9687201,0.01487962,-0.2476803
0.003852973,-0.9679071,0.01486713,-0.2508388
0.003902741,-0.9670615,0.01485414,-0.254079
0.003953766,-0.9661827,0.01484065,-0.2574009
0.004006042,-0.9652695,0.01482662,-0.2608042
0.004048908,-0.9645112,0.01481497,-0.263595
0.004092621,-0.9637289,0.01480295,-0.2664409
0.004137341,-0.9629192,0.01479052,-0.2693524
0.004171745,-0.9622899,0.01478085,-0.2715923
0.004230254,-0.9612067,0.01476421,-0.2754014
0.004289967,-0.9600843,0.01474697,-0.279289
0.004350911,-0.9589212,0.0147291,-0.2832566
0.004400749,-0.9579567,0.01471429,-0.2865013
0.004464111,-0.9567134,0.01469519,-0.2906263
0.004528688,-0.9554262,0.01467542,-0.2948306
0.004568158,-0.9546294,0.01466318,-0.2974001
0.004635136,-0.9532601,0.01464215,-0.3017606
0.004703307,-0.9518437,0.01462039,-0.3061988
0.004758778,-0.9506744,0.01460243,-0.3098102
0.004815118,-0.9494712,0.01458395,-0.3134781
0.004872547,-0.9482287,0.01456487,-0.317217
0.004945426,-0.9466282,0.01454028,-0.3219617
0.005019432,-0.9449757,0.0145149,-0.3267798
0.005079609,-0.9436119,0.01449395,-0.3306975
0.00515593,-0.9418558,0.01446697,-0.3356663
0.005217937,-0.9404073,0.01444472,-0.3397032
0.00524933,-0.9396665,0.01443335,-0.341747
0.005329078,-0.937762,0.01440409,-0.3469389
0.005393763,-0.9361932,0.01438,-0.3511502
0.00547573,-0.9341743,0.01434899,-0.3564866
0.005542066,-0.9325148,0.0143235,-0.3608053
0.005575588,-0.9316673,0.01431048,-0.3629877
0.005643895,-0.9299225,0.01428368,-0.3674348
0.005712924,-0.9281341,0.01425621,-0.3719288
0.005800377,-0.9258324,0.01422085,-0.3776223
0.005871184,-0.9239388,0.01419177,-0.3822322
0.005960722,-0.9215055,0.01415439,-0.3880615
0.00603327,-0.9195023,0.01412362,-0.3927846
0.006088193,-0.9179667,0.01410003,-0.3963602
0.006143952,-0.9163907,0.01407582,-0.3999904
0.006218987,-0.9142429,0.01404283,-0.4048754
0.006294675,-0.9120448,0.01400907,-0.409803
0.006390359,-0.9092201,0.01396568,-0.4160324
0.006467667,-0.9069003,0.01393005,-0.4210654
0.006545651,-0.9045256,0.01389357,-0.4261425
0.006644126,-0.9014774,0.01384675,-0.4325537
0.006663979,-0.9008561,0.01383721,-0.4338461
0.006744474,-0.8983134,0.01379815,-0.4390867
0.006825559,-0.8957139,0.01375822,-0.4443657
0.00692788,-0.8923781,0.01370698,-0.4510272
0.007010411,-0.889642,0.01366496,-0.4564003
0.007114409,-0.8861359,0.0136111,-0.463171
0.007198352,-0.8832579,0.01356689,-0.468636
0.007261634,-0.8810596,0.01353313,-0.4727558
0.007346934,-0.8780572,0.01348701,-0.4783092
0.007432828,-0.8749879,0.01343987,-0.4839012
0.007540939,-0.8710582,0.01337951,-0.4909397
0.007606337,-0.8686447,0.01334243,-0.4951974
0.00769405,-0.8653644,0.01329205,-0.5009078
0.007804433,-0.8611646,0.01322754,-0.5080942
0.007893309,-0.8577244,0.01317469,-0.5138803
0.007937957,-0.8559763,0.01314784,-0.516787
0.008028133,-0.8524043,0.01309298,-0.5226578
0.008118706,-0.8487606,0.01303701,-0.5285543
0.008232613,-0.8440973,0.01296538,-0.5359702
0.008324174,-0.8402825,0.01290678,-0.5419312
0.008439154,-0.8354074,0.0128319,-0.5494168
0.00855457,-0.8304169,0.01275524,-0.5569308
0.008647258,-0.8263379,0.01269259,-0.5629652
0.008740487,-0.8221701,0.01262857,-0.5690348
0.008834094,-0.8179187,0.01256327,-0.5751289
0.008951434,-0.8124933,0.01247993,-0.5827682
0.00906906,-0.8069456,0.01239472,-0.5904262
0.00916341,-0.8024151,0.01232513,-0.5965687
0.009281723,-0.7966307,0.01223628,-0.6042713
0.009376642,-0.7919052,0.0121637,-0.6104509
0.009447938,-0.7883053,0.0121084,-0.6150925
0.00951961,-0.7846422,0.01205214,-0.6197587
0.009615553,-0.7796679,0.01197573,-0.6260049
0.009735657,-0.7733247,0.0118783,-0.6338242
0.009831929,-0.7681449,0.01179874,-0.6400918
0.009928253,-0.7628754,0.0117178,-0.646363
0.0100247,-0.7575107,0.01163539,-0.6526421
0.01012137,-0.7520425,0.0115514,-0.6589357
0.01016974,-0.7492715,0.01150884,-0.6620849
0.01024277,-0.7450433,0.01144389,-0.6668394
0.01036442,-0.7378784,0.01133384,-0.674759
0.0104617,-0.7320361,0.0112441,-0.6810927
0.01055888,-0.7260985,0.01115289,-0.6874192
0.01068027,-0.7185337,0.0110367,-0.6953225
0.01077724,-0.7123709,0.01094204,-0.7016351
0.01087405,-0.7061077,0.01084583,-0.7079379
0.01092258,-0.7029254,0.01079695,-0.7110978
0.01101963,-0.6964756,0.01069788,-0.7174161
0.01114065,-0.6882671,0.0105718,-0.7252949
0.01123718,-0.6815829,0.01046913,-0.7315798
0.01133339,-0.6747975,0.0103649,-0.7378432
0.01140554,-0.6696254,0.01028546,-0.7425402
0.01150153,-0.6626297,0.010178,-0.7487897
0.01157332,-0.6573105,0.0100963,-0.7534634
0.01162132,-0.6537105,0.010041,-0.7565888
0.01174087,-0.6445932,0.009900957,-0.7643715
0.01183601,-0.6371757,0.009787024,-0.7705656
0.01193062,-0.629652,0.00967146,-0.7767255
0.0120482,-0.6200898,0.009524583,-0.7843805
0.01214162,-0.6123178,0.009405203,-0.7904626
0.01225755,-0.6024483,0.009253605,-0.7980101
0.01230378,-0.5984414,0.009192059,-0.8010194
0.01239575,-0.590342,0.00906765,-0.8070071
0.0125098,-0.5800554,0.008909646,-0.8144323
0.0126002,-0.5717019,0.008781336,-0.8203177
0.0127121,-0.5611034,0.008618539,-0.8276033
0.01280076,-0.5524939,0.008486296,-0.8333755
0.0129103,-0.5415837,0.008318714,-0.8405066
0.01299689,-0.5327324,0.008182757,-0.8461445
0.01304001,-0.5282475,0.008113868,-0.8489516
0.01314675,-0.516912,0.007939753,-0.8559008
0.01323105,-0.5077137,0.007798468,-0.861389
0.01331428,-0.4984065,0.007655508,-0.8668074
0.01341686,-0.4866065,0.007474259,-0.8734862
0.01349766,-0.4770412,0.007327334,-0.8787467
0.01359702,-0.4649279,0.007141272,-0.8852154
0.01365582,-0.4575647,0.007028171,-0.8890437
0.01373316,-0.4476471,0.006875836,-0.8940784
0.01382804,-0.4350901,0.006682959,-0.9002559
0.01390249,-0.424916,0.006526684,-0.9051026
0.01397553,-0.4146346,0.006368761,-0.9098584
0.01406492,-0.4016201,0.006168855,-0.9156776
0.01413479,-0.3910849,0.006007035,-0.9202265
0.01422001,-0.3777633,0.005802412,-0.9257749
0.01425349,-0.3723769,0.005719677,-0.9279546
0.01430307,-0.3642296,0.005594534,-0.9311826
0.01438373,-0.3505079,0.005383766,-0.9364339
0.01443095,-0.3421819,0.005255878,-0.9395082
0.0145075,-0.3281754,0.005040736,-0.944492
0.01456679,-0.3168475,0.004866739,-0.9483521
0.01462428,-0.3054185,0.004691188,-0.9520944
0.01467997,-0.2938753,0.004513882,-0.9557204
0.01469366,-0.2909619,0.004469133,-0.9566114
0.01476033,-0.2762876,0.004243734,-0.9609523
0.01481147,-0.2644334,0.004061652,-0.9642817
0.01487257,-0.2494756,0.003831898,-0.9682593
0.01491916,-0.2373908,0.003646274,-0.9712929
0.01496364,-0.2252119,0.003459206,-0.9741888
0.01501624,-0.2098493,0.003223234,-0.9776132
0.01503634,-0.2036582,0.003128139,-0.9789216
0.01507497,-0.1911708,0.00293633,-0.9814366
0.01511134,-0.1785837,0.002742991,-0.9838049
0.01514539,-0.1659088,0.002548303,-0.9860216
0.01518464,-0.1499356,0.002302955,-0.9885765
0.01521332,-0.1370556,0.002105116,-0.9904443
0.01523753,-0.1251395,0.001922084,-0.9920203
0.01525586,-0.1152865,0.001770741,-0.9932135
0.01526268,-0.1113912,0.001710907,-0.9936579
0.01527415,-0.1045185,0.001605343,-0.9944044
0.01527959,-0.101094,0.001552742,-0.9947584
0.01528214,-0.09944302,0.001527383,-0.9949248
0.01528219,-0.09941029,0.00152688,-0.9949281
0.01528219,-0.09941029,0.00152688,-0.9949281
0.01528219,-0.09941029,0.00152688,-0.9949281
0.01528219,-0.09941029,0.00152688,-0.9949281
0.01528219,-0.09941029,0.00152688,-0.9949281
0.01528219,-0.09941029,0.00152688,-0.9949281
0.01528219,-0.09941029,0.00152688,-0.9949281
0.01528219,-0.09941029,0.00152688,-0.9949281
0.01528219,-0.09941029,0.00152688,-0.9949281
0.01528219,-0.09941029,0.00152688,-0.9949281
0.01528219,-0.09941029,0.00152688,-0.9949281
0.01528219,-0.09941029,0.00152688,-0.9949281
0.01528219,-0.09941029,0.00152688,-0.9949281
0.01528219,-0.09941029,0.00152688,-0.9949281
0.01528219,-0.09941029,0.00152688,-0.9949281
0.01528219,-0.09941029,0.00152688,-0.9949281
0.01528219,-0.09941029,0.00152688,-0.9949281
0.01528219,-0.09941029,0.00152688,-0.9949281
0.01528219,-0.09941029,0.00152688,-0.9949281
0.01528219,-0.09941029,0.00152688,-0.9949281
0.01528219,-0.09941029,0.00152688,-0.9949281
0.01528219,-0.09941029,0.00152688,-0.9949281
0.01528219,-0.09941029,0.00152688,-0.9949281
0.01528219,-0.09941029,0.00152688,-0.9949281
0.01528219,-0.09941029,0.00152688,-0.9949281
0.01528219,-0.09941029,0.00152688,-0.9949281
0.01528219,-0.09941029,0.00152688,-0.9949281
0.01528219,-0.09941029,0.00152688,-0.9949281
0.01528219,-0.09941029,0.00152688,-0.9949281
0.01528219,-0.09941029,0.00152688,-0.9949281
0.01528219,-0.09941029,0.00152688,-0.9949281
0.01528219,-0.09941029,0.00152688,-0.9949281
0.01528219,-0.09941029,0.00152688,-0.9949281
0.01528219,-0.09941029,0.00152688,-0.9949281
0.01528219,-0.09941029,0.00152688,-0.9949281
0.01528219,-0.09941029,0.00152688,-0.9949281
0.01528219,-0.09941029,0.00152688,-0.9949281
0.01528219,-0.09941029,0.00152688,-0.9949281
0.01528219,-0.09941029,0.00152688,-0.9949281
0.01528219,-0.09941029,0.00152688,-0.9949281
0.01528219,-0.09941029,0.00152688,-0.9949281
0.01528219,-0.09941029,0.00152688,-0.9949281
0.01528219,-0.09941029,0.00152688,-0.9949281
0.01528219,-0.09941029,0.00152688,-0.9949281
0.01528219,-0.09941029,0.00152688,-0.9949281
0.01528219,-0.09941029,0.00152688,-0.9949281
0.01528219,-0.09941029,0.00152688,-0.9949281
0.01528219,-0.09941029,0.00152688,-0.9949281
0.01528219,-0.09941029,0.00152688,-0.9949281
0.01528219,-0.09941029,0.00152688,-0.9949281
0.01528219,-0.09941029,0.00152688,-0.9949281
0.01528219,-0.09941029,0.00152688,-0.9949281
0.01528219,-0.09941029,0.00152688,-0.9949281
0.01528219,-0.09941029,0.00152688,-0.9949281
0.01528219,-0.09941029,0.00152688,-0.9949281
0.01528219,-0.09941029,0.00152688,-0.9949281
0.01528219,-0.09941029,0.00152688,-0.9949281
0.01528219,-0.09941029,0.00152688,-0.9949281
0.01528219,-0.09941029,0.00152688,-0.9949281
0.01528219,-0.09941029,0.00152688,-0.9949281
0.01528219,-0.09941029,0.00152688,-0.9949281
0.01528219,-0.09941029,0.00152688,-0.9949281
0.01528219,-0.09941029,0.00152688,-0.9949281
0.01528219,-0.09941029,0.00152688,-0.9949281
0.01528219,-0.09941029,0.00152688,-0.9949281
0.01528219,-0.09941029,0.00152688,-0.9949281
0.01528219,-0.09941029,0.00152688,-0.9949281
0.01528219,-0.09941029,0.00152688,-0.9949281
0.01528219,-0.09941029,0.00152688,-0.9949281
0.01528219,-0.09941029,0.00152688,-0.9949281
0.01528219,-0.09941029,0.00152688,-0.9949281
0.01528219,-0.09941029,0.00152688,-0.9949281
0.01528219,-0.09941029,0.00152688,-0.9949281
0.01528219,-0.09941029,0.00152688,-0.9949281
0.01528227,-0.09935841,0.001526083,-0.9949332
0.01528249,-0.09921958,0.001523951,-0.9949471
0.01528283,-0.09899329,0.001520475,-0.9949696
0.01528331,-0.09868035,0.001515668,-0.9950007
0.01528392,-0.09828096,0.001509533,-0.9950402
0.0152845,-0.09789548,0.001503613,-0.9950783
0.01528537,-0.09732085,0.001494786,-0.9951346
0.01528597,-0.09692156,0.001488653,-0.9951736
0.01528708,-0.09617406,0.001477172,-0.9952461
0.01528807,-0.09550308,0.001466866,-0.9953107
0.01528942,-0.0945821,0.001452719,-0.9953986
0.01529089,-0.0935746,0.001437244,-0.9954938
0.01529246,-0.09247978,0.001420427,-0.9955962
0.0152938,-0.09153091,0.001405853,-0.9956838
0.01529524,-0.09050812,0.001390142,-0.9957773
0.01529674,-0.08942673,0.001373532,-0.995875
0.01529872,-0.08798376,0.001351368,-0.9960035
0.01530037,-0.08675613,0.001332512,-0.9961112
0.01530251,-0.08513914,0.001307675,-0.9962507
0.01530473,-0.08343518,0.001281501,-0.9963949
0.01530609,-0.08236752,0.001265102,-0.9964837
0.01530845,-0.08048807,0.001236233,-0.9966372
0.01531039,-0.07890818,0.001211966,-0.9967636
0.01531285,-0.0768552,0.001180432,-0.996924
0.01531535,-0.07471369,0.001147538,-0.9970868
0.01531739,-0.07292746,0.001120102,-0.997219
0.01531994,-0.07061213,0.001084538,-0.9973856
0.01532251,-0.06820866,0.001047621,-0.9975529
0.01532406,-0.06671787,0.001024722,-0.9976537
0.01532564,-0.06516066,0.001000803,-0.9977567
0.01532775,-0.06302509,0.0009680007,-0.9978938
0.01532984,-0.06082988,0.000934282,-0.99803
0.01533244,-0.05798997,0.0008906607,-0.998199
0.01533448,-0.05564837,0.0008546935,-0.9983323
0.01533699,-0.05263386,0.0008083902,-0.9984958
0.01533943,-0.04953237,0.000760751,-0.9986544
0.01533991,-0.04889811,0.0007510088,-0.9986857
0.01534183,-0.04627218,0.0007106742,-0.9988108
0.01534414,-0.04290662,0.0006589787,-0.998961
0.01534591,-0.04013671,0.0006164326,-0.9990762
0.01534759,-0.0373114,0.0005730357,-0.9991857
0.01534957,-0.03368258,0.0005172965,-0.9993146
0.01535104,-0.03071026,0.0004716415,-0.9994103
0.0153524,-0.02767114,0.0004249602,-0.9994991
0.01535336,-0.02532645,0.0003889455,-0.9995613
0.01535452,-0.02214722,0.0003401123,-0.9996368
0.01535578,-0.01808049,0.000277647,-0.9997186
0.01535662,-0.01475415,0.0002265541,-0.9997732
0.0153573,-0.01136798,0.0001745422,-0.9998175
0.01535791,-0.007039907,0.0001080626,-0.9998574
0.01535824,-0.002624969,4.024867E-05,-0.9998786
0.01535828,-0.0008306967,1.268846E-05,-0.9998817
0.01535823,0.002845591,-4.37797E-05,-0.999878
0.01535796,0.006580028,-0.000101141,-0.9998604
0.0153573,0.01134467,-0.0001743264,-0.9998177
0.01535651,0.01522547,-0.0002339359,-0.9997661
0.01535516,0.02016478,-0.0003098041,-0.9996787
0.01535379,0.02419186,-0.0003716605,-0.9995894
0.01535214,0.02827802,-0.0004344242,-0.9994821
0.0153502,0.03244343,-0.0004984053,-0.9993556
0.01534795,0.03667567,-0.000563413,-0.9992092
0.01534539,0.04096569,-0.0006293082,-0.9990425
0.01534172,0.04642327,-0.000713137,-0.9988039
0.01533841,0.05085824,-0.0007812587,-0.9985878
0.01533376,0.05648751,-0.0008677248,-0.9982852
0.01532962,0.06106585,-0.0009380485,-0.9980156
0.01532626,0.06453547,-0.0009913422,-0.9977973
0.01532015,0.07042119,-0.001081747,-0.9973992
0.01531479,0.07519776,-0.001155116,-0.9970504
0.01530749,0.08125287,-0.001248123,-0.9965752
0.01530114,0.0861712,-0.001323669,-0.996162
0.01529434,0.09114653,-0.001400091,-0.9957191
0.01528516,0.09745353,-0.001496967,-0.9951216
0.01527726,0.1025701,-0.001575557,-0.9946073
0.01527099,0.106451,-0.001635169,-0.9941993
0.01526661,0.1090814,-0.001675573,-0.9939142
0.01525507,0.1157236,-0.001777597,-0.9931628
0.01524771,0.1197615,-0.001839619,-0.9926839
0.01523738,0.125211,-0.001923324,-0.9920113
0.01522645,0.1307263,-0.002008039,-0.9912995
0.01521492,0.1362959,-0.002093588,-0.9905491
0.01520277,0.1419302,-0.002180132,-0.9897576
0.01519642,0.1447832,-0.002223954,-0.9893442
0.01518316,0.1505621,-0.002312719,-0.9884812
0.01516924,0.1563946,-0.002402307,-0.9875753
0.01515087,0.1637683,-0.002515567,-0.9863793
0.01513537,0.1697333,-0.002607189,-0.9853703
0.01511916,0.1757502,-0.00269961,-0.984315
0.01509783,0.1833562,-0.002816439,-0.9829266
0.01508446,0.1879626,-0.002887193,-0.9820561
0.0150706,0.1926194,-0.002958723,-0.9811534
0.01505135,0.1988942,-0.003055104,-0.9799006
0.01503131,0.2052179,-0.003152236,-0.9785958
0.01500506,0.2132047,-0.003274915,-0.9768869
0.0149831,0.219652,-0.003373945,-0.9754574
0.01495443,0.2277831,-0.00349884,-0.9735908
0.01493047,0.234351,-0.003599723,-0.9720308
0.01491811,0.2376645,-0.003650619,-0.9712259
0.0148926,0.2443514,-0.003753329,-0.9695652
0.01486615,0.2510843,-0.003856748,-0.9678434
0.01483172,0.2595715,-0.003987113,-0.9656018
0.01480305,0.266418,-0.004092275,-0.9637353
0.01477338,0.2733079,-0.004198105,-0.961804
0.01473483,0.2819925,-0.004331502,-0.9592937
0.01471091,0.2872356,-0.004412036,-0.9577368
0.01467797,0.294292,-0.004520422,-0.9555922
0.01464389,0.3014024,-0.004629639,-0.9533734
0.01460871,0.3085527,-0.004739468,-0.9510832
0.01456314,0.3175529,-0.004877711,-0.9481162
0.01452537,0.3248017,-0.004989053,-0.9456575
0.01448645,0.3320876,-0.005100965,-0.9431236
0.01443608,0.3412571,-0.005241808,-0.9398446
0.01440494,0.3467891,-0.00532678,-0.9378175
0.01435143,0.3560689,-0.005469318,-0.9343334
0.01430719,0.3635362,-0.005584017,-0.9314535
0.0142617,0.3710354,-0.005699203,-0.9284917
0.01420297,0.3804639,-0.005844026,-0.9246683
0.01415451,0.388043,-0.005960441,-0.9215134
0.01409206,0.3975598,-0.00610662,-0.9174478
0.01404053,0.4052129,-0.006224172,-0.9140933
0.01400093,0.4109796,-0.006312748,-0.9115152
0.01393316,0.4206292,-0.006460967,-0.9071027
0.01387732,0.4283812,-0.006580039,-0.9034676
0.01382007,0.4361554,-0.00669945,-0.8997403
0.01374641,0.4459127,-0.006849323,-0.8949447
0.01368582,0.4537427,-0.006969592,-0.8910004
0.01360799,0.4635586,-0.007120366,-0.8859332
0.01356009,0.4694701,-0.007211166,-0.8828148
0.01352758,0.4734284,-0.007271966,-0.8806984
0.01346118,0.4813835,-0.007394158,-0.8763756
0.01339323,0.4893509,-0.007516538,-0.8719518
0.01330602,0.4993324,-0.007669853,-0.8662744
0.01323442,0.5073338,-0.007792754,-0.8616128
0.01314267,0.5173441,-0.007946515,-0.8556396
0.01308628,0.5233677,-0.008039037,-0.8519686
0.01304811,0.527392,-0.008100851,-0.8494833
0.0129702,0.5354748,-0.008225002,-0.8444116
0.0128906,0.5435616,-0.008349216,-0.8392288
0.01278867,0.5536723,-0.008504517,-0.832593
0.01270512,0.5617657,-0.008628833,-0.8271538
0.01264125,0.5678403,-0.008722139,-0.8229955
0.01253251,0.5779657,-0.008877666,-0.8159165
0.01246591,0.5840387,-0.008970947,-0.8115806
0.01242082,0.5880968,-0.00903328,-0.8086448
0.01232896,0.5962332,-0.009158256,-0.8026645
0.01223523,0.604361,-0.009283099,-0.7965625
0.01211547,0.6145022,-0.009438868,-0.7887657
0.0120175,0.6226025,-0.009563289,-0.7823876
0.01196777,0.6266496,-0.009625452,-0.7791498
0.0118411,0.6367677,-0.009780866,-0.7709028
0.01178958,0.6408066,-0.009842904,-0.7675487
0.01168471,0.6488967,-0.009967169,-0.7607215
0.0115779,0.6569613,-0.01009104,-0.7537678
0.01146909,0.6650013,-0.01021454,-0.7466843
0.01135814,0.6730244,-0.01033777,-0.7394609
0.01124525,0.6810121,-0.01046046,-0.7321111
0.01110125,0.6909532,-0.01061316,-0.7227364
0.01098381,0.6988631,-0.01073465,-0.7150906
0.01089429,0.7047769,-0.01082549,-0.7092628
0.01080337,0.7106844,-0.01091623,-0.7033433
0.01068033,0.7185233,-0.01103664,-0.6953334
0.01052364,0.7282571,-0.01118615,-0.6851319
0.01039595,0.7359896,-0.01130492,-0.6768187
0.01026611,0.7436743,-0.01142296,-0.6683658
0.0101672,0.7494116,-0.01151108,-0.6619263
0.01003348,0.757012,-0.01162782,-0.6532207
0.009999666,0.7589055,-0.01165691,-0.6510195
0.009862549,0.7664732,-0.01177315,-0.6420926
0.009688272,0.7758368,-0.01191697,-0.6307467
0.009546415,0.7832547,-0.01203091,-0.6215113
0.009438559,0.7887754,-0.01211571,-0.6144896
0.00925608,0.7978883,-0.01225569,-0.6026096
0.009107682,0.8050939,-0.01236636,-0.5929484
0.00899503,0.8104443,-0.01244854,-0.5856144
0.008880807,0.8157661,-0.01253029,-0.578178
0.008765215,0.821048,-0.01261142,-0.5706527
0.008569831,0.8297443,-0.01274499,-0.5579325
0.008411101,0.8366002,-0.0128503,-0.5475987
0.008250318,0.843359,-0.01295411,-0.537131
0.008087199,0.8500293,-0.01305657,-0.5265115
0.007921893,0.8566018,-0.01315752,-0.5157494
0.007847032,0.8595175,-0.01320231,-0.5108756
0.007723131,0.8642609,-0.01327516,-0.5028092
0.007603675,0.8687389,-0.01334395,-0.4950322
0.007537489,0.8711802,-0.01338144,-0.4907232
0.007487556,0.8730033,-0.01340945,-0.4874724
0.007478623,0.8733279,-0.01341443,-0.4868908
0.007478623,0.8733279,-0.01341443,-0.4868908
0.007478623,0.8733279,-0.01341443,-0.4868908
0.007478623,0.8733279,-0.01341443,-0.4868908
0.007478623,0.8733279,-0.01341443,-0.4868908
0.007478623,0.8733279,-0.01341443,-0.4868908
0.007478623,0.8733279,-0.01341443,-0.4868908
0.007478623,0.8733279,-0.01341443,-0.4868908
0.007478623,0.8733279,-0.01341443,-0.4868908
0.007478623,0.8733279,-0.01341443,-0.4868908
0.007478623,0.8733279,-0.01341443,-0.4868908
0.007478623,0.8733279,-0.01341443,-0.4868908
0.007479095,0.8733107,-0.01341417,-0.4869215
0.007480969,0.8732427,-0.01341312,-0.4870435
0.007483409,0.8731541,-0.01341176,-0.4872023
0.00748763,0.8730006,-0.0134094,-0.4874771
0.00749203,0.8728406,-0.01340694,-0.4877636
0.007497229,0.8726515,-0.01340404,-0.4881021
0.007500318,0.8725389,-0.01340231,-0.4883032
0.007503967,0.8724058,-0.01340027,-0.4885408
0.007514029,0.8720388,-0.01339463,-0.4891958
0.007523058,0.8717087,-0.01338956,-0.4897836
0.007532879,0.8713492,-0.01338404,-0.490423
0.007546429,0.8708521,-0.0133764,-0.4913051
0.007558193,0.8704196,-0.01336976,-0.492071
0.007574058,0.8698348,-0.01336078,-0.493104
0.007577465,0.8697091,-0.01335884,-0.4933257
0.007591916,0.8691747,-0.01335064,-0.4942666
0.007607442,0.8685992,-0.01334179,-0.4952774
0.00762383,0.86799,-0.01333244,-0.4963443
0.007641095,0.8673462,-0.01332255,-0.4974683
0.00765941,0.8666613,-0.01331203,-0.4986607
0.007678503,0.8659449,-0.01330103,-0.4999036
0.007698504,0.8651919,-0.01328946,-0.5012058
0.007703744,0.864994,-0.01328642,-0.5015469
0.007725671,0.8641649,-0.01327369,-0.5029744
0.007748414,0.8633013,-0.01326042,-0.5044551
0.007778013,0.8621724,-0.01324308,-0.5063822
0.00780264,0.8612287,-0.01322859,-0.5079855
0.00782803,0.8602515,-0.01321358,-0.5096385
0.007860987,0.8589768,-0.013194,-0.5117841
0.007874568,0.8584494,-0.0131859,-0.5126684
0.007909743,0.8570776,-0.01316483,-0.5149584
0.007938863,0.8559357,-0.01314729,-0.5168542
0.007968718,0.854759,-0.01312921,-0.5187979
0.008007178,0.8532342,-0.01310579,-0.5213019
0.008038857,0.8519707,-0.01308638,-0.5233643
0.008071264,0.8506709,-0.01306642,-0.5254741
0.008104529,0.8493294,-0.01304581,-0.5276397
0.008130201,0.8482889,-0.01302983,-0.5293111
0.008174046,0.8465011,-0.01300237,-0.5321654
0.008210011,0.8450246,-0.01297969,-0.5345069
0.008246679,0.8435099,-0.01295643,-0.5368941
0.008293651,0.8415556,-0.01292641,-0.5399521
0.008332062,0.839946,-0.01290168,-0.5424528
0.008371201,0.8382949,-0.01287632,-0.5450009
0.008401248,0.8370199,-0.01285674,-0.546957
0.008452336,0.834837,-0.01282321,-0.5502831
0.008494102,0.8330382,-0.01279558,-0.5530022
0.008536533,0.8311979,-0.01276731,-0.5557646
0.008590605,0.8288333,-0.01273099,-0.5592849
0.008634686,0.8268895,-0.01270114,-0.5621548
0.008690679,0.8243995,-0.01266289,-0.5658001
0.00873632,0.8223522,-0.01263144,-0.5687715
0.00875946,0.8213082,-0.01261541,-0.570278
0.008806685,0.8191649,-0.01258249,-0.5733525
0.008854577,0.8169737,-0.01254883,-0.5764705
0.008915356,0.8141671,-0.01250572,-0.5804274
0.008952468,0.8124394,-0.01247918,-0.5828435
0.009002531,0.8100911,-0.01244311,-0.5861028
0.009066042,0.8070835,-0.01239691,-0.5902376
0.009104639,0.8052398,-0.0123686,-0.5927504
0.009130777,0.8039843,-0.01234931,-0.5944521
0.009170648,0.8020588,-0.01231974,-0.5970477
0.009224359,0.7994438,-0.01227957,-0.6005445
0.009292365,0.7960986,-0.01222819,-0.6049718
0.009347467,0.7933599,-0.01218613,-0.6085591
0.009417066,0.7898635,-0.01213242,-0.6130903
0.009459402,0.7877165,-0.01209944,-0.6158466
0.009502122,0.7855341,-0.01206592,-0.6186278
0.009559878,0.7825583,-0.01202021,-0.622388
0.009603703,0.7802805,-0.01198523,-0.6252412
0.009677358,0.7764138,-0.01192584,-0.6300364
0.009736895,0.7732524,-0.01187728,-0.6339124
0.009811946,0.7692208,-0.01181535,-0.6387986
0.009872608,0.7659239,-0.01176471,-0.6427478
0.009933705,0.7625683,-0.01171317,-0.6467254
0.009964616,0.760857,-0.01168688,-0.6487378
0.01002702,0.7573744,-0.01163339,-0.6528003
0.01010556,0.7529368,-0.01156523,-0.6579136
0.01016895,0.7493109,-0.01150953,-0.6620404
0.01023271,0.7456226,-0.01145288,-0.6661915
0.01031301,0.7409185,-0.01138063,-0.6714193
0.01036154,0.7380431,-0.01133646,-0.6745788
0.01041035,0.7351259,-0.01129165,-0.6777567
0.01049245,0.7301618,-0.0112154,-0.6831017
0.0105585,0.7261149,-0.01115324,-0.6874019
0.01064151,0.7209602,-0.01107406,-0.6928062
0.01069169,0.7178065,-0.01102562,-0.6960732
0.01075889,0.7135386,-0.01096007,-0.7004476
0.0108433,0.7081017,-0.01087656,-0.7059434
0.01091116,0.7036696,-0.01080848,-0.7103614
0.01096231,0.7002922,-0.0107566,-0.7136911
0.01101385,0.6968562,-0.01070383,-0.7170465
0.01108277,0.6922088,-0.01063244,-0.721534
0.01113478,0.6886622,-0.01057797,-0.7249197
0.01120443,0.683857,-0.01050416,-0.7294544
0.01127421,0.6789789,-0.01042923,-0.7339971
0.01136172,0.6727676,-0.01033383,-0.7396945
0.0114318,0.6677172,-0.01025625,-0.7442566
0.01150216,0.6625759,-0.01017728,-0.7488374
0.01157272,0.6573477,-0.01009698,-0.7534309
0.01164331,0.6520427,-0.01001549,-0.7580267
0.01173165,0.6452966,-0.009911872,-0.7637777
0.01180238,0.6398063,-0.009827541,-0.7683827
0.01187308,0.6342376,-0.009742007,-0.7729856
0.01196151,0.6271556,-0.009633226,-0.7787426
0.0120322,0.6213976,-0.009544784,-0.7833448
0.01210283,0.6155567,-0.009455067,-0.7879431
0.01217355,0.6096174,-0.00936384,-0.7925471
0.01226174,0.602079,-0.009248052,-0.7982888
0.0123322,0.595948,-0.00915388,-0.8028762
0.01240248,0.589734,-0.009058433,-0.8074515
0.01249011,0.5818425,-0.00893722,-0.8131564
0.01256,0.5754298,-0.008838721,-0.8177069
0.01259492,0.5721861,-0.008788896,-0.8199801
0.01263004,0.5688955,-0.008738352,-0.8222665
0.01271754,0.5605719,-0.008610501,-0.8279633
0.01278724,0.5538106,-0.008506647,-0.832501
0.01285659,0.546963,-0.008401468,-0.8370159
0.01294286,0.5382708,-0.008267956,-0.842632
0.01301144,0.5312166,-0.008159603,-0.8470969
0.01307965,0.524069,-0.008049812,-0.8515374
0.01311378,0.520441,-0.007994086,-0.8537596
0.01318169,0.513118,-0.007881605,-0.8581808
0.01326593,0.5038317,-0.007738967,-0.8636652
0.01333278,0.4962971,-0.007623234,-0.8680169
0.01339906,0.488673,-0.007506127,-0.8723319
0.01348116,0.479006,-0.007357641,-0.8776772
0.01354617,0.4711686,-0.007237258,-0.8819095
0.01357698,0.4673946,-0.007179289,-0.8839154
0.01360771,0.4635915,-0.007120873,-0.8859159
0.0136423,0.4592622,-0.007054375,-0.888168
0.0136536,0.4578367,-0.007032478,-0.8889037
0.01365382,0.4578092,-0.007032057,-0.8889178
0.01365382,0.4578092,-0.007032057,-0.8889178
0.01365382,0.4578092,-0.007032057,-0.8889178
0.01365382,0.4578092,-0.007032057,-0.8889178
0.01365382,0.4578092,-0.007032057,-0.8889178
0.01365382,0.4578092,-0.007032057,-0.8889178
0.01365382,0.4578092,-0.007032057,-0.8889178
0.01365382,0.4578092,-0.007032057,-0.8889178
0.01365382,0.4578092,-0.007032057,-0.8889178
0.01365382,0.4578092,-0.007032057,-0.8889178
0.01365382,0.4578092,-0.007032057,-0.8889178
0.01365382,0.4578092,-0.007032057,-0.8889178
0.01365382,0.4578092,-0.007032057,-0.8889178
0.01365382,0.4578092,-0.007032057,-0.8889178
0.01365382,0.4578092,-0.007032057,-0.8889178
0.01365382,0.4578092,-0.007032057,-0.8889178
0.01365382,0.4578092,-0.007032057,-0.8889178
0.01365382,0.4578092,-0.007032057,-0.8889178
0.01365382,0.4578092,-0.007032057,-0.8889178
0.01365382,0.4578092,-0.007032057,-0.8889178
0.01365382,0.4578092,-0.007032057,-0.8889178
