280.6355,11.05,236.3953
280.5908,11.05,236.2627
280.5461,11.05,236.1301
280.5014,11.05,235.9975
280.4568,11.05,235.8649
280.412,11.05,235.7323
280.3673,11.05,235.5997
280.3227,11.05,235.4671
280.278,11.048,235.3344
280.2333,11.05,235.202
280.1886,11.04394,235.0694
280.1442,11.05,234.9376
280.0996,11.05,234.8053
280.0549,11.04621,234.6727
280.0103,11.04987,234.5402
279.9656,11.05,234.4077
279.9209,11.05,234.2751
279.8762,11.05,234.1424
279.8315,11.04988,234.0098
279.7868,11.04485,233.8773
279.7422,11.05,233.7449
279.6976,11.05,233.6125
279.6529,11.05,233.4799
279.6082,11.05,233.3473
279.5635,11.05,233.2147
279.5188,11.04149,233.0821
279.4744,11.05,232.9504
279.4299,11.05,232.8184
279.3852,11.05,232.6858
279.3405,11.05,232.5532
279.2958,11.04015,232.4206
279.2513,11.04914,232.2884
279.2068,11.05,232.1565
279.1621,11.04929,232.0239
279.1175,11.05,231.8915
279.0728,11.04332,231.7589
279.0282,11.049,231.6265
278.9836,11.05,231.4942
278.9389,11.05,231.3616
278.8942,11.05,231.2289
278.8495,11.05,231.0963
278.8047,11.05,230.9637
278.7599,11.04681,230.8312
278.715,11.05,230.6989
278.6699,11.05,230.5665
278.6245,11.05,230.4341
278.5788,11.05,230.3018
278.5328,11.05,230.1697
278.4865,11.04823,230.0376
278.4399,11.05,229.9061
278.3928,11.05,229.7744
278.3451,11.05,229.6428
278.2969,11.05,229.5114
278.2482,11.05,229.3802
278.1989,11.04841,229.2493
278.1489,11.05,229.1187
278.0983,11.05,228.9882
278.047,11.04723,228.858
277.995,11.05,228.7282
277.9423,11.05,228.5987
277.8887,11.05,228.4694
277.8343,11.05,228.3404
277.779,11.05,228.2119
277.7226,11.04112,228.0838
277.6663,11.05,227.9568
277.6082,11.05,227.8302
277.5489,11.05,227.7034
277.4885,11.04504,227.5772
277.4271,11.04962,227.4516
277.3647,11.05,227.3266
277.3009,11.05,227.202
277.2361,11.04232,227.078
277.1711,11.05,226.955
277.104,11.05,226.8328
277.0355,11.04842,226.7108
276.9656,11.05,226.5897
276.8952,11.05,226.4687
276.8249,11.05,226.3477
276.7545,11.05,226.2268
276.6841,11.05,226.1058
276.6138,11.05,225.9848
276.5434,11.05,225.8638
276.4731,11.05,225.7428
276.4027,11.05,225.6219
276.3323,11.05,225.5009
276.262,11.04121,225.3799
276.1917,11.04715,225.2591
276.1216,11.04982,225.1384
276.0512,11.04632,225.0175
275.9811,11.05,224.897
275.9108,11.05,224.7761
275.8405,11.05,224.6551
275.7701,11.05,224.5341
275.6997,11.05,224.4132
275.6294,11.05,224.2922
275.559,11.05,224.1712
275.4886,11.04683,224.0502
275.4185,11.05,223.9297
275.3482,11.05,223.8088
275.2779,11.05,223.6879
275.2074,11.05,223.5669
275.1369,11.05,223.446
275.0663,11.04447,223.3252
274.9957,11.05,223.2048
274.9247,11.04098,223.0845
274.8542,11.04226,222.9649
274.7826,11.04758,222.8448
274.7108,11.04987,222.725
274.6387,11.05,222.6051
274.566,11.05,222.4855
274.493,11.05,222.3661
274.4196,11.05,222.247
274.3455,11.05,222.1282
274.271,11.04988,222.0098
274.1959,11.05,221.8917
274.1201,11.05,221.7741
274.0435,11.04763,221.6569
273.9664,11.05,221.5404
273.8885,11.05,221.4242
273.8098,11.05,221.3084
273.7303,11.05,221.1933
273.65,11.04219,221.0787
273.5698,11.05,220.9649
273.4882,11.05,220.8519
273.4054,11.05,220.739
273.3216,11.05,220.627
273.2367,11.05,220.5157
273.151,11.05,220.405
273.0641,11.04482,220.2953
272.977,11.05,220.1864
272.8881,11.04222,220.0785
272.7993,11.05,219.9715
272.7086,11.05,219.8655
272.6165,11.05,219.7602
272.5233,11.05,219.6558
272.429,11.04037,219.5524
272.3334,11.04139,219.4501
272.2367,11.04205,219.3489
272.1386,11.0423,219.2491
272.0394,11.04805,219.1503
271.9393,11.04177,219.0534
271.8376,11.04094,218.9573
271.7346,11.05,218.8624
271.6308,11.05,218.7696
271.5253,11.05,218.6776
271.4186,11.05,218.587
271.3105,11.05,218.4981
271.2011,11.05,218.4108
271.0903,11.05,218.3253
270.9785,11.05,218.241
270.8656,11.05,218.1582
270.7512,11.0424,218.0776
270.6365,11.05,217.9983
270.5201,11.05,217.9214
270.4019,11.05,217.8465
270.2825,11.05,217.7734
270.1617,11.05,217.7027
270.0397,11.04803,217.634
269.9171,11.05,217.5673
269.7927,11.05,217.5032
269.6671,11.05,217.4413
269.5403,11.05,217.3821
269.4124,11.05,217.3252
269.2835,11.05,217.2705
269.1534,11.04732,217.2188
269.0225,11.04937,217.1696
268.8908,11.05,217.1229
268.7581,11.04224,217.0784
268.6253,11.04848,217.0348
268.4926,11.05,216.9914
268.3596,11.05,216.9478
268.2266,11.05,216.9042
268.0935,11.05,216.8606
267.9605,11.05,216.817
267.8275,11.05,216.7734
267.6944,11.04922,216.7298
267.5614,11.04014,216.6863
267.429,11.05,216.6429
267.2968,11.05,216.5996
267.1638,11.05,216.556
267.0307,11.04882,216.5124
266.898,11.05,216.4689
266.765,11.05,216.4253
266.632,11.05,216.3818
266.4989,11.05,216.3382
266.3659,11.05,216.2946
266.2329,11.0498,216.251
266.0999,11.0427,216.2074
265.9673,11.05,216.164
265.8347,11.05,216.1205
265.7017,11.04253,216.077
265.5688,11.0486,216.0334
265.4362,11.05,215.99
265.3031,11.05,215.9464
265.1701,11.05,215.9028
265.0371,11.04828,215.8592
264.9044,11.05,215.8158
264.7715,11.05,215.7722
264.6384,11.04489,215.7286
264.5057,11.05,215.6851
264.3729,11.05,215.6416
264.2399,11.05,215.598
264.1068,11.05,215.5544
263.9738,11.05,215.5108
263.8408,11.05,215.4673
263.7077,11.05,215.4237
263.5747,11.05,215.3801
263.4417,11.05,215.3365
263.3086,11.05,215.2929
263.1756,11.04659,215.2493
263.0428,11.04771,215.2058
262.9104,11.05,215.1624
262.7774,11.05,215.1189
262.6443,11.04286,215.0753
262.5115,11.04874,215.0318
262.3788,11.05,214.9883
262.2458,11.05,214.9447
262.1128,11.05,214.9011
261.9797,11.05,214.8575
261.8467,11.05,214.8139
261.7137,11.04799,214.7703
261.5807,11.05,214.7268
261.4478,11.05,214.6832
261.3147,11.05,214.6396
261.1817,11.05,214.596
261.0486,11.04703,214.5524
260.9161,11.05,214.509
260.7832,11.05,214.4655
260.6501,11.05,214.4219
260.5171,11.05,214.3783
260.3841,11.05,214.3347
260.251,11.04899,214.2911
260.1181,11.05,214.2476
259.985,11.05,214.204
259.852,11.05,214.1604
259.719,11.05,214.1168
259.5859,11.04324,214.0732
259.4531,11.0489,214.0297
259.3204,11.05,213.9862
259.1873,11.05,213.9426
259.0543,11.04629,213.899
258.9219,11.05,213.8557
258.7889,11.04966,213.8121
258.6559,11.042,213.7685
258.5234,11.05,213.7251
258.3909,11.05,213.6817
258.2579,11.05,213.6381
258.1248,11.05,213.5945
257.9918,11.05,213.5509
257.8588,11.05,213.5073
257.7257,11.05,213.4637
257.5927,11.05,213.4202
257.4597,11.05,213.3766
257.3266,11.04997,213.333
257.1936,11.04421,213.2895
257.0609,11.04534,213.2461
256.9288,11.05,213.2031
256.7958,11.05,213.16
256.6625,11.05,213.1171
256.5292,11.04301,213.0745
256.396,11.0487,213.0322
256.2627,11.05,212.9903
256.129,11.05,212.9487
255.9952,11.05,212.9076
255.8613,11.04998,212.8669
255.7272,11.04375,212.8268
255.5933,11.05,212.7873
255.4592,11.05,212.7484
255.3246,11.05,212.7099
255.1898,11.05,212.6722
255.0548,11.04623,212.6351
254.9203,11.05,212.5986
254.785,11.05,212.5632
254.6493,11.05,212.5286
254.5134,11.05,212.4951
254.3773,11.04547,212.4622
254.2415,11.05,212.4303
254.1051,11.05,212.3995
253.9683,11.05,212.3696
253.8313,11.05,212.3407
253.6941,11.05,212.3131
253.5566,11.05,212.2866
253.4189,11.05,212.2615
253.2809,11.05,212.2376
253.1428,11.04675,212.2148
253.0048,11.04997,212.1937
252.8663,11.05,212.1738
252.7276,11.05,212.1552
252.5886,11.05,212.138
252.4495,11.05,212.1221
252.3102,11.05,212.1081
252.1708,11.05,212.0956
252.0312,11.04878,212.0845
251.8919,11.04281,212.0755
251.7521,11.04417,212.0681
251.6123,11.04513,212.0623
251.4723,11.04569,212.0586
251.3323,11.04598,212.0566
251.1923,11.04594,212.0568
251.0524,11.04217,212.0589
250.913,11.04518,212.0619
250.7732,11.04423,212.0677
250.6334,11.04283,212.0754
250.4938,11.04086,212.085
250.3543,11.05,212.0972
250.2157,11.05,212.1113
250.0768,11.04257,212.128
249.9388,11.05,212.1455
249.8009,11.05,212.1664
249.6629,11.05,212.1901
249.5253,11.05,212.216
249.3882,11.05,212.2441
249.2516,11.04966,212.275
249.1157,11.05,212.3082
248.9805,11.05,212.3444
248.8459,11.05,212.3828
248.712,11.05,212.4237
248.579,11.05,212.4675
248.4469,11.04719,212.5137
248.3163,11.05,212.5621
248.186,11.05,212.6132
248.0567,11.04596,212.6668
247.9287,11.05,212.7218
247.802,11.05,212.781
247.6763,11.05,212.8427
247.5522,11.05,212.9075
247.4295,11.05,212.9749
247.3086,11.04741,213.0454
247.1894,11.05,213.1184
247.0708,11.04368,213.1926
246.9538,11.05,213.2681
246.8392,11.05,213.3479
246.7266,11.05,213.431
246.6159,11.05,213.5167
246.5072,11.04399,213.6048
246.4008,11.05,213.694
246.2971,11.05,213.7874
246.1953,11.05,213.8835
246.0964,11.05,213.9826
245.9999,11.04109,214.084
245.9062,11.05,214.1864
245.8159,11.05,214.2925
245.7278,11.05,214.4013
245.6432,11.05,214.5128
245.5615,11.04736,214.6264
245.4835,11.05,214.7417
245.4085,11.05,214.8598
245.3367,11.05,214.9799
245.2689,11.05,215.1023
245.2044,11.04969,215.2265
245.1441,11.05,215.3527
245.0865,11.04053,215.4803
245.031,11.0488,215.6083
244.9808,11.05,215.7383
244.9341,11.05,215.8702
244.8921,11.04214,216.0036
244.8522,11.05,216.1365
244.8171,11.05,216.2714
244.7869,11.05,216.4081
244.7605,11.05,216.5455
244.7375,11.05,216.6835
244.7157,11.04291,216.8218
244.6944,11.05,216.9589
244.6732,11.05,217.0968
244.6519,11.05,217.2351
244.6306,11.05,217.3734
244.6092,11.05,217.5117
244.5879,11.04758,217.65
244.5667,11.05,217.7878
244.5454,11.05,217.9261
244.5241,11.04479,218.0644
244.5029,11.05,218.2016
244.4817,11.05,218.3396
244.4604,11.04981,218.4779
244.4391,11.05,218.6162
244.4178,11.05,218.7545
244.3964,11.05,218.8928
244.3751,11.04879,219.0311
244.3539,11.05,219.169
244.3326,11.05,219.3073
244.3113,11.05,219.4456
244.29,11.05,219.5839
244.2686,11.05,219.7222
244.2473,11.05,219.8605
244.226,11.05,219.9988
244.2047,11.05,220.1371
244.1834,11.04467,220.2754
244.1622,11.05,220.4128
244.141,11.05,220.5508
244.1197,11.05,220.6891
244.0984,11.05,220.8274
244.0771,11.04251,220.9657
244.0558,11.04609,221.104
244.0345,11.04851,221.2421
244.0132,11.04978,221.3804
243.9919,11.05,221.5186
243.9706,11.05,221.657
243.9492,11.05,221.7953
243.9279,11.04998,221.9336
243.9066,11.04349,222.0719
243.8855,11.05,222.2089
243.8643,11.05,222.3468
243.8429,11.05,222.4851
243.8216,11.05,222.6234
243.8003,11.05,222.7617
243.779,11.04074,222.9
243.7579,11.04827,223.0371
243.7368,11.05,223.1743
243.7155,11.05,223.3126
243.6941,11.05,223.4509
243.6728,11.05,223.5892
243.6515,11.04638,223.7275
243.6303,11.05,223.865
243.609,11.04999,224.0032
243.5877,11.05,224.1415
243.5664,11.05,224.2798
243.5451,11.05,224.4181
243.5238,11.04933,224.5564
243.5025,11.05,224.6946
243.4812,11.05,224.8329
243.4599,11.05,224.9712
243.4386,11.05,225.1095
243.4173,11.05,225.2478
243.396,11.05,225.3861
243.3746,11.05,225.5244
243.3533,11.05,225.6627
243.332,11.05,225.801
243.3107,11.05,225.9393
243.2894,11.0424,226.0776
243.2683,11.05,226.2146
243.2471,11.043,226.3524
243.226,11.05,226.4895
243.2047,11.05,226.6274
243.1834,11.05,226.7657
243.1621,11.05,226.904
243.1408,11.04776,227.0423
243.1196,11.04772,227.1799
243.0983,11.05,227.3177
243.077,11.04251,227.4559
243.0557,11.0461,227.5942
243.0345,11.04851,227.7323
243.0132,11.04978,227.8706
242.9919,11.04982,228.0089
242.9706,11.05,228.1471
242.9492,11.05,228.2854
242.9279,11.05,228.4237
242.9066,11.05,228.562
242.8853,11.05,228.7003
242.864,11.05,228.8387
242.8427,11.05,228.977
242.8214,11.05,229.1153
242.8001,11.05,229.2536
242.7788,11.05,229.3919
242.7574,11.05,229.5302
242.7361,11.05,229.6685
242.7148,11.04468,229.8068
242.6937,11.05,229.9441
242.6724,11.04147,230.0822
242.6513,11.05,230.219
242.6301,11.05,230.3566
242.6088,11.05,230.4949
242.5875,11.04869,230.6333
242.5662,11.05,230.7713
242.5449,11.05,230.9096
242.5236,11.04713,231.0479
242.5024,11.05,231.1853
242.4811,11.05,231.3236
242.4598,11.05,231.4619
242.4385,11.05,231.6002
242.4172,11.05,231.7385
242.3959,11.05,231.8768
242.3746,11.04972,232.0151
242.3533,11.05,232.1533
242.332,11.05,232.2916
242.3107,11.04101,232.4299
242.2895,11.05,232.567
242.2683,11.05,232.7046
242.247,11.05,232.8429
242.2257,11.05,232.9812
242.2044,11.05,233.1195
242.1831,11.04649,233.2578
242.1619,11.05,233.3954
242.1406,11.05,233.5336
242.1193,11.05,233.6719
242.098,11.05,233.8102
242.0767,11.04258,233.9485
242.0554,11.04615,234.0867
242.0341,11.04854,234.2249
242.0128,11.0498,234.3632
241.9915,11.05,234.5014
241.9702,11.05,234.6397
241.9489,11.05,234.778
241.9276,11.05,234.9164
241.9062,11.04625,235.0547
241.8851,11.05,235.192
241.8638,11.05,235.3302
241.8425,11.05,235.4685
241.8212,11.05,235.6068
241.7999,11.05,235.7451
241.7785,11.04307,235.8834
241.7574,11.04947,236.0206
241.7362,11.05,236.1583
241.7149,11.05,236.2966
241.6936,11.05,236.4349
241.6723,11.05,236.5732
241.651,11.0477,236.7115
241.6297,11.05,236.8493
241.6084,11.05,236.9876
241.5871,11.05,237.1259
241.5658,11.05,237.2642
241.5445,11.05,237.4025
241.5232,11.04981,237.5408
241.5019,11.05,237.6791
241.4806,11.05,237.8174
241.4593,11.05,237.9557
241.4379,11.05,238.094
241.4166,11.05,238.2323
241.3953,11.05,238.3706
241.374,11.05,238.5089
241.3527,11.05,238.6472
241.3314,11.05,238.7855
241.3101,11.05,238.9238
241.2888,11.04515,239.0621
241.2676,11.05,239.1993
241.2464,11.04478,239.3374
241.2252,11.05,239.4747
241.2039,11.05,239.6128
241.1826,11.05,239.7511
241.1613,11.05,239.8894
241.14,11.04904,240.0277
241.1187,11.04862,240.1657
241.0975,11.05,240.3037
241.0761,11.04269,240.442
241.0548,11.04623,240.5802
241.0333,11.04861,240.7184
241.0117,11.04983,240.8566
240.9899,11.04998,240.9948
240.9678,11.05,241.1329
240.9455,11.05,241.2711
240.9229,11.05,241.4092
240.9,11.05,241.5472
240.8767,11.05,241.6852
240.8529,11.05,241.8231
240.8287,11.05,241.9609
240.804,11.05,242.0987
240.7786,11.05,242.2363
240.7527,11.05,242.3738
240.7262,11.05,242.5112
240.6989,11.05,242.6485
240.671,11.04171,242.7856
240.6428,11.05,242.9214
240.6133,11.04583,243.0576
240.5837,11.05,243.1932
240.5528,11.05,243.3295
240.521,11.05,243.4658
240.4881,11.04183,243.6018
240.4549,11.05,243.7365
240.4202,11.05,243.8715
240.3841,11.04994,244.0067
240.3471,11.05,244.1416
240.3086,11.05,244.2762
240.2691,11.05,244.4104
240.2284,11.05,244.5443
240.1863,11.05,244.6777
240.1433,11.05,244.8109
240.099,11.05,244.9437
240.0535,11.04641,245.076
240.0067,11.04994,245.2077
239.9582,11.05,245.3389
239.908,11.05,245.4695
239.856,11.05,245.5994
239.8026,11.05,245.7288
239.7478,11.0424,245.8575
239.6924,11.05,245.9847
239.6344,11.05,246.1115
239.5746,11.05,246.238
239.5129,11.05,246.3636
239.4496,11.04906,246.4884
239.3844,11.05,246.612
239.3175,11.05,246.7349
239.2489,11.05,246.8569
239.1793,11.05,246.9783
239.1096,11.05,247.0996
239.0399,11.048,247.221
238.9703,11.05,247.3422
238.9007,11.05,247.4636
238.831,11.05,247.5849
238.7613,11.05,247.7063
238.6916,11.05,247.8277
238.6219,11.05,247.9491
238.5523,11.04375,248.0704
238.4831,11.05,248.1908
238.4136,11.05,248.3119
238.3439,11.04498,248.4333
238.2748,11.05,248.5537
238.2052,11.05,248.6749
238.1356,11.05,248.7962
238.0659,11.04454,248.9176
237.9964,11.04811,249.0387
237.927,11.05,249.1595
237.8573,11.05,249.2809
237.7876,11.05,249.4023
237.718,11.05,249.5236
237.6483,11.05,249.645
237.5786,11.05,249.7664
237.5089,11.05,249.8877
237.4393,11.0499,250.0091
237.3696,11.05,250.1305
237.2999,11.05,250.2518
237.2302,11.05,250.3732
237.1606,11.05,250.4946
237.0909,11.05,250.616
237.0212,11.04944,250.7373
236.9515,11.05,250.8587
236.8819,11.04393,250.98
236.8128,11.05,251.1004
236.7433,11.05,251.2215
236.6736,11.05,251.3428
236.6039,11.05,251.4642
236.5342,11.04835,251.5856
236.4648,11.05,251.7065
236.3951,11.05,251.8278
236.3255,11.05,251.9492
236.2558,11.04372,252.0706
236.1866,11.04999,252.191
236.1171,11.05,252.3121
236.0475,11.04718,252.4334
235.9779,11.05,252.5546
235.9082,11.05,252.6759
235.8386,11.05,252.7973
235.7689,11.05,252.9187
235.6992,11.04799,253.04
235.6298,11.05,253.161
235.5601,11.05,253.2823
235.4904,11.05,253.4037
235.4208,11.04315,253.525
235.3517,11.05,253.6453
235.2822,11.05,253.7663
235.2126,11.05,253.8877
235.1429,11.0499,254.0091
235.0732,11.04324,254.1304
235.0037,11.04998,254.2515
234.9342,11.05,254.3725
234.8645,11.05,254.4939
234.7949,11.05,254.6153
234.7252,11.04992,254.7366
234.6555,11.05,254.858
234.5858,11.05,254.9794
234.5162,11.05,255.1007
234.4465,11.05,255.2221
234.3768,11.05,255.3435
234.3071,11.05,255.4648
234.2375,11.05,255.5862
234.1678,11.05,255.7076
234.0981,11.05,255.8289
234.0284,11.04899,255.9503
233.9588,11.04137,256.0716
233.8898,11.05,256.1917
233.8205,11.05,256.3125
233.7508,11.05,256.4339
233.6811,11.05,256.5553
233.6114,11.04733,256.6767
233.5421,11.05,256.7973
233.4725,11.05,256.9187
233.4028,11.04799,257.04
233.3334,11.05,257.1609
233.2637,11.04978,257.2823
233.1941,11.05,257.4036
233.1244,11.05,257.525
233.0547,11.04624,257.6464
232.9852,11.05,257.7675
232.9156,11.05,257.8887
232.8459,11.04987,258.0101
232.7762,11.05,258.1315
232.7066,11.05,258.2528
232.6369,11.05,258.3742
232.5672,11.05,258.4956
232.4975,11.04098,258.6169
232.4285,11.05,258.7371
232.3592,11.05,258.8578
232.2895,11.05,258.9792
232.2198,11.05,259.1006
232.1502,11.04676,259.222
232.0809,11.04173,259.3426
232.0116,11.04983,259.4633
231.9422,11.05,259.5841
231.8726,11.05,259.7055
231.8029,11.04964,259.8269
231.7333,11.05,259.9482
231.6636,11.04391,260.0695
231.5945,11.05,260.1899
231.5249,11.05,260.311
231.4553,11.05,260.4324
231.3856,11.05,260.5538
231.3159,11.05,260.6752
231.2462,11.05,260.7965
231.1765,11.05,260.9179
231.1069,11.04807,261.0393
231.0374,11.04825,261.1602
230.9678,11.05,261.2815
230.8981,11.05,261.4028
230.8285,11.05,261.5242
230.7588,11.05,261.6456
230.6891,11.0462,261.7669
230.6213,11.05,261.8851
230.5593,11.05,261.9931
230.5033,11.05,262.0907
230.4532,11.05,262.1779
230.4091,11.05,262.2546
230.371,11.05,262.321
230.3389,11.04909,262.377
230.3127,11.04238,262.4226
230.2923,11.05,262.4581
230.2772,11.05,262.4844
230.2667,11.05,262.5027
230.2593,11.05,262.5157
230.2543,11.05,262.5244
230.2512,11.05,262.5297
230.2514,11.05,262.5294
230.2522,11.05,262.528
230.2542,11.05,262.5245
230.2578,11.05,262.5182
230.2636,11.05,262.5082
230.272,11.05,262.4934
230.2836,11.05,262.4732
230.2989,11.05,262.4466
230.3183,11.04438,262.4128
230.3414,11.04939,262.3727
230.3699,11.05,262.3229
230.4044,11.05,262.2628
230.4449,11.05,262.1923
230.4914,11.05,262.1113
230.5438,11.0495,262.02
230.602,11.05,261.9186
230.6662,11.05,261.8069
230.7359,11.05,261.6855
230.8055,11.05,261.5641
230.8752,11.05,261.4428
230.9449,11.05,261.3214
231.0146,11.04973,261.2
231.0842,11.04103,261.0787
231.1535,11.05,260.958
231.2229,11.05,260.8372
231.2926,11.05,260.7158
231.3622,11.05,260.5945
231.4319,11.04894,260.4731
231.5014,11.05,260.352
231.5711,11.05,260.2306
231.6408,11.05,260.1093
231.7105,11.05,259.9879
231.7801,11.04531,259.8665
231.8495,11.05,259.7458
231.919,11.05,259.6246
231.9887,11.05,259.5032
232.0584,11.04571,259.3818
232.1279,11.05,259.2608
232.1975,11.05,259.1395
232.2672,11.04959,259.0182
232.3368,11.05,258.8969
232.4065,11.05,258.7755
232.4762,11.05,258.6541
232.5458,11.05,258.5328
232.6155,11.05,258.4114
232.6852,11.05,258.29
232.7549,11.05,258.1686
232.8246,11.0472,258.0473
232.894,11.04934,257.9264
232.9635,11.05,257.8052
233.0332,11.04862,257.6838
233.1028,11.05,257.5626
233.1725,11.05,257.4412
233.2422,11.04622,257.3198
233.3116,11.05,257.199
233.3812,11.04237,257.0778
233.4504,11.05,256.9572
233.5198,11.05,256.8362
233.5895,11.04005,256.7149
233.6586,11.05,256.5945
233.7279,11.05,256.4738
233.7976,11.05,256.3524
233.8672,11.05,256.2311
233.9369,11.05,256.1097
234.0066,11.04995,255.9883
234.0763,11.04266,255.867
234.1456,11.05,255.7461
234.2151,11.05,255.6252
234.2848,11.05,255.5038
234.3544,11.04951,255.3824
234.4241,11.05,255.2612
234.4937,11.05,255.1398
234.5634,11.04957,255.0184
234.633,11.05,254.8972
234.7027,11.04665,254.7758
234.7721,11.05,254.655
234.8417,11.05,254.5337
234.9114,11.05,254.4123
234.9811,11.05,254.2909
235.0508,11.04677,254.1696
235.1203,11.04706,254.0484
235.1896,11.05,253.9276
235.2593,11.05,253.8063
235.329,11.05,253.685
235.3986,11.05,253.5636
235.4683,11.05,253.4422
235.538,11.05,253.3208
235.6077,11.05,253.1995
235.6774,11.0423,253.0781
235.7466,11.05,252.9575
235.816,11.04974,252.8365
235.8857,11.05,252.7152
235.9554,11.05,252.5939
236.025,11.04922,252.4725
236.0947,11.05,252.3512
236.1644,11.04731,252.2298
236.2337,11.05,252.1089
236.3034,11.05,251.9876
236.3731,11.05,251.8662
236.4428,11.05,251.7449
236.5124,11.04221,251.6235
236.5816,11.05,251.503
236.651,11.05,251.3821
236.7207,11.05,251.2607
236.7904,11.05,251.1393
236.8568,11.04929,251.0238
236.9176,11.05,250.9178
236.9724,11.05,250.8223
237.0213,11.04943,250.7372
237.0642,11.04482,250.6624
237.1011,11.05,250.5981
237.1322,11.05,250.5439
237.1574,11.05,250.5001
237.1765,11.05,250.4668
237.1897,11.05,250.4438
237.1996,11.05,250.4267
237.2065,11.05,250.4146
237.211,11.05,250.4066
237.2137,11.05,250.402
237.215,11.05,250.3998
237.2154,11.05,250.3991
237.2154,11.05,250.3991
237.2154,11.05,250.3991
237.2154,11.05,250.3991
237.2154,11.05,250.3991
237.2154,11.05,250.3991
237.2154,11.05,250.3991
237.2154,11.05,250.3991
237.2154,11.05,250.3991
237.2154,11.05,250.3991
237.2154,11.05,250.3991
237.2154,11.05,250.3991
237.2154,11.05,250.3991
237.2154,11.05,250.3991
237.2154,11.05,250.3991
237.2154,11.05,250.3991
237.2154,11.05,250.3991
237.2154,11.05,250.3991
237.2154,11.05,250.3991
237.2154,11.05,250.3991
237.2154,11.05,250.3991
237.2154,11.05,250.3991
237.2154,11.05,250.3991
237.2154,11.05,250.3991
237.2154,11.05,250.3991
237.2154,11.05,250.3991
237.2154,11.05,250.3991
237.2154,11.05,250.3991
237.2154,11.05,250.3991
237.2154,11.05,250.3991
237.2154,11.05,250.3991
237.2154,11.05,250.3991
237.2154,11.05,250.3991
237.2154,11.05,250.3991
237.2154,11.05,250.3991
237.2154,11.05,250.3991
237.2154,11.05,250.3991
237.2154,11.05,250.3991
237.2154,11.05,250.3991
237.2154,11.05,250.3991
237.2154,11.05,250.3991
237.2154,11.05,250.3991
237.2154,11.05,250.3991
237.2154,11.05,250.3991
237.2154,11.05,250.3991
237.2154,11.05,250.3991
237.2154,11.05,250.3991
237.2154,11.05,250.3991
237.2154,11.05,250.3991
237.2154,11.05,250.3991
237.2154,11.05,250.3991
237.2154,11.05,250.3991
237.2154,11.05,250.3991
237.2154,11.05,250.3991
237.2154,11.05,250.3991
237.2154,11.05,250.3991
237.2154,11.05,250.3991
237.2154,11.05,250.3991
237.2154,11.05,250.3991
237.2154,11.05,250.3991
237.2154,11.05,250.3991
237.2154,11.05,250.3991
237.2154,11.05,250.3991
237.2154,11.05,250.3991
237.2154,11.05,250.3991
237.2154,11.05,250.3991
237.2154,11.05,250.3991
237.2154,11.05,250.3991
237.2154,11.05,250.3991
237.2154,11.05,250.3991
237.2154,11.05,250.3991
237.2154,11.05,250.3991
237.2154,11.05,250.3991
237.2154,11.05,250.3991
237.2154,11.05,250.3991
237.2154,11.05,250.3991
237.2154,11.05,250.3991
237.2154,11.05,250.3991
237.2154,11.05,250.3991
237.2154,11.05,250.3991
237.2154,11.05,250.3991
237.2154,11.05,250.3991
237.2154,11.05,250.3991
237.2154,11.05,250.3991
237.2154,11.05,250.3991
237.2154,11.05,250.3991
237.2154,11.05,250.3991
237.2154,11.05,250.3991
237.2154,11.05,250.3991
237.2154,11.05,250.3991
237.2154,11.05,250.3991
237.2154,11.05,250.3991
237.2154,11.05,250.3991
237.2154,11.05,250.3991
237.2154,11.05,250.3991
237.2154,11.05,250.3991
237.2154,11.05,250.3991
237.2154,11.05,250.3991
237.2154,11.05,250.3991
237.2154,11.05,250.3991
237.2154,11.05,250.3991
237.2154,11.05,250.3991
237.2154,11.05,250.3991
237.2154,11.05,250.3991
237.2154,11.05,250.3991
237.2154,11.05,250.3991
237.2154,11.05,250.3991
237.2154,11.05,250.3991
237.2154,11.05,250.3991
237.2154,11.05,250.3991
237.2154,11.05,250.3991
237.2154,11.05,250.3991
237.2154,11.05,250.3991
237.2154,11.05,250.3991
237.2154,11.05,250.3991
237.2154,11.05,250.3991
237.2154,11.05,250.3991
237.2154,11.05,250.3991
237.2154,11.05,250.3991
237.2154,11.05,250.3991
237.2154,11.05,250.3991
237.2154,11.05,250.3991
237.2154,11.05,250.3991
237.2154,11.05,250.3991
237.2154,11.05,250.3991
237.2154,11.05,250.3991
237.2154,11.05,250.3991
237.2154,11.05,250.3991
237.2154,11.05,250.3991
237.2154,11.05,250.3991
237.2154,11.05,250.3991
237.2154,11.05,250.3991
237.2154,11.05,250.3991
237.2154,11.05,250.3991
237.2154,11.05,250.3991
237.2154,11.05,250.3991
237.2154,11.05,250.3991
237.2154,11.05,250.3991
237.2154,11.05,250.3991
237.2154,11.05,250.3991
237.2154,11.05,250.3991
237.2154,11.05,250.3991
237.2154,11.05,250.3991
237.2154,11.05,250.3991
237.2154,11.05,250.3991
237.2154,11.05,250.3991
237.2154,11.05,250.3991
237.2154,11.05,250.3991
237.2154,11.05,250.3991
237.2154,11.05,250.3991
237.2154,11.05,250.3991
237.2154,11.05,250.3991
237.2154,11.05,250.3991
237.2154,11.05,250.3991
237.2154,11.05,250.3991
237.2154,11.05,250.3991
237.2154,11.05,250.3991
237.2154,11.05,250.3991
237.2154,11.05,250.3991
237.2154,11.05,250.3991
237.2154,11.05,250.3991
237.2154,11.05,250.3991
237.2154,11.05,250.3991
237.2154,11.05,250.3991
237.2154,11.05,250.3991
237.2154,11.05,250.3991
237.2154,11.05,250.3991
237.2154,11.05,250.3991
237.2154,11.05,250.3991
237.2154,11.05,250.3991
237.2154,11.05,250.3991
237.2154,11.05,250.3991
237.2154,11.05,250.3991
237.2154,11.05,250.3991
237.2154,11.05,250.3991
237.2154,11.05,250.3991
237.2154,11.05,250.3991
237.2154,11.05,250.3991
237.2154,11.05,250.3991
237.2154,11.05,250.3991
237.2154,11.05,250.3991
237.2154,11.05,250.3991
237.2154,11.05,250.3991
237.2154,11.05,250.3991
237.2154,11.05,250.3991
237.2154,11.05,250.3991
237.2154,11.05,250.3991
237.2154,11.05,250.3991
237.2154,11.05,250.3991
237.2154,11.05,250.3991
237.2154,11.05,250.3991
237.2154,11.05,250.3991
237.2154,11.05,250.3991
237.2154,11.05,250.3991
237.2154,11.05,250.3991
237.2154,11.05,250.3991
237.2154,11.05,250.3991
237.2154,11.05,250.3991
237.2154,11.05,250.3991
237.2154,11.05,250.3991
237.2154,11.05,250.3991
237.2154,11.05,250.3991
237.2154,11.05,250.3991
237.2154,11.05,250.3991
237.2154,11.05,250.3991
237.2154,11.05,250.3991
237.2154,11.05,250.3991
237.2154,11.05,250.3991
237.2154,11.05,250.3991
237.2154,11.05,250.3991
237.2154,11.05,250.3991
237.2154,11.05,250.3991
237.2154,11.05,250.3991
237.2154,11.05,250.3991
237.2154,11.05,250.3991
237.2154,11.05,250.3991
237.2154,11.05,250.3991
237.2154,11.05,250.3991
237.2154,11.05,250.3991
237.2155,11.05,250.3991
237.2164,11.05,250.3987
237.2186,11.05,250.3977
237.2238,11.05,250.3952
237.2326,11.05,250.3909
237.2456,11.05,250.384
237.2639,11.04232,250.3742
237.2851,11.04623,250.3626
237.3002,11.04816,250.3544
237.3109,11.04911,250.3486
237.3244,11.04982,250.3412
237.3433,11.05,250.3309
237.3671,11.05,250.318
237.3992,11.05,250.3005
237.4399,11.05,250.2784
237.4896,11.05,250.2514
237.5491,11.05,250.2191
237.6191,11.05,250.181
237.6832,11.05,250.1461
237.7369,11.05,250.1169
237.7831,11.05,250.0918
237.8295,11.04442,250.0666
237.8705,11.04754,250.0443
237.9033,11.04039,250.0266
237.9289,11.04559,250.0127
237.9473,11.04808,250.0027
237.9609,11.04925,249.9955
237.9701,11.04974,249.9905
237.9765,11.04993,249.9872
237.9795,11.04998,249.9856
237.9806,11.04999,249.985
237.9808,11.04999,249.9849
237.9808,11.04999,249.9849
237.9808,11.04999,249.9849
237.9808,11.04999,249.9849
237.9808,11.04999,249.9849
237.9808,11.04999,249.9849
237.9808,11.04999,249.9849
237.9808,11.04999,249.9849
237.9808,11.04999,249.9849
237.9808,11.04999,249.9849
237.9808,11.04999,249.9849
237.9808,11.04999,249.9849
237.9808,11.04999,249.9849
237.9808,11.04999,249.9849
237.9808,11.04999,249.9849
237.9808,11.04999,249.9849
237.9808,11.04999,249.9849
237.9808,11.04999,249.9849
237.9808,11.04999,249.9849
237.9808,11.04999,249.9849
237.9808,11.04999,249.9849
237.9808,11.04999,249.9849
237.9808,11.04999,249.9849
237.9808,11.04999,249.9849
237.9808,11.04999,249.9849
237.9808,11.04999,249.9849
237.9808,11.04999,249.9849
237.9808,11.04999,249.9849
237.9808,11.04999,249.9849
237.9808,11.04999,249.9849
237.9808,11.04999,249.9849
237.9808,11.04999,249.9849
237.9808,11.04999,249.9849
237.9808,11.04999,249.9849
237.9808,11.04999,249.9849
237.9808,11.04999,249.9849
237.9808,11.04999,249.9849
237.9808,11.04999,249.9849
237.9808,11.04999,249.9849
237.9808,11.04999,249.9849
237.9808,11.04999,249.9849
237.9808,11.04999,249.9849
237.9808,11.04999,249.9849
237.9808,11.04999,249.9849
237.9808,11.04999,249.9849
237.9808,11.04999,249.9849
237.9808,11.04999,249.9849
237.9808,11.04999,249.9849
237.9808,11.04999,249.9849
237.9808,11.04999,249.9849
237.9808,11.04999,249.9849
237.9808,11.04999,249.9849
237.9808,11.04999,249.9849
237.9808,11.04999,249.9849
237.9808,11.04999,249.9849
237.9808,11.04999,249.9849
237.9808,11.04999,249.9849
237.9808,11.04999,249.9849
237.9808,11.04999,249.9849
237.9808,11.04999,249.9849
237.9808,11.04999,249.9849
237.9808,11.04999,249.9849
237.9808,11.04999,249.9849
237.9808,11.04999,249.9849
237.9808,11.04999,249.9849
237.9808,11.04999,249.9849
237.9808,11.04999,249.9849
237.9808,11.04999,249.9849
237.9808,11.04999,249.9849
237.9808,11.04999,249.9849
237.9808,11.04999,249.9849
237.9808,11.04999,249.9849
237.9808,11.04999,249.9849
237.9805,11.04999,249.9849
237.9788,11.04998,249.9846
237.9749,11.04995,249.9841
237.9684,11.04986,249.9833
237.9569,11.04961,249.9818
237.9402,11.04903,249.9796
237.9172,11.04779,249.9766
237.8871,11.04539,249.9727
237.8485,11.04103,249.9677
237.8009,11.05,249.9615
237.745,11.05,249.9542
237.6775,11.05,249.9454
237.5981,11.05,249.9351
237.5068,11.05,249.9232
237.4037,11.05,249.9098
237.2886,11.05,249.8948
237.1616,11.05,249.8783
237.0228,11.04935,249.8603
236.8842,11.05,249.8422
236.7454,11.0461,249.8242
236.607,11.05,249.8062
236.4683,11.05,249.7881
236.3295,11.05,249.7701
236.1907,11.05,249.752
236.0518,11.04663,249.7339
235.9136,11.05,249.7159
235.7749,11.05,249.6979
235.6361,11.0488,249.6798
235.4974,11.05,249.6618
235.3586,11.05,249.6437
235.2198,11.05,249.6257
235.0809,11.04173,249.6076
234.9431,11.05,249.5897
234.8049,11.05,249.5716
234.6661,11.05,249.5535
234.5273,11.04996,249.5352
234.3885,11.05,249.5167
234.2497,11.05,249.4981
234.111,11.05,249.4792
233.9723,11.05,249.46
233.8337,11.05,249.4405
233.6951,11.05,249.4206
233.5566,11.05,249.4003
233.4182,11.05,249.3795
233.2798,11.04613,249.3583
233.1419,11.05,249.3365
233.0039,11.04998,249.3142
232.8658,11.05,249.2911
232.7278,11.05,249.2673
232.59,11.05,249.2428
232.4523,11.05,249.2176
232.3147,11.05,249.1915
232.1773,11.05,249.1647
232.0401,11.04798,249.1369
231.9035,11.05,249.1086
231.7667,11.0421,249.0791
231.6302,11.04703,249.0487
231.494,11.04962,249.0174
231.3579,11.05,248.9848
231.222,11.05,248.9511
231.0865,11.04054,248.9162
230.9521,11.05,248.8811
230.8179,11.04958,248.8439
230.6833,11.04059,248.8053
230.5498,11.05,248.7657
230.4168,11.05,248.7246
230.2834,11.05,248.6821
230.1504,11.05,248.6385
230.0179,11.0496,248.5933
229.886,11.05,248.5468
229.7546,11.05,248.4985
229.6236,11.05,248.4492
229.4928,11.05,248.3991
229.3628,11.05,248.3472
229.2334,11.04772,248.2937
229.105,11.05,248.2384
228.9771,11.05,248.1815
228.8501,11.05,248.1226
228.7239,11.04516,248.062
228.5986,11.05,248.0002
228.4737,11.05,247.9375
228.3486,11.05,247.8746
228.2235,11.05,247.8118
228.1092,11.05,247.7543
228.0055,11.04996,247.7023
227.9126,11.05,247.6556
227.8304,11.05,247.6143
227.7589,11.05,247.5784
227.6982,11.05,247.5478
227.6481,11.05,247.5227
227.6089,11.05,247.503
227.5803,11.05,247.4886
227.5603,11.05,247.4786
227.5459,11.05,247.4713
227.5361,11.05,247.4664
227.5295,11.05,247.4631
227.5263,11.05,247.4615
227.5251,11.05,247.4609
227.5249,11.05,247.4608
227.5249,11.05,247.4608
227.5249,11.05,247.4608
227.5249,11.05,247.4608
227.5249,11.05,247.4608
227.5249,11.05,247.4608
227.5249,11.05,247.4608
227.5249,11.05,247.4608
227.5249,11.05,247.4608
227.5249,11.05,247.4608
227.5249,11.05,247.4608
227.5249,11.05,247.4608
227.5249,11.05,247.4608
227.5249,11.05,247.4608
227.5249,11.05,247.4608
227.5249,11.05,247.4608
227.5249,11.05,247.4608
227.5249,11.05,247.4608
227.5249,11.05,247.4608
227.5249,11.05,247.4608
227.5249,11.05,247.4608
227.5249,11.05,247.4608
227.5249,11.05,247.4608
227.5249,11.05,247.4608
227.5249,11.05,247.4608
227.5249,11.05,247.4608
227.5249,11.05,247.4608
227.5249,11.05,247.4608
227.5249,11.05,247.4608
227.5249,11.05,247.4608
227.5249,11.05,247.4608
227.5249,11.05,247.4608
227.5249,11.05,247.4608
227.5249,11.05,247.4608
227.5249,11.05,247.4608
227.5249,11.05,247.4608
227.5249,11.05,247.4608
227.5249,11.05,247.4608
227.5249,11.05,247.4608
227.5249,11.05,247.4608
227.5249,11.05,247.4608
227.525,11.05,247.4608
227.5263,11.05,247.4611
227.5297,11.05,247.4617
227.5361,11.05,247.4628
227.5457,11.05,247.4643
227.5614,11.05,247.4667
227.583,11.05,247.4696
227.6118,11.05,247.4729
227.6489,11.05,247.4768
227.6952,11.05,247.4809
227.7517,11.05,247.485
227.8195,11.05,247.4888
227.897,11.05,247.4921
227.9865,11.05,247.4946
228.0879,11.04022,247.4963
228.2011,11.05,247.4966
228.3253,11.05,247.4953
228.4611,11.04945,247.4909
228.6008,11.05,247.4831
228.7404,11.05,247.473
228.8798,11.05,247.4599
229.0189,11.04955,247.4444
229.1576,11.05,247.4265
229.2961,11.04244,247.4055
229.4335,11.05,247.3835
229.5707,11.05,247.3582
229.7077,11.05,247.3296
229.8442,11.05,247.2984
229.9799,11.05,247.264
230.1149,11.04209,247.2269
230.2487,11.05,247.1889
230.3814,11.05,247.146
230.5137,11.05,247.1002
230.6451,11.04665,247.0517
230.7752,11.05,247.0005
230.9049,11.04883,246.9482
231.0344,11.04852,246.8958
231.1638,11.05,246.8435
231.2935,11.05,246.791
231.4233,11.05,246.7385
231.5531,11.05,246.686
231.6829,11.05,246.6335
231.8127,11.05,246.581
231.9424,11.05,246.5285
232.0722,11.04343,246.476
232.2009,11.05,246.424
232.3303,11.04893,246.3716
232.4598,11.05,246.3193
232.5896,11.05,246.2668
232.7193,11.05,246.2143
232.8491,11.05,246.1618
232.9789,11.05,246.1093
233.1087,11.04595,246.0568
233.2383,11.04998,246.0044
233.3679,11.05,245.9519
233.4977,11.05,245.8994
233.6275,11.05,245.847
233.7572,11.04913,245.7945
233.8868,11.05,245.7421
234.0166,11.04966,245.6896
234.1463,11.05,245.6371
234.276,11.05,245.5846
234.4058,11.05,245.5321
234.5356,11.05,245.4796
234.6654,11.05,245.4271
234.7951,11.05,245.3746
234.9249,11.05,245.3222
235.0547,11.04624,245.2697
235.1836,11.04928,245.2175
235.3131,11.05,245.1651
235.4429,11.05,245.1126
235.5726,11.04545,245.0602
235.7022,11.04992,245.0077
235.8318,11.04035,244.9553
235.9605,11.05,244.9032
236.0896,11.05,244.8511
236.2194,11.05,244.7986
236.3491,11.05,244.7461
236.4789,11.05,244.6936
236.6087,11.04934,244.6411
236.7383,11.05,244.5887
236.8681,11.05,244.5362
236.9978,11.05,244.4837
237.1276,11.05,244.4312
237.2574,11.0407,244.3787
237.3862,11.05,244.3266
237.5153,11.05,244.2744
237.6451,11.05,244.2219
237.7749,11.05,244.1694
237.9046,11.05,244.1169
238.0344,11.04328,244.0644
238.1642,11.04982,244.0119
238.2936,11.05,243.9595
238.4234,11.05,243.9071
238.5532,11.05,243.8546
238.6829,11.04103,243.8021
238.8118,11.05,243.75
238.9409,11.05,243.6977
239.0707,11.0437,243.6452
239.1994,11.05,243.5932
239.3289,11.05,243.5408
239.4586,11.04945,243.4883
239.5883,11.05,243.4359
239.718,11.05,243.3834
239.8478,11.05,243.3309
239.9776,11.05,243.2784
240.1074,11.04112,243.2259
240.2362,11.05,243.1738
240.3654,11.05,243.1216
240.4951,11.04399,243.0691
240.6247,11.04965,243.0167
240.7542,11.05,242.9643
240.884,11.04952,242.9118
241.0136,11.04977,242.8593
241.1433,11.05,242.8069
241.2731,11.05,242.7544
241.4029,11.05,242.7019
241.5327,11.04139,242.6494
241.6615,11.05,242.5973
241.7907,11.05,242.545
241.9205,11.05,242.4925
242.0503,11.04683,242.44
242.1793,11.05,242.3879
242.3089,11.04956,242.3354
242.4386,11.05,242.2829
242.5684,11.05,242.2305
242.6982,11.05,242.178
242.8279,11.05,242.1255
242.9577,11.04101,242.073
243.0867,11.04049,242.0208
243.2152,11.05,241.9688
243.3443,11.05,241.9166
243.474,11.05,241.8641
243.6038,11.05,241.8116
243.7336,11.04959,241.7591
243.8633,11.05,241.7067
243.993,11.05,241.6542
244.1228,11.05,241.6017
244.2526,11.05,241.5492
244.3824,11.04174,241.4967
244.5113,11.05,241.4446
244.6405,11.05,241.3923
244.7703,11.05,241.3398
244.9001,11.05,241.2873
245.0298,11.04889,241.2348
245.1593,11.04967,241.1825
245.289,11.05,241.13
245.4188,11.04242,241.0775
245.5483,11.04921,241.0251
245.6776,11.05,240.9728
245.8074,11.04195,240.9203
245.9363,11.05,240.8682
246.0656,11.04459,240.8159
246.1942,11.05,240.7639
246.3237,11.05,240.7115
246.4535,11.05,240.659
246.5833,11.04966,240.6065
246.713,11.05,240.554
246.8427,11.05,240.5015
246.9725,11.05,240.449
247.1023,11.05,240.3965
247.2321,11.04208,240.3441
247.361,11.05,240.2919
247.4902,11.05,240.2396
247.62,11.05,240.1871
247.7498,11.05,240.1346
247.8796,11.04148,240.0821
248.009,11.04879,240.0298
248.1384,11.05,239.9775
248.2682,11.05,239.9251
248.3981,11.05,239.8728
248.528,11.05,239.8206
248.658,11.04227,239.7686
248.7871,11.05,239.7171
248.9168,11.05,239.6657
249.0471,11.04722,239.6145
249.1768,11.05,239.5639
249.3073,11.05,239.5135
249.438,11.0496,239.4635
249.5689,11.05,239.414
249.7,11.05,239.3649
249.8313,11.05,239.3163
249.9628,11.05,239.2684
250.0946,11.05,239.2211
250.2266,11.05,239.1745
250.3588,11.05,239.1285
250.4913,11.04125,239.0832
250.6237,11.04811,239.0388
250.7564,11.05,238.9955
250.8897,11.04749,238.953
251.0229,11.04935,238.9113
251.1566,11.05,238.8706
251.2908,11.05,238.831
251.4254,11.05,238.7923
251.5602,11.05,238.7546
251.6954,11.04967,238.7182
251.8308,11.05,238.6829
251.9666,11.05,238.649
252.1027,11.05,238.6162
252.2391,11.05,238.5847
252.3758,11.05,238.5543
252.5127,11.0499,238.5252
252.6499,11.05,238.4975
252.7874,11.05,238.4714
252.9253,11.05,238.4467
253.0634,11.04495,238.4239
253.2005,11.05,238.4022
253.3389,11.04882,238.3823
253.4775,11.05,238.3644
253.6165,11.05,238.3477
253.7557,11.05,238.3327
253.895,11.05,238.3193
254.0345,11.04851,238.3076
254.1737,11.04019,238.2982
254.3125,11.05,238.2896
254.4515,11.05,238.2843
254.5915,11.05,238.2808
254.7315,11.05,238.2793
254.8715,11.05,238.2803
255.0114,11.04984,238.2833
255.1513,11.05,238.2883
255.2911,11.04999,238.2959
255.4308,11.05,238.3056
255.5702,11.05,238.3181
255.7094,11.05,238.3327
255.8484,11.05,238.3495
255.987,11.05,238.3692
256.1253,11.05,238.3912
256.2632,11.05,238.4155
256.4006,11.04893,238.4419
256.5379,11.05,238.4689
256.6752,11.05,238.496
256.8126,11.05,238.523
256.95,11.05,238.5501
257.0873,11.04035,238.5771
257.2233,11.05,238.6039
257.3598,11.05,238.6308
257.4972,11.05,238.6578
257.6346,11.04842,238.6848
257.7718,11.05,238.7118
257.8996,11.05,238.737
258.0156,11.0497,238.7598
258.1201,11.05,238.7804
258.2127,11.05,238.7986
258.2936,11.05,238.8146
258.3628,11.05,238.8282
258.4201,11.05,238.8395
258.4657,11.05,238.8484
258.4995,11.05,238.8551
258.5242,11.05,238.86
258.5425,11.05,238.8636
258.5552,11.05,238.8661
258.5634,11.05,238.8677
258.568,11.05,238.8686
258.5702,11.05,238.869
258.5707,11.05,238.8691
258.5707,11.05,238.8691
258.5707,11.05,238.8691
258.5703,11.05,238.869
258.5682,11.05,238.8686
258.5638,11.05,238.8677
258.5558,11.05,238.8662
258.5435,11.05,238.8638
258.5257,11.05,238.8602
258.5014,11.05,238.8555
258.4698,11.05,238.8492
258.4297,11.05,238.8414
258.3802,11.05,238.8316
258.3205,11.05,238.8199
258.2491,11.05,238.8058
258.166,11.05,238.7895
258.0712,11.04361,238.7708
257.9699,11.05,238.7508
257.8571,11.05,238.7287
257.7326,11.05,238.7041
257.5964,11.04589,238.6773
257.4594,11.05,238.6504
257.3222,11.05,238.6233
257.1848,11.05,238.5963
257.0475,11.04717,238.5693
256.9107,11.05,238.5423
256.7734,11.05,238.5153
256.636,11.05,238.4883
256.4987,11.05,238.4612
256.3613,11.04667,238.4342
256.2243,11.05,238.4072
256.087,11.04042,238.3802
255.9508,11.05,238.3534
255.8142,11.05,238.3265
255.6769,11.05,238.2995
255.5395,11.05,238.2724
255.4021,11.05,238.2454
255.2648,11.05,238.2183
255.1275,11.04746,238.1911
254.9904,11.05,238.1638
254.8532,11.05,238.1363
254.716,11.05,238.1086
254.5788,11.04179,238.0806
254.4418,11.04656,238.0524
254.305,11.0493,238.0237
254.1682,11.05,237.9946
254.0313,11.04877,237.9651
253.8949,11.04898,237.9353
253.7584,11.05,237.9048
253.6219,11.05,237.8738
253.4855,11.05,237.8421
253.3493,11.05,237.8098
253.2132,11.05,237.777
253.0773,11.04245,237.7433
252.9424,11.05,237.7095
252.8074,11.05,237.6745
252.6721,11.05,237.6385
252.5371,11.04739,237.6016
252.4025,11.05,237.5638
252.2681,11.05,237.5248
252.134,11.05,237.4846
252.0002,11.05,237.4436
251.8666,11.05,237.4015
251.7335,11.05,237.3582
251.6007,11.05,237.3138
251.4683,11.05,237.2684
251.3364,11.05,237.2216
251.2049,11.05,237.1736
251.0738,11.04314,237.1244
250.9437,11.04289,237.0751
250.8139,11.0493,237.0236
250.6848,11.05,236.9705
250.5558,11.05,236.916
250.4275,11.05,236.8602
250.2998,11.05,236.8026
250.1729,11.05,236.7437
250.0467,11.04726,236.683
249.9216,11.05,236.6215
249.7969,11.05,236.5578
249.6732,11.05,236.4923
249.5503,11.05,236.4253
249.4281,11.05,236.3571
249.3069,11.05,236.287
249.1867,11.04949,236.2152
249.0677,11.04422,236.1415
248.9498,11.04109,236.0673
248.8329,11.05,235.9903
248.718,11.05,235.9116
248.6037,11.05,235.8308
248.4906,11.05,235.7484
248.379,11.05,235.6638
248.2688,11.05,235.5775
248.1603,11.05,235.4891
248.0529,11.04649,235.3993
247.9468,11.05,235.3087
247.8428,11.05,235.2152
247.7404,11.05,235.1198
247.64,11.04938,235.0223
247.5414,11.05,234.9231
247.4445,11.05,234.8221
247.3498,11.05,234.719
247.2566,11.05,234.6146
247.1658,11.05,234.5081
247.0771,11.0425,234.3998
246.9899,11.05,234.2911
246.9061,11.05,234.1796
246.8238,11.04445,234.0664
246.7433,11.05,233.9527
246.6662,11.05,233.8362
246.5915,11.05,233.7179
246.5198,11.04619,233.5977
246.4507,11.0496,233.4761
246.3849,11.05,233.3527
246.321,11.05,233.2282
246.2598,11.05,233.1023
246.2003,11.05,232.9757
246.1413,11.05,232.8487
246.0824,11.04141,232.7218
246.0237,11.0493,232.5952
245.965,11.05,232.4688
245.9061,11.05,232.3418
245.8472,11.05,232.2149
245.7883,11.04021,232.088
245.7298,11.05,231.9619
245.6713,11.05,231.8357
245.6124,11.04414,231.7088
245.5536,11.04949,231.5821
245.4948,11.05,231.4554
245.4359,11.05,231.3284
245.3769,11.05,231.2015
245.318,11.043,231.0745
245.2595,11.05,230.9484
245.2008,11.05,230.8218
245.1418,11.05,230.6949
245.0829,11.04131,230.5679
245.0242,11.04927,230.4413
244.9655,11.05,230.3149
244.9066,11.05,230.188
244.8477,11.04532,230.061
244.7891,11.05,229.9347
244.7303,11.04621,229.8079
244.6714,11.04994,229.6811
244.6126,11.05,229.5543
244.5537,11.05,229.4273
244.4948,11.05,229.3004
244.4359,11.05,229.1734
244.377,11.04729,229.0465
244.3183,11.05,228.92
244.2594,11.05,228.7932
244.2005,11.05,228.6662
244.1416,11.05,228.5393
244.0827,11.04137,228.4123
244.0239,11.04929,228.2858
243.9651,11.05,228.1594
243.906,11.04867,228.0325
243.8468,11.0478,227.9061
243.7874,11.05,227.7795
243.7328,11.05,227.6638
243.6832,11.05,227.559
243.6385,11.05,227.4651
243.5989,11.05,227.3821
243.5643,11.05,227.31
243.5347,11.05,227.2488
243.5101,11.05,227.1986
243.4907,11.05,227.1591
243.4763,11.05,227.1306
243.4662,11.05,227.1106
243.4588,11.05,227.0963
243.4537,11.04055,227.0864
243.4506,11.04181,227.0805
243.4487,11.0425,227.0771
243.4481,11.04273,227.0759
243.448,11.04277,227.0757
243.448,11.04277,227.0757
243.448,11.04277,227.0757
243.448,11.04277,227.0757
243.448,11.04277,227.0757
243.448,11.04277,227.0757
243.448,11.04277,227.0757
243.448,11.04277,227.0757
243.448,11.04277,227.0757
243.448,11.04277,227.0757
243.448,11.04277,227.0757
243.448,11.04277,227.0757
243.448,11.04277,227.0757
243.448,11.04277,227.0757
243.448,11.04277,227.0757
243.448,11.04277,227.0757
243.448,11.04277,227.0757
243.448,11.04277,227.0757
243.448,11.04277,227.0757
243.448,11.04277,227.0757
243.448,11.04277,227.0757
243.448,11.04277,227.0757
243.448,11.04277,227.0757
243.448,11.04277,227.0757
243.448,11.04277,227.0757
243.448,11.04277,227.0757
243.448,11.04277,227.0757
243.448,11.04277,227.0757
243.448,11.04277,227.0757
243.448,11.04277,227.0757
243.448,11.04277,227.0757
243.448,11.04277,227.0757
243.448,11.04277,227.0757
243.448,11.04277,227.0757
243.448,11.04277,227.0757
243.448,11.04277,227.0757
243.448,11.04277,227.0757
243.448,11.04277,227.0757
243.448,11.04277,227.0757
243.448,11.04277,227.0757
243.448,11.04277,227.0757
243.448,11.04277,227.0757
243.448,11.04277,227.0757
243.448,11.04277,227.0757
243.448,11.04277,227.0757
243.448,11.04277,227.0757
243.448,11.04277,227.0757
243.448,11.04277,227.0757
243.448,11.04277,227.0757
243.448,11.04277,227.0757
243.448,11.04277,227.0757
243.448,11.04277,227.0757
243.448,11.04277,227.0757
243.448,11.04277,227.0757
243.448,11.04277,227.0757
243.448,11.04277,227.0757
243.448,11.04277,227.0757
243.448,11.04277,227.0757
243.448,11.04277,227.0757
243.448,11.04277,227.0757
243.448,11.04277,227.0757
243.448,11.04277,227.0757
243.448,11.04277,227.0757
243.448,11.04277,227.0757
243.448,11.04277,227.0757
243.448,11.04277,227.0757
243.448,11.04277,227.0757
243.448,11.04277,227.0757
243.448,11.04277,227.0757
243.448,11.04277,227.0757
243.448,11.04277,227.0757
243.4483,11.04278,227.0757
243.4499,11.04284,227.0754
243.4543,11.04302,227.0744
243.4621,11.04337,227.0725
243.4742,11.04397,227.0692
243.4915,11.04486,227.0639
243.5148,11.04601,227.0563
243.5451,11.0474,227.0455
243.5812,11.04876,227.0315
243.6274,11.04983,227.0116
243.6827,11.05,226.986
243.7474,11.05,226.9531
243.8215,11.04475,226.9128
243.9008,11.05,226.8679
243.9888,11.05,226.8152
244.0853,11.0408,226.7541
244.1879,11.05,226.6859
244.2949,11.05,226.6079
244.4031,11.0415,226.5191
244.5092,11.05,226.4295
244.6113,11.05,226.3346
244.7121,11.05,226.2375
244.8121,11.05,226.1396
244.9119,11.04784,226.0415
245.0116,11.04983,225.9437
245.1114,11.05,225.8456
245.2112,11.05,225.7476
245.3111,11.05,225.6495
245.411,11.05,225.5514
245.5108,11.05,225.4533
245.6107,11.05,225.3553
245.7106,11.05,225.2572
245.8104,11.05,225.1591
245.9103,11.04531,225.0611
246.0098,11.04988,224.9633
246.1095,11.05,224.8654
246.2094,11.05,224.7673
246.3092,11.05,224.6692
246.4091,11.05,224.5712
246.509,11.05,224.4731
246.6088,11.05,224.375
246.7087,11.05,224.2769
246.8085,11.05,224.1789
246.9084,11.04176,224.0808
247.0078,11.04992,223.9832
247.1072,11.05,223.8855
247.2071,11.05,223.7875
247.3069,11.05,223.6894
247.4068,11.05,223.5913
247.5067,11.05,223.4933
247.6065,11.05,223.3952
247.7064,11.05,223.2971
247.8062,11.05,223.199
247.9061,11.05,223.101
248.006,11.04994,223.0029
248.1059,11.05,222.9049
248.206,11.05,222.807
248.3062,11.05,222.7093
248.4065,11.05,222.6117
248.507,11.04997,222.5143
248.6078,11.05,222.4171
248.7087,11.05,222.3202
248.81,11.05,222.2236
248.9115,11.05,222.1272
249.0133,11.04856,222.0312
249.1155,11.05,221.9356
249.218,11.05,221.8403
249.321,11.05,221.7456
249.4245,11.05,221.6513
249.5286,11.04947,221.5577
249.633,11.05,221.4647
249.738,11.05,221.3722
249.8436,11.05,221.2804
249.9498,11.05,221.1891
250.0566,11.04598,221.0986
250.1635,11.04989,221.0095
250.2714,11.05,220.9206
250.38,11.05,220.8323
250.4893,11.05,220.7448
250.5988,11.04783,220.6577
250.7086,11.05,220.5717
250.8196,11.05,220.4865
250.9315,11.05,220.4024
251.0441,11.04757,220.3192
251.1569,11.04594,220.2373
251.2699,11.05,220.1564
251.3848,11.0426,220.0766
251.4997,11.05,219.9977
251.616,11.05,219.9205
251.7334,11.04223,219.8443
251.8503,11.05,219.7691
251.9688,11.05,219.6956
252.0885,11.04008,219.6231
252.2077,11.05,219.5522
252.3285,11.05,219.4832
252.4509,11.05,219.4152
252.5742,11.05,219.349
252.6983,11.05,219.2843
252.8235,11.05,219.2216
252.9494,11.05,219.1605
253.0762,11.04268,219.101
253.2024,11.04765,219.0433
253.3304,11.05,218.9874
253.4594,11.05,218.9332
253.5894,11.05,218.8812
253.7201,11.04221,218.8311
253.8503,11.05,218.7824
253.9822,11.05,218.7369
254.1152,11.05,218.6932
254.249,11.05,218.6522
254.3835,11.05,218.6133
254.5188,11.04787,218.5771
254.654,11.05,218.5428
254.7904,11.05,218.5111
254.9274,11.05,218.4823
255.0648,11.04471,218.4559
255.2015,11.05,218.4312
255.3397,11.04687,218.4103
255.4778,11.05,218.3912
255.6169,11.05,218.3759
255.7563,11.05,218.3633
255.896,11.05,218.3532
256.0358,11.0484,218.3466
256.1752,11.05,218.3426
256.3152,11.04957,218.3414
256.4551,11.05,218.3438
256.595,11.05,218.3489
256.7347,11.05,218.3577
256.8742,11.05,218.3701
257.0133,11.04978,218.3855
257.152,11.05,218.4039
257.2906,11.05,218.4238
257.4292,11.04986,218.4439
257.5677,11.05,218.464
257.7062,11.05,218.4842
257.8448,11.05,218.5043
257.9833,11.05,218.5244
258.1219,11.05,218.5446
258.2604,11.05,218.5647
258.399,11.05,218.5848
258.5375,11.04715,218.6049
258.6757,11.05,218.625
258.8142,11.05,218.6452
258.9527,11.05,218.6653
259.0913,11.05,218.6854
259.2298,11.05,218.7056
259.3684,11.05,218.7257
259.5069,11.05,218.7459
259.6454,11.04078,218.7662
259.7833,11.04999,218.7864
259.9211,11.05,218.8069
260.0595,11.04554,218.8277
260.1969,11.05,218.8486
260.3351,11.05,218.8698
260.4734,11.05,218.8914
260.6117,11.05,218.9134
260.7498,11.05,218.9359
260.8879,11.04684,218.9589
261.0257,11.04917,218.9819
261.1634,11.04996,219.0055
261.3013,11.0489,219.0296
261.4391,11.04628,219.0545
261.5767,11.04193,219.0799
261.7141,11.05,219.106
261.8509,11.05,219.1329
261.9882,11.05,219.1606
262.1252,11.04742,219.1893
262.2618,11.05,219.2187
262.3984,11.05,219.249
262.5349,11.05,219.2804
262.6711,11.05,219.3128
262.807,11.05,219.346
262.9427,11.05,219.3805
263.0782,11.04229,219.416
263.2121,11.05,219.4519
263.3464,11.05,219.4897
263.4808,11.04856,219.5288
263.6147,11.05,219.5693
263.7483,11.05,219.6109
263.8816,11.05,219.6539
264.0143,11.04974,219.6984
264.1465,11.05,219.7441
264.2782,11.05,219.7916
264.4095,11.05,219.8404
264.54,11.05,219.891
264.6698,11.05,219.9433
264.7991,11.05,219.997
264.9277,11.04018,220.0523
265.0554,11.04615,220.1089
265.1821,11.05,220.1662
265.3084,11.05,220.2263
265.4338,11.05,220.2885
265.5584,11.05,220.3523
265.682,11.05,220.4181
265.8047,11.05,220.4855
265.9262,11.05,220.5551
266.0467,11.04727,220.6263
266.1656,11.05,220.6989
266.2837,11.05,220.7739
266.4007,11.05,220.8508
266.5162,11.05,220.9298
266.6306,11.04986,221.0105
266.7436,11.05,221.0931
266.8549,11.05,221.1779
266.9649,11.05,221.2645
267.0735,11.04319,221.3528
267.1798,11.05,221.4423
267.2846,11.05,221.5344
267.3877,11.05,221.6291
267.4891,11.05,221.7256
267.5888,11.05,221.8239
267.6862,11.05,221.9244
267.7817,11.04911,222.0267
267.8752,11.05,222.1306
267.9664,11.05,222.2368
268.0554,11.04614,222.3448
268.142,11.05,222.4541
268.2267,11.05,222.5654
268.3092,11.05,222.6785
268.3887,11.05,222.7936
268.4663,11.05,222.9101
268.5428,11.04907,223.0273
268.6188,11.05,223.1445
268.695,11.05,223.2619
268.7712,11.05,223.3793
268.8474,11.05,223.4967
268.9236,11.05,223.6141
268.9998,11.05,223.7315
269.076,11.04272,223.8489
269.1518,11.05,223.9657
269.2277,11.04136,224.0827
269.3032,11.05,224.1989
269.379,11.05,224.3158
269.4552,11.05,224.4332
269.5314,11.04977,224.5506
269.6076,11.04772,224.6679
269.6837,11.0435,224.7853
269.7599,11.05,224.9026
269.8359,11.04951,225.0197
269.912,11.05,225.137
269.9882,11.05,225.2544
270.0644,11.04478,225.3718
270.1403,11.05,225.4888
270.2164,11.05,225.606
270.2926,11.05,225.7233
270.3688,11.05,225.8407
270.445,11.05,225.9581
270.5213,11.04282,226.0754
270.597,11.05,226.1918
270.6733,11.05,226.3086
270.75,11.05,226.4257
270.8269,11.05,226.5426
270.9041,11.05,226.6594
270.9814,11.05,226.776
271.0592,11.0456,226.8923
271.137,11.04992,227.0081
271.2154,11.05,227.1238
271.2943,11.05,227.2394
271.3737,11.05,227.3547
271.4536,11.04984,227.4696
271.5341,11.04843,227.5841
271.6151,11.04567,227.6982
271.6968,11.04166,227.8118
271.7791,11.05,227.9249
271.8618,11.04828,228.0371
271.9452,11.05,228.149
272.0295,11.04891,228.2607
272.1144,11.05,228.3718
272.2,11.05,228.4825
272.2867,11.05,228.5924
272.374,11.05,228.7018
272.4622,11.05,228.8105
272.5511,11.05,228.9185
272.6409,11.04916,229.0259
272.7317,11.05,229.1322
272.8234,11.05,229.2379
272.9161,11.05,229.3428
273.0099,11.04988,229.4467
273.1046,11.05,229.5497
273.2001,11.05,229.652
273.2964,11.05,229.7536
273.3933,11.05,229.8546
273.4916,11.05,229.9542
273.5909,11.04649,230.0528
273.6909,11.05,230.15
273.7926,11.05,230.246
273.8954,11.05,230.341
273.9993,11.05,230.4348
274.1046,11.05,230.527
274.2111,11.05,230.6178
274.3179,11.05,230.7084
274.4246,11.05,230.7989
274.5313,11.05,230.8895
274.638,11.05,230.9801
274.7445,11.04367,231.0709
274.8503,11.05,231.1612
274.9563,11.05,231.2521
275.0624,11.04511,231.3434
275.1676,11.05,231.4344
275.273,11.05,231.5261
275.3784,11.05,231.6181
275.4836,11.05,231.7106
275.5884,11.05,231.8033
275.6929,11.05,231.8965
275.797,11.05,231.99
275.9008,11.04111,232.0839
276.0034,11.04998,232.1775
276.1058,11.05,232.272
276.2081,11.05,232.3675
276.3098,11.05,232.4637
276.4109,11.05,232.5605
276.5114,11.05,232.6579
276.6113,11.05,232.756
276.7106,11.05,232.8546
276.8091,11.05,232.9541
276.9068,11.04631,233.0542
277.0035,11.04998,233.1546
277.0996,11.05,233.2562
277.195,11.05,233.3586
277.2894,11.05,233.4619
277.3829,11.05,233.5661
277.4756,11.05,233.671
277.567,11.05,233.7769
277.6576,11.05,233.8836
277.7472,11.05,233.9911
277.8354,11.05,234.0998
277.9226,11.05,234.2093
278.0084,11.04991,234.3198
278.093,11.05,234.4313
278.1765,11.05,234.5436
278.2584,11.05,234.6571
278.339,11.05,234.7715
278.4183,11.05,234.8868
278.4959,11.04999,235.0033
278.5721,11.05,235.1207
278.6465,11.05,235.2393
278.7193,11.05,235.3588
278.7906,11.05,235.4792
278.86,11.05,235.6008
278.9276,11.05,235.7233
278.9936,11.05,235.8467
279.0574,11.04586,235.9712
279.1198,11.05,236.0962
279.1799,11.04887,236.2224
279.2382,11.04216,236.3496
279.2944,11.05,236.4774
279.3481,11.05,236.6061
279.3999,11.05,236.7361
279.4496,11.05,236.8669
279.4967,11.05,236.9986
279.5417,11.05,237.1312
279.5837,11.05,237.2646
279.6236,11.05,237.3988
279.661,11.05,237.5336
279.6962,11.05,237.6691
279.7288,11.04634,237.8052
279.7589,11.05,237.9415
279.7859,11.04219,238.0786
279.8113,11.05,238.2148
279.8324,11.05,238.3526
279.8509,11.05,238.4914
279.8666,11.05,238.6304
279.8797,11.05,238.7697
279.8918,11.04981,238.9091
279.9039,11.04705,239.0485
279.9159,11.05,239.1871
279.9279,11.05,239.3264
279.94,11.05,239.4658
279.9521,11.05,239.6053
279.9641,11.05,239.7447
279.9762,11.05,239.8841
279.9882,11.04914,240.0235
280.0003,11.05,240.1627
280.0123,11.04981,240.3021
280.0244,11.04926,240.4415
280.0364,11.04834,240.5809
280.0485,11.04705,240.7203
280.0605,11.04539,240.8597
280.0726,11.04336,240.9991
280.0847,11.04094,241.1385
280.0966,11.05,241.2779
280.1085,11.05,241.4167
280.1203,11.05,241.5561
280.1318,11.05,241.6956
280.1432,11.05,241.8351
280.1542,11.05,241.9745
280.1649,11.05,242.1141
280.1753,11.04614,242.2536
280.1852,11.05,242.3927
280.1947,11.05,242.5321
280.2038,11.05,242.6718
280.2122,11.05,242.8114
280.2202,11.05,242.9512
280.2275,11.05,243.0909
280.2342,11.05,243.2307
280.2403,11.05,243.3705
280.2455,11.05,243.5103
280.25,11.05,243.6502
280.2538,11.05,243.7901
280.2566,11.05,243.93
280.2583,11.04385,244.0699
280.2594,11.05,244.2086
280.2592,11.04502,244.3482
280.258,11.05,244.4873
280.2556,11.05,244.627
280.2521,11.05,244.7669
280.2474,11.05,244.9067
280.2415,11.04729,245.0465
280.2349,11.05,245.1855
280.2267,11.0439,245.3251
280.2175,11.05,245.4637
280.2068,11.05,245.6029
280.1945,11.05,245.7423
280.1809,11.05,245.8816
280.1656,11.04946,246.0207
280.1489,11.04993,246.1595
280.1307,11.05,246.2982
280.1111,11.05,246.4367
280.0899,11.05,246.5751
280.0671,11.04432,246.7131
280.0424,11.04774,246.8508
280.0162,11.04967,246.9881
279.9878,11.05,247.1251
279.9577,11.05,247.2618
279.9259,11.05,247.3981
279.8919,11.05,247.5338
279.8561,11.05,247.6691
279.8185,11.05,247.8039
279.7786,11.05,247.938
279.7368,11.04355,248.0716
279.6942,11.05,248.2036
279.6487,11.05,248.3356
279.6011,11.05,248.4672
279.551,11.04863,248.5978
279.4991,11.05,248.7274
279.4445,11.05,248.8562
279.3878,11.05,248.9842
279.329,11.05,249.1112
279.2677,11.05,249.237
279.2042,11.05,249.3617
279.1386,11.05,249.4853
279.0704,11.04376,249.6075
279.0012,11.05,249.7287
278.9288,11.05,249.8481
278.854,11.04203,249.9664
278.7789,11.04132,250.0829
278.702,11.05,250.1978
278.6206,11.05,250.3108
278.5372,11.05,250.4232
278.4515,11.04574,250.5339
278.3649,11.05,250.6425
278.2745,11.05,250.7491
278.1818,11.05,250.854
278.0864,11.04055,250.9564
277.9905,11.04575,251.0574
277.8931,11.05,251.1564
277.7909,11.05,251.2519
277.6866,11.05,251.3452
277.5798,11.05,251.4357
277.4709,11.04826,251.5237
277.3606,11.05,251.6088
277.2474,11.05,251.6911
277.1323,11.05,251.7708
277.0153,11.04971,251.8477
276.8971,11.0496,251.9225
276.7771,11.05,251.9944
276.6549,11.04506,252.0627
276.5314,11.05,252.1277
276.4057,11.05,252.189
276.2784,11.05,252.2472
276.15,11.05,252.3029
276.0199,11.04951,252.3545
275.8885,11.05,252.4026
275.7559,11.05,252.4474
275.6218,11.05,252.4876
275.4867,11.04912,252.5243
275.3509,11.05,252.5572
275.2141,11.05,252.5874
275.0767,11.04259,252.6138
274.9398,11.05,252.6381
274.8015,11.05,252.6568
274.6748,11.05,252.6724
274.5599,11.05,252.6857
274.4569,11.05,252.6972
274.3658,11.05,252.7071
274.2866,11.05,252.7157
274.2193,11.05,252.7229
274.164,11.05,252.7288
274.1206,11.05,252.7335
274.0891,11.05,252.7368
274.0677,11.04423,252.7391
274.0526,11.04653,252.7407
274.0427,11.04772,252.7417
274.0366,11.04832,252.7424
274.0329,11.04865,252.7428
274.0317,11.04874,252.7429
274.0316,11.04875,252.7429
274.0316,11.04875,252.7429
274.0316,11.04875,252.7429
274.0316,11.04875,252.7429
274.0316,11.04875,252.7429
274.0316,11.04875,252.7429
274.0316,11.04875,252.7429
274.0316,11.04875,252.7429
274.0316,11.04875,252.7429
274.0316,11.04875,252.7429
274.0316,11.04875,252.7429
274.0316,11.04875,252.7429
274.0316,11.04875,252.7429
274.0316,11.04875,252.7429
274.0316,11.04875,252.7429
274.0316,11.04875,252.7429
274.0316,11.04875,252.7429
274.0316,11.04875,252.7429
274.0316,11.04875,252.7429
274.0316,11.04875,252.7429
274.0316,11.04875,252.7429
274.0316,11.04875,252.7429
274.0316,11.04875,252.7429
274.0316,11.04875,252.7429
274.0316,11.04875,252.7429
274.0316,11.04875,252.7429
274.0316,11.04875,252.7429
274.0316,11.04875,252.7429
274.0316,11.04875,252.7429
274.0316,11.04875,252.7429
274.0316,11.04875,252.7429
274.0316,11.04875,252.7429
274.0316,11.04875,252.7429
274.0316,11.04875,252.7429
274.0316,11.04875,252.7429
274.0316,11.04875,252.7429
274.0316,11.04875,252.7429
274.0316,11.04875,252.7429
274.0316,11.04875,252.7429
274.0316,11.04875,252.7429
274.0316,11.04875,252.7429
274.0316,11.04875,252.7429
274.0316,11.04875,252.7429
274.0316,11.04875,252.7429
274.0316,11.04875,252.7429
274.0316,11.04875,252.7429
274.0316,11.04875,252.7429
274.0316,11.04875,252.7429
274.0316,11.04875,252.7429
274.0316,11.04875,252.7429
274.0316,11.04875,252.7429
274.0316,11.04875,252.7429
274.0316,11.04875,252.7429
274.0316,11.04875,252.7429
274.0316,11.04875,252.7429
