-0.01096032,0.7004274,-0.01075864,0.7135584
-0.01096032,0.7004274,-0.01075864,0.7135584
-0.01096032,0.7004274,-0.01075864,0.7135584
-0.01096032,0.7004274,-0.01075864,0.7135584
-0.01096032,0.7004274,-0.01075864,0.7135584
-0.01095937,0.7004905,-0.01075961,0.7134965
-0.01095766,0.7006035,-0.01076134,0.7133855
-0.01095521,0.700766,-0.01076384,0.7132259
-0.01095202,0.7009774,-0.01076709,0.7130181
-0.01094805,0.7012402,-0.01077112,0.7127597
-0.01093749,0.7019382,-0.01078184,0.7120723
-0.01093108,0.7023617,-0.01078835,0.7116545
-0.01092411,0.7028211,-0.01079541,0.7112009
-0.01091617,0.7033435,-0.01080343,0.7106842
-0.01090731,0.7039262,-0.01081238,0.7101071
-0.01088745,0.7052277,-0.01083237,0.7088146
-0.01087648,0.7059449,-0.01084339,0.7081003
-0.01086455,0.7067232,-0.01085534,0.7073235
-0.01085184,0.7075503,-0.01086805,0.7064961
-0.01082409,0.7093499,-0.01089569,0.7046893
-0.01080884,0.7103348,-0.01091082,0.7036965
-0.01079282,0.7113667,-0.01092667,0.7026533
-0.01077601,0.712446,-0.01094325,0.7015589
-0.01075841,0.713572,-0.01096054,0.7004136
-0.01073984,0.7147571,-0.01097875,0.6992042
-0.01070047,0.7172555,-0.01101712,0.696641
-0.01067968,0.7185673,-0.01103727,0.6952879
-0.01065808,0.7199252,-0.01105813,0.6938818
-0.01063548,0.7213406,-0.01107987,0.6924102
-0.01058782,0.7243065,-0.01112543,0.689307
-0.01056274,0.7258567,-0.01114924,0.6876746
-0.01053684,0.7274509,-0.01117372,0.6859879
-0.01050987,0.7291024,-0.01119909,0.6842323
-0.01048209,0.7307956,-0.0112251,0.6824235
-0.01045345,0.7325323,-0.01125178,0.680559
-0.01039338,0.7361461,-0.01130728,0.6766484
-0.01036216,0.738009,-0.0113359,0.674616
-0.01032986,0.7399257,-0.01136534,0.6725132
-0.01029668,0.7418838,-0.01139541,0.6703526
-0.01026241,0.7438933,-0.01142628,0.6681219
-0.0101914,0.74802,-0.01148967,0.6634985
-0.01015444,0.7501472,-0.01152234,0.6610926
-0.01011657,0.7523127,-0.0115556,0.6586272
-0.01007779,0.7545161,-0.01158945,0.6561019
-0.009997445,0.7590327,-0.01165882,0.6508714
-0.009955863,0.7613457,-0.01169435,0.6481642
-0.009913346,0.7636936,-0.01173042,0.6453962
-0.009869669,0.7660877,-0.01176719,0.6425526
-0.009825033,0.7685157,-0.01180448,0.6396466
-0.009732616,0.7734839,-0.01188079,0.63363
-0.009685053,0.7760102,-0.0119196,0.6305334
-0.0096365,0.7785679,-0.01195889,0.6273724
-0.009586509,0.7811793,-0.011999,0.6241179
-0.009535513,0.7838203,-0.01203956,0.6207978
-0.009430929,0.7891652,-0.01212166,0.6139889
-0.009377099,0.7918795,-0.01216335,0.6104844
-0.00932202,0.7946309,-0.01220561,0.6068985
-0.009265658,0.79742,-0.01224846,0.6032292
-0.009208248,0.8002337,-0.01229167,0.5994915
-0.009090479,0.8059207,-0.01237903,0.5918242
-0.009030093,0.808793,-0.01242314,0.5878929
-0.0089684,0.8116973,-0.01246776,0.5838764
-0.008905615,0.814622,-0.01251268,0.5797889
-0.008841723,0.8175666,-0.01255791,0.5756293
-0.008710609,0.8235104,-0.01264921,0.5670933
-0.008643152,0.8265175,-0.01269539,0.5627016
-0.008574554,0.8295404,-0.01274183,0.5582356
-0.008504818,0.8325776,-0.01278848,0.5536956
-0.008433928,0.8356285,-0.01283534,0.5490803
-0.008361651,0.8387015,-0.01288254,0.5443748
-0.008213596,0.8448797,-0.01297744,0.5347359
-0.008137797,0.8479829,-0.01302511,0.5298011
-0.008060822,0.8510934,-0.01307288,0.5247898
-0.007982639,0.8542109,-0.01312077,0.5196997
-0.007822675,0.8604606,-0.01321677,0.5092854
-0.007740622,0.8636001,-0.01326499,0.5039434
-0.007657345,0.8667412,-0.01331324,0.4985218
-0.007572828,0.8698828,-0.01336149,0.4930195
-0.00748684,0.8730319,-0.01340986,0.4874213
-0.007399622,0.8761779,-0.01345819,0.4817431
-0.007221624,0.8824504,-0.01355453,0.4701548
-0.007130862,0.8855733,-0.0136025,0.4642458
-0.007038563,0.8886974,-0.01365049,0.4582368
-0.00694475,0.8918202,-0.01369845,0.4521292
-0.006849649,0.8949322,-0.01374626,0.4459378
-0.00665556,0.9011179,-0.01384127,0.4333019
-0.006556573,0.9041885,-0.01388843,0.4268575
-0.006456283,0.9072422,-0.01393534,0.4203282
-0.006354424,0.9102852,-0.01398208,0.4136968
-0.006251256,0.9133078,-0.01402851,0.4069802
-0.006040945,0.919287,-0.01412035,0.3932881
-0.005933799,0.92224,-0.01416571,0.3863125
-0.005825344,0.9251661,-0.01421065,0.3792517
-0.00571554,0.9280644,-0.01425517,0.372103
-0.005604133,0.9309397,-0.01429933,0.36485
-0.005377292,0.9365933,-0.01438617,0.3500819
-0.005261863,0.9393679,-0.01442879,0.342567
-0.005144821,0.9421118,-0.01447094,0.3349471
-0.005026706,0.9448105,-0.01451239,0.3272573
-0.004786423,0.9500846,-0.0145934,0.3116141
-0.00466426,0.9526564,-0.01463291,0.3036608
-0.004540489,0.9551875,-0.01467178,0.2956028
-0.004415359,0.9576706,-0.01470992,0.2874564
-0.004288891,0.9601035,-0.01474729,0.2792229
-0.004161067,0.9624847,-0.01478387,0.2709011
-0.003900879,0.9670923,-0.01485464,0.2539619
-0.003768481,0.9693149,-0.01488878,0.2453422
-0.003635017,0.9714728,-0.01492193,0.2366533
-0.003500222,0.9735687,-0.01495412,0.2278776
-0.003364094,0.9756006,-0.01498533,0.2190151
-0.003087359,0.9794711,-0.01504478,0.2009986
-0.002947002,0.981302,-0.0150729,0.1918609
-0.002805327,0.9830604,-0.01509991,0.1826373
-0.00266235,0.9847443,-0.01512578,0.173329
-0.002517812,0.9863542,-0.01515051,0.163919
-0.002224861,0.9893349,-0.01519629,0.1448469
-0.002076504,0.990701,-0.01521727,0.1351882
-0.001926883,0.9919814,-0.01523694,0.1254473
-0.001775718,0.9931765,-0.0152553,0.1156059
-0.001469975,0.9952917,-0.01528779,0.09570095
-0.001315155,0.9962094,-0.01530188,0.08562161
-0.001159133,0.9970303,-0.01531449,0.075464
-0.001001921,0.9977522,-0.01532558,0.06522887
-0.0008432257,0.9983739,-0.01533513,0.05489725
-0.0006836689,0.9988909,-0.01534307,0.04450951
-0.0003606059,0.9996064,-0.01535406,0.02347691
-0.0001973835,0.9997995,-0.01535702,0.01285052
-3.308176E-05,0.9998798,-0.01535826,0.002153864
0.0001325736,0.9998448,-0.01535772,-0.008630913
0.0004664807,0.9994207,-0.01535121,-0.03036951
0.0006352378,0.9990264,-0.01534515,-0.04135623
0.0008050018,0.9985077,-0.01533718,-0.0524085
0.0009757194,0.9978623,-0.01532727,-0.06352285
0.001147684,0.9970865,-0.01531535,-0.07471839
0.00132028,0.9961807,-0.01530144,-0.08595506
0.001668687,0.9939628,-0.01526737,-0.1086376
0.001844164,0.9926476,-0.01524717,-0.1200619
0.002020466,0.991192,-0.01522481,-0.1315397
0.002197564,0.9895935,-0.01520026,-0.1430695
0.002375689,0.9878474,-0.01517344,-0.1546661
0.002734084,0.9839109,-0.01511297,-0.1779989
0.002914307,0.9817158,-0.01507926,-0.1897321
0.003095164,0.9793668,-0.01504318,-0.2015066
0.003276887,0.9768579,-0.01500464,-0.2133374
0.00345917,0.9741904,-0.01496367,-0.2252048
0.003825318,0.9683708,-0.01487428,-0.2490423
0.004009331,0.9652106,-0.01482574,-0.2610223
0.00419378,0.9618828,-0.01477462,-0.2730306
0.004378613,0.9583855,-0.0147209,-0.2850639
0.004563755,0.9547175,-0.01466456,-0.2971174
0.004716793,0.9515596,-0.01461606,-0.3070807
0.004914897,0.9473005,-0.01455063,-0.319978
0.004967979,0.9461262,-0.0145326,-0.3234338
0.004991466,0.9456021,-0.01452455,-0.3249629
0.004992175,0.9455862,-0.0145243,-0.3250091
0.004992175,0.9455862,-0.0145243,-0.3250091
0.004992175,0.9455862,-0.0145243,-0.3250091
0.004992175,0.9455862,-0.0145243,-0.3250091
0.004992175,0.9455862,-0.0145243,-0.3250091
0.004992175,0.9455862,-0.0145243,-0.3250091
0.004992175,0.9455862,-0.0145243,-0.3250091
0.004992175,0.9455862,-0.0145243,-0.3250091
0.004992175,0.9455862,-0.0145243,-0.3250091
0.004992175,0.9455862,-0.0145243,-0.3250091
0.004992175,0.9455862,-0.0145243,-0.3250091
0.004992175,0.9455862,-0.0145243,-0.3250091
0.004992175,0.9455862,-0.0145243,-0.3250091
0.004992175,0.9455862,-0.0145243,-0.3250091
0.004992175,0.9455862,-0.0145243,-0.3250091
0.004992175,0.9455862,-0.0145243,-0.3250091
0.004992175,0.9455862,-0.0145243,-0.3250091
0.004992175,0.9455862,-0.0145243,-0.3250091
0.004992175,0.9455862,-0.0145243,-0.3250091
0.004992175,0.9455862,-0.0145243,-0.3250091
0.004992175,0.9455862,-0.0145243,-0.3250091
0.004992175,0.9455862,-0.0145243,-0.3250091
0.004992175,0.9455862,-0.0145243,-0.3250091
0.004992175,0.9455862,-0.0145243,-0.3250091
0.004992175,0.9455862,-0.0145243,-0.3250091
0.004992175,0.9455862,-0.0145243,-0.3250091
0.004992175,0.9455862,-0.0145243,-0.3250091
0.004992175,0.9455862,-0.0145243,-0.3250091
0.004992175,0.9455862,-0.0145243,-0.3250091
0.004992175,0.9455862,-0.0145243,-0.3250091
0.004992175,0.9455862,-0.0145243,-0.3250091
0.004992175,0.9455862,-0.0145243,-0.3250091
0.004992175,0.9455862,-0.0145243,-0.3250091
0.004992175,0.9455862,-0.0145243,-0.3250091
0.004992175,0.9455862,-0.0145243,-0.3250091
0.004992175,0.9455862,-0.0145243,-0.3250091
0.004992175,0.9455862,-0.0145243,-0.3250091
0.004992175,0.9455862,-0.0145243,-0.3250091
0.004992175,0.9455862,-0.0145243,-0.3250091
0.004992175,0.9455862,-0.0145243,-0.3250091
0.004992175,0.9455862,-0.0145243,-0.3250091
0.004992175,0.9455862,-0.0145243,-0.3250091
0.004992175,0.9455862,-0.0145243,-0.3250091
0.004992175,0.9455862,-0.0145243,-0.3250091
0.004992175,0.9455862,-0.0145243,-0.3250091
0.004992175,0.9455862,-0.0145243,-0.3250091
0.004992175,0.9455862,-0.0145243,-0.3250091
0.004992175,0.9455862,-0.0145243,-0.3250091
0.004992175,0.9455862,-0.0145243,-0.3250091
0.004992175,0.9455862,-0.0145243,-0.3250091
0.004992175,0.9455862,-0.0145243,-0.3250091
0.004992175,0.9455862,-0.0145243,-0.3250091
0.004992175,0.9455862,-0.0145243,-0.3250091
0.004992175,0.9455862,-0.0145243,-0.3250091
0.004992175,0.9455862,-0.0145243,-0.3250091
0.004992175,0.9455862,-0.0145243,-0.3250091
0.004992175,0.9455862,-0.0145243,-0.3250091
0.004992175,0.9455862,-0.0145243,-0.3250091
0.004992175,0.9455862,-0.0145243,-0.3250091
0.004992175,0.9455862,-0.0145243,-0.3250091
0.004992175,0.9455862,-0.0145243,-0.3250091
0.004993188,0.9455636,-0.01452395,-0.325075
0.004995223,0.945518,-0.01452325,-0.3252075
0.004998519,0.9454441,-0.01452212,-0.325422
0.005002819,0.9453478,-0.01452064,-0.325702
0.005008153,0.945228,-0.0145188,-0.3260493
0.005021858,0.9449198,-0.01451407,-0.3269415
0.00503022,0.9447312,-0.01451117,-0.3274859
0.005039853,0.9445136,-0.01450783,-0.328113
0.005050499,0.9442726,-0.01450412,-0.3288062
0.005062155,0.944008,-0.01450006,-0.329565
0.005075073,0.943714,-0.01449554,-0.330406
0.005103938,0.943054,-0.01448541,-0.3322852
0.005119605,0.9426939,-0.01447988,-0.3333052
0.005136529,0.9423035,-0.01447388,-0.3344071
0.005154451,0.9418887,-0.01446751,-0.3355738
0.005193587,0.9409771,-0.0144535,-0.3381217
0.005214513,0.9404864,-0.01444597,-0.3394841
0.005236694,0.9399639,-0.01443794,-0.3409282
0.00525989,0.9394148,-0.01442951,-0.3424383
0.005284332,0.9388332,-0.01442057,-0.3440296
0.005309755,0.9382251,-0.01441123,-0.3456846
0.005363309,0.9369331,-0.01439139,-0.3491713
0.005391699,0.9362422,-0.01438077,-0.3510196
0.005421044,0.9355237,-0.01436974,-0.35293
0.005451376,0.9347764,-0.01435826,-0.3549047
0.005514975,0.9331938,-0.01433395,-0.3590452
0.005548233,0.9323578,-0.01432111,-0.3612105
0.005582458,0.9314916,-0.0143078,-0.3634386
0.005617888,0.9305883,-0.01429393,-0.3657453
0.005654558,0.9296465,-0.01427946,-0.3681327
0.005692182,0.9286728,-0.01426451,-0.3705821
0.00577001,0.9266348,-0.0142332,-0.375649
0.005810226,0.9255691,-0.01421683,-0.3782673
0.00585163,0.9244629,-0.01419984,-0.3809628
0.005894226,0.9233152,-0.01418221,-0.3837359
0.005982005,0.9209193,-0.01414541,-0.3894506
0.006027148,0.9196709,-0.01412624,-0.3923896
0.006073479,0.9183781,-0.01410638,-0.395406
0.006120711,0.917048,-0.01408595,-0.3984809
0.006168881,0.9156789,-0.01406492,-0.401617
0.006218203,0.9142638,-0.01404318,-0.404828
0.006319545,0.9113139,-0.01399787,-0.4114257
0.00637154,0.9097781,-0.01397428,-0.4148108
0.006424424,0.9082004,-0.01395005,-0.4182537
0.006478436,0.9065727,-0.01392505,-0.4217702
0.006533321,0.9049017,-0.01389938,-0.4253434
0.006645677,0.9014273,-0.01384602,-0.4326581
0.006703135,0.8996223,-0.01381829,-0.4363988
0.006761437,0.8977711,-0.01378986,-0.4401945
0.006820585,0.8958727,-0.0137607,-0.4440453
0.006880573,0.8939264,-0.0137308,-0.4479507
0.007003223,0.8898801,-0.01366865,-0.4559357
0.007065648,0.8877862,-0.01363649,-0.4599998
0.00712912,0.8856329,-0.01360341,-0.4641321
0.007193385,0.8834276,-0.01356954,-0.4683159
0.007258661,0.8811616,-0.01353473,-0.4725657
0.007391327,0.8764748,-0.01346274,-0.4812027
0.007458902,0.874045,-0.01342542,-0.4856021
0.007498506,0.8726076,-0.01340334,-0.4881805
0.00750975,0.8721977,-0.01339704,-0.4889125
0.00750975,0.8721977,-0.01339704,-0.4889125
0.00750975,0.8721977,-0.01339704,-0.4889125
0.00750975,0.8721977,-0.01339704,-0.4889125
0.007508809,0.872232,-0.01339757,-0.4888512
0.007506942,0.8723001,-0.01339862,-0.4887297
0.007500398,0.8725387,-0.01340228,-0.4883036
0.007495478,0.8727179,-0.01340503,-0.4879833
0.007489624,0.8729308,-0.0134083,-0.4876022
0.007482834,0.8731776,-0.0134121,-0.4871602
0.007475108,0.8734581,-0.0134164,-0.4866572
0.007466436,0.8737724,-0.01342123,-0.4860926
0.007445803,0.8745183,-0.01343269,-0.4847493
0.007434074,0.8749412,-0.01343918,-0.4839858
0.007421392,0.8753973,-0.01344619,-0.4831601
0.007407526,0.875895,-0.01345384,-0.4822574
0.007392716,0.8764251,-0.01346198,-0.4812932
0.00736049,0.877574,-0.01347963,-0.4791951
0.00734258,0.8782097,-0.01348939,-0.4780291
0.007323972,0.878868,-0.0134995,-0.4768177
0.007304419,0.8795575,-0.01351009,-0.4755447
0.007283906,0.8802782,-0.01352116,-0.4742093
0.007239501,0.8818294,-0.01354499,-0.4713183
0.007215842,0.882651,-0.01355761,-0.4697781
0.007191219,0.8835023,-0.01357069,-0.468175
0.007165615,0.8843836,-0.01358422,-0.4665081
0.007139044,0.885294,-0.01359821,-0.4647782
0.007082474,0.8872178,-0.01362776,-0.4610953
0.00705271,0.888222,-0.01364318,-0.4591576
0.00702173,0.8892618,-0.01365915,-0.4571407
0.006989759,0.8903286,-0.01367554,-0.4550592
0.006956776,0.891423,-0.01369235,-0.4529119
0.006887827,0.8936895,-0.01372716,-0.4484231
0.006851854,0.8948607,-0.01374515,-0.4460811
0.006814889,0.8960564,-0.01376352,-0.4436746
0.00677691,0.8972765,-0.01378226,-0.441202
0.0066979,0.8997875,-0.01382083,-0.4360582
0.006656626,0.9010847,-0.01384075,-0.4333711
0.006614318,0.9024043,-0.01386102,-0.4306166
0.006570978,0.9037454,-0.01388162,-0.4277951
0.006526605,0.9051071,-0.01390254,-0.4249062
0.006434736,0.9078909,-0.0139453,-0.4189252
0.006387246,0.9093112,-0.01396711,-0.4158334
0.006338193,0.9107649,-0.01398944,-0.4126399
0.006288076,0.912236,-0.01401204,-0.4093771
0.006236902,0.9137238,-0.01403489,-0.4060455
0.00618492,0.9152203,-0.01405788,-0.4026612
0.006077518,0.9182648,-0.01410464,-0.395669
0.006022089,0.9198114,-0.0141284,-0.3920603
0.005965299,0.9213786,-0.01415247,-0.388363
0.005907693,0.9229502,-0.01417661,-0.3846127
0.005788956,0.9261338,-0.01422551,-0.3768825
0.005727833,0.9277432,-0.01425023,-0.3729031
0.005665323,0.9293686,-0.0142752,-0.3688335
0.005601989,0.9309945,-0.01430017,-0.3647102
0.00553727,0.9326341,-0.01432535,-0.3604968
0.005404789,0.9359223,-0.01437586,-0.3518718
0.005404789,0.9359223,-0.01437586,-0.3518718
0.005267029,0.9392453,-0.0144269,-0.342903
0.005196448,0.9409102,-0.01445248,-0.338308
0.005125011,0.9425694,-0.01447796,-0.3336572
0.004978435,0.9458932,-0.01452902,-0.3241146
0.004978435,0.9458932,-0.01452902,-0.3241146
0.004826757,0.9492195,-0.01458011,-0.3142397
0.004749327,0.9508734,-0.01460551,-0.3091988
0.00467075,0.9525217,-0.01463083,-0.3040832
0.004591013,0.9541634,-0.01465605,-0.298892
0.004427542,0.9574323,-0.01470626,-0.2882493
0.004344051,0.9590519,-0.01473114,-0.2828138
0.004259391,0.96066,-0.01475584,-0.2773021
0.00417356,0.9622555,-0.01478034,-0.2717142
0.004086293,0.9638417,-0.01480471,-0.2660328
0.003940363,0.9664137,-0.01484421,-0.2565323
0.003913925,0.9668689,-0.0148512,-0.254811
0.003913925,0.9668689,-0.0148512,-0.254811
0.003913925,0.9668689,-0.0148512,-0.254811
0.003913925,0.9668689,-0.0148512,-0.254811
0.003913925,0.9668689,-0.0148512,-0.254811
0.003913925,0.9668689,-0.0148512,-0.254811
0.003913925,0.9668689,-0.0148512,-0.254811
0.003913925,0.9668689,-0.0148512,-0.254811
0.003913925,0.9668689,-0.0148512,-0.254811
0.003913925,0.9668689,-0.0148512,-0.254811
0.003913925,0.9668689,-0.0148512,-0.254811
0.003913925,0.9668689,-0.0148512,-0.254811
0.003913925,0.9668689,-0.0148512,-0.254811
0.003913925,0.9668689,-0.0148512,-0.254811
0.003913925,0.9668689,-0.0148512,-0.254811
0.003913925,0.9668689,-0.0148512,-0.254811
0.003913925,0.9668689,-0.0148512,-0.254811
0.003913925,0.9668689,-0.0148512,-0.254811
0.003913925,0.9668689,-0.0148512,-0.254811
0.003913925,0.9668689,-0.0148512,-0.254811
0.003913925,0.9668689,-0.0148512,-0.254811
0.003913925,0.9668689,-0.0148512,-0.254811
0.003913925,0.9668689,-0.0148512,-0.254811
0.003913925,0.9668689,-0.0148512,-0.254811
0.003913925,0.9668689,-0.0148512,-0.254811
0.003913925,0.9668689,-0.0148512,-0.254811
0.003913925,0.9668689,-0.0148512,-0.254811
0.003912885,0.9668868,-0.01485148,-0.2547434
0.003910558,0.9669266,-0.01485209,-0.2545919
0.00390278,0.9670598,-0.01485413,-0.2540855
0.003897326,0.967153,-0.01485557,-0.2537304
0.003890574,0.9672683,-0.01485734,-0.2532908
0.003882801,0.9674007,-0.01485937,-0.2527848
0.003873969,0.9675506,-0.01486167,-0.2522098
0.003853204,0.9679021,-0.01486707,-0.2508579
0.003841274,0.9681031,-0.01487016,-0.2500812
0.003828012,0.9683257,-0.01487358,-0.2492178
0.003813999,0.9685601,-0.01487718,-0.2483055
0.003798657,0.9688156,-0.0148811,-0.2473067
0.003764867,0.9693744,-0.01488969,-0.2451068
0.003746413,0.9696774,-0.01489434,-0.2439054
0.003726912,0.9699959,-0.01489923,-0.2426358
0.003706368,0.9703295,-0.01490436,-0.2412983
0.003684518,0.970682,-0.01490977,-0.2398758
0.003637654,0.971431,-0.01492128,-0.2368248
0.00361238,0.9718307,-0.01492742,-0.2351794
0.003586056,0.9722438,-0.01493376,-0.2334656
0.003558672,0.9726702,-0.01494031,-0.2316827
0.00353023,0.9731094,-0.01494706,-0.2298311
0.003500726,0.973561,-0.014954,-0.2279103
0.003438072,0.974507,-0.01496852,-0.2238313
0.003405418,0.9749927,-0.01497599,-0.2217053
0.003371704,0.9754893,-0.01498361,-0.2195104
0.003336665,0.9759998,-0.01499145,-0.2172292
0.003263368,0.9770496,-0.01500758,-0.2124574
0.003225118,0.9775879,-0.01501585,-0.2099672
0.003185797,0.9781342,-0.01502424,-0.2074072
0.003145152,0.9786916,-0.0150328,-0.204761
0.003103138,0.9792598,-0.01504153,-0.2020258
0.003016182,0.9804107,-0.01505921,-0.1963646
0.002971232,0.9809923,-0.01506814,-0.1934382
0.002924935,0.9815818,-0.01507719,-0.1904241
0.00287782,0.9821719,-0.01508626,-0.1873567
0.002829356,0.9827685,-0.01509542,-0.1842016
0.002729185,0.9839685,-0.01511385,-0.17768
0.002677481,0.9845704,-0.0151231,-0.1743139
0.002624412,0.9851758,-0.0151324,-0.1708589
0.002570528,0.9857777,-0.01514164,-0.1673509
0.002515289,0.9863815,-0.01515092,-0.1637546
0.002401525,0.9875826,-0.01516937,-0.1563481
0.002343,0.9881783,-0.01517852,-0.152538
0.002283371,0.9887698,-0.0151876,-0.1486559
0.002222384,0.9893585,-0.01519665,-0.1446854
0.002160301,0.9899412,-0.0152056,-0.1406436
0.002032855,0.9910846,-0.01522316,-0.1323463
0.001967474,0.9916437,-0.01523175,-0.1280898
0.00190074,0.9921952,-0.01524022,-0.1237451
0.001832883,0.9927362,-0.01524853,-0.1193274
0.001796446,0.9930184,-0.01525286,-0.1169552
0.001796446,0.9930184,-0.01525286,-0.1169552
0.001796446,0.9930184,-0.01525286,-0.1169552
0.001796446,0.9930184,-0.01525286,-0.1169552
0.001796446,0.9930184,-0.01525286,-0.1169552
0.001796446,0.9930184,-0.01525286,-0.1169552
0.001796446,0.9930184,-0.01525286,-0.1169552
0.001796446,0.9930184,-0.01525286,-0.1169552
0.001796446,0.9930184,-0.01525286,-0.1169552
0.001796446,0.9930184,-0.01525286,-0.1169552
0.001796446,0.9930184,-0.01525286,-0.1169552
0.001796446,0.9930184,-0.01525286,-0.1169552
0.001796446,0.9930184,-0.01525286,-0.1169552
0.001796446,0.9930184,-0.01525286,-0.1169552
0.001796446,0.9930184,-0.01525286,-0.1169552
0.001796446,0.9930184,-0.01525286,-0.1169552
0.001796446,0.9930184,-0.01525286,-0.1169552
0.001796446,0.9930184,-0.01525286,-0.1169552
0.001796446,0.9930184,-0.01525286,-0.1169552
0.001796446,0.9930184,-0.01525286,-0.1169552
0.001796446,0.9930184,-0.01525286,-0.1169552
0.001796446,0.9930184,-0.01525286,-0.1169552
0.001796446,0.9930184,-0.01525286,-0.1169552
0.001796446,0.9930184,-0.01525286,-0.1169552
0.001796446,0.9930184,-0.01525286,-0.1169552
0.001796446,0.9930184,-0.01525286,-0.1169552
0.001796446,0.9930184,-0.01525286,-0.1169552
0.001796446,0.9930184,-0.01525286,-0.1169552
0.001796446,0.9930184,-0.01525286,-0.1169552
0.001796446,0.9930184,-0.01525286,-0.1169552
0.001796446,0.9930184,-0.01525286,-0.1169552
0.001796446,0.9930184,-0.01525286,-0.1169552
0.001796446,0.9930184,-0.01525286,-0.1169552
0.001796446,0.9930184,-0.01525286,-0.1169552
0.001796446,0.9930184,-0.01525286,-0.1169552
0.001796446,0.9930184,-0.01525286,-0.1169552
0.001796446,0.9930184,-0.01525286,-0.1169552
0.001796446,0.9930184,-0.01525286,-0.1169552
0.001796446,0.9930184,-0.01525286,-0.1169552
0.001796446,0.9930184,-0.01525286,-0.1169552
0.001796446,0.9930184,-0.01525286,-0.1169552
0.001796446,0.9930184,-0.01525286,-0.1169552
0.001796446,0.9930184,-0.01525286,-0.1169552
0.001796446,0.9930184,-0.01525286,-0.1169552
0.001796446,0.9930184,-0.01525286,-0.1169552
0.001796446,0.9930184,-0.01525286,-0.1169552
0.001796446,0.9930184,-0.01525286,-0.1169552
0.001796446,0.9930184,-0.01525286,-0.1169552
0.001796446,0.9930184,-0.01525286,-0.1169552
0.001796446,0.9930184,-0.01525286,-0.1169552
0.001796446,0.9930184,-0.01525286,-0.1169552
0.001796446,0.9930184,-0.01525286,-0.1169552
0.001796446,0.9930184,-0.01525286,-0.1169552
0.001796446,0.9930184,-0.01525286,-0.1169552
0.001796446,0.9930184,-0.01525286,-0.1169552
0.001796446,0.9930184,-0.01525286,-0.1169552
0.001796446,0.9930184,-0.01525286,-0.1169552
0.001796446,0.9930184,-0.01525286,-0.1169552
0.001796446,0.9930184,-0.01525286,-0.1169552
0.001796446,0.9930184,-0.01525286,-0.1169552
0.001796446,0.9930184,-0.01525286,-0.1169552
0.001796446,0.9930184,-0.01525286,-0.1169552
0.001796446,0.9930184,-0.01525286,-0.1169552
0.001796446,0.9930184,-0.01525286,-0.1169552
0.001796446,0.9930184,-0.01525286,-0.1169552
0.001796446,0.9930184,-0.01525286,-0.1169552
0.001796446,0.9930184,-0.01525286,-0.1169552
0.001796446,0.9930184,-0.01525286,-0.1169552
0.001796446,0.9930184,-0.01525286,-0.1169552
0.001796446,0.9930184,-0.01525286,-0.1169552
0.001796446,0.9930184,-0.01525286,-0.1169552
0.001796446,0.9930184,-0.01525286,-0.1169552
0.001796446,0.9930184,-0.01525286,-0.1169552
0.001796446,0.9930184,-0.01525286,-0.1169552
0.001796446,0.9930184,-0.01525286,-0.1169552
0.001796446,0.9930184,-0.01525286,-0.1169552
0.001796446,0.9930184,-0.01525286,-0.1169552
0.001796446,0.9930184,-0.01525286,-0.1169552
0.001796446,0.9930184,-0.01525286,-0.1169552
0.001796446,0.9930184,-0.01525286,-0.1169552
0.001796446,0.9930184,-0.01525286,-0.1169552
0.001796446,0.9930184,-0.01525286,-0.1169552
0.001796446,0.9930184,-0.01525286,-0.1169552
0.001796446,0.9930184,-0.01525286,-0.1169552
0.001796446,0.9930184,-0.01525286,-0.1169552
0.001796446,0.9930184,-0.01525286,-0.1169552
0.001796446,0.9930184,-0.01525286,-0.1169552
0.001796446,0.9930184,-0.01525286,-0.1169552
0.001796446,0.9930184,-0.01525286,-0.1169552
0.001796446,0.9930184,-0.01525286,-0.1169552
0.001796446,0.9930184,-0.01525286,-0.1169552
0.001796446,0.9930184,-0.01525286,-0.1169552
0.001796446,0.9930184,-0.01525286,-0.1169552
0.001796446,0.9930184,-0.01525286,-0.1169552
0.001796446,0.9930184,-0.01525286,-0.1169552
0.001796446,0.9930184,-0.01525286,-0.1169552
0.001796446,0.9930184,-0.01525286,-0.1169552
0.001796446,0.9930184,-0.01525286,-0.1169552
0.001796446,0.9930184,-0.01525286,-0.1169552
0.001797508,0.9930103,-0.01525274,-0.1170244
0.001799637,0.992994,-0.01525249,-0.117163
0.001802832,0.9929694,-0.01525211,-0.117371
0.001807093,0.9929366,-0.01525161,-0.1176484
0.001819308,0.992842,-0.01525015,-0.1184436
0.001827008,0.9927821,-0.01524923,-0.1189449
0.001835792,0.9927134,-0.01524818,-0.1195168
0.001855968,0.9925544,-0.01524574,-0.1208303
0.001867916,0.9924594,-0.01524428,-0.1216081
0.00188093,0.9923552,-0.01524268,-0.1224554
0.001895003,0.9922417,-0.01524093,-0.1233717
0.001910433,0.9921163,-0.01523901,-0.1243762
0.001944175,0.9918384,-0.01523474,-0.1265729
0.00196277,0.9916832,-0.01523235,-0.1277836
0.001982424,0.9915175,-0.01522981,-0.1290631
0.002003138,0.991341,-0.0152271,-0.1304116
0.002024895,0.9911537,-0.01522422,-0.1318281
0.002047718,0.9909549,-0.01522117,-0.133314
0.002097074,0.9905173,-0.01521445,-0.1365272
0.00212334,0.9902801,-0.0152108,-0.1382373
0.002150667,0.9900301,-0.01520696,-0.1400163
0.002179045,0.9897671,-0.01520292,-0.1418638
0.002208742,0.989488,-0.01519864,-0.1437972
0.002271292,0.9888877,-0.01518941,-0.1478695
0.002304421,0.9885628,-0.01518442,-0.1500262
0.002338595,0.9882225,-0.0151792,-0.1522511
0.002373806,0.9878666,-0.01517373,-0.1545434
0.002410071,0.9874944,-0.01516801,-0.1569045
0.002485702,0.9866995,-0.0151558,-0.1618283
0.002525344,0.9862728,-0.01514925,-0.1644092
0.002566054,0.9858273,-0.0151424,-0.1670595
0.002607511,0.985366,-0.01513532,-0.1697586
0.002650006,0.9848854,-0.01512794,-0.1725251
0.002738626,0.9838573,-0.01511214,-0.1782946
0.002784488,0.9833116,-0.01510376,-0.1812804
0.002831647,0.9827406,-0.01509499,-0.1843506
0.002879812,0.9821472,-0.01508588,-0.1874863
0.002929024,0.9815302,-0.0150764,-0.1906902
0.002979231,0.9808895,-0.01506656,-0.1939589
0.003083267,0.9795258,-0.01504561,-0.200732
0.003136812,0.978805,-0.01503454,-0.204218
0.00319134,0.9780576,-0.01502306,-0.2077679
0.0033029,0.9764865,-0.01499893,-0.2150309
0.0033029,0.9764865,-0.01499893,-0.2150309
0.003419554,0.9747831,-0.01497276,-0.2226256
0.003479083,0.9738899,-0.01495904,-0.2265011
0.003539599,0.9729652,-0.01494484,-0.230441
0.003601358,0.972004,-0.01493008,-0.2344617
0.003727827,0.969981,-0.014899,-0.2426953
0.003792521,0.9689175,-0.01488267,-0.2469071
0.003858185,0.967818,-0.01486578,-0.2511821
0.003924802,0.966682,-0.01484833,-0.2555191
0.003992636,0.9655039,-0.01483023,-0.2599354
0.00413114,0.963031,-0.01479225,-0.2689525
0.004201804,0.9617344,-0.01477233,-0.273553
0.0042734,0.9603963,-0.01475178,-0.2782141
0.004345926,0.9590159,-0.01473058,-0.2829358
0.00441938,0.9575921,-0.01470871,-0.287718
0.004569813,0.9545947,-0.01466267,-0.2975117
0.004646247,0.9530296,-0.01463863,-0.3024879
0.004723579,0.951417,-0.01461386,-0.3075225
0.004802044,0.9497505,-0.01458826,-0.3126309
0.004881385,0.9480346,-0.01456191,-0.3177963
0.005042668,0.94445,-0.01450684,-0.3282964
0.005124603,0.9425788,-0.0144781,-0.3336307
0.005207383,0.9406539,-0.01444854,-0.3390199
0.005291254,0.938668,-0.01441803,-0.3444802
0.005375946,0.9366261,-0.01438667,-0.349994
0.00546146,0.9345268,-0.01435442,-0.3555613
0.005635374,0.93014,-0.01428704,-0.3668838
0.005723257,0.9278629,-0.01425206,-0.3726053
0.005812193,0.9255167,-0.01421603,-0.3783953
0.005901888,0.9231077,-0.01417903,-0.3842348
0.006083492,0.9180971,-0.01410206,-0.3960579
0.006175383,0.9154932,-0.01406207,-0.4020404
0.006268248,0.9128143,-0.01402092,-0.4080862
0.006361804,0.9100668,-0.01397872,-0.4141771
0.006456051,0.9072493,-0.01393544,-0.4203129
0.006646577,0.9013991,-0.01384558,-0.4327168
0.006742819,0.8983644,-0.01379897,-0.4389825
0.006839925,0.8952475,-0.01375109,-0.4453045
0.006937649,0.8920545,-0.01370205,-0.4516667
0.007035965,0.8887848,-0.01365182,-0.4580674
0.007134864,0.8854368,-0.0136004,-0.4645061
0.007334628,0.8784913,-0.01349371,-0.4775115
0.007435193,0.8749008,-0.01343856,-0.4840586
0.007536277,0.8712273,-0.01338214,-0.4906395
0.007638088,0.8674611,-0.01332429,-0.4972678
0.007843412,0.8596603,-0.01320447,-0.5106353
0.007946619,0.8556335,-0.01314262,-0.5173544
0.008050505,0.8515074,-0.01307924,-0.5241178
0.008154541,0.8473009,-0.01301463,-0.5308909
0.008259193,0.8429937,-0.01294847,-0.5377041
0.008469779,0.8340902,-0.01281171,-0.5514141
0.008575445,0.8295015,-0.01274122,-0.5582933
0.008681416,0.8248162,-0.01266926,-0.5651925
0.008787663,0.8200334,-0.01259579,-0.5721095
0.008894381,0.8151422,-0.01252067,-0.5790573
0.009108467,0.8050596,-0.01236579,-0.592995
0.009215791,0.799866,-0.01228602,-0.5999822
0.009323508,0.7945573,-0.01220448,-0.606995
0.009431112,0.7891564,-0.01212152,-0.6140004
0.009539047,0.7836383,-0.01203676,-0.6210274
0.009755066,0.7722846,-0.01186237,-0.635091
0.009863121,0.7664454,-0.01177268,-0.6421258
0.00997137,0.7604855,-0.01168113,-0.6491733
0.01007958,0.7544147,-0.01158788,-0.6562183
0.01018772,0.7482328,-0.01149293,-0.6632585
0.01029576,0.7419385,-0.01139625,-0.6702921
0.01051182,0.7289836,-0.01119726,-0.6843588
0.01061959,0.722333,-0.0110951,-0.6913748
0.01072713,0.715566,-0.01099116,-0.6983762
0.01083461,0.7086694,-0.01088523,-0.7053736
0.01104825,0.6945482,-0.01066833,-0.7192822
0.01115474,0.6872959,-0.01055693,-0.7262152
0.01126083,0.6799238,-0.01044369,-0.7331219
0.0113665,0.6724297,-0.01032858,-0.7400017
0.01147172,0.6648131,-0.01021159,-0.7468519
0.01168059,0.6492149,-0.009972003,-0.7604499
0.01178419,0.6412306,-0.009849364,-0.7671944
0.01188734,0.6331093,-0.00972462,-0.77391
0.01198985,0.6248628,-0.009597952,-0.7805836
0.01209166,0.6164914,-0.009469367,-0.7872119
0.01229306,0.599371,-0.009206397,-0.800324
0.01239274,0.5906065,-0.009071773,-0.8068135
0.01249157,0.5817153,-0.008935204,-0.8132474
0.0125895,0.572697,-0.008796682,-0.8196233
0.01266782,0.5653297,-0.008683518,-0.8247221
0.01276785,0.5557094,-0.008535748,-0.8312348
0.01279061,0.5534869,-0.00850161,-0.8327162
0.01279097,0.5534518,-0.008501071,-0.8327397
0.01279097,0.5534518,-0.008501071,-0.8327397
0.01279097,0.5534518,-0.008501071,-0.8327397
0.01279097,0.5534518,-0.008501071,-0.8327397
0.01279097,0.5534518,-0.008501071,-0.8327397
0.01279097,0.5534518,-0.008501071,-0.8327397
0.01279097,0.5534518,-0.008501071,-0.8327397
0.01279097,0.5534518,-0.008501071,-0.8327397
0.01279097,0.5534518,-0.008501071,-0.8327397
0.01279097,0.5534518,-0.008501071,-0.8327397
0.01279097,0.5534518,-0.008501071,-0.8327397
0.01279097,0.5534518,-0.008501071,-0.8327397
0.01279097,0.5534518,-0.008501071,-0.8327397
0.01279097,0.5534518,-0.008501071,-0.8327397
0.01279097,0.5534518,-0.008501071,-0.8327397
0.01279097,0.5534518,-0.008501071,-0.8327397
0.01279097,0.5534518,-0.008501071,-0.8327397
0.01279097,0.5534518,-0.008501071,-0.8327397
0.01279097,0.5534518,-0.008501071,-0.8327397
0.01279097,0.5534518,-0.008501071,-0.8327397
0.01279097,0.5534518,-0.008501071,-0.8327397
0.01279097,0.5534518,-0.008501071,-0.8327397
0.01279097,0.5534518,-0.008501071,-0.8327397
0.01279097,0.5534518,-0.008501071,-0.8327397
0.01279021,0.5535263,-0.008502215,-0.8326901
0.01278887,0.5536574,-0.00850423,-0.8326029
0.01278677,0.553863,-0.008507388,-0.8324661
0.01278424,0.5541101,-0.008511183,-0.8323017
0.01277739,0.5547793,-0.008521463,-0.8318558
0.01277292,0.5552154,-0.008528162,-0.8315648
0.01276785,0.5557095,-0.00853575,-0.8312348
0.01276218,0.5562615,-0.008544229,-0.8308654
0.01275591,0.5568709,-0.00855359,-0.8304571
0.01274154,0.5582634,-0.008574978,-0.8295217
0.01273329,0.5590603,-0.008587219,-0.8289848
0.01272444,0.5599143,-0.008600336,-0.8284082
0.01271497,0.5608256,-0.008614334,-0.8277916
0.01270487,0.5617941,-0.00862921,-0.8271346
0.01269401,0.5628338,-0.008645181,-0.8264273
0.01267041,0.5650837,-0.008679738,-0.8248907
0.01265766,0.5662931,-0.008698315,-0.8240609
0.01264428,0.5675589,-0.008717759,-0.8231896
0.01263025,0.5688808,-0.008738062,-0.8222766
0.01261558,0.5702589,-0.00875923,-0.8213214
0.012584,0.5732095,-0.008804551,-0.8192649
0.01256721,0.5747683,-0.008828496,-0.8181721
0.01254961,0.5763963,-0.008853502,-0.817026
0.01253133,0.578079,-0.00887935,-0.8158363
0.01251238,0.579816,-0.00890603,-0.8146027
0.01247244,0.5834521,-0.00896188,-0.8120024
0.01245143,0.5853512,-0.00899105,-0.8106344
0.01242973,0.5873024,-0.00902102,-0.8092219
0.01240717,0.5893213,-0.00905203,-0.8077529
0.01238389,0.5913922,-0.00908384,-0.8062378
0.01233517,0.5956926,-0.009149895,-0.8030657
0.01230973,0.5979191,-0.009184094,-0.8014094
0.01228355,0.6001968,-0.00921908,-0.7997049
0.01225662,0.602526,-0.009254856,-0.7979515
0.01222893,0.6049055,-0.009291406,-0.7961491
0.01220032,0.6073495,-0.009328945,-0.7942864
0.01214062,0.612399,-0.009406507,-0.7903996
0.01210969,0.6149895,-0.009446297,-0.7883857
0.01207796,0.6176281,-0.009486825,-0.7863204
0.0120121,0.6230484,-0.009570083,-0.7820325
0.01197778,0.6258426,-0.009613002,-0.7797981
0.01196905,0.62655,-0.009623867,-0.7792299
0.01196905,0.62655,-0.009623867,-0.7792299
0.01196905,0.62655,-0.009623867,-0.7792299
0.01196905,0.62655,-0.009623867,-0.7792299
0.01196905,0.62655,-0.009623867,-0.7792299
0.01196905,0.62655,-0.009623867,-0.7792299
0.01196905,0.62655,-0.009623867,-0.7792299
0.01196905,0.62655,-0.009623867,-0.7792299
0.01196905,0.62655,-0.009623867,-0.7792299
0.01196905,0.62655,-0.009623867,-0.7792299
0.01196905,0.62655,-0.009623867,-0.7792299
0.01196905,0.62655,-0.009623867,-0.7792299
0.01196905,0.62655,-0.009623867,-0.7792299
0.01196905,0.62655,-0.009623867,-0.7792299
0.01196905,0.62655,-0.009623867,-0.7792299
0.01196905,0.62655,-0.009623867,-0.7792299
0.01196905,0.62655,-0.009623867,-0.7792299
0.01196905,0.62655,-0.009623867,-0.7792299
0.01196905,0.62655,-0.009623867,-0.7792299
0.01196905,0.62655,-0.009623867,-0.7792299
0.01196838,0.6266046,-0.009624706,-0.7791861
0.01196703,0.6267136,-0.009626379,-0.7790985
0.01196501,0.6268768,-0.009628887,-0.7789671
0.01196233,0.627094,-0.009632222,-0.7787921
0.0119588,0.6273791,-0.009636602,-0.7785625
0.01194953,0.6281275,-0.009648098,-0.7779589
0.01194396,0.628576,-0.009654986,-0.7775966
0.01193755,0.629092,-0.009662912,-0.7771791
0.01193046,0.6296622,-0.009671669,-0.7767172
0.01191422,0.6309645,-0.009691673,-0.7756597
0.01190508,0.6316946,-0.009702888,-0.7750652
0.01189509,0.6324919,-0.009715135,-0.7744147
0.01188439,0.6333441,-0.009728225,-0.7737179
0.01187318,0.6342348,-0.009741906,-0.772988
0.01184832,0.6362024,-0.009772129,-0.7713695
0.01183466,0.6372784,-0.009788658,-0.7704806
0.01182029,0.6384084,-0.009806014,-0.7695445
0.01180539,0.6395759,-0.009823946,-0.7685745
0.01177327,0.64208,-0.009862409,-0.7664838
0.01177327,0.64208,-0.009862409,-0.7664838
0.01173771,0.644834,-0.009904712,-0.7641684
0.01171902,0.646273,-0.009926813,-0.7629519
0.01169941,0.6477774,-0.009949922,-0.7616749
0.01167924,0.6493176,-0.009973579,-0.7603622
0.01163632,0.652576,-0.01002363,-0.7575676
0.01161373,0.6542796,-0.0100498,-0.7560967
0.01159038,0.6560322,-0.01007672,-0.7545766
0.01156626,0.6578342,-0.0101044,-0.7530062
0.01154136,0.6596848,-0.01013282,-0.7513856
0.0115155,0.6615976,-0.0101622,-0.7497018
0.01146104,0.6655936,-0.01022358,-0.7461563
0.01143281,0.6676484,-0.01025514,-0.7443183
0.01140377,0.6697499,-0.01028742,-0.7424279
0.01137374,0.6719109,-0.01032062,-0.7404727
0.01131121,0.6763702,-0.01038911,-0.7364017
0.01127869,0.6786681,-0.01042441,-0.7342845
0.01124514,0.6810237,-0.01046059,-0.7321004
0.01121075,0.6834229,-0.01049744,-0.7298611
0.0111755,0.6858649,-0.01053495,-0.7275668
0.01110242,0.6908777,-0.01061195,-0.7228086
0.01106457,0.6934465,-0.0106514,-0.7203445
0.01102562,0.6960706,-0.01069171,-0.7178091
0.01094547,0.7014121,-0.01077376,-0.7125905
0.01094547,0.7014121,-0.01077376,-0.7125905
0.01090384,0.7041549,-0.01081589,-0.7098802
0.01089109,0.7049907,-0.01082873,-0.7090503
0.01089109,0.7049907,-0.01082873,-0.7090503
0.01089109,0.7049907,-0.01082873,-0.7090503
0.01089109,0.7049907,-0.01082873,-0.7090503
0.01089109,0.7049907,-0.01082873,-0.7090503
0.01089109,0.7049907,-0.01082873,-0.7090503
0.01089109,0.7049907,-0.01082873,-0.7090503
0.01089109,0.7049907,-0.01082873,-0.7090503
0.01089109,0.7049907,-0.01082873,-0.7090503
0.01089109,0.7049907,-0.01082873,-0.7090503
0.01089109,0.7049907,-0.01082873,-0.7090503
0.01089109,0.7049907,-0.01082873,-0.7090503
0.01089109,0.7049907,-0.01082873,-0.7090503
0.01089109,0.7049907,-0.01082873,-0.7090503
0.01089109,0.7049907,-0.01082873,-0.7090503
0.01089109,0.7049907,-0.01082873,-0.7090503
0.01089109,0.7049907,-0.01082873,-0.7090503
0.01089109,0.7049907,-0.01082873,-0.7090503
0.01089109,0.7049907,-0.01082873,-0.7090503
0.01089109,0.7049907,-0.01082873,-0.7090503
0.01089109,0.7049907,-0.01082873,-0.7090503
0.01089109,0.7049907,-0.01082873,-0.7090503
0.01089109,0.7049907,-0.01082873,-0.7090503
0.01089109,0.7049907,-0.01082873,-0.7090503
0.01089109,0.7049907,-0.01082873,-0.7090503
0.01089109,0.7049907,-0.01082873,-0.7090503
0.01089109,0.7049907,-0.01082873,-0.7090503
0.01089109,0.7049907,-0.01082873,-0.7090503
0.01089109,0.7049907,-0.01082873,-0.7090503
0.01089109,0.7049907,-0.01082873,-0.7090503
0.01089109,0.7049907,-0.01082873,-0.7090503
0.01089109,0.7049907,-0.01082873,-0.7090503
0.01089109,0.7049907,-0.01082873,-0.7090503
0.01089109,0.7049907,-0.01082873,-0.7090503
0.01089109,0.7049907,-0.01082873,-0.7090503
0.01089109,0.7049907,-0.01082873,-0.7090503
0.01089109,0.7049907,-0.01082873,-0.7090503
0.01089109,0.7049907,-0.01082873,-0.7090503
0.01089109,0.7049907,-0.01082873,-0.7090503
0.01089109,0.7049907,-0.01082873,-0.7090503
0.01089109,0.7049907,-0.01082873,-0.7090503
0.01089109,0.7049907,-0.01082873,-0.7090503
0.01089109,0.7049907,-0.01082873,-0.7090503
0.01089109,0.7049907,-0.01082873,-0.7090503
0.01089109,0.7049907,-0.01082873,-0.7090503
0.01089109,0.7049907,-0.01082873,-0.7090503
0.01089109,0.7049907,-0.01082873,-0.7090503
0.01089109,0.7049907,-0.01082873,-0.7090503
0.01089109,0.7049907,-0.01082873,-0.7090503
0.01089109,0.7049907,-0.01082873,-0.7090503
0.01089109,0.7049907,-0.01082873,-0.7090503
0.01089109,0.7049907,-0.01082873,-0.7090503
0.01089109,0.7049907,-0.01082873,-0.7090503
0.01089109,0.7049907,-0.01082873,-0.7090503
0.01089109,0.7049907,-0.01082873,-0.7090503
0.01089109,0.7049907,-0.01082873,-0.7090503
0.01089109,0.7049907,-0.01082873,-0.7090503
0.01089109,0.7049907,-0.01082873,-0.7090503
0.01089109,0.7049907,-0.01082873,-0.7090503
0.01089109,0.7049907,-0.01082873,-0.7090503
0.01089109,0.7049907,-0.01082873,-0.7090503
0.01089109,0.7049907,-0.01082873,-0.7090503
0.01089109,0.7049907,-0.01082873,-0.7090503
0.01089109,0.7049907,-0.01082873,-0.7090503
0.01089109,0.7049907,-0.01082873,-0.7090503
0.01089109,0.7049907,-0.01082873,-0.7090503
0.01089109,0.7049907,-0.01082873,-0.7090503
0.01089109,0.7049907,-0.01082873,-0.7090503
0.01089109,0.7049907,-0.01082873,-0.7090503
0.01089109,0.7049907,-0.01082873,-0.7090503
0.01089109,0.7049907,-0.01082873,-0.7090503
0.01089109,0.7049907,-0.01082873,-0.7090503
0.01089109,0.7049907,-0.01082873,-0.7090503
0.01089109,0.7049907,-0.01082873,-0.7090503
0.01089109,0.7049907,-0.01082873,-0.7090503
0.01089109,0.7049907,-0.01082873,-0.7090503
0.01089109,0.7049907,-0.01082873,-0.7090503
0.01089109,0.7049907,-0.01082873,-0.7090503
0.01089109,0.7049907,-0.01082873,-0.7090503
0.01089109,0.7049907,-0.01082873,-0.7090503
0.01089109,0.7049907,-0.01082873,-0.7090503
0.01089109,0.7049907,-0.01082873,-0.7090503
0.01089109,0.7049907,-0.01082873,-0.7090503
0.01089109,0.7049907,-0.01082873,-0.7090503
0.01089109,0.7049907,-0.01082873,-0.7090503
0.01089109,0.7049907,-0.01082873,-0.7090503
0.01089109,0.7049907,-0.01082873,-0.7090503
0.01089109,0.7049907,-0.01082873,-0.7090503
0.01089109,0.7049907,-0.01082873,-0.7090503
0.01089109,0.7049907,-0.01082873,-0.7090503
0.01089109,0.7049907,-0.01082873,-0.7090503
0.01089109,0.7049907,-0.01082873,-0.7090503
0.01089182,0.7049429,-0.01082799,-0.7090979
0.01089518,0.7047226,-0.01082461,-0.7093167
0.01089799,0.7045382,-0.01082177,-0.7094999
0.01090175,0.7042916,-0.01081799,-0.7097446
0.01090647,0.703982,-0.01081323,-0.7100518
0.01091174,0.703636,-0.01080792,-0.7103947
0.01091796,0.7032268,-0.01080163,-0.7107997
0.01093224,0.7022856,-0.01078717,-0.7117296
0.01094051,0.7017401,-0.0107788,-0.7122675
0.0109497,0.701132,-0.01076945,-0.7128662
0.01095964,0.7004736,-0.01075934,-0.7135131
0.01098191,0.6989931,-0.0107366,-0.7149635
0.01099407,0.6981826,-0.01072415,-0.7157549
0.01100717,0.6973075,-0.01071071,-0.7166075
0.01102099,0.6963816,-0.01069649,-0.7175074
0.01103554,0.6954044,-0.01068148,-0.7184545
0.01105099,0.6943633,-0.01066549,-0.7194607
0.01108387,0.6921388,-0.01063132,-0.721601
0.01110147,0.6909425,-0.01061294,-0.7227467
0.01111977,0.689694,-0.01059377,-0.7239382
0.01113877,0.6883928,-0.01057378,-0.7251756
0.01117889,0.6856312,-0.01053136,-0.7277871
0.01119998,0.6841703,-0.01050892,-0.7291605
0.01122197,0.6826416,-0.01048544,-0.7305919
0.0112448,0.6810471,-0.01046095,-0.7320785
0.01126833,0.6793972,-0.01043561,-0.7336099
0.0112925,0.6776939,-0.01040944,-0.7351837
0.01134286,0.67412,-0.01035455,-0.7384622
0.01136882,0.6722634,-0.01032603,-0.7401527
0.01139564,0.6703361,-0.01029643,-0.7418987
0.01142328,0.6683396,-0.01026576,-0.7436978
0.01145134,0.6663008,-0.01023445,-0.7455249
0.01150956,0.6620358,-0.01016893,-0.7493149
0.01153948,0.6598241,-0.01013496,-0.7512631
0.0115702,0.6575397,-0.01009987,-0.7532634
0.01160151,0.6551979,-0.0100639,-0.7553012
0.01163359,0.6527823,-0.0100268,-0.7573898
0.01169929,0.6477864,-0.009950061,-0.7616673
0.01173307,0.6451916,-0.009910205,-0.7638665
0.0117674,0.642536,-0.009869415,-0.7661016
0.01180228,0.6398187,-0.009827676,-0.7683724
0.01183769,0.6370401,-0.009784997,-0.7706776
0.01191009,0.6312948,-0.009696748,-0.7753909
0.01194722,0.628314,-0.009650963,-0.7778082
0.01198484,0.6252695,-0.009604199,-0.7802578
0.01202295,0.6221607,-0.009556447,-0.7827389
0.01206153,0.6189874,-0.009507705,-0.7852508
0.01214024,0.6124315,-0.009407005,-0.7903746
0.01218033,0.6090476,-0.009355029,-0.7929849
0.01222085,0.6055971,-0.00930203,-0.7956232
0.01226179,0.6020796,-0.009248001,-0.7982883
0.01230313,0.5984946,-0.009192934,-0.8009796
0.01238713,0.5911052,-0.009079431,-0.8064483
0.01242976,0.5873,-0.009020982,-0.8092237
0.01247291,0.5834092,-0.00896122,-0.8120332
0.01251623,0.579464,-0.008900621,-0.8148532
0.01260398,0.5713452,-0.008775914,-0.8205662
0.01260398,0.5713452,-0.008775914,-0.8205662
0.01269305,0.5629261,-0.008646596,-0.8263646
0.01273798,0.5586069,-0.008580254,-0.8292903
0.01278316,0.5542155,-0.008512801,-0.8322315
0.01282858,0.5497498,-0.008444209,-0.8351882
0.01292033,0.5405657,-0.008303139,-0.8411616
0.01296649,0.5358605,-0.008230867,-0.8441668
0.01301282,0.5310791,-0.008157424,-0.847183
0.0130593,0.5262213,-0.008082808,-0.850209
0.01310604,0.5212721,-0.008006787,-0.8532524
0.01315291,0.5162448,-0.007929568,-0.8563033
0.01324688,0.5059585,-0.007771569,-0.8624212
0.01329396,0.5006968,-0.007690749,-0.8654866
0.01334108,0.4953558,-0.007608711,-0.8685544
0.01338823,0.4899354,-0.007525453,-0.8716235
0.01348274,0.4788234,-0.007354771,-0.8777769
0.01352995,0.4731456,-0.007267559,-0.8808504
0.01357723,0.4673708,-0.007178857,-0.883928
0.01362427,0.4615312,-0.007089161,-0.886991
0.01371804,0.4496044,-0.006905963,-0.8930959
0.01376484,0.4435013,-0.006812219,-0.8961422
0.01376484,0.4435013,-0.006812219,-0.8961422
0.01385802,0.4310263,-0.006620603,-0.9022087
0.01390436,0.4246539,-0.006522722,-0.9052255
0.01399603,0.4116915,-0.006323618,-0.9111939
0.01399603,0.4116915,-0.006323618,-0.9111939
0.01404168,0.405049,-0.006221587,-0.914166
0.0141319,0.3915243,-0.006013846,-0.9200397
0.01417653,0.3846249,-0.005907871,-0.9229452
0.01422077,0.3776402,-0.005800586,-0.9258251
0.01426458,0.3705696,-0.00569198,-0.9286777
0.01430797,0.3634112,-0.005582027,-0.9315023
0.0143935,0.348802,-0.005357627,-0.9370707
0.0144355,0.3413666,-0.005243419,-0.9398048
0.01447695,0.3338436,-0.005127864,-0.9425034
0.01451782,0.3262344,-0.005010986,-0.9451642
0.01459781,0.3107377,-0.004772956,-0.9503716
0.01463678,0.3028673,-0.004652065,-0.952909
0.01467516,0.2948906,-0.004529542,-0.9554076
0.01471273,0.286845,-0.004405961,-0.957854
0.01474965,0.2786935,-0.004280753,-0.9602574
0.01478586,0.2704382,-0.004153951,-0.9626149
0.01485575,0.2536847,-0.003896615,-0.9671651
0.01488938,0.2451862,-0.003766077,-0.9693544
0.01492212,0.2366007,-0.003634203,-0.9714856
0.01498491,0.2191368,-0.003365955,-0.9755733
0.01501483,0.2102755,-0.003229845,-0.9775215
0.01504373,0.201329,-0.003092426,-0.9794033
0.01507159,0.1922972,-0.002953697,-0.9812166
0.01509841,0.183163,-0.002813395,-0.9829626
0.01512411,0.1739435,-0.002671782,-0.9846359
0.01517202,0.1552541,-0.002384711,-0.9877552
0.01519417,0.145785,-0.002239264,-0.9891971
0.01521511,0.136215,-0.002092268,-0.9905603
0.01523476,0.1265626,-0.001944008,-0.9918398
0.01527007,0.1070168,-0.001643781,-0.9941387
0.01528566,0.09712371,-0.001491823,-0.9951538
0.01529984,0.08715104,-0.001338642,-0.9960768
0.01531256,0.07709965,-0.001184251,-0.9969051
0.01532382,0.06695428,-0.001028417,-0.9976379
0.01534173,0.0464156,-0.0007129412,-0.9988042
0.01534831,0.03604328,-0.0005536213,-0.9992323
0.01535326,0.02558007,-0.0003929053,-0.9995548
0.01535655,0.01506164,-0.0002313412,-0.9997686
0.01535799,-0.006188923,9.50696E-05,-0.9998629
0.01535608,-0.01693586,0.0002601437,-0.9997386
0.01535237,-0.02775054,0.0004262582,-0.9994969
0.01534682,-0.03863161,0.0005933926,-0.9991355
0.0153394,-0.04957783,0.0007615276,-0.9986522
0.01533005,-0.06060729,0.0009309411,-0.9980435
0.01531875,-0.07169661,0.001101274,-0.9973083
0.01529249,-0.09245705,0.001420156,-0.9955983
0.01528135,-0.09995764,0.001535366,-0.9948732
0.01527277,-0.1053719,0.001618529,-0.9943143
0.01526517,-0.1099399,0.001688696,-0.9938196
0.01526517,-0.1099399,0.001688696,-0.9938196
0.01526517,-0.1099399,0.001688696,-0.9938196
0.01526517,-0.1099399,0.001688696,-0.9938196
0.01526517,-0.1099399,0.001688696,-0.9938196
0.01526517,-0.1099399,0.001688696,-0.9938196
0.01526517,-0.1099399,0.001688696,-0.9938196
0.01526517,-0.1099399,0.001688696,-0.9938196
0.01526517,-0.1099399,0.001688696,-0.9938196
0.01526517,-0.1099399,0.001688696,-0.9938196
0.01526517,-0.1099399,0.001688696,-0.9938196
0.01526517,-0.1099399,0.001688696,-0.9938196
0.01526517,-0.1099399,0.001688696,-0.9938196
0.01526517,-0.1099399,0.001688696,-0.9938196
0.01526517,-0.1099399,0.001688696,-0.9938196
0.01526517,-0.1099399,0.001688696,-0.9938196
0.01526517,-0.1099399,0.001688696,-0.9938196
0.01526517,-0.1099399,0.001688696,-0.9938196
0.01526517,-0.1099399,0.001688696,-0.9938196
0.01526517,-0.1099399,0.001688696,-0.9938196
0.01526517,-0.1099399,0.001688696,-0.9938196
0.01526517,-0.1099399,0.001688696,-0.9938196
0.01526517,-0.1099399,0.001688696,-0.9938196
0.01526517,-0.1099399,0.001688696,-0.9938196
0.01526517,-0.1099399,0.001688696,-0.9938196
0.01526517,-0.1099399,0.001688696,-0.9938196
0.01526517,-0.1099399,0.001688696,-0.9938196
0.01526517,-0.1099399,0.001688696,-0.9938196
0.01526517,-0.1099399,0.001688696,-0.9938196
0.01526517,-0.1099399,0.001688696,-0.9938196
0.01526517,-0.1099399,0.001688696,-0.9938196
0.01526517,-0.1099399,0.001688696,-0.9938196
0.01526517,-0.1099399,0.001688696,-0.9938196
0.01526517,-0.1099399,0.001688696,-0.9938196
0.01526517,-0.1099399,0.001688696,-0.9938196
0.01526517,-0.1099399,0.001688696,-0.9938196
0.01526517,-0.1099399,0.001688696,-0.9938196
0.01526517,-0.1099399,0.001688696,-0.9938196
0.01526517,-0.1099399,0.001688696,-0.9938196
0.01526517,-0.1099399,0.001688696,-0.9938196
0.01526517,-0.1099399,0.001688696,-0.9938196
0.01526517,-0.1099399,0.001688696,-0.9938196
0.01526517,-0.1099399,0.001688696,-0.9938196
0.01526517,-0.1099399,0.001688696,-0.9938196
0.01526517,-0.1099399,0.001688696,-0.9938196
0.01526517,-0.1099399,0.001688696,-0.9938196
0.01526517,-0.1099399,0.001688696,-0.9938196
0.01526517,-0.1099399,0.001688696,-0.9938196
0.01526517,-0.1099399,0.001688696,-0.9938196
0.01526517,-0.1099399,0.001688696,-0.9938196
0.01526517,-0.1099399,0.001688696,-0.9938196
0.01526517,-0.1099399,0.001688696,-0.9938196
0.01526517,-0.1099399,0.001688696,-0.9938196
0.01526517,-0.1099399,0.001688696,-0.9938196
0.01526517,-0.1099399,0.001688696,-0.9938196
0.01526517,-0.1099399,0.001688696,-0.9938196
0.01526517,-0.1099399,0.001688696,-0.9938196
0.01526505,-0.1100085,0.001689749,-0.993812
0.01526481,-0.1101466,0.00169187,-0.9937966
0.01526446,-0.1103544,0.001695062,-0.9937736
0.01526399,-0.1106322,0.001699328,-0.9937428
0.01526339,-0.1109791,0.001704657,-0.9937041
0.01526265,-0.1114133,0.001711326,-0.9936555
0.01526082,-0.1124702,0.00172756,-0.9935364
0.0152597,-0.1131101,0.001737389,-0.9934638
0.01525842,-0.1138391,0.001748587,-0.9933805
0.01525551,-0.1154828,0.001773834,-0.9931908
0.01525386,-0.1164002,0.001787925,-0.9930837
0.01525208,-0.1173868,0.001803079,-0.9929675
0.01525015,-0.1184425,0.001819295,-0.9928421
0.01524805,-0.1195864,0.001836866,-0.992705
0.01524576,-0.1208155,0.001855745,-0.9925562
0.01524072,-0.1234819,0.0018967,-0.992228
0.01523799,-0.1249006,0.001918493,-0.9920505
0.01523506,-0.1264074,0.001941637,-0.9918595
0.01523192,-0.1280003,0.001966104,-0.9916552
0.0152286,-0.1296619,0.001991627,-0.9914393
0.01522142,-0.133189,0.002045803,-0.9909717
0.01521754,-0.1350572,0.002074499,-0.9907188
0.01521346,-0.1369918,0.002104215,-0.9904531
0.01520917,-0.1389957,0.002134995,-0.9901739
0.01519994,-0.1432096,0.00219972,-0.9895732
0.01519499,-0.1454192,0.002233661,-0.989251
0.01518977,-0.1477141,0.00226891,-0.9889109
0.0151843,-0.1500773,0.00230521,-0.988555
0.01517858,-0.1525088,0.002342557,-0.9881828
0.01516636,-0.1575757,0.002420385,-0.9873875
0.01515981,-0.160228,0.002461125,-0.9869605
0.01515296,-0.1629487,0.002502915,-0.986515
0.01514582,-0.1657371,0.002545746,-0.9860504
0.01513839,-0.1685928,0.00258961,-0.9855661
0.01513064,-0.1715165,0.002634517,-0.9850615
0.01512252,-0.174524,0.002680714,-0.9845331
0.01510528,-0.1807405,0.002776199,-0.9834109
0.01509614,-0.1839479,0.002825466,-0.982816
0.01508664,-0.1872234,0.002875777,-0.9821973
0.01507671,-0.1905825,0.002927374,-0.9815511
0.0150557,-0.1974978,0.003033593,-0.980183
0.01504459,-0.2010555,0.003088239,-0.9794595
0.01503306,-0.2046766,0.00314386,-0.9787092
0.01502111,-0.2083633,0.003200488,-0.9779309
0.01499581,-0.2159494,0.003317012,-0.9762838
0.0149825,-0.2198313,0.003376637,-0.975417
0.01496871,-0.2237778,0.003437256,-0.9745192
0.01495435,-0.227808,0.003499161,-0.9735849
0.01493951,-0.2319005,0.003562021,-0.9726183
0.01490825,-0.2402757,0.003690665,-0.9705833
0.01489174,-0.2445754,0.003756709,-0.9695087
0.01487468,-0.2489379,0.003823718,-0.9683977
0.01485704,-0.2533634,0.003891694,-0.9672493
0.01483881,-0.2578509,0.003960622,-0.9660627
0.01481998,-0.2624001,0.004030499,-0.9648369
0.01478033,-0.2717152,0.004173579,-0.9622552
0.01475953,-0.2764641,0.004246523,-0.9609016
0.01473808,-0.2812726,0.004320383,-0.959505
0.01471595,-0.2861415,0.00439517,-0.9580643
0.01466961,-0.2960553,0.004547446,-0.9550474
0.01464528,-0.3011172,0.004625197,-0.9534635
0.01462022,-0.3062363,0.004703827,-0.9518317
0.01459439,-0.3114139,0.004783355,-0.9501503
0.01456779,-0.3166494,0.004863773,-0.9484184
0.01454032,-0.3219576,0.004945307,-0.9466296
0.01451203,-0.3273223,0.005027709,-0.9447879
0.01445297,-0.3382168,0.005195048,-0.940943
0.01442217,-0.3437438,0.005279945,-0.9389378
0.0143904,-0.3493422,0.005365937,-0.9368693
0.01435774,-0.354992,0.005452718,-0.9347432
0.01428977,-0.3664309,0.00562842,-0.9303185
0.01428977,-0.3664309,0.00562842,-0.9303185
0.01421782,-0.378108,0.005807783,-0.9256341
0.01418044,-0.3840122,0.005898471,-0.9232004
0.01410267,-0.3959649,0.006082066,-0.9181373
0.01406214,-0.4020284,0.006175202,-0.9154984
0.01402055,-0.4081376,0.00626904,-0.9127913
0.0139779,-0.4142927,0.006363583,-0.9100141
0.01393415,-0.4204929,0.006458818,-0.9071659
0.01388918,-0.4267522,0.006554962,-0.9042382
0.01379584,-0.4393976,0.006749196,-0.8981614
0.01374744,-0.4457813,0.00684725,-0.8950102
0.01369773,-0.4522194,0.006946141,-0.8917745
0.01364682,-0.4586976,0.007045646,-0.8884598
0.01359468,-0.4652135,0.007145731,-0.8850653
0.01354131,-0.4717643,0.007246352,-0.881591
0.01343091,-0.4849569,0.007448991,-0.8744032
0.01337372,-0.4916103,0.007551188,-0.8706799
0.01331506,-0.4983128,0.007654139,-0.8668613
0.01325508,-0.5050457,0.007757557,-0.862956
0.01313119,-0.5185817,0.007965471,-0.8548902
0.01306709,-0.525399,0.008070185,-0.8507174
0.01300146,-0.5322557,0.008175504,-0.8464444
0.0129344,-0.5391365,0.008281194,-0.8420784
0.01286589,-0.5460401,0.008387233,-0.8376184
0.01272448,-0.5599083,0.00860025,-0.8284123
0.01272448,-0.5599083,0.00860025,-0.8284123
0.0125907,-0.5725834,0.008794942,-0.8197026
0.01254802,-0.5765414,0.008855736,-0.8169236
0.01252261,-0.5788778,0.008891624,-0.8152696
0.01252261,-0.5788778,0.008891624,-0.8152696
0.01252261,-0.5788778,0.008891624,-0.8152696
0.01252261,-0.5788778,0.008891624,-0.8152696
0.01252261,-0.5788778,0.008891624,-0.8152696
0.01252261,-0.5788778,0.008891624,-0.8152696
0.01252261,-0.5788778,0.008891624,-0.8152696
0.01252261,-0.5788778,0.008891624,-0.8152696
0.01252324,-0.5788206,0.008890745,-0.8153103
0.01252448,-0.5787064,0.008888991,-0.8153914
0.0125265,-0.5785211,0.008886144,-0.8155228
0.0125324,-0.5779791,0.008877818,-0.8159071
0.01253628,-0.5776227,0.008872344,-0.8161595
0.01254077,-0.5772088,0.008865988,-0.8164521
0.01254588,-0.5767381,0.008858757,-0.8167848
0.0125516,-0.5762101,0.008850647,-0.8171573
0.01255809,-0.5756111,0.008841447,-0.8175793
0.01256535,-0.574939,0.008831123,-0.8180521
0.01258169,-0.5734221,0.008807823,-0.8191162
0.01259077,-0.5725771,0.008794843,-0.8197071
0.01260028,-0.5716897,0.008781213,-0.8203262
0.01262156,-0.5696964,0.008750596,-0.8217117
0.012633,-0.5686206,0.008734071,-0.8224566
0.0126452,-0.5674701,0.008716401,-0.8232508
0.01265781,-0.566277,0.008698074,-0.8240719
0.012671,-0.5650251,0.008678844,-0.8249308
0.01268492,-0.5636998,0.008658488,-0.825837
0.01271463,-0.5608557,0.008614804,-0.8277711
0.01273025,-0.5593524,0.008591712,-0.8287877
0.01274642,-0.5577889,0.008567696,-0.8298407
0.01276314,-0.5561658,0.008542765,-0.8309295
0.01279852,-0.5527093,0.008489674,-0.8332325
0.01281702,-0.550889,0.008461714,-0.8344373
0.01283619,-0.5489944,0.008432611,-0.835685
0.01285589,-0.5470369,0.008402545,-0.8369676
0.01287595,-0.5450338,0.008371777,-0.8382735
0.01291787,-0.5408124,0.008306936,-0.841003
0.01293959,-0.538608,0.008273075,-0.8424166
0.01296192,-0.5363263,0.00823803,-0.8438709
0.01298474,-0.5339822,0.008202022,-0.8453563
0.01300803,-0.5315742,0.008165036,-0.8468725
0.01303179,-0.5291019,0.008127062,-0.8484194
0.01308077,-0.5239536,0.008047983,-0.8516084
0.013106,-0.521274,0.008006825,-0.8532512
0.01313151,-0.5185463,0.007964927,-0.8549117
0.01315743,-0.5157533,0.007922026,-0.8565994
0.01321093,-0.5099244,0.007832493,-0.8600822
0.01323819,-0.506919,0.007786331,-0.8618569
0.01326583,-0.5038466,0.007739139,-0.8636565
0.01329384,-0.500708,0.007690929,-0.86548
0.01332234,-0.4974868,0.007641451,-0.8673356
0.01338037,-0.4908414,0.007539377,-0.8711137
0.01340988,-0.4874164,0.007486769,-0.8730345
0.01343969,-0.4839235,0.007433118,-0.8749756
0.01346994,-0.4803457,0.007378163,-0.8769448
0.01350047,-0.4766992,0.007322152,-0.8789324
0.01356234,-0.4691962,0.007206905,-0.8829604
0.01359366,-0.4653391,0.00714766,-0.8849993
0.01362521,-0.4614109,0.007087323,-0.8870536
0.01365699,-0.4574115,0.007025892,-0.8891225
0.01368911,-0.4533242,0.006963111,-0.8912134
0.0137539,-0.4449346,0.006834246,-0.8954314
0.01378666,-0.440616,0.006767913,-0.8975643
0.01381958,-0.4362229,0.006700435,-0.8997076
0.01385251,-0.431774,0.006632099,-0.9018511
0.01388568,-0.4272338,0.006562362,-0.9040108
0.01391894,-0.4226216,0.006491517,-0.9061761
0.01398583,-0.4131554,0.006346116,-0.910531
0.01401943,-0.4083005,0.006271544,-0.9127184
0.01405294,-0.4033884,0.006196094,-0.9149
0.01408658,-0.398383,0.00611921,-0.9170905
0.01415384,-0.3881473,0.005961988,-0.9214694
0.01418744,-0.3829139,0.005881604,-0.9236564
0.01422108,-0.3775875,0.005799789,-0.9258466
0.01425465,-0.3721833,0.005716781,-0.9280322
0.01428813,-0.3667019,0.005632586,-0.9302118
0.01435474,-0.3555044,0.005460591,-0.9345484
0.01438793,-0.3497715,0.005372534,-0.9367092
0.01442095,-0.3439598,0.005283266,-0.9388588
0.01445376,-0.3380709,0.005192811,-0.9409953
0.01448638,-0.3321012,0.005101116,-0.9431188
0.01451884,-0.326037,0.005007969,-0.9452323
0.0145829,-0.3136849,0.004818241,-0.9494029
0.01461446,-0.3073981,0.004721675,-0.9514571
0.01464578,-0.3010139,0.004623612,-0.9534961
0.01467676,-0.2945496,0.00452432,-0.9555128
0.01473759,-0.2813799,0.004322033,-0.9594736
