-0.0153583,0,0,0.9998821
-0.0153583,0,0,0.9998821
-0.0153583,0,0,0.9998821
-0.0153583,0,0,0.9998821
-0.0153583,0,0,0.9998821
-0.0153583,0,0,0.9998821
-0.0153583,0,0,0.9998821
-0.0153583,0,0,0.9998821
-0.0153583,0,0,0.9998821
-0.0153583,0,0,0.9998821
-0.0153583,0,0,0.9998821
-0.0153583,0,0,0.9998821
-0.0153583,0,0,0.9998821
-0.0153583,0,0,0.9998821
-0.0153583,0,0,0.9998821
-0.0153583,0,0,0.9998821
-0.0153583,0,0,0.9998821
-0.0153583,0,0,0.9998821
-0.0153583,0,0,0.9998821
-0.0153583,0,0,0.9998821
-0.0153583,0,0,0.9998821
-0.0153583,0,0,0.9998821
-0.0153583,0,0,0.9998821
-0.0153583,0,0,0.9998821
-0.0153583,0,0,0.9998821
-0.0153583,0,0,0.9998821
-0.0153583,0,0,0.9998821
-0.0153583,0,0,0.9998821
-0.0153583,0,0,0.9998821
-0.0153583,0,0,0.9998821
-0.0153583,0,0,0.9998821
-0.0153583,0,0,0.9998821
-0.0153583,0,0,0.9998821
-0.0153583,0,0,0.9998821
-0.0153583,0,0,0.9998821
-0.0153583,0,0,0.9998821
-0.0153583,0,0,0.9998821
-0.0153583,0,0,0.9998821
-0.0153583,0,0,0.9998821
-0.0153583,0,0,0.9998821
-0.0153583,0,0,0.9998821
-0.0153583,0,0,0.9998821
-0.0153583,0,0,0.9998821
-0.0153583,0,0,0.9998821
-0.0153583,0,0,0.9998821
-0.0153583,0,0,0.9998821
-0.0153583,0,0,0.9998821
-0.0153583,0,0,0.9998821
-0.0153583,0,0,0.9998821
-0.0153583,0,0,0.9998821
-0.0153583,0,0,0.9998821
-0.0153583,0,0,0.9998821
-0.0153583,0,0,0.9998821
-0.0153583,0,0,0.9998821
-0.0153583,0,0,0.9998821
-0.0153583,0,0,0.9998821
-0.0153583,0,0,0.9998821
-0.0153583,0,0,0.9998821
-0.0153583,0,0,0.9998821
-0.0153583,0,0,0.9998821
-0.0153583,0,0,0.9998821
-0.0153583,0,0,0.9998821
-0.0153583,0,0,0.9998821
-0.0153583,0,0,0.9998821
-0.0153583,0,0,0.9998821
-0.0153583,0,0,0.9998821
-0.0153583,0,0,0.9998821
-0.0153583,0,0,0.9998821
-0.0153583,0,0,0.9998821
-0.0153583,0,0,0.9998821
-0.0153583,0,0,0.9998821
-0.0153583,0,0,0.9998821
-0.0153583,0,0,0.9998821
-0.0153583,8.943318E-05,-1.373703E-06,0.9998821
-0.0153583,0.000246887,-3.792211E-06,0.9998821
-0.01535829,0.0007726796,-1.186844E-05,0.9998818
-0.01535829,0.001139662,-1.750532E-05,0.9998814
-0.01535828,0.001596247,-2.451852E-05,0.9998808
-0.01535826,0.002122139,-3.259628E-05,0.9998798
-0.01535824,0.002717342,-4.173866E-05,0.9998784
-0.01535816,0.004114371,-6.319718E-05,0.9998736
-0.01535811,0.004916619,-7.551978E-05,0.9998701
-0.01535804,0.005806357,-8.918625E-05,0.9998653
-0.01535794,0.006767543,-0.0001039502,0.9998592
-0.01535783,0.007798783,-0.0001197901,0.9998517
-0.01535752,0.01006856,-0.0001546541,0.9998314
-0.01535731,0.011308,-0.0001736921,0.9998181
-0.01535707,0.01261653,-0.0001937912,0.9998025
-0.01535679,0.01401244,-0.0002152326,0.9997839
-0.01535645,0.01547869,-0.0002377543,0.9997622
-0.01535563,0.01861988,-0.0002860033,0.9997087
-0.01535513,0.02029526,-0.0003117373,0.999676
-0.01535456,0.02203968,-0.0003385318,0.9996392
-0.01535392,0.02387219,-0.0003666793,0.9995971
-0.01535319,0.02577382,-0.0003958886,0.9995499
-0.01535148,0.02978721,-0.0004575346,0.9994383
-0.01535048,0.03189809,-0.0004899579,0.9993731
-0.01534936,0.03409749,-0.0005237409,0.9993005
-0.01534813,0.03636653,-0.0005585937,0.9992206
-0.01534678,0.03870488,-0.000594511,0.9991327
-0.01534369,0.04358728,-0.0006695052,0.9989316
-0.01534194,0.0461328,-0.0007086047,0.9988173
-0.01534002,0.04876623,-0.0007490544,0.9986922
-0.01533793,0.05146893,-0.0007905682,0.9985566
-0.01533568,0.05423947,-0.0008331239,0.9984099
-0.01533063,0.05999003,-0.0009214531,0.9980808
-0.01532781,0.06296804,-0.0009671957,0.9978974
-0.01532477,0.06603469,-0.0010143,0.9976991
-0.0153215,0.0691701,-0.00106246,0.9974867
-0.01531801,0.07237448,-0.00111168,0.9972593
-0.0153103,0.0789878,-0.001213261,0.9967573
-0.01530606,0.08239712,-0.001265628,0.9964813
-0.01530155,0.08587451,-0.001319042,0.9961876
-0.01529673,0.0894377,-0.001373773,0.995874
-0.01529162,0.0930692,-0.001429553,0.9955412
-0.01528046,0.1005378,-0.001544272,0.9948148
-0.01527439,0.1043743,-0.001603201,0.9944196
-0.01526798,0.1082784,-0.001663168,0.9940019
-0.01526118,0.112269,-0.001724463,0.9935592
-0.015254,0.1163267,-0.00178679,0.9930923
-0.0152385,0.1246425,-0.001914522,0.9920829
-0.0152301,0.1289197,-0.001980221,0.9915361
-0.01522128,0.1332637,-0.002046944,0.9909617
-0.01521201,0.1376736,-0.002114681,0.9903587
-0.0152023,0.1421495,-0.002183431,0.9897261
-0.01518145,0.1512992,-0.002323973,0.9883687
-0.01517024,0.1559911,-0.00239604,0.9876391
-0.01515856,0.1607312,-0.002468848,0.9868788
-0.01514631,0.1655531,-0.002542913,0.9860814
-0.01513352,0.1704393,-0.002617966,0.9852486
-0.01510624,0.180404,-0.002771025,0.9834726
-0.01509172,0.185483,-0.002849038,0.9825275
-0.01507654,0.1906439,-0.002928311,0.9815391
-0.01506074,0.1958672,-0.003008541,0.9805102
-0.01504429,0.2011531,-0.003089733,0.9794394
-0.01500941,0.2119099,-0.003254958,0.9771686
-0.01499094,0.2173804,-0.003338987,0.9759662
-0.0149717,0.2229312,-0.003424247,0.9747132
-0.01495172,0.2285424,-0.003510436,0.9734129
-0.014931,0.2342133,-0.003597541,0.972064
-0.01488725,0.2457347,-0.003774512,0.9692154
-0.01486411,0.2516017,-0.003864629,0.967709
-0.01484015,0.2575265,-0.003955635,0.9661492
-0.01481536,0.2635084,-0.004047516,0.9645349
-0.0147897,0.2695467,-0.004140266,0.9628649
-0.01473576,0.281792,-0.004328354,0.9593527
-0.01470733,0.2880164,-0.004423963,0.9575024
-0.01467798,0.2942951,-0.004520404,0.9555913
-0.01464767,0.3006279,-0.004617676,0.9536178
-0.01461639,0.307013,-0.004715752,0.9515814
-0.01455084,0.3199382,-0.004914285,0.9473139
-0.01451643,0.326496,-0.005015014,0.9450738
-0.01448098,0.3331023,-0.005116486,0.9427657
-0.01444444,0.3397589,-0.005218733,0.9403872
-0.01440682,0.3464636,-0.005321717,0.9379377
-0.01432822,0.3600134,-0.005529844,0.9328207
-0.01428721,0.3668573,-0.005634967,0.9301504
-0.01424491,0.3737635,-0.005741047,0.9273969
-0.01420142,0.3807135,-0.0058478,0.9245656
-0.01415672,0.3877064,-0.005955211,0.9216551
-0.01406359,0.4018153,-0.006171926,0.9155919
-0.01401501,0.4089459,-0.006281452,0.9124294
-0.01396512,0.4161164,-0.006391592,0.9091817
-0.01391393,0.4233235,-0.006502294,0.9058484
-0.01386139,0.4305672,-0.006613557,0.9024279
-0.01375221,0.4451588,-0.006837686,0.8953199
-0.01369541,0.452519,-0.00695074,0.8916225
-0.0136372,0.4599102,-0.00706427,0.8878326
-0.01357754,0.4673325,-0.007178277,0.8839483
-0.01351641,0.4747829,-0.007292716,0.8799689
-0.01338971,0.4897633,-0.007522817,0.8717201
-0.01332394,0.497308,-0.007638703,0.8674381
-0.01325663,0.5048742,-0.007754921,0.8630564
-0.01318776,0.5124621,-0.007871471,0.8585725
-0.01311731,0.5200691,-0.007988315,0.8539861
-0.01297161,0.5353351,-0.008222803,0.8445001
-0.01289615,0.5430078,-0.008340656,0.8395873
-0.01281902,0.5506934,-0.008458707,0.8345664
-0.01275859,0.5566099,-0.008549585,0.8306321
-0.0127155,0.5607739,-0.008613545,0.8278266
-0.01269031,0.5631873,-0.008650614,0.8261865
-0.01268804,0.5634035,-0.008653935,0.8260391
-0.01268804,0.5634035,-0.008653935,0.8260391
-0.01268804,0.5634035,-0.008653935,0.8260391
-0.01268804,0.5634035,-0.008653935,0.8260391
-0.01268804,0.5634035,-0.008653935,0.8260391
-0.01268804,0.5634035,-0.008653935,0.8260391
-0.01268804,0.5634035,-0.008653935,0.8260391
-0.01268804,0.5634035,-0.008653935,0.8260391
-0.01268804,0.5634035,-0.008653935,0.8260391
-0.01268804,0.5634035,-0.008653935,0.8260391
-0.01268804,0.5634035,-0.008653935,0.8260391
-0.01268804,0.5634035,-0.008653935,0.8260391
-0.01268804,0.5634035,-0.008653935,0.8260391
-0.01268804,0.5634035,-0.008653935,0.8260391
-0.01268804,0.5634035,-0.008653935,0.8260391
-0.01268804,0.5634035,-0.008653935,0.8260391
-0.01268804,0.5634035,-0.008653935,0.8260391
-0.01268804,0.5634035,-0.008653935,0.8260391
-0.01268804,0.5634035,-0.008653935,0.8260391
-0.01268804,0.5634035,-0.008653935,0.8260391
-0.01268804,0.5634035,-0.008653935,0.8260391
-0.01268804,0.5634035,-0.008653935,0.8260391
-0.01268804,0.5634035,-0.008653935,0.8260391
-0.01268804,0.5634035,-0.008653935,0.8260391
-0.01268804,0.5634035,-0.008653935,0.8260391
-0.01268804,0.5634035,-0.008653935,0.8260391
-0.01268804,0.5634035,-0.008653935,0.8260391
-0.01268804,0.5634035,-0.008653935,0.8260391
-0.01268804,0.5634035,-0.008653935,0.8260391
-0.01268804,0.5634035,-0.008653935,0.8260391
-0.01268804,0.5634035,-0.008653935,0.8260391
-0.01268804,0.5634035,-0.008653935,0.8260391
-0.01268804,0.5634035,-0.008653935,0.8260391
-0.01268804,0.5634035,-0.008653935,0.8260391
-0.01268804,0.5634035,-0.008653935,0.8260391
-0.01268804,0.5634035,-0.008653935,0.8260391
-0.01268804,0.5634035,-0.008653935,0.8260391
-0.01268804,0.5634035,-0.008653935,0.8260391
-0.01268744,0.5634611,-0.00865482,0.8259999
-0.01268624,0.5635761,-0.008656586,0.8259214
-0.01268171,0.5640082,-0.008663222,0.8256264
-0.01267853,0.5643108,-0.008667871,0.8254196
-0.01267475,0.564671,-0.008673402,0.8251733
-0.01267036,0.565088,-0.008679809,0.8248877
-0.01266537,0.5655622,-0.008687093,0.8245626
-0.01265322,0.5667136,-0.008704779,0.8237717
-0.01264622,0.5673754,-0.008714944,0.8233161
-0.01263861,0.5680932,-0.00872597,0.8228208
-0.01263039,0.568868,-0.00873787,0.8222854
-0.01262137,0.5697154,-0.008750886,0.8216985
-0.01260149,0.5715784,-0.008779502,0.8204038
-0.0125906,0.5725943,-0.008795108,0.8196951
-0.01257908,0.5736666,-0.008811578,0.8189449
-0.01256692,0.5747948,-0.008828906,0.8181534
-0.01255396,0.5759945,-0.008847334,0.8173094
-0.0125261,0.5785593,-0.00888673,0.8154958
-0.01251119,0.5799251,-0.008907708,0.8145251
-0.01249562,0.5813457,-0.008929529,0.8135117
-0.0124794,0.5828211,-0.008952191,0.8124554
-0.01246233,0.5843665,-0.00897593,0.8113445
-0.0124262,0.5876186,-0.009025881,0.8089924
-0.01240712,0.5893254,-0.009052098,0.8077497
-0.01238734,0.5910865,-0.009079149,0.806462
-0.0123667,0.5929157,-0.009107246,0.8051181
-0.01234537,0.5947965,-0.009136136,0.8037296
-0.01230056,0.5987179,-0.009196368,0.8008127
-0.01227709,0.6007564,-0.00922768,0.7992846
-0.0122529,0.6028464,-0.009259784,0.7977094
-0.01222797,0.6049877,-0.009292674,0.7960867
-0.01220213,0.6071954,-0.009326585,0.7944041
-0.01214819,0.6117619,-0.009396726,0.7908928
-0.0121201,0.6141194,-0.009432936,0.7890637
-0.01209124,0.6165261,-0.009469904,0.7871847
-0.0120616,0.6189816,-0.009507621,0.7852553
-0.01203101,0.6215001,-0.009546305,0.7832636
-0.01196742,0.626682,-0.009625901,0.7791238
-0.01193442,0.6293433,-0.009666779,0.7769757
-0.01190061,0.6320515,-0.009708376,0.7747741
-0.01186597,0.6348055,-0.009750678,0.7725193
-0.01183032,0.6376199,-0.009793907,0.7701981
-0.01175648,0.6433823,-0.009882419,0.7653911
-0.01171827,0.64633,-0.009927697,0.7629035
-0.0116792,0.6493204,-0.009973629,0.7603598
-0.01163925,0.6523537,-0.01002022,0.757759
-0.01159823,0.6554434,-0.01006768,0.7550882
-0.01151347,0.6617469,-0.0101645,0.74957
-0.01146972,0.664959,-0.01021384,0.746722
-0.01142506,0.6682099,-0.01026377,0.7438142
-0.01137926,0.6715143,-0.01031453,0.7408324
-0.01133251,0.674857,-0.01036587,0.7377887
-0.01123615,0.6816521,-0.01047025,0.7315153
-0.0111865,0.6851041,-0.01052327,0.7282833
-0.01113587,0.6885912,-0.01057683,0.7249872
-0.01108404,0.6921268,-0.01063114,0.7216126
-0.0110312,0.6956953,-0.01068595,0.7181728
-0.01092247,0.7029294,-0.01079707,0.7110938
-0.01086655,0.7065933,-0.01085335,0.7074531
-0.01080959,0.710287,-0.01091008,0.7037446
-0.01075135,0.7140239,-0.01096748,0.6999529
-0.01069205,0.7177878,-0.01102529,0.6960925
-0.01057018,0.7253984,-0.01114219,0.6881579
-0.01050759,0.7292423,-0.01120124,0.6840833
-0.01044389,0.7331102,-0.01126065,0.6799365
-0.01037886,0.7370147,-0.01132062,0.6757023
-0.01031268,0.7409415,-0.01138094,0.6713939
-0.01017688,0.7488577,-0.01150253,0.6625528
-0.01010724,0.7528446,-0.01156377,0.6580192
-0.01003642,0.7568496,-0.01162529,0.6534086
-0.009964191,0.7608839,-0.01168725,0.6487062
-0.009890777,0.7649331,-0.01174945,0.6439267
-0.009740277,0.773075,-0.01187451,0.6341286
-0.009663182,0.777165,-0.01193733,0.6291094
-0.009584623,0.7812775,-0.0120005,0.6239949
-0.009504814,0.7853993,-0.01206381,0.618799
-0.009423738,0.7895293,-0.01212725,0.6135207
-0.009257779,0.7978079,-0.01225441,0.6027162
-0.009172874,0.8019539,-0.01231809,0.5971885
-0.009086655,0.8061034,-0.01238183,0.5915754
-0.008998898,0.8102651,-0.01244575,0.5858621
-0.00890982,0.814427,-0.01250968,0.5800627
-0.008730303,0.8226259,-0.01263562,0.5683755
-0.008639877,0.8266626,-0.01269762,0.5624884
-0.008549009,0.8306571,-0.01275898,0.5565725
-0.008457705,0.8346093,-0.01281968,0.5506284
-0.008393281,0.8373613,-0.01286195,0.5464341
-0.008347986,0.8392783,-0.0128914,0.5434852
-0.008367091,0.8384714,-0.01287901,0.5447291
-0.00838732,0.8376144,-0.01286584,0.546046
-0.00840842,0.8367174,-0.01285206,0.5474197
-0.008430392,0.8357797,-0.01283766,0.5488502
-0.008476914,0.8337828,-0.01280699,0.5518789
-0.008501469,0.8327225,-0.0127907,0.5534775
-0.008527135,0.8316095,-0.01277361,0.5551484
-0.008553631,0.8304554,-0.01275588,0.5568734
-0.008580989,0.8292583,-0.01273749,0.5586546
-0.008638233,0.8267354,-0.01269874,0.5623814
-0.008668113,0.8254087,-0.01267836,0.5643268
-0.008698822,0.8240381,-0.01265731,0.566326
-0.008730607,0.8226122,-0.01263541,0.5683954
-0.008763208,0.8211417,-0.01261282,0.5705178
-0.008830871,0.8180635,-0.01256554,0.5749229
-0.008865909,0.8164555,-0.01254084,0.577204
-0.008901747,0.8148011,-0.01251543,0.5795372
-0.008938626,0.8130881,-0.01248911,0.5819382
-0.008976292,0.8113273,-0.01246207,0.5843904
-0.009053955,0.8076614,-0.01240576,0.5894465
-0.009093949,0.8057547,-0.01237647,0.5920503
-0.009134702,0.8037984,-0.01234643,0.5947036
-0.00917646,0.8017797,-0.01231542,0.5974222
-0.009218956,0.7997109,-0.01228364,0.6001889
-0.009306165,0.7954181,-0.01221771,0.6058665
-0.009350868,0.7931929,-0.01218352,0.6087768
-0.009396521,0.7909029,-0.01214835,0.611749
-0.009442883,0.788559,-0.01211235,0.6147673
-0.009489936,0.7861612,-0.01207552,0.6178306
-0.009586132,0.7811988,-0.01199929,0.6240934
-0.009635461,0.7786223,-0.01195972,0.6273049
-0.009685475,0.7759877,-0.01191925,0.630561
-0.009736149,0.7732953,-0.0118779,0.6338601
-0.009787465,0.7705447,-0.01183565,0.6372009
-0.009891992,0.7648662,-0.01174843,0.644006
-0.009945184,0.761937,-0.01170343,0.647469
-0.009999194,0.758935,-0.01165732,0.6509852
-0.01005381,0.7558708,-0.01161025,0.6545407
-0.010109,0.7527439,-0.01156223,0.6581343
-0.0102211,0.7463003,-0.01146325,0.6654322
-0.0102782,0.7429692,-0.01141209,0.6691493
-0.01033583,0.7395727,-0.01135991,0.6729015
-0.01039398,0.7361107,-0.01130674,0.6766869
-0.01045264,0.7325817,-0.01125253,0.6805059
-0.01057142,0.7253212,-0.01114101,0.6882392
-0.01063174,0.7215746,-0.01108346,0.6921663
-0.01069251,0.7177588,-0.01102485,0.6961225
-0.01075372,0.7138719,-0.01096515,0.7001079
-0.01081536,0.7099142,-0.01090436,0.7041208
-0.01087019,0.7063562,-0.01084971,0.7076899
-0.01087019,0.7063562,-0.01084971,0.7076899
-0.01087019,0.7063562,-0.01084971,0.7076899
-0.01087019,0.7063562,-0.01084971,0.7076899
-0.01087019,0.7063562,-0.01084971,0.7076899
-0.01087019,0.7063562,-0.01084971,0.7076899
-0.01087019,0.7063562,-0.01084971,0.7076899
-0.01087019,0.7063562,-0.01084971,0.7076899
-0.01087019,0.7063562,-0.01084971,0.7076899
-0.01087019,0.7063562,-0.01084971,0.7076899
-0.01087019,0.7063562,-0.01084971,0.7076899
-0.01087019,0.7063562,-0.01084971,0.7076899
-0.01087019,0.7063562,-0.01084971,0.7076899
-0.01087019,0.7063562,-0.01084971,0.7076899
-0.01087019,0.7063562,-0.01084971,0.7076899
-0.01087019,0.7063562,-0.01084971,0.7076899
-0.01087019,0.7063562,-0.01084971,0.7076899
-0.01087019,0.7063562,-0.01084971,0.7076899
-0.01087019,0.7063562,-0.01084971,0.7076899
-0.01087019,0.7063562,-0.01084971,0.7076899
-0.01087019,0.7063562,-0.01084971,0.7076899
-0.01087019,0.7063562,-0.01084971,0.7076899
-0.01087019,0.7063562,-0.01084971,0.7076899
-0.01087019,0.7063562,-0.01084971,0.7076899
-0.01087019,0.7063562,-0.01084971,0.7076899
-0.01087019,0.7063562,-0.01084971,0.7076899
-0.01087019,0.7063562,-0.01084971,0.7076899
-0.01087019,0.7063562,-0.01084971,0.7076899
-0.01087019,0.7063562,-0.01084971,0.7076899
-0.01087019,0.7063562,-0.01084971,0.7076899
-0.01087019,0.7063562,-0.01084971,0.7076899
-0.01087019,0.7063562,-0.01084971,0.7076899
-0.01087019,0.7063562,-0.01084971,0.7076899
-0.01087019,0.7063562,-0.01084971,0.7076899
-0.01087019,0.7063562,-0.01084971,0.7076899
-0.01087019,0.7063562,-0.01084971,0.7076899
-0.01087019,0.7063562,-0.01084971,0.7076899
-0.01087019,0.7063562,-0.01084971,0.7076899
-0.01087019,0.7063562,-0.01084971,0.7076899
-0.01087019,0.7063562,-0.01084971,0.7076899
-0.01087019,0.7063562,-0.01084971,0.7076899
-0.01087019,0.7063562,-0.01084971,0.7076899
-0.01087019,0.7063562,-0.01084971,0.7076899
-0.01087019,0.7063562,-0.01084971,0.7076899
-0.01087019,0.7063562,-0.01084971,0.7076899
-0.01087019,0.7063562,-0.01084971,0.7076899
-0.01087019,0.7063562,-0.01084971,0.7076899
-0.01087019,0.7063562,-0.01084971,0.7076899
-0.01087019,0.7063562,-0.01084971,0.7076899
-0.01087019,0.7063562,-0.01084971,0.7076899
-0.01087019,0.7063562,-0.01084971,0.7076899
-0.01087019,0.7063562,-0.01084971,0.7076899
-0.01087019,0.7063562,-0.01084971,0.7076899
-0.01087019,0.7063562,-0.01084971,0.7076899
-0.01087019,0.7063562,-0.01084971,0.7076899
-0.01087019,0.7063562,-0.01084971,0.7076899
-0.01087019,0.7063562,-0.01084971,0.7076899
-0.01087019,0.7063562,-0.01084971,0.7076899
-0.01087019,0.7063562,-0.01084971,0.7076899
-0.01087019,0.7063562,-0.01084971,0.7076899
-0.01087019,0.7063562,-0.01084971,0.7076899
-0.01087019,0.7063562,-0.01084971,0.7076899
-0.01087019,0.7063562,-0.01084971,0.7076899
-0.01087019,0.7063562,-0.01084971,0.7076899
-0.01087019,0.7063562,-0.01084971,0.7076899
-0.01086942,0.7064059,-0.01085047,0.7076403
-0.01086523,0.7066794,-0.01085467,0.7073673
-0.010862,0.7068897,-0.0108579,0.7071571
-0.01085802,0.7071493,-0.01086189,0.7068976
-0.01085327,0.707458,-0.01086663,0.7065886
-0.01084777,0.7078156,-0.01087212,0.7062304
-0.01083406,0.7087048,-0.01088578,0.7053381
-0.01082607,0.7092224,-0.01089373,0.7048176
-0.01081731,0.7097883,-0.01090242,0.7042477
-0.0108078,0.7104023,-0.01091185,0.7036282
-0.0107973,0.7110786,-0.01092224,0.7029449
-0.01077399,0.7125756,-0.01094523,0.7014272
-0.01076118,0.7133957,-0.01095783,0.7005931
-0.01074759,0.7142637,-0.01097116,0.6997083
-0.01073322,0.7151788,-0.01098522,0.6987728
-0.01071806,0.7161414,-0.01100001,0.6977862
-0.01068496,0.718235,-0.01103216,0.6956311
-0.01066722,0.7193516,-0.01104931,0.6944764
-0.01064869,0.7205144,-0.01106717,0.69327
-0.01062936,0.7217231,-0.01108574,0.6920114
-0.01060901,0.7229915,-0.01110522,0.6906862
-0.01056587,0.725664,-0.01114627,0.6878778
-0.01054308,0.7270678,-0.01116784,0.686394
-0.01051947,0.7285158,-0.01119008,0.6848568
-0.01049503,0.730008,-0.011213,0.683266
-0.01046955,0.7315573,-0.01123679,0.681607
-0.01041607,0.7347863,-0.01128639,0.6781249
-0.01038805,0.736465,-0.01131218,0.6763014
-0.01035919,0.7381863,-0.01133862,0.6744221
-0.01032926,0.7399619,-0.01136589,0.6724735
-0.01029846,0.7417794,-0.01139381,0.6704682
-0.01023424,0.7455371,-0.01145153,0.6662872
-0.01020081,0.7474764,-0.01148131,0.6641108
-0.01016649,0.7494553,-0.01151171,0.6618768
-0.01013129,0.7514732,-0.0115427,0.6595849
-0.01009496,0.7535425,-0.01157449,0.6572197
-0.01001959,0.7577944,-0.0116398,0.6523127
-0.009980517,0.7599765,-0.01167332,0.6497692
-0.009940522,0.7621949,-0.01170739,0.6471653
-0.009899602,0.764449,-0.01174202,0.6445013
-0.009857508,0.7667511,-0.01177738,0.6417608
-0.009770472,0.7714583,-0.01184968,0.6360944
-0.009725519,0.7738622,-0.0118866,0.6331678
-0.009679603,0.7762985,-0.01192402,0.6301785
-0.009632704,0.7787672,-0.01196194,0.6271251
-0.009584591,0.7812793,-0.01200053,0.6239928
-0.009485395,0.7863937,-0.01207909,0.6175348
-0.009434295,0.7889947,-0.01211904,0.614208
-0.009382174,0.7916245,-0.01215944,0.6108148
-0.009329038,0.7942818,-0.01220025,0.6073554
-0.00927463,0.7969779,-0.01224166,0.6038132
-0.00916269,0.8024471,-0.01232567,0.5965255
-0.00910515,0.8052185,-0.01236824,0.5927795
-0.009046545,0.8080133,-0.01241117,0.5889641
-0.00898688,0.8108305,-0.01245444,0.5850797
-0.008925904,0.8136802,-0.01249821,0.5811099
-0.008800667,0.8194419,-0.01258671,0.5729565
-0.008736402,0.8223514,-0.0126314,0.5687726
-0.00867102,0.8252793,-0.01267637,0.564516
-0.008604283,0.8282346,-0.01272177,0.5601712
-0.008536428,0.8312052,-0.0127674,0.5557536
-0.008397314,0.8371898,-0.01285932,0.5466967
-0.008326038,0.8402018,-0.01290559,0.5420564
-0.008253609,0.8432253,-0.01295203,0.5373409
-0.008179763,0.8462697,-0.01299879,0.5325333
-0.008104766,0.8493227,-0.01304568,0.5276507
-0.007951195,0.855453,-0.01313984,0.5176527
-0.007872617,0.8585278,-0.01318707,0.5125369
-0.007792848,0.861607,-0.01323437,0.5073437
-0.007711613,0.8646993,-0.01328187,0.502055
-0.007629169,0.8677935,-0.0133294,0.4966876
-0.007460597,0.8739834,-0.01342448,0.4857129
-0.007374447,0.877077,-0.01347199,0.4801042
-0.007286799,0.8801765,-0.0135196,0.474398
-0.007197905,0.8832713,-0.01356714,0.4686107
-0.007107751,0.8863604,-0.01361459,0.4627413
-0.006923669,0.8925147,-0.01370912,0.4507569
-0.006829715,0.8955777,-0.01375616,0.4446402
-0.006734481,0.8986292,-0.01380304,0.43844
-0.006637712,0.9016758,-0.01384983,0.4321401
-0.006539633,0.9047082,-0.01389641,0.4257547
-0.006339596,0.9107233,-0.0139888,0.4127316
-0.006237619,0.9137028,-0.01403457,0.4060925
-0.006134326,0.9166622,-0.01408002,0.3993677
-0.00602946,0.9196065,-0.01412525,0.3925406
-0.005923271,0.9225268,-0.0141701,0.3856273
-0.005706924,0.928289,-0.01425861,0.3715423
-0.005596762,0.9311275,-0.01430221,0.3643703
-0.005485264,0.9339356,-0.01434535,0.3571114
-0.005372159,0.936718,-0.01438808,0.3497478
-0.00525773,0.9394659,-0.01443029,0.3422981
-0.005024828,0.9448528,-0.01451303,0.3271353
-0.004906374,0.9474877,-0.01455351,0.3194236
-0.004786296,0.9500872,-0.01459344,0.311606
-0.004664869,0.9526438,-0.0146327,0.3037006
-0.00454211,0.9551548,-0.01467127,0.2957086
-0.004292584,0.9600335,-0.01474621,0.2794635
-0.004165799,0.9623979,-0.01478253,0.2712094
-0.004037392,0.9647146,-0.01481812,0.2628496
-0.003907654,0.9669763,-0.01485286,0.2544031
-0.003776575,0.9691813,-0.01488672,0.2458695
-0.003510439,0.9734126,-0.01495172,0.228543
-0.003375388,0.9754352,-0.01498279,0.2197507
-0.003238729,0.977397,-0.01501292,0.2108536
-0.003100762,0.9792916,-0.01504202,0.2018715
-0.002961481,0.9811172,-0.01507006,0.1928038
-0.002679024,0.9845526,-0.01512283,0.1744148
-0.002535859,0.9861583,-0.01514749,0.1650942
-0.002391105,0.9876897,-0.01517102,0.1556702
-0.002245083,0.9891413,-0.01519331,0.1461636
-0.002097804,0.9905107,-0.01521435,0.1365752
-0.001799487,0.9929951,-0.01525251,0.1171537
-0.001648467,0.9941057,-0.01526957,0.1073217
-0.001495929,0.9951277,-0.01528526,0.09739085
-0.001342173,0.9960566,-0.01529953,0.08738081
-0.001187243,0.9968901,-0.01531234,0.07729427
-0.0008738053,0.9982624,-0.01533342,0.0568883
-0.0007150437,0.9987978,-0.01534164,0.04655233
-0.000555165,0.9992286,-0.01534826,0.03614363
-0.0004276943,0.9994943,-0.01535234,0.02784482
-0.0003323636,0.9996479,-0.01535469,0.02163843
-0.0002381349,0.9997619,-0.01535645,0.0155038
-0.0002381349,0.9997619,-0.01535645,0.0155038
-0.0002381349,0.9997619,-0.01535645,0.0155038
-0.0002381349,0.9997619,-0.01535645,0.0155038
-0.0002381349,0.9997619,-0.01535645,0.0155038
-0.0002381349,0.9997619,-0.01535645,0.0155038
-0.0002381349,0.9997619,-0.01535645,0.0155038
-0.0002381349,0.9997619,-0.01535645,0.0155038
-0.0002381349,0.9997619,-0.01535645,0.0155038
-0.0002381349,0.9997619,-0.01535645,0.0155038
-0.0002381349,0.9997619,-0.01535645,0.0155038
-0.0002381349,0.9997619,-0.01535645,0.0155038
-0.0002381349,0.9997619,-0.01535645,0.0155038
-0.0002381349,0.9997619,-0.01535645,0.0155038
-0.0002381349,0.9997619,-0.01535645,0.0155038
-0.0002381349,0.9997619,-0.01535645,0.0155038
-0.0002381349,0.9997619,-0.01535645,0.0155038
-0.0002381349,0.9997619,-0.01535645,0.0155038
-0.0002381349,0.9997619,-0.01535645,0.0155038
-0.0002381349,0.9997619,-0.01535645,0.0155038
-0.0002381349,0.9997619,-0.01535645,0.0155038
-0.0002381349,0.9997619,-0.01535645,0.0155038
-0.0002381349,0.9997619,-0.01535645,0.0155038
-0.0002381349,0.9997619,-0.01535645,0.0155038
-0.0002381349,0.9997619,-0.01535645,0.0155038
-0.0002381349,0.9997619,-0.01535645,0.0155038
-0.0002381349,0.9997619,-0.01535645,0.0155038
-0.0002381349,0.9997619,-0.01535645,0.0155038
-0.0002381349,0.9997619,-0.01535645,0.0155038
-0.0002381349,0.9997619,-0.01535645,0.0155038
-0.0002381349,0.9997619,-0.01535645,0.0155038
-0.0002381349,0.9997619,-0.01535645,0.0155038
-0.0002381349,0.9997619,-0.01535645,0.0155038
-0.0002381349,0.9997619,-0.01535645,0.0155038
-0.0002381349,0.9997619,-0.01535645,0.0155038
-0.0002381349,0.9997619,-0.01535645,0.0155038
-0.0002381349,0.9997619,-0.01535645,0.0155038
-0.0002381349,0.9997619,-0.01535645,0.0155038
-0.0002381349,0.9997619,-0.01535645,0.0155038
-0.0002381349,0.9997619,-0.01535645,0.0155038
-0.0002381349,0.9997619,-0.01535645,0.0155038
-0.0002381349,0.9997619,-0.01535645,0.0155038
-0.0002381349,0.9997619,-0.01535645,0.0155038
-0.0002381349,0.9997619,-0.01535645,0.0155038
-0.0002381349,0.9997619,-0.01535645,0.0155038
-0.0002381349,0.9997619,-0.01535645,0.0155038
-0.0002381349,0.9997619,-0.01535645,0.0155038
-0.0002381349,0.9997619,-0.01535645,0.0155038
-0.0002381349,0.9997619,-0.01535645,0.0155038
-0.0002381349,0.9997619,-0.01535645,0.0155038
-0.0002381349,0.9997619,-0.01535645,0.0155038
-0.0002381349,0.9997619,-0.01535645,0.0155038
-0.0002381349,0.9997619,-0.01535645,0.0155038
-0.0002381349,0.9997619,-0.01535645,0.0155038
-0.0002381349,0.9997619,-0.01535645,0.0155038
-0.0002392266,0.9997607,-0.01535643,0.01557487
-0.0002451678,0.9997547,-0.01535633,0.01596166
-0.0002497482,0.9997499,-0.01535626,0.01625987
-0.0002553898,0.9997439,-0.01535617,0.01662716
-0.0002621023,0.9997365,-0.01535605,0.01706417
-0.000269884,0.9997277,-0.01535592,0.01757078
-0.0002892103,0.9997048,-0.01535557,0.018829
-0.0003004888,0.9996907,-0.01535535,0.01956327
-0.0003128302,0.9996746,-0.0153551,0.02036674
-0.000326236,0.9996565,-0.01535483,0.02123951
-0.0003407133,0.9996361,-0.01535451,0.02218203
-0.0003734579,0.9995865,-0.01535375,0.02431383
-0.0003914355,0.9995573,-0.0153533,0.02548424
-0.0004104741,0.9995249,-0.01535281,0.02672373
-0.0004305774,0.9994891,-0.01535225,0.02803253
-0.0004517449,0.9994495,-0.01535165,0.02941061
-0.0004978557,0.9993566,-0.01535022,0.03241259
-0.000522529,0.9993032,-0.0153494,0.03401892
-0.0005482603,0.9992447,-0.0153485,0.03569412
-0.0005750499,0.9991809,-0.01534752,0.03743822
-0.0006029044,0.9991114,-0.01534645,0.03925166
-0.00066238,0.9989517,-0.015344,0.04312374
-0.0006937291,0.9988616,-0.01534262,0.04516468
-0.00072614,0.9987638,-0.01534111,0.04727475
-0.0007596191,0.9986583,-0.01533949,0.04945436
-0.0007944576,0.9985434,-0.01533773,0.05172247
-0.0008673128,0.9982864,-0.01533378,0.05646563
-0.0009053405,0.9981433,-0.01533158,0.05894137
-0.0009444171,0.9979898,-0.01532922,0.06148541
-0.0009845727,0.9978253,-0.0153267,0.06409968
-0.001025763,0.9976494,-0.015324,0.06678132
-0.001111914,0.9972582,-0.01531799,0.07239009
-0.001156571,0.9970429,-0.01531468,0.0752974
-0.001202283,0.9968137,-0.01531116,0.07827345
-0.001249038,0.99657,-0.01530742,0.08131739
-0.001254783,0.9965394,-0.01530695,0.08169142
-0.001254783,0.9965394,-0.01530695,0.08169142
-0.001254783,0.9965394,-0.01530695,0.08169142
-0.001254783,0.9965394,-0.01530695,0.08169142
-0.001254783,0.9965394,-0.01530695,0.08169142
-0.001254783,0.9965394,-0.01530695,0.08169142
-0.001254783,0.9965394,-0.01530695,0.08169142
-0.001254783,0.9965394,-0.01530695,0.08169142
-0.001254783,0.9965394,-0.01530695,0.08169142
-0.001254783,0.9965394,-0.01530695,0.08169142
-0.001254783,0.9965394,-0.01530695,0.08169142
-0.001254783,0.9965394,-0.01530695,0.08169142
-0.001254783,0.9965394,-0.01530695,0.08169142
-0.001254783,0.9965394,-0.01530695,0.08169142
-0.001254783,0.9965394,-0.01530695,0.08169142
-0.001254783,0.9965394,-0.01530695,0.08169142
-0.001254783,0.9965394,-0.01530695,0.08169142
-0.001254783,0.9965394,-0.01530695,0.08169142
-0.001254783,0.9965394,-0.01530695,0.08169142
-0.001254783,0.9965394,-0.01530695,0.08169142
-0.001254783,0.9965394,-0.01530695,0.08169142
-0.001254783,0.9965394,-0.01530695,0.08169142
-0.001254783,0.9965394,-0.01530695,0.08169142
-0.001254783,0.9965394,-0.01530695,0.08169142
-0.001254783,0.9965394,-0.01530695,0.08169142
-0.001254783,0.9965394,-0.01530695,0.08169142
-0.001254783,0.9965394,-0.01530695,0.08169142
-0.001254783,0.9965394,-0.01530695,0.08169142
-0.001254783,0.9965394,-0.01530695,0.08169142
-0.001254783,0.9965394,-0.01530695,0.08169142
-0.001254783,0.9965394,-0.01530695,0.08169142
-0.001254783,0.9965394,-0.01530695,0.08169142
-0.001254783,0.9965394,-0.01530695,0.08169142
-0.001254783,0.9965394,-0.01530695,0.08169142
-0.001254783,0.9965394,-0.01530695,0.08169142
-0.001254783,0.9965394,-0.01530695,0.08169142
-0.001254783,0.9965394,-0.01530695,0.08169142
-0.001254783,0.9965394,-0.01530695,0.08169142
-0.001254783,0.9965394,-0.01530695,0.08169142
-0.001254783,0.9965394,-0.01530695,0.08169142
-0.001254783,0.9965394,-0.01530695,0.08169142
-0.001254783,0.9965394,-0.01530695,0.08169142
-0.001254783,0.9965394,-0.01530695,0.08169142
-0.001254783,0.9965394,-0.01530695,0.08169142
-0.001254783,0.9965394,-0.01530695,0.08169142
-0.001254783,0.9965394,-0.01530695,0.08169142
-0.001254783,0.9965394,-0.01530695,0.08169142
-0.001254783,0.9965394,-0.01530695,0.08169142
-0.001254783,0.9965394,-0.01530695,0.08169142
-0.001254783,0.9965394,-0.01530695,0.08169142
-0.001254783,0.9965394,-0.01530695,0.08169142
-0.001254783,0.9965394,-0.01530695,0.08169142
-0.001254783,0.9965394,-0.01530695,0.08169142
-0.001254783,0.9965394,-0.01530695,0.08169142
-0.001254783,0.9965394,-0.01530695,0.08169142
-0.001254783,0.9965394,-0.01530695,0.08169142
-0.001254783,0.9965394,-0.01530695,0.08169142
-0.001254783,0.9965394,-0.01530695,0.08169142
-0.001254783,0.9965394,-0.01530695,0.08169142
-0.001254783,0.9965394,-0.01530695,0.08169142
-0.001254783,0.9965394,-0.01530695,0.08169142
-0.00125161,0.9965563,-0.01530721,0.0814848
-0.001248423,0.9965732,-0.01530746,0.0812773
-0.001244176,0.9965957,-0.01530781,0.08100085
-0.001238557,0.9966254,-0.01530827,0.08063501
-0.001231878,0.9966605,-0.0153088,0.0802002
-0.00121535,0.9967465,-0.01531013,0.07912413
-0.001205481,0.9967973,-0.01531091,0.07848164
-0.001194248,0.9968546,-0.01531179,0.07775034
-0.001181952,0.9969167,-0.01531274,0.07694983
-0.00116861,0.9969834,-0.01531377,0.07608124
-0.001138696,0.9971301,-0.01531602,0.07413368
-0.001122141,0.9972096,-0.01531724,0.0730559
-0.001104522,0.997293,-0.01531852,0.07190882
-0.001085526,0.9973814,-0.01531988,0.07067212
-0.001065481,0.997473,-0.01532129,0.06936715
-0.001022174,0.997665,-0.01532424,0.06654768
-0.0009989185,0.9977649,-0.01532577,0.06503368
-0.0009746029,0.9978668,-0.01532734,0.06345064
-0.000948921,0.9979717,-0.01532895,0.06177865
-0.0009221756,0.998078,-0.01533058,0.06003743
-0.0008654743,0.9982932,-0.01533389,0.05634596
-0.0008355191,0.9984013,-0.01533555,0.05439577
-0.0008041987,0.9985104,-0.01533722,0.05235669
-0.0007717956,0.9986188,-0.01533889,0.05024713
-0.0007383393,0.998726,-0.01534053,0.048069
-0.0006682128,0.9989352,-0.01534375,0.0435035
-0.0006315421,0.9990363,-0.0153453,0.0411161
-0.0005935146,0.9991351,-0.01534682,0.03864037
-0.0005544022,0.9992304,-0.01534828,0.03609401
-0.0005142433,0.9993214,-0.01534968,0.03347951
-0.0004306822,0.9994889,-0.01535225,0.02803938
-0.0003872857,0.9995641,-0.01535341,0.0252141
-0.0003425346,0.9996334,-0.01535447,0.02230064
-0.0002967221,0.9996954,-0.01535542,0.01931807
-0.0002498298,0.9997498,-0.01535626,0.01626521
-0.0001528346,0.9998326,-0.01535753,0.00995046
-0.0001027303,0.9998598,-0.01535795,0.006688485
-5.126488E-05,0.9998766,-0.01535821,0.003337892
1.247563E-06,0.9998821,-0.01535829,-8.086371E-05
5.485378E-05,0.9998757,-0.01535819,-0.003570828
0.0001652529,0.9998242,-0.0153574,-0.01075822
0.0002223491,0.9997773,-0.01535668,-0.01447539
0.0002802123,0.9997157,-0.01535574,-0.01824251
0.0003394321,0.9996379,-0.01535454,-0.02209794
0.000399713,0.9995434,-0.01535309,-0.02602245
0.0005234593,0.9993012,-0.01534937,-0.0340788
0.0005872208,0.999151,-0.01534706,-0.03822991
0.0006520333,0.9989806,-0.01534444,-0.04244944
0.0007178992,0.9987891,-0.0153415,-0.04673756
0.000784821,0.9985757,-0.01533823,-0.05109441
0.0009218094,0.9980795,-0.0153306,-0.06001287
0.0009918752,0.9977947,-0.01532623,-0.06457442
0.001063288,0.997483,-0.01532144,-0.06922365
0.00113574,0.9971443,-0.01531624,-0.07394055
0.001209229,0.9967781,-0.01531061,-0.07872498
0.001359295,0.9959583,-0.01529802,-0.08849484
0.00143618,0.9955008,-0.01529099,-0.09350033
0.001514091,0.9950113,-0.01528347,-0.09857262
0.001593004,0.994489,-0.01527545,-0.1037101
0.001672948,0.9939324,-0.0152669,-0.1089148
0.00183589,0.9927127,-0.01524817,-0.1195229
0.001919161,0.9920449,-0.01523791,-0.1249442
0.00200345,0.9913384,-0.01522706,-0.1304317
0.002088718,0.9905922,-0.0152156,-0.135983
0.00217498,0.989805,-0.01520351,-0.141599
0.002350447,0.9881034,-0.01517737,-0.1530225
0.002439944,0.9871835,-0.01516324,-0.1588491
0.002530406,0.9862177,-0.0151484,-0.1647385
0.002621827,0.9852051,-0.01513285,-0.1706903
0.002714202,0.9841442,-0.01511655,-0.1767043
0.002901791,0.9818729,-0.01508167,-0.188917
0.002997281,0.9806564,-0.01506298,-0.1951338
0.003093702,0.9793864,-0.01504347,-0.2014112
0.003191022,0.978062,-0.01502313,-0.2077471
0.003289263,0.9766815,-0.01500193,-0.2141429
0.003388407,0.975244,-0.01497985,-0.2205975
0.003589935,0.9721832,-0.01493283,-0.2337178
0.003692015,0.9705614,-0.01490792,-0.2403636
0.003794957,0.9688771,-0.01488205,-0.2470655
0.003898743,0.9671289,-0.0148552,-0.2538224
0.004108813,0.9634358,-0.01479847,-0.2674987
0.004215086,0.9614881,-0.01476855,-0.2744175
0.004322452,0.9594656,-0.01473749,-0.2814074
0.004430609,0.9573722,-0.01470533,-0.2884488
0.004539541,0.9552068,-0.01467207,-0.2955407
0.004759705,0.9506536,-0.01460213,-0.3098742
0.004871203,0.9482567,-0.01456532,-0.3171331
0.004983416,0.9457821,-0.01452731,-0.3244386
0.005096327,0.9432285,-0.01448808,-0.3317895
0.005209943,0.9405939,-0.01444762,-0.3391863
0.005439195,0.9350771,-0.01436288,-0.3541115
0.005555075,0.9321852,-0.01431846,-0.3616557
0.005671564,0.9292073,-0.01427272,-0.3692396
0.005788685,0.9261411,-0.01422562,-0.3768646
0.005906404,0.9229854,-0.01417715,-0.3845286
0.006143548,0.9164007,-0.01407601,-0.3999675
0.00626321,0.9129609,-0.01402317,-0.4077579
0.006383368,0.9094266,-0.01396888,-0.4155807
0.006504036,0.9057956,-0.01391311,-0.4234366
0.006625181,0.9020666,-0.01385583,-0.4313236
0.006868827,0.8943092,-0.01373668,-0.4471859
0.006991543,0.8902695,-0.01367463,-0.4551752
0.007114645,0.8861262,-0.01361099,-0.4631895
0.007238094,0.8818786,-0.01354574,-0.4712266
0.007361887,0.8775245,-0.01347886,-0.479286
0.00748599,0.873063,-0.01341033,-0.4873655
0.007735562,0.8637925,-0.01326794,-0.5036137
0.007860716,0.8589903,-0.01319418,-0.5117616
0.007986079,0.8540749,-0.01311867,-0.5199233
0.008111612,0.8490459,-0.01304143,-0.5280959
0.008237308,0.843901,-0.0129624,-0.5362792
0.008489546,0.8332382,-0.01279862,-0.5527008
0.008615774,0.8277285,-0.01271399,-0.5609187
0.008742034,0.8220981,-0.01262751,-0.5691387
0.008868294,0.8163462,-0.01253916,-0.5773587
0.008994528,0.8104714,-0.01244892,-0.585577
0.009247264,0.798325,-0.01226235,-0.6020311
0.009373452,0.7920629,-0.01216616,-0.6102464
0.009499485,0.7856729,-0.01206801,-0.6184516
0.009625322,0.7791543,-0.01196789,-0.6266441
0.009750921,0.7725066,-0.01186578,-0.6348211
0.01000173,0.7587941,-0.01165515,-0.6511496
0.01012665,0.7517387,-0.01154678,-0.6592823
0.01025119,0.7445496,-0.01143636,-0.6673905
0.01037531,0.7372267,-0.01132387,-0.6754709
0.01049919,0.729755,-0.01120911,-0.6835362
0.01074541,0.7144029,-0.0109733,-0.699566
0.01086768,0.7065201,-0.01085222,-0.7075263
0.01098933,0.698499,-0.01072901,-0.7154462
0.01111032,0.6903391,-0.01060368,-0.7233229
0.01123081,0.6820252,-0.01047598,-0.7311674
0.0114695,0.6649757,-0.01021409,-0.7467071
0.01158762,0.656239,-0.0100799,-0.7543968
0.01170486,0.6473602,-0.009943519,-0.7620295
0.01182117,0.6383394,-0.009804958,-0.7696019
0.0119367,0.6291605,-0.009663969,-0.7771237
0.01216466,0.6103739,-0.009375405,-0.7919645
0.012277,0.6007652,-0.009227814,-0.799278
0.01238817,0.5910131,-0.00907802,-0.8065158
0.01249814,0.5811173,-0.008926019,-0.813675
0.012607,0.5710632,-0.008771586,-0.8207625
0.01280245,0.5523259,-0.00848378,-0.8334867
0.01287152,0.5454792,-0.008378615,-0.8379837
0.01292248,0.5403484,-0.008299805,-0.8413013
0.0129558,0.5369557,-0.008247692,-0.8434707
0.01296748,0.5357592,-0.008229315,-0.8442311
0.01296748,0.5357592,-0.008229315,-0.8442311
0.01296748,0.5357592,-0.008229315,-0.8442311
0.01296748,0.5357592,-0.008229315,-0.8442311
0.01296748,0.5357592,-0.008229315,-0.8442311
0.01296748,0.5357592,-0.008229315,-0.8442311
0.01296748,0.5357592,-0.008229315,-0.8442311
0.01296748,0.5357592,-0.008229315,-0.8442311
0.01296805,0.5357007,-0.008228417,-0.8442683
0.01296934,0.5355688,-0.00822639,-0.844352
0.01297105,0.5353929,-0.008223688,-0.8444636
0.0129765,0.5348332,-0.008215091,-0.8448181
0.01298008,0.5344646,-0.00820943,-0.8450513
0.01298423,0.5340369,-0.008202861,-0.8453217
0.01298895,0.5335501,-0.008195383,-0.845629
0.01299439,0.5329887,-0.008186759,-0.845983
0.01300695,0.5316882,-0.008166783,-0.846801
0.01301408,0.5309491,-0.008155432,-0.8472646
0.01302175,0.5301507,-0.008143167,-0.8477643
0.01303014,0.5292763,-0.008129737,-0.8483105
0.01303908,0.5283425,-0.008115394,-0.8488925
0.0130586,0.5262954,-0.00808395,-0.8501632
0.01306917,0.5251824,-0.008066854,-0.8508512
0.01308027,0.5240092,-0.008048833,-0.8515742
0.01309191,0.5227759,-0.00802989,-0.8523318
0.01310423,0.5214655,-0.008009763,-0.8531342
0.01313045,0.5186629,-0.007966714,-0.8548409
0.01314433,0.5171705,-0.00794379,-0.8557447
0.01315872,0.5156168,-0.007919925,-0.8566817
0.01317378,0.5139847,-0.007894858,-0.8576619
0.01318933,0.5122912,-0.007868845,-0.8586745
0.01322191,0.5087195,-0.007813984,-0.8607953
0.01323892,0.5068406,-0.007785122,-0.861903
0.01325641,0.5048996,-0.007755308,-0.8630415
0.01327437,0.5028958,-0.007724529,-0.8642105
0.01329294,0.5008124,-0.007692527,-0.8654196
0.01333143,0.4964569,-0.007625627,-0.8679256
0.01335134,0.4941832,-0.007590702,-0.8692221
0.0133717,0.4918455,-0.007554796,-0.8705471
0.01339247,0.489444,-0.007517908,-0.8718995
0.01341381,0.4869612,-0.007479772,-0.8732886
0.0134577,0.4818009,-0.007400509,-0.8761461
0.01348024,0.4791228,-0.007359374,-0.8776135
0.0135033,0.4763623,-0.007316973,-0.8791149
0.01352673,0.4735367,-0.007273572,-0.8806402
0.01355053,0.4706437,-0.007229134,-0.8821898
0.01359917,0.4646589,-0.007137208,-0.8853566
0.013624,0.4615662,-0.007089704,-0.8869729
0.01364915,0.4584063,-0.007041167,-0.88861
0.01367461,0.4551783,-0.006991585,-0.8902678
0.01370051,0.4518649,-0.006940692,-0.8919541
0.01375317,0.4450331,-0.006835754,-0.8953824
0.01377991,0.4415136,-0.006781695,-0.8971231
0.01380702,0.4379086,-0.006726322,-0.8988883
0.01383427,0.4342486,-0.006670103,-0.9006621
0.01386186,0.430503,-0.006612571,-0.9024585
0.01391768,0.4228007,-0.006494262,-0.9060926
0.01394588,0.4188432,-0.006433475,-0.9079287
0.01397438,0.4147974,-0.006371331,-0.9097842
0.01400304,0.4106814,-0.006308109,-0.9116496
0.01403185,0.4064918,-0.006243757,-0.9135253
0.01408985,0.3978971,-0.00611174,-0.9173015
0.01411902,0.3934904,-0.006044052,-0.9192005
0.01414828,0.3890108,-0.005975246,-0.9211051
0.01417772,0.3844401,-0.005905039,-0.9230222
0.01420722,0.3797961,-0.005833706,-0.9249428
0.01426634,0.3702849,-0.005687614,-0.9287913
0.01429592,0.3654174,-0.005612848,-0.9307171
0.0143256,0.360457,-0.005536655,-0.9326494
0.01435526,0.3554207,-0.005459297,-0.9345803
0.01438487,0.3503097,-0.005380791,-0.9365081
0.01444389,0.3398605,-0.005220291,-0.9403505
0.01447326,0.3345221,-0.005138293,-0.9422628
0.01450262,0.3290887,-0.005054836,-0.9441742
0.01453184,0.3235784,-0.004970196,-0.9460768
0.01456091,0.3179918,-0.004884385,-0.9479691
0.01461851,0.306587,-0.004709207,-0.9517187
0.014647,0.3007678,-0.004619824,-0.9535738
0.01467535,0.2948529,-0.00452897,-0.9554193
0.01470344,0.2888601,-0.00443692,-0.9572481
0.01473125,0.2827894,-0.004343674,-0.9590591
0.01478597,0.2704146,-0.004153594,-0.9626215
0.01481284,0.2641095,-0.004056747,-0.9643705
0.01483934,0.2577259,-0.003958695,-0.966096
0.01486554,0.2512449,-0.003859146,-0.9678017
0.01489133,0.244685,-0.003758385,-0.9694811
0.01494161,0.2313294,-0.003553242,-0.9727543
0.01496605,0.2245335,-0.003448856,-0.9743454
0.01499005,0.2176419,-0.003343,-0.9759079
0.01501353,0.2106697,-0.003235906,-0.9774367
0.01503647,0.2036182,-0.003127595,-0.9789299
0.0150806,0.1892802,-0.002907362,-0.981803
0.01510175,0.1819918,-0.002795411,-0.9831801
0.01512231,0.1746069,-0.002681979,-0.9845185
0.01514219,0.1671442,-0.002567351,-0.9858129
0.01516138,0.1596034,-0.002451523,-0.9870618
0.01519755,0.1442873,-0.002216266,-0.9894167
0.01521448,0.1365129,-0.00209685,-0.9905192
0.01523066,0.1286419,-0.001975951,-0.9915722
0.015246,0.120694,-0.001853871,-0.992571
0.01526048,0.1126696,-0.001730615,-0.9935138
0.01528676,0.09639104,-0.001480574,-0.9952251
0.01529851,0.08813813,-0.001353809,-0.9959899
0.01530932,0.07978994,-0.00122558,-0.9966934
0.01531912,0.07136703,-0.001096203,-0.9973319
0.01532791,0.06286909,-0.0009656738,-0.9979036
0.01534228,0.04565312,-0.0007012346,-0.9988393
0.01534781,0.03693615,-0.000567341,-0.9991996
0.01535222,0.02812881,-0.0004320593,-0.9994863
0.01535545,0.01924765,-0.0002956438,-0.9996968
0.01535748,0.01029651,-0.0001581533,-0.9998291
0.01535783,-0.007815794,0.0001200536,-0.9998516
0.01535608,-0.01699399,0.0002610316,-0.9997377
0.01535301,-0.02624092,0.0004030655,-0.9995377
0.01534858,-0.03555583,0.0005461435,-0.9992497
0.01534278,-0.04493663,0.0006902335,-0.9988718
0.01532691,-0.06389355,0.0009814138,-0.9978386
0.01531676,-0.07348806,0.001128787,-0.9971778
0.0153051,-0.0831441,0.001277104,-0.9964192
0.01529192,-0.09286179,0.001426369,-0.9955605
0.01527716,-0.1026397,0.001576559,-0.9946001
0.01524284,-0.1223716,0.001879643,-0.9923655
0.01522317,-0.1323428,0.002032802,-0.9910851
0.01520181,-0.1423681,0.002186791,-0.9896947
0.01517873,-0.1524489,0.002341633,-0.988192
0.0151539,-0.1625819,0.002497277,-0.9865755
0.01509882,-0.1830192,0.002811197,-0.9829894
0.0150685,-0.1933211,0.002969436,-0.9810153
0.0150363,-0.2036699,0.003128394,-0.9789191
0.0150022,-0.2140643,0.003288053,-0.9766989
0.01496616,-0.2245016,0.003448371,-0.9743527
0.01488817,-0.2454992,0.003770896,-0.9692752
0.01485683,-0.2534203,0.003892565,-0.9672344
0.0148328,-0.2593152,0.003983112,-0.9656706
0.01481675,-0.2631778,0.004042442,-0.9646251
0.01480895,-0.2650312,0.004070911,-0.9641175
0.01480895,-0.2650312,0.004070911,-0.9641175
0.01480895,-0.2650312,0.004070911,-0.9641175
0.01480895,-0.2650312,0.004070911,-0.9641175
0.01480895,-0.2650312,0.004070911,-0.9641175
0.01480895,-0.2650312,0.004070911,-0.9641175
0.01480895,-0.2650312,0.004070911,-0.9641175
0.01480923,-0.2649651,0.004069895,-0.9641357
0.01480979,-0.2648318,0.004067848,-0.9641724
0.01481064,-0.2646315,0.004064772,-0.9642274
0.01481176,-0.2643651,0.00406068,-0.9643003
0.01481316,-0.2640319,0.004055561,-0.9643916
0.01481695,-0.2631284,0.004041684,-0.9646386
0.01481927,-0.2625745,0.004033176,-0.9647895
0.01482186,-0.2619535,0.004023638,-0.9649583
0.01482473,-0.2612651,0.004013064,-0.9651449
0.01483127,-0.2596872,0.003988827,-0.9655707
0.01483502,-0.2587783,0.003974867,-0.9658147
0.01483903,-0.2578019,0.003959869,-0.9660758
0.0148433,-0.2567581,0.003943836,-0.9663537
0.01484782,-0.2556472,0.003926771,-0.9666482
0.01485259,-0.2544693,0.003908679,-0.9669589
0.01486304,-0.251871,0.003868769,-0.967639
0.01486862,-0.2504706,0.003847259,-0.9680024
0.01487444,-0.249002,0.003824702,-0.9683812
0.01488049,-0.2474661,0.003801109,-0.9687749
0.01488683,-0.2458438,0.00377619,-0.9691878
0.01490017,-0.2423947,0.003723213,-0.9700562
0.01490715,-0.2405677,0.00369515,-0.9705108
0.01491434,-0.2386724,0.003666038,-0.9709787
0.01492172,-0.236709,0.003635879,-0.9714593
0.01492936,-0.2346588,0.003604389,-0.9719566
0.01494518,-0.2303502,0.003538207,-0.9729866
0.01495335,-0.2280926,0.003503531,-0.9735184
0.01496167,-0.2257667,0.003467804,-0.9740603
0.01497015,-0.2233719,0.00343102,-0.9746123
0.01497884,-0.2208882,0.00339287,-0.9751782
0.01499662,-0.2157133,0.003313384,-0.9763359
0.01500569,-0.2130235,0.003272068,-0.9769264
0.01501488,-0.2102626,0.003229661,-0.9775243
0.01502416,-0.2074325,0.003186189,-0.9781289
0.01503354,-0.2045329,0.003141652,-0.9787393
0.01505265,-0.1984852,0.003048758,-0.9799835
0.01506231,-0.195356,0.003000692,-0.9806122
0.01507201,-0.1921565,0.002951549,-0.9812441
0.01508176,-0.188888,0.002901343,-0.9818786
0.01509154,-0.1855478,0.002850038,-0.9825152
0.01511125,-0.1786188,0.002743609,-0.9837985
0.0151211,-0.1750486,0.002688769,-0.98444
0.01513094,-0.1714083,0.002632855,-0.9850804
0.01514075,-0.1676967,0.002575843,-0.985719
0.01515052,-0.1639141,0.002517742,-0.9863551
0.01516999,-0.1560965,0.002397663,-0.9876224
0.01517961,-0.1520808,0.002335982,-0.9882488
0.01518913,-0.1479943,0.002273213,-0.988869
0.01519855,-0.1438356,0.002209334,-0.9894824
0.0152079,-0.139587,0.002144075,-0.9900907
0.01522616,-0.1308753,0.002010263,-0.9912799
0.01523506,-0.1264121,0.001941707,-0.991859
0.01524377,-0.1218779,0.001872062,-0.9924263
0.01525233,-0.1172537,0.001801034,-0.9929833
0.01526064,-0.1125767,0.001729195,-0.9935244
0.01527664,-0.1029683,0.001581608,-0.9945661
0.01528426,-0.09805685,0.001506168,-0.9950624
0.01529161,-0.09307428,0.001429635,-0.9955407
0.01529867,-0.08802056,0.00135201,-0.9960003
0.01530545,-0.08287551,0.001272982,-0.9964416
0.01531801,-0.07237068,0.001111626,-0.9972596
0.01532376,-0.06701103,0.001029301,-0.9976341
0.01532914,-0.06157997,0.0009458798,-0.997984
0.01533412,-0.0560775,0.0008613613,-0.9983083
0.0153387,-0.05048472,0.0007754556,-0.9986067
0.01534656,-0.03908639,0.0006003761,-0.9991179
0.01534978,-0.03328132,0.0005112095,-0.9993281
0.01535252,-0.02740525,0.0004209526,-0.9995065
0.01535476,-0.02143982,0.0003293229,-0.9996522
0.01535647,-0.01540507,0.0002366285,-0.9997634
0.01535822,-0.003125528,4.801342E-05,-0.9998772
0.01535822,0.003119408,-4.790947E-05,-0.9998773
0.01535761,0.009433742,-0.0001448983,-0.9998376
0.01535637,0.01581718,-0.0002429486,-0.9997569
0.01535448,0.0222883,-0.0003423457,-0.9996336
0.01534865,0.03543678,-0.0005443078,-0.9992539
0.01534467,0.04211332,-0.0006468601,-0.9989948
0.01533995,0.04885748,-0.0007504512,-0.9986877
0.01533446,0.05568773,-0.0008553645,-0.9983302
0.01532818,0.06258504,-0.0009613079,-0.9979215
0.01531318,0.07657838,-0.001176247,-0.9969453
0.01530442,0.08367302,-0.001285222,-0.996375
0.01529479,0.09083259,-0.001395193,-0.9957478
0.01528423,0.0980764,-0.001506459,-0.9950604
0.01527275,0.1053839,-0.001618703,-0.9943131
0.01524694,0.1201879,-0.001846094,-0.9926323
0.01523256,0.1276836,-0.001961229,-0.9916961
0.01521716,0.1352407,-0.002077307,-0.9906937
0.01520068,0.1428784,-0.002194622,-0.9896211
0.01518314,0.1505764,-0.002312865,-0.9884791
0.01514478,0.1661482,-0.002552049,-0.9859812
0.0151239,0.1740217,-0.002672988,-0.9846221
0.01510186,0.1819528,-0.002794809,-0.9831873
0.01507858,0.1899596,-0.002917794,-0.9816718
0.01505409,0.1980216,-0.003041628,-0.9800774
0.01500138,0.2143081,-0.00329179,-0.9766454
0.0149731,0.2225313,-0.0034181,-0.9748046
0.01494352,0.2308061,-0.003545201,-0.9728786
0.01491253,0.2391507,-0.003673375,-0.970861
0.01488018,0.2475445,-0.003802305,-0.9687548
0.01481129,0.2644769,-0.004062388,-0.9642698
0.0147747,0.2730134,-0.00419351,-0.9618877
0.01473664,0.2815953,-0.004325328,-0.9594103
0.01469702,0.2902402,-0.004458115,-0.9568306
0.01465588,0.2989279,-0.00459156,-0.9541522
0.01456896,0.3164249,-0.004860315,-0.9484933
0.01452313,0.3252321,-0.004995595,-0.9455096
0.01447558,0.3340951,-0.005131731,-0.9424142
0.0144264,0.3429938,-0.005268416,-0.9392121
0.01437555,0.3519271,-0.005405632,-0.9359015
0.01426875,0.3698899,-0.005681542,-0.9289487
0.01421276,0.3789166,-0.005820193,-0.9253035
0.01415488,0.3879901,-0.005959562,-0.9215357
0.01409522,0.3970892,-0.006099326,-0.9176515
0.01403375,0.4062131,-0.006239471,-0.9136493
0.01390527,0.4245276,-0.006520783,-0.9052848
0.01383822,0.4337147,-0.006661898,-0.9009194
0.01376913,0.4429365,-0.006803545,-0.8964215
0.01369811,0.4521736,-0.006945429,-0.8917978
0.01362513,0.4614243,-0.007087519,-0.8870466
0.01347323,0.4799577,-0.007372195,-0.8771572
0.01339426,0.4892363,-0.007514715,-0.8720161
0.01331324,0.4985206,-0.007657323,-0.8667418
0.01323002,0.5078247,-0.007800234,-0.8613236
0.01314472,0.5171283,-0.00794314,-0.8557701
0.01296777,0.5357289,-0.008228847,-0.8442504
0.0128761,0.5450211,-0.008371575,-0.8382818
0.01278209,0.5543206,-0.008514416,-0.8321616
0.0126859,0.5636089,-0.008657087,-0.825899
0.0125875,0.5728834,-0.008799543,-0.8194931
0.01238403,0.5913804,-0.009083659,-0.8062464
0.01227874,0.6006138,-0.009225484,-0.7993918
0.01217119,0.6098223,-0.009366928,-0.7923894
0.01206133,0.6190041,-0.009507963,-0.7852376
0.01194918,0.6281561,-0.009648538,-0.7779358
0.01171791,0.6463583,-0.009928127,-0.7628795
0.01159877,0.6554036,-0.01006706,-0.7551228
0.01147706,0.6644226,-0.0102056,-0.7471994
0.01135298,0.6733972,-0.01034345,-0.7391214
0.01122653,0.6823241,-0.01048057,-0.7308885
0.01096642,0.7000235,-0.01075243,-0.7139546
0.01083276,0.7087893,-0.01088708,-0.705253
0.01069645,0.71751,-0.01102103,-0.6963788
0.01055772,0.7261671,-0.011154,-0.6873467
0.01041655,0.7347577,-0.01128595,-0.6781559
0.01020109,0.7474606,-0.01148107,-0.6641286
0.01012808,0.7516572,-0.01154553,-0.6593752
0.01008582,0.7540614,-0.01158246,-0.6566244
0.01006733,0.7551084,-0.01159854,-0.6554201
0.01006733,0.7551084,-0.01159854,-0.6554201
0.01006733,0.7551084,-0.01159854,-0.6554201
0.01006733,0.7551084,-0.01159854,-0.6554201
0.01006733,0.7551084,-0.01159854,-0.6554201
0.01006733,0.7551084,-0.01159854,-0.6554201
0.01006733,0.7551084,-0.01159854,-0.6554201
0.01006733,0.7551084,-0.01159854,-0.6554201
0.01006733,0.7551084,-0.01159854,-0.6554201
0.01006733,0.7551084,-0.01159854,-0.6554201
0.01006733,0.7551084,-0.01159854,-0.6554201
0.01006733,0.7551084,-0.01159854,-0.6554201
0.01006733,0.7551084,-0.01159854,-0.6554201
0.01006733,0.7551084,-0.01159854,-0.6554201
0.01006733,0.7551084,-0.01159854,-0.6554201
0.01006733,0.7551084,-0.01159854,-0.6554201
0.01006733,0.7551084,-0.01159854,-0.6554201
0.01006733,0.7551084,-0.01159854,-0.6554201
0.01006733,0.7551084,-0.01159854,-0.6554201
0.01006733,0.7551084,-0.01159854,-0.6554201
0.01006733,0.7551084,-0.01159854,-0.6554201
0.01006733,0.7551084,-0.01159854,-0.6554201
0.01006733,0.7551084,-0.01159854,-0.6554201
0.01006733,0.7551084,-0.01159854,-0.6554201
0.01006733,0.7551084,-0.01159854,-0.6554201
0.01006733,0.7551084,-0.01159854,-0.6554201
0.01006733,0.7551084,-0.01159854,-0.6554201
0.01006733,0.7551084,-0.01159854,-0.6554201
0.01006733,0.7551084,-0.01159854,-0.6554201
0.01006733,0.7551084,-0.01159854,-0.6554201
0.01006733,0.7551084,-0.01159854,-0.6554201
0.01006733,0.7551084,-0.01159854,-0.6554201
0.01006733,0.7551084,-0.01159854,-0.6554201
0.01006733,0.7551084,-0.01159854,-0.6554201
0.01006733,0.7551084,-0.01159854,-0.6554201
0.01006733,0.7551084,-0.01159854,-0.6554201
0.01006733,0.7551084,-0.01159854,-0.6554201
0.01006733,0.7551084,-0.01159854,-0.6554201
0.01006733,0.7551084,-0.01159854,-0.6554201
0.01006733,0.7551084,-0.01159854,-0.6554201
0.01006733,0.7551084,-0.01159854,-0.6554201
0.01006733,0.7551084,-0.01159854,-0.6554201
0.01006733,0.7551084,-0.01159854,-0.6554201
0.01006733,0.7551084,-0.01159854,-0.6554201
0.01006733,0.7551084,-0.01159854,-0.6554201
0.01006733,0.7551084,-0.01159854,-0.6554201
0.01006733,0.7551084,-0.01159854,-0.6554201
0.01006733,0.7551084,-0.01159854,-0.6554201
0.01006733,0.7551084,-0.01159854,-0.6554201
0.01006733,0.7551084,-0.01159854,-0.6554201
0.01006733,0.7551084,-0.01159854,-0.6554201
0.01006733,0.7551084,-0.01159854,-0.6554201
0.01006733,0.7551084,-0.01159854,-0.6554201
0.01006733,0.7551084,-0.01159854,-0.6554201
0.01006733,0.7551084,-0.01159854,-0.6554201
0.01006733,0.7551084,-0.01159854,-0.6554201
0.01006733,0.7551084,-0.01159854,-0.6554201
0.01006733,0.7551084,-0.01159854,-0.6554201
0.01006733,0.7551084,-0.01159854,-0.6554201
0.01006733,0.7551084,-0.01159854,-0.6554201
0.01006733,0.7551084,-0.01159854,-0.6554201
0.01006733,0.7551084,-0.01159854,-0.6554201
0.01006733,0.7551084,-0.01159854,-0.6554201
0.01006733,0.7551084,-0.01159854,-0.6554201
0.01006733,0.7551084,-0.01159854,-0.6554201
0.01006733,0.7551084,-0.01159854,-0.6554201
0.01006733,0.7551084,-0.01159854,-0.6554201
0.01006733,0.7551084,-0.01159854,-0.6554201
0.01006733,0.7551084,-0.01159854,-0.6554201
0.01006733,0.7551084,-0.01159854,-0.6554201
0.01006733,0.7551084,-0.01159854,-0.6554201
0.01006733,0.7551084,-0.01159854,-0.6554201
0.01006733,0.7551084,-0.01159854,-0.6554201
0.01006733,0.7551084,-0.01159854,-0.6554201
0.01006733,0.7551084,-0.01159854,-0.6554201
0.01006733,0.7551084,-0.01159854,-0.6554201
0.01006733,0.7551084,-0.01159854,-0.6554201
0.01006733,0.7551084,-0.01159854,-0.6554201
0.01006733,0.7551084,-0.01159854,-0.6554201
0.01006733,0.7551084,-0.01159854,-0.6554201
0.01006733,0.7551084,-0.01159854,-0.6554201
0.01006733,0.7551084,-0.01159854,-0.6554201
0.01006733,0.7551084,-0.01159854,-0.6554201
0.01006733,0.7551084,-0.01159854,-0.6554201
0.01006733,0.7551084,-0.01159854,-0.6554201
0.01006733,0.7551084,-0.01159854,-0.6554201
0.01006733,0.7551084,-0.01159854,-0.6554201
0.01006733,0.7551084,-0.01159854,-0.6554201
0.01006733,0.7551084,-0.01159854,-0.6554201
0.01006733,0.7551084,-0.01159854,-0.6554201
0.01006733,0.7551084,-0.01159854,-0.6554201
0.01006733,0.7551084,-0.01159854,-0.6554201
0.01006733,0.7551084,-0.01159854,-0.6554201
0.01006733,0.7551084,-0.01159854,-0.6554201
0.01006733,0.7551084,-0.01159854,-0.6554201
0.01006733,0.7551084,-0.01159854,-0.6554201
0.01006733,0.7551084,-0.01159854,-0.6554201
0.01006733,0.7551084,-0.01159854,-0.6554201
0.01006733,0.7551084,-0.01159854,-0.6554201
0.01006733,0.7551084,-0.01159854,-0.6554201
0.01006733,0.7551084,-0.01159854,-0.6554201
0.01006733,0.7551084,-0.01159854,-0.6554201
0.01006733,0.7551084,-0.01159854,-0.6554201
0.01006733,0.7551084,-0.01159854,-0.6554201
0.01006733,0.7551084,-0.01159854,-0.6554201
0.01006733,0.7551084,-0.01159854,-0.6554201
0.01006733,0.7551084,-0.01159854,-0.6554201
0.01006793,0.7550744,-0.01159802,-0.6554593
0.01007196,0.7548463,-0.01159452,-0.655722
0.01007518,0.7546643,-0.01159172,-0.6559314
0.01007921,0.754436,-0.01158821,-0.656194
0.01008404,0.7541623,-0.01158401,-0.6565086
0.01008991,0.7538294,-0.0115789,-0.6568907
0.01010405,0.7530263,-0.01156656,-0.6578112
0.01011232,0.7525554,-0.01155933,-0.6583498
0.01012138,0.7520392,-0.0115514,-0.6589395
0.01013124,0.7514765,-0.01154276,-0.6595811
0.01014213,0.7508537,-0.01153319,-0.6602899
0.01016625,0.7494696,-0.01151193,-0.6618606
0.0101795,0.7487073,-0.01150022,-0.6627229
0.01019352,0.7478982,-0.0114878,-0.6636359
0.01020856,0.7470284,-0.01147444,-0.6646149
0.01022437,0.746111,-0.01146034,-0.6656445
0.0102583,0.7441343,-0.01142998,-0.6678535
0.01027644,0.7430731,-0.01141368,-0.6690341
0.01029534,0.7419635,-0.01139664,-0.6702644
0.010315,0.7408053,-0.01137885,-0.6715444
0.01033563,0.7395852,-0.01136011,-0.6728878
0.01037916,0.7369966,-0.01132035,-0.6757219
0.01040205,0.7356278,-0.01129932,-0.6772119
0.01042568,0.7342088,-0.01127752,-0.6787501
0.01045026,0.7327257,-0.01125474,-0.6803508
0.01047558,0.7311918,-0.01123118,-0.6819991
0.0105284,0.7279694,-0.01118169,-0.6854376
0.01055588,0.7262806,-0.01115575,-0.6872267
0.01058407,0.7245397,-0.011129,-0.689062
0.01061318,0.7227326,-0.01110125,-0.6909571
0.01064298,0.7208724,-0.01107267,-0.6928976
0.01070464,0.7169927,-0.01101308,-0.6969116
0.01073649,0.7149712,-0.01098203,-0.6989852
0.01076901,0.7128953,-0.01095015,-0.7011023
0.0108022,0.710764,-0.01091741,-0.7032629
0.01083623,0.7085648,-0.01088363,-0.7054787
0.01090628,0.7039948,-0.01081343,-0.7100391
0.01094226,0.7016245,-0.01077702,-0.7123815
0.01097886,0.6991966,-0.01073973,-0.7147645
0.01101629,0.6966971,-0.01070134,-0.7172011
0.01105433,0.6941388,-0.01066204,-0.7196774
0.01113218,0.6888451,-0.01058073,-0.7247459
0.01117198,0.6861087,-0.0105387,-0.7273369
0.01121234,0.6833121,-0.01049575,-0.7299649
0.01125327,0.6804545,-0.01045185,-0.7326294
0.01129495,0.6775211,-0.0104068,-0.735343
0.01137991,0.6714683,-0.01031382,-0.7408742
0.01142318,0.6683472,-0.01026588,-0.743691
0.01146695,0.6651626,-0.01021697,-0.7465407
0.01151141,0.6618994,-0.01016685,-0.7494354
0.01155637,0.6585707,-0.01011572,-0.7523622
0.01164768,0.6517172,-0.01001045,-0.7583066
0.01169402,0.6481903,-0.009956272,-0.7613236
0.01174079,0.6445963,-0.009901069,-0.7643689
0.01178819,0.6409197,-0.009844596,-0.7674544
0.01183598,0.6371756,-0.009787085,-0.7705657
0.01193273,0.6294803,-0.009668884,-0.7768646
0.01198167,0.6255276,-0.009608169,-0.7800509
0.01203112,0.6214912,-0.00954617,-0.7832707
0.01208094,0.6173818,-0.009483049,-0.7865138
0.01213108,0.6132002,-0.009418821,-0.7897782
0.01223227,0.6046195,-0.00928702,-0.7963664
0.0122833,0.600219,-0.009219429,-0.7996882
0.01233458,0.595745,-0.009150708,-0.8030268
0.01238627,0.5911818,-0.009080616,-0.8063921
0.01243819,0.586543,-0.009009364,-0.8097725
0.01254268,0.5770347,-0.008863315,-0.8165753
0.0125952,0.5721658,-0.008788529,-0.8199942
0.01264805,0.5672032,-0.008712303,-0.8234347
0.01270103,0.5621622,-0.008634873,-0.8268844
0.01275414,0.5570425,-0.008556234,-0.8303421
0.01286062,0.5465674,-0.008395335,-0.8372743
0.01291398,0.5412091,-0.008313031,-0.8407478
0.01296754,0.5357533,-0.00822923,-0.8442349
0.01302112,0.5302163,-0.00814418,-0.8477234
0.01307471,0.5245973,-0.008057872,-0.851212
0.01318179,0.5131133,-0.007881476,-0.8581835
0.01323541,0.5072296,-0.007791102,-0.8616741
0.01328894,0.5012618,-0.007699435,-0.8651595
0.01334237,0.4952092,-0.007606467,-0.868638
0.01339567,0.4890722,-0.007512202,-0.8721081
0.0135018,0.4765426,-0.007319745,-0.8790173
0.01355472,0.4701318,-0.007221274,-0.8824626
0.01360741,0.4636351,-0.007121485,-0.8858931
0.01365986,0.4570512,-0.007020355,-0.8893078
0.01371204,0.4503807,-0.006917895,-0.8927045
0.01381548,0.4367761,-0.006708928,-0.8994392
0.0138667,0.4298422,-0.006602423,-0.9027734
0.01391767,0.4228023,-0.006494289,-0.9060918
0.01396825,0.4156725,-0.006384774,-0.9093847
0.0140184,0.4084542,-0.006273902,-0.9126496
0.01411732,0.3937495,-0.006048036,-0.9190895
0.01416615,0.3862447,-0.005932761,-0.9222685
0.01421444,0.37865,-0.005816106,-0.9254125
0.01426217,0.3709648,-0.00569806,-0.9285199
0.0143093,0.36319,-0.005578638,-0.9315885
0.01440168,0.3473703,-0.005335646,-0.9376023
0.01444686,0.3393241,-0.005212056,-0.9405441
0.01449144,0.3311695,-0.005086799,-0.9434463
0.01453527,0.3229245,-0.004960156,-0.9463001
0.01457834,0.3145894,-0.004832128,-0.9491037
0.01466203,0.2976473,-0.004571896,-0.9545524
0.0147026,0.2890407,-0.004439697,-0.9571936
0.01474237,0.2803241,-0.004305808,-0.9597825
0.0147812,0.2715173,-0.004170535,-0.962311
0.01481042,0.2646823,-0.004065549,-0.9642134
0.01484231,0.2569998,-0.003947545,-0.9662895
0.01484335,0.2567459,-0.003943646,-0.9663569
0.01484335,0.2567459,-0.003943646,-0.9663569
0.01484335,0.2567459,-0.003943646,-0.9663569
0.01484335,0.2567459,-0.003943646,-0.9663569
0.01484335,0.2567459,-0.003943646,-0.9663569
0.01484335,0.2567459,-0.003943646,-0.9663569
0.01484335,0.2567459,-0.003943646,-0.9663569
0.01484335,0.2567459,-0.003943646,-0.9663569
0.01484335,0.2567459,-0.003943646,-0.9663569
0.01484335,0.2567459,-0.003943646,-0.9663569
0.01484335,0.2567459,-0.003943646,-0.9663569
0.01484335,0.2567459,-0.003943646,-0.9663569
0.01484335,0.2567459,-0.003943646,-0.9663569
0.01484335,0.2567459,-0.003943646,-0.9663569
0.01484335,0.2567459,-0.003943646,-0.9663569
0.01484335,0.2567459,-0.003943646,-0.9663569
0.01484335,0.2567459,-0.003943646,-0.9663569
0.01484335,0.2567459,-0.003943646,-0.9663569
0.01484335,0.2567459,-0.003943646,-0.9663569
0.01484335,0.2567459,-0.003943646,-0.9663569
0.01484335,0.2567459,-0.003943646,-0.9663569
0.01484335,0.2567459,-0.003943646,-0.9663569
0.01484335,0.2567459,-0.003943646,-0.9663569
0.01484335,0.2567459,-0.003943646,-0.9663569
0.01484307,0.2568133,-0.003944681,-0.9663391
0.01484245,0.2569663,-0.003947031,-0.9662983
0.01484155,0.2571867,-0.003950416,-0.9662397
0.01484038,0.2574725,-0.003954805,-0.9661636
0.01483893,0.2578261,-0.003960237,-0.9660693
0.0148352,0.2587348,-0.003974196,-0.9658263
0.01483283,0.2593093,-0.00398302,-0.9656723
0.01483019,0.2599499,-0.003992859,-0.9655
0.01482726,0.2606571,-0.004003723,-0.9653093
0.01482404,0.2614317,-0.00401562,-0.9650999
0.01481673,0.2631808,-0.004042488,-0.9646243
0.01481256,0.2641748,-0.004057755,-0.9643525
0.01480809,0.2652356,-0.004074049,-0.9640613
0.01480331,0.2663626,-0.004091361,-0.9637505
0.01479824,0.2675557,-0.004109686,-0.96342
0.01479284,0.2688168,-0.004129058,-0.9630689
0.01478096,0.2715745,-0.004171416,-0.9622949
0.01477453,0.273053,-0.004194126,-0.9618765
0.01476777,0.2745974,-0.004217849,-0.9614367
0.01476068,0.276208,-0.004242587,-0.9609752
0.01475326,0.2778845,-0.004268338,-0.9604917
0.01473721,0.2814714,-0.004323434,-0.9594468
0.01472865,0.2833633,-0.004352494,-0.9588897
0.01471973,0.2853199,-0.004382547,-0.9583094
0.01471045,0.2873424,-0.004413614,-0.9577048
0.01470079,0.2894304,-0.004445686,-0.9570759
0.01468015,0.2938369,-0.004513369,-0.9557322
0.01466923,0.2961389,-0.004548728,-0.9550214
0.01465791,0.2985049,-0.004585071,-0.9542845
0.01464619,0.3009352,-0.0046224,-0.953521
0.01463404,0.3034294,-0.004660712,-0.9527302
0.01460827,0.3086474,-0.004740861,-0.9510525
0.01459472,0.3113523,-0.004782408,-0.9501705
0.01458072,0.3141204,-0.004824927,-0.949259
0.01456626,0.3169516,-0.004868414,-0.9483174
0.01455132,0.3198463,-0.004912877,-0.947345
0.0145198,0.3258611,-0.005005265,-0.9452929
0.01450331,0.3289604,-0.00505287,-0.9442189
0.01448629,0.3321227,-0.005101444,-0.9431112
0.01446876,0.335347,-0.005150969,-0.9419695
0.01443208,0.3419791,-0.005252839,-0.9395821
0.01442742,0.3428125,-0.00526564,-0.9392783
0.01442742,0.3428125,-0.00526564,-0.9392783
0.01442742,0.3428125,-0.00526564,-0.9392783
0.01442742,0.3428125,-0.00526564,-0.9392783
0.01442742,0.3428125,-0.00526564,-0.9392783
0.01442742,0.3428125,-0.00526564,-0.9392783
0.01442742,0.3428125,-0.00526564,-0.9392783
0.01442742,0.3428125,-0.00526564,-0.9392783
0.01442742,0.3428125,-0.00526564,-0.9392783
0.01442742,0.3428125,-0.00526564,-0.9392783
0.01442742,0.3428125,-0.00526564,-0.9392783
0.01442742,0.3428125,-0.00526564,-0.9392783
0.01442742,0.3428125,-0.00526564,-0.9392783
0.01442742,0.3428125,-0.00526564,-0.9392783
0.01442742,0.3428125,-0.00526564,-0.9392783
0.01442742,0.3428125,-0.00526564,-0.9392783
0.01442742,0.3428125,-0.00526564,-0.9392783
0.01442742,0.3428125,-0.00526564,-0.9392783
0.01442742,0.3428125,-0.00526564,-0.9392783
0.01442742,0.3428125,-0.00526564,-0.9392783
0.01442742,0.3428125,-0.00526564,-0.9392783
0.01442742,0.3428125,-0.00526564,-0.9392783
0.01442742,0.3428125,-0.00526564,-0.9392783
0.01442742,0.3428125,-0.00526564,-0.9392783
0.01442742,0.3428125,-0.00526564,-0.9392783
0.01442742,0.3428125,-0.00526564,-0.9392783
0.01442742,0.3428125,-0.00526564,-0.9392783
0.01442742,0.3428125,-0.00526564,-0.9392783
0.01442742,0.3428125,-0.00526564,-0.9392783
0.01442742,0.3428125,-0.00526564,-0.9392783
0.01442742,0.3428125,-0.00526564,-0.9392783
0.01442742,0.3428125,-0.00526564,-0.9392783
0.01442778,0.3427472,-0.005264638,-0.9393021
0.01442851,0.3426177,-0.005262648,-0.9393494
0.01442971,0.3424041,-0.005259368,-0.9394273
0.01443318,0.3417832,-0.005249829,-0.9396534
0.01443546,0.341374,-0.005243544,-0.9398021
0.01443811,0.3408999,-0.005236263,-0.9399742
0.01444122,0.3403414,-0.005227684,-0.9401765
0.01444458,0.339736,-0.005218385,-0.9403955
0.01445257,0.3382928,-0.005196218,-0.9409156
0.01445709,0.3374724,-0.005183616,-0.9412102
0.01446196,0.3365864,-0.005170008,-0.9415273
0.01446718,0.335635,-0.005155394,-0.9418669
0.01447283,0.3346004,-0.005139502,-0.942235
0.01448517,0.3323298,-0.005104626,-0.9430383
0.01449184,0.3310952,-0.005085662,-0.9434724
0.01449883,0.3297949,-0.005065689,-0.9439278
0.01450615,0.3284285,-0.005044702,-0.944404
0.01451388,0.3269771,-0.005022409,-0.9449075
0.01453027,0.3238769,-0.004974789,-0.9459746
0.01453893,0.3222263,-0.004949435,-0.9465382
0.01454788,0.3205088,-0.004923055,-0.947121
0.01455713,0.3187245,-0.004895647,-0.947723
0.01456675,0.3168544,-0.004866923,-0.9483498
0.01458684,0.3129134,-0.004806389,-0.9496574
0.01459729,0.3108417,-0.004774567,-0.9503376
0.01460799,0.3087028,-0.004741713,-0.9510345
0.01461895,0.3064959,-0.004707815,-0.9517481
0.01463025,0.3042021,-0.004672582,-0.9524837
0.01465356,0.2994101,-0.004598976,-0.9540009
0.01466554,0.2969118,-0.004560602,-0.9547814
0.01467775,0.2943449,-0.004521174,-0.9555759
0.01469015,0.2917101,-0.004480703,-0.9563835
0.01470284,0.2889878,-0.004438887,-0.9572096
0.01472877,0.2833368,-0.004352088,-0.9588975
0.01474199,0.2804075,-0.004307094,-0.9597582
0.01475537,0.2774093,-0.004261042,-0.9606291
0.01476889,0.2743414,-0.004213918,-0.9615098
0.01478264,0.2711848,-0.004165433,-0.9624047
0.01481051,0.2646613,-0.004065232,-0.9642192
0.01482461,0.2612947,-0.004013519,-0.9651369
0.0148388,0.2578583,-0.003960737,-0.9660607
0.01485315,0.2543313,-0.003906562,-0.9669952
0.01486757,0.2507341,-0.003851309,-0.9679341
0.01489658,0.2433279,-0.003737548,-0.9698225
0.01491114,0.2395182,-0.003679031,-0.9707705
0.01492572,0.235638,-0.003619431,-0.9717195
0.01494037,0.2316674,-0.003558442,-0.9726738
0.01495503,0.2276253,-0.003496354,-0.9736277
0.01498426,0.2193262,-0.00336888,-0.9755307
0.01499165,0.2171734,-0.003335813,-0.9760122
0.01499165,0.2171734,-0.003335813,-0.9760122
0.01499165,0.2171734,-0.003335813,-0.9760122
0.01499165,0.2171734,-0.003335813,-0.9760122
0.01499165,0.2171734,-0.003335813,-0.9760122
0.01499165,0.2171734,-0.003335813,-0.9760122
0.01499165,0.2171734,-0.003335813,-0.9760122
0.01499165,0.2171734,-0.003335813,-0.9760122
0.01499165,0.2171734,-0.003335813,-0.9760122
0.01499165,0.2171734,-0.003335813,-0.9760122
0.01499165,0.2171734,-0.003335813,-0.9760122
0.01499165,0.2171734,-0.003335813,-0.9760122
