288.3971,11.05,281.7713
288.4929,11.05,281.6692
288.5873,11.05,281.5659
288.6803,11.05,281.4613
288.7716,11.05,281.3553
288.8615,11.05,281.248
288.9506,11.05,281.14
289.0383,11.04696,281.0309
289.1244,11.05,280.9206
289.2086,11.05,280.8089
289.2907,11.05,280.6956
289.3709,11.05,280.5809
289.4494,11.04985,280.465
289.5262,11.05,280.3481
289.6017,11.05,280.2302
289.6754,11.05,280.1113
289.7474,11.05,279.9912
289.8171,11.04826,279.8699
289.885,11.05,279.748
289.9504,11.05,279.6243
290.014,11.04976,279.4996
290.076,11.0427,279.3742
290.1354,11.042,279.248
290.1935,11.05,279.1221
290.2483,11.05,278.994
290.3011,11.05,278.8644
290.3519,11.05,278.7339
290.3999,11.05,278.6025
290.4464,11.04964,278.4705
290.4905,11.05,278.3378
290.5324,11.05,278.2043
290.5721,11.04382,278.0701
290.6102,11.05,277.9363
290.6445,11.05,277.801
290.6759,11.05,277.6646
290.7049,11.05,277.5277
290.7315,11.05,277.3904
290.7575,11.05,277.2528
290.781,11.05,277.1149
290.8019,11.05,276.9765
290.8204,11.04981,276.8378
290.8362,11.05,276.6988
290.8488,11.05,276.5594
290.8589,11.05,276.4199
290.8669,11.05,276.2802
290.8723,11.05,276.1404
290.875,11.04004,276.0004
290.8761,11.05,275.8613
290.8728,11.05,275.7222
290.8666,11.05,275.5824
290.8571,11.05,275.4428
290.8447,11.05,275.3034
290.831,11.05,275.1642
290.8144,11.0492,275.0252
290.7951,11.0447,274.8869
290.7734,11.05,274.7492
290.7477,11.05,274.6118
290.7184,11.05,274.475
290.6863,11.05,274.3388
290.6514,11.05,274.2033
290.6136,11.04408,274.0686
290.5747,11.05,273.935
290.5313,11.05,273.8023
290.4842,11.05,273.6705
290.4342,11.04298,273.5398
290.3815,11.04947,273.4105
290.3253,11.05,273.2827
290.2669,11.05,273.1555
290.2064,11.04892,273.0294
290.1432,11.05,272.9048
290.0763,11.04265,272.7819
290.0078,11.04992,272.6603
289.9357,11.05,272.5409
289.86,11.05,272.4232
289.7815,11.05,272.3073
289.701,11.05,272.1928
289.6186,11.04198,272.0797
289.5351,11.05,271.9684
289.4465,11.05,271.8607
289.355,11.05,271.7548
289.261,11.05,271.6511
289.1639,11.05,271.5503
289.065,11.04468,271.4513
288.9658,11.05,271.3533
288.8635,11.05,271.2581
288.7588,11.05,271.1653
288.6516,11.04284,271.0753
288.5491,11.05,270.9908
288.4547,11.05,270.9145
288.369,11.05,270.8464
288.2924,11.05,270.7862
288.2249,11.05,270.7337
288.1669,11.05,270.6887
288.1183,11.05,270.6512
288.0791,11.0421,270.621
288.0486,11.04704,270.5974
288.0275,11.04906,270.5812
288.014,11.04976,270.5709
288.0047,11.04997,270.5637
287.9988,11.05,270.5592
287.9955,11.05,270.5567
287.9942,11.05,270.5557
287.9939,11.05,270.5554
287.9939,11.05,270.5554
287.9939,11.05,270.5554
287.9939,11.05,270.5554
287.9939,11.05,270.5554
287.9939,11.05,270.5554
287.9939,11.05,270.5554
287.9939,11.05,270.5554
287.9939,11.05,270.5554
287.9939,11.05,270.5554
287.9939,11.05,270.5554
287.9939,11.05,270.5554
287.9939,11.05,270.5554
287.9939,11.05,270.5554
287.9939,11.05,270.5554
287.9939,11.05,270.5554
287.9939,11.05,270.5554
287.9939,11.05,270.5554
287.9939,11.05,270.5554
287.9944,11.05,270.5558
287.9963,11.05,270.5573
288.0003,11.05,270.5604
288.0066,11.04995,270.5652
288.0164,11.04966,270.5728
288.0316,11.04875,270.5844
288.0519,11.04662,270.6
288.0782,11.04227,270.6203
288.1116,11.05,270.6459
288.1514,11.05,270.6765
288.2007,11.05,270.7144
288.258,11.05,270.7585
288.3247,11.05,270.8098
288.401,11.05,270.8685
288.4868,11.05,270.9344
288.5822,11.04992,271.0078
288.687,11.04013,271.0883
288.7959,11.05,271.1721
288.9062,11.05,271.2569
289.0171,11.04963,271.3422
289.128,11.05,271.4275
289.239,11.05,271.5128
289.3499,11.05,271.5981
289.4514,11.05,271.6761
289.5433,11.05,271.7468
289.6257,11.05,271.8102
289.6986,11.05,271.8662
289.762,11.05,271.9149
289.8159,11.05,271.9563
289.8602,11.05,271.9904
289.8951,11.04056,272.0172
289.921,11.04147,272.0372
289.9398,11.04211,272.0516
289.9536,11.0424,272.0622
289.963,11.04218,272.0695
289.969,11.04186,272.0741
289.9722,11.04162,272.0766
289.9739,11.04148,272.0779
289.9742,11.04145,272.0781
289.9742,11.04145,272.0781
289.9742,11.04145,272.0781
289.9742,11.04145,272.0781
289.9742,11.04145,272.0781
289.9742,11.04145,272.0781
289.9742,11.04145,272.0781
289.9742,11.04145,272.0781
289.9742,11.04145,272.0781
289.9742,11.04145,272.0781
289.9742,11.04145,272.0781
289.9742,11.04145,272.0781
289.9742,11.04145,272.0781
289.9742,11.04145,272.0781
289.9742,11.04145,272.0781
289.9742,11.04145,272.0781
289.9742,11.04145,272.0781
289.9742,11.04145,272.0781
289.9742,11.04145,272.0781
289.9742,11.04145,272.0781
289.9742,11.04145,272.0781
289.9742,11.04145,272.0781
289.9742,11.04145,272.0781
289.9742,11.04145,272.0781
289.9742,11.04145,272.0781
289.9742,11.04145,272.0781
289.9742,11.04145,272.0781
289.9742,11.04145,272.0781
289.9742,11.04146,272.078
289.9736,11.04152,272.0775
289.9713,11.04173,272.0757
289.9669,11.04209,272.0719
289.9594,11.0425,272.0656
289.9483,11.04268,272.0559
289.9327,11.04241,272.0424
289.9129,11.04206,272.0251
289.8864,11.04163,272.0015
289.853,11.0411,271.9716
289.8155,11.04051,271.938
289.7692,11.05,271.8961
289.7159,11.05,271.8476
289.6541,11.05,271.7906
289.5837,11.05,271.7252
289.5048,11.05,271.6513
289.4175,11.05,271.5689
289.3221,11.05,271.4778
289.2213,11.05,271.3806
289.1213,11.05,271.2826
289.0219,11.0494,271.1841
288.9233,11.04089,271.0849
288.8255,11.05,270.9859
288.7284,11.05,270.8861
288.6308,11.05,270.7857
288.5336,11.05,270.6851
288.4372,11.05,270.5836
288.3415,11.05,270.4814
288.2465,11.05,270.3786
288.1525,11.04052,270.2749
288.0592,11.04559,270.1706
287.9673,11.04313,270.0662
287.8761,11.04551,269.9606
287.7852,11.04702,269.8542
287.695,11.0483,269.7472
287.6057,11.04929,269.6395
287.5174,11.04989,269.5309
287.4301,11.05,269.4215
287.3437,11.05,269.3114
287.2582,11.05,269.2006
287.1735,11.05,269.0892
287.09,11.05,268.9769
287.0075,11.04993,268.8638
286.9258,11.05,268.7502
286.8454,11.05,268.6356
286.7661,11.05,268.5203
286.6879,11.05,268.4042
286.6111,11.05,268.2872
286.5352,11.05,268.1696
286.4602,11.04668,268.0515
286.3863,11.05,267.9333
286.3137,11.05,267.8137
286.2424,11.05,267.6933
286.1723,11.05,267.5721
286.1032,11.05,267.4504
286.0354,11.04843,267.328
285.968,11.05,267.2055
285.902,11.04148,267.0821
285.8369,11.04053,266.9593
285.7742,11.04771,266.8346
285.713,11.05,266.7093
285.6534,11.05,266.5827
285.595,11.05,266.4555
285.5373,11.05,266.328
285.4799,11.05,266.2004
285.4224,11.04332,266.0728
285.3653,11.05,265.9459
285.3081,11.05,265.8187
285.2506,11.05,265.691
285.1932,11.05,265.5634
285.1358,11.05,265.4358
285.0783,11.04225,265.3082
285.0211,11.04945,265.1809
284.9638,11.04472,265.0537
284.9066,11.04975,264.9265
284.8492,11.05,264.7991
284.7918,11.05,264.6715
284.7344,11.05,264.5439
284.6769,11.05,264.4163
284.6195,11.05,264.2887
284.5621,11.05,264.161
284.5047,11.0486,264.0334
284.4474,11.05,263.9062
284.39,11.05,263.7786
284.3325,11.05,263.6509
284.2751,11.05,263.5233
284.2177,11.05,263.3957
284.1602,11.04266,263.2681
284.1029,11.04911,263.1407
284.0457,11.04716,263.0135
283.9884,11.05,262.8862
283.931,11.05,262.7587
283.8736,11.05,262.631
283.8161,11.05,262.5034
283.7587,11.05,262.3758
283.7013,11.05,262.2482
283.6438,11.05,262.1206
283.5864,11.05,261.993
283.529,11.05,261.8653
283.4715,11.05,261.7377
283.4141,11.05,261.6101
283.3567,11.05,261.4825
283.2993,11.04806,261.3549
283.2419,11.05,261.2273
283.1844,11.05,261.0997
283.127,11.05,260.9721
283.0696,11.0439,260.8445
283.0123,11.04981,260.7172
282.955,11.05,260.5898
282.8975,11.05,260.4622
282.8401,11.05,260.3346
282.7827,11.05,260.207
282.7252,11.04205,260.0793
282.6682,11.05,259.9526
282.611,11.05,259.8254
282.5535,11.05,259.6978
282.4961,11.04655,259.5702
282.4387,11.04999,259.4427
282.3813,11.05,259.3152
282.3239,11.05,259.1876
282.2665,11.04548,259.06
282.2093,11.05,258.933
282.152,11.05,258.8055
282.0945,11.05,258.6779
282.0371,11.04827,258.5503
281.9797,11.05,258.4227
281.9223,11.05,258.2951
281.8649,11.05,258.1675
281.8074,11.04801,258.0399
281.7502,11.05,257.9127
281.6928,11.04463,257.7851
281.6354,11.04969,257.6577
281.5781,11.05,257.5303
281.5207,11.05,257.4027
281.4632,11.05,257.2751
281.4058,11.05,257.1475
281.3484,11.04951,257.0198
281.291,11.05,256.8923
281.2336,11.05,256.7647
281.1761,11.05,256.6371
281.1187,11.05,256.5095
281.0613,11.04528,256.3819
281.0039,11.04998,256.2545
280.9466,11.05,256.127
280.8892,11.04233,255.9994
280.8318,11.04899,255.8721
280.7746,11.05,255.7448
280.7172,11.05,255.6172
280.6597,11.05,255.4896
280.6023,11.05,255.362
280.5449,11.05,255.2344
280.4874,11.05,255.1068
280.4349,11.05,254.9901
280.3874,11.05,254.8844
280.3447,11.05,254.7896
280.307,11.05,254.7057
280.2742,11.05,254.6329
280.2463,11.05,254.5709
280.2234,11.05,254.5199
280.2053,11.05,254.4799
280.1922,11.05,254.4508
280.1825,11.05,254.4292
280.175,11.05,254.4124
280.1701,11.05,254.4016
280.1671,11.05,254.3949
280.1654,11.05,254.3911
280.1647,11.05,254.3895
280.1645,11.05,254.389
280.1645,11.05,254.389
280.1645,11.05,254.389
280.1645,11.05,254.389
280.1645,11.05,254.389
280.1645,11.05,254.389
280.1645,11.05,254.389
280.1645,11.05,254.389
280.1645,11.05,254.389
280.1645,11.05,254.389
280.1645,11.05,254.389
280.1645,11.05,254.389
280.1645,11.05,254.389
280.1645,11.05,254.389
280.1645,11.05,254.389
280.1645,11.05,254.389
280.1645,11.05,254.389
280.1645,11.05,254.389
280.1645,11.05,254.389
280.1645,11.05,254.389
280.1645,11.05,254.389
280.1645,11.05,254.389
280.1645,11.05,254.389
280.1645,11.05,254.389
280.1645,11.05,254.389
280.1645,11.05,254.389
280.1645,11.05,254.389
280.1645,11.05,254.389
280.1645,11.05,254.389
280.1645,11.05,254.389
280.1645,11.05,254.389
280.1645,11.05,254.389
280.1645,11.05,254.389
280.1645,11.05,254.389
280.1645,11.05,254.389
280.1645,11.05,254.389
280.1645,11.05,254.389
280.1645,11.05,254.389
280.1645,11.05,254.389
280.1645,11.05,254.389
280.1645,11.05,254.389
280.1645,11.05,254.389
280.1645,11.05,254.389
280.1645,11.05,254.389
280.1645,11.05,254.389
280.1645,11.05,254.389
280.1645,11.05,254.389
280.1645,11.05,254.389
280.1645,11.05,254.389
280.1645,11.05,254.389
280.1645,11.05,254.389
280.1645,11.05,254.389
280.1645,11.05,254.389
280.1645,11.05,254.389
280.1645,11.05,254.389
280.1645,11.05,254.389
280.1645,11.05,254.389
280.1645,11.05,254.389
280.1645,11.05,254.389
280.1645,11.05,254.389
280.1645,11.05,254.389
280.1645,11.05,254.389
280.1645,11.05,254.389
280.1645,11.05,254.389
280.1645,11.05,254.389
280.1645,11.05,254.389
280.1645,11.05,254.389
280.1645,11.05,254.389
280.1645,11.05,254.389
280.1645,11.05,254.389
280.1645,11.05,254.389
280.1645,11.05,254.389
280.1645,11.05,254.389
280.1645,11.05,254.389
280.1645,11.05,254.389
280.1645,11.05,254.389
280.1645,11.05,254.389
280.1645,11.05,254.389
280.1645,11.05,254.389
280.1645,11.05,254.389
280.1645,11.05,254.389
280.1645,11.05,254.389
280.1645,11.05,254.389
280.1645,11.05,254.389
280.1645,11.05,254.389
280.1645,11.05,254.389
280.1645,11.05,254.389
280.1645,11.05,254.389
280.1645,11.05,254.389
280.1645,11.05,254.389
280.1645,11.05,254.389
280.1645,11.05,254.389
280.1645,11.05,254.389
280.1645,11.05,254.389
280.1645,11.05,254.389
280.1645,11.05,254.389
280.1645,11.05,254.389
280.1645,11.05,254.389
280.1645,11.05,254.389
280.1645,11.05,254.389
280.1645,11.05,254.389
280.1645,11.05,254.389
280.1645,11.05,254.389
280.1645,11.05,254.389
280.1645,11.05,254.389
280.1645,11.05,254.389
280.1645,11.05,254.389
280.1645,11.05,254.389
280.1645,11.05,254.389
280.1645,11.05,254.389
280.1645,11.05,254.389
280.1645,11.05,254.389
280.1645,11.05,254.389
280.1645,11.05,254.389
280.1645,11.05,254.389
280.1645,11.05,254.389
280.1645,11.05,254.389
280.1645,11.05,254.389
280.1645,11.05,254.389
280.1645,11.05,254.389
280.1645,11.05,254.389
280.1645,11.05,254.389
280.1645,11.05,254.389
280.1645,11.05,254.389
280.1645,11.05,254.389
280.1645,11.05,254.389
280.1645,11.05,254.389
280.1645,11.05,254.389
280.1645,11.05,254.389
280.1645,11.05,254.389
280.1645,11.05,254.389
280.1645,11.05,254.389
280.1645,11.05,254.389
280.1645,11.05,254.389
280.1645,11.05,254.389
280.1645,11.05,254.389
280.1645,11.05,254.389
280.1645,11.05,254.389
280.1645,11.05,254.389
280.1645,11.05,254.389
280.1645,11.05,254.389
280.1645,11.05,254.389
280.1645,11.05,254.389
280.1645,11.05,254.389
280.1645,11.05,254.389
280.1645,11.05,254.389
280.1645,11.05,254.389
280.1645,11.05,254.389
280.1645,11.05,254.389
280.1645,11.05,254.389
280.1645,11.05,254.389
280.1645,11.05,254.389
280.1645,11.05,254.389
280.1645,11.05,254.389
280.1645,11.05,254.389
280.1645,11.05,254.389
280.1645,11.05,254.389
280.1645,11.05,254.389
280.1645,11.05,254.389
280.1645,11.05,254.389
280.1645,11.05,254.389
280.1645,11.05,254.389
280.1645,11.05,254.389
280.1645,11.05,254.389
280.1645,11.05,254.389
280.1645,11.05,254.389
280.1645,11.05,254.389
280.1645,11.05,254.389
280.1645,11.05,254.389
280.1645,11.05,254.389
280.1645,11.05,254.389
280.1645,11.05,254.389
280.1645,11.05,254.389
280.1645,11.05,254.389
280.1645,11.05,254.389
280.1645,11.05,254.389
280.1645,11.05,254.389
280.1645,11.05,254.389
280.1645,11.05,254.389
280.1645,11.05,254.389
280.1645,11.05,254.389
280.1645,11.05,254.389
280.1645,11.05,254.389
280.1645,11.05,254.389
280.1641,11.05,254.3894
280.1628,11.05,254.3909
280.16,11.05,254.3943
280.155,11.05,254.4006
280.1473,11.05,254.4106
280.1364,11.05,254.4251
280.1216,11.05,254.4449
280.1024,11.05,254.4708
280.0782,11.04228,254.5034
280.0497,11.0469,254.5419
280.014,11.04976,254.5901
279.9712,11.05,254.6478
279.9213,11.05,254.7151
279.8643,11.05,254.792
279.8002,11.04615,254.8784
279.7301,11.05,254.9729
279.653,11.04254,255.0769
279.5727,11.05,255.1853
279.4896,11.05,255.2973
279.4063,11.04999,255.4097
279.3229,11.05,255.5221
279.2395,11.05,255.6346
279.1562,11.05,255.747
279.0728,11.04332,255.8594
278.9897,11.05,255.9714
278.9066,11.04118,256.0835
278.824,11.05,256.1949
278.7411,11.05,256.3068
278.6577,11.05,256.4192
278.5743,11.05,256.5316
278.491,11.05,256.644
278.4076,11.05,256.7565
278.3243,11.05,256.8689
278.2409,11.05,256.9813
278.1575,11.05,257.0937
278.0742,11.04306,257.2061
277.9911,11.05,257.3181
277.908,11.05,257.4302
277.8246,11.05,257.5427
277.7413,11.05,257.6551
277.6579,11.04242,257.7675
277.5754,11.05,257.8789
277.4923,11.05,257.9909
277.4089,11.05,258.1033
277.3256,11.05,258.2157
277.2422,11.04536,258.3282
277.1595,11.05,258.4397
277.0763,11.04266,258.552
276.9933,11.05,258.6639
276.9102,11.05,258.776
276.8268,11.04762,258.8884
276.7439,11.05,259.0002
276.6606,11.05,259.1126
276.5772,11.05,259.225
276.4938,11.05,259.3374
276.4105,11.04903,259.4499
276.3273,11.05,259.562
276.244,11.05,259.6744
276.1606,11.05,259.7869
276.0772,11.04247,259.8993
275.9942,11.0498,260.0113
275.9111,11.05,260.1233
275.8278,11.05,260.2357
275.7444,11.05,260.3481
275.661,11.05,260.4605
275.5776,11.05,260.5729
275.4941,11.05,260.6852
275.4106,11.05,260.7975
275.3269,11.05,260.9097
275.2431,11.0494,261.0219
275.1594,11.05,261.1338
275.0754,11.04283,261.2458
274.9916,11.05,261.3572
274.9076,11.05,261.4686
274.8231,11.05,261.5801
274.7383,11.05,261.6915
274.6533,11.05,261.8027
274.5681,11.05,261.9137
274.4827,11.04924,262.0246
274.3972,11.05,262.1352
274.3113,11.05,262.2457
274.2251,11.05,262.356
274.1386,11.05,262.466
274.0518,11.04664,262.5757
273.9648,11.05,262.6849
273.8772,11.05,262.794
273.7892,11.04185,262.9028
273.7019,11.04986,263.0105
273.6135,11.05,263.1182
273.5242,11.05,263.226
273.4346,11.05,263.3335
273.3444,11.04418,263.4405
273.2547,11.05,263.5464
273.1637,11.05,263.6523
273.072,11.04346,263.7581
272.9805,11.05,263.8632
272.888,11.046,263.9678
272.7955,11.04358,264.0714
272.7025,11.05,264.1743
272.6082,11.05,264.2773
272.5132,11.05,264.38
272.4178,11.04738,264.4825
272.3226,11.05,264.584
272.2262,11.05,264.6854
272.1292,11.05,264.7863
272.0315,11.04876,264.8865
271.9332,11.04826,264.9859
271.8346,11.04099,265.0844
271.7362,11.05,265.1819
271.6367,11.05,265.2794
271.5361,11.05,265.3767
271.4346,11.04907,265.4731
271.3326,11.05,265.5685
271.2297,11.05,265.6634
271.1259,11.05,265.7573
271.0214,11.04943,265.8504
270.9167,11.04956,265.9431
270.8115,11.04845,266.0352
270.7054,11.05,266.1262
270.5985,11.05,266.2165
270.4908,11.05,266.306
270.3823,11.04991,266.3943
270.273,11.05,266.4818
270.163,11.05,266.5683
270.0525,11.04655,266.6542
269.942,11.05,266.7394
269.8311,11.05,266.8246
269.7201,11.05,266.9098
269.609,11.05,266.9951
269.498,11.04185,267.0803
269.3878,11.05,267.165
269.2772,11.05,267.2499
269.1662,11.05,267.3351
269.0551,11.04618,267.4204
268.9445,11.05,267.5053
268.8336,11.05,267.5905
268.7226,11.05,267.6758
268.6116,11.05,267.761
268.5005,11.05,267.8463
268.3895,11.05,267.9315
268.2785,11.04965,268.0168
268.1675,11.05,268.102
268.0565,11.04599,268.1872
267.9459,11.05,268.2722
267.835,11.05,268.3573
267.7239,11.05,268.4426
267.6129,11.05,268.5278
267.5019,11.0422,268.6131
267.3921,11.05,268.6894
267.2825,11.05,268.6882
267.1974,11.05,268.7161
267.1161,11.05,268.7655
267.0316,11.04875,268.8304
266.9379,11.05,268.9023
266.8348,11.05,268.9816
266.7238,11.04438,269.0668
266.6133,11.05,269.1516
266.5025,11.05,269.2367
266.3914,11.05,269.322
266.2804,11.05,269.4072
266.1694,11.05,269.4925
266.0584,11.04572,269.5777
265.9478,11.05,269.6627
265.8369,11.05,269.7478
265.7259,11.04276,269.833
265.6159,11.05,269.9175
265.5052,11.04999,270.0025
265.3942,11.04027,270.0877
265.284,11.05,270.1723
265.1736,11.04563,270.2571
265.0637,11.0449,270.3416
264.9536,11.05,270.4261
264.8427,11.05,270.5112
264.7317,11.05,270.5965
264.6207,11.04766,270.6817
264.5102,11.05,270.7665
264.3992,11.05,270.8517
264.2882,11.05,270.937
264.1772,11.04938,271.0222
264.0662,11.04448,271.1074
263.9557,11.05,271.1923
263.8449,11.05,271.2774
263.7339,11.05,271.3626
263.6229,11.05,271.4479
263.5118,11.04972,271.5331
263.4009,11.05,271.6183
263.2899,11.05,271.7036
263.1789,11.05,271.7888
263.0678,11.0442,271.8741
262.9573,11.05,271.9589
262.8466,11.04757,272.044
262.7358,11.05,272.1291
262.6248,11.05,272.2143
262.5138,11.05,272.2995
262.4027,11.05,272.3848
262.2917,11.05,272.47
262.1807,11.05,272.5553
262.0697,11.04389,272.6405
261.9592,11.05,272.7254
261.8484,11.05,272.8104
261.7374,11.05,272.8957
261.6264,11.05,272.9809
261.5154,11.04449,273.0662
261.4049,11.05,273.151
261.2941,11.05,273.2361
261.183,11.05,273.3213
261.072,11.04346,273.4066
260.9616,11.05,273.4914
260.8508,11.05,273.5764
260.7398,11.05,273.6617
260.6288,11.04118,273.7469
260.5189,11.05,273.8313
260.4084,11.05,273.9161
260.2974,11.05,274.0014
260.1864,11.0405,274.0866
260.0762,11.04268,274.1713
259.9662,11.05,274.2557
259.8556,11.05,274.3406
259.7446,11.05,274.4259
259.6335,11.05,274.5111
259.5225,11.04657,274.5964
259.4123,11.05,274.6811
259.3013,11.05,274.7663
259.1903,11.05,274.8515
259.0793,11.04206,274.9368
258.9689,11.04826,275.0215
258.8585,11.05,275.1063
258.7475,11.05,275.1915
258.6365,11.05,275.2767
258.5255,11.05,275.362
258.4145,11.04933,275.4472
258.3036,11.05,275.5323
258.1926,11.05,275.6176
258.0816,11.04159,275.7029
257.9712,11.05,275.7876
257.8607,11.04991,275.8725
257.7497,11.05,275.9577
257.6386,11.04769,276.043
257.5279,11.05,276.128
257.4169,11.05,276.2133
257.3084,11.05,276.2965
257.2095,11.05,276.3725
257.1201,11.05,276.4412
257.0402,11.04798,276.5025
256.9692,11.05,276.557
256.9078,11.05,276.6042
256.8558,11.05,276.644
256.8134,11.05,276.6766
256.7805,11.05,276.7019
256.7571,11.05,276.7198
256.7404,11.05,276.7327
256.7285,11.04989,276.7418
256.7206,11.04953,276.7479
256.7139,11.04904,276.7531
256.7115,11.04882,276.7549
256.7106,11.04873,276.7556
256.7105,11.04872,276.7556
256.7105,11.04872,276.7556
256.7105,11.04872,276.7556
256.7105,11.04872,276.7556
256.7105,11.04872,276.7556
256.7105,11.04872,276.7556
256.7105,11.04872,276.7556
256.7105,11.04872,276.7556
256.7105,11.04872,276.7556
256.7105,11.04872,276.7556
256.7105,11.04872,276.7556
256.7105,11.04872,276.7556
256.7105,11.04872,276.7556
256.7105,11.04872,276.7556
256.7105,11.04872,276.7556
256.7105,11.04872,276.7556
256.7105,11.04872,276.7556
256.7105,11.04872,276.7556
256.7105,11.04872,276.7556
256.7105,11.04872,276.7556
256.7105,11.04872,276.7556
256.7105,11.04872,276.7556
256.7105,11.04872,276.7556
256.7105,11.04872,276.7556
256.7105,11.04872,276.7556
256.7105,11.04872,276.7556
256.7105,11.04872,276.7556
256.7105,11.04872,276.7556
256.7105,11.04872,276.7556
256.7105,11.04872,276.7556
256.7105,11.04872,276.7556
256.7105,11.04872,276.7556
256.7105,11.04872,276.7556
256.7105,11.04872,276.7556
256.7105,11.04872,276.7556
256.7105,11.04872,276.7556
256.7105,11.04872,276.7556
256.7105,11.04872,276.7556
256.7105,11.04872,276.7556
256.7105,11.04872,276.7556
256.7105,11.04872,276.7556
256.7105,11.04872,276.7556
256.7105,11.04872,276.7556
256.7105,11.04872,276.7556
256.7105,11.04872,276.7556
256.7105,11.04872,276.7556
256.7105,11.04872,276.7556
256.7105,11.04872,276.7556
256.7105,11.04872,276.7556
256.7105,11.04872,276.7556
256.7105,11.04872,276.7556
256.7105,11.04872,276.7556
256.7105,11.04872,276.7556
256.7105,11.04872,276.7556
256.7105,11.04872,276.7556
256.7105,11.04872,276.7556
256.7105,11.04872,276.7556
256.7105,11.04872,276.7556
256.7105,11.04872,276.7556
256.7105,11.04872,276.7556
256.7105,11.04872,276.7556
256.7105,11.04872,276.7556
256.7105,11.04872,276.7556
256.7105,11.04872,276.7556
256.7105,11.04872,276.7556
256.7105,11.04872,276.7556
256.7105,11.04872,276.7556
256.7105,11.04872,276.7556
256.7105,11.04872,276.7556
256.7105,11.04872,276.7556
256.7105,11.04872,276.7556
256.7105,11.04872,276.7556
256.7105,11.04872,276.7556
256.7105,11.04872,276.7556
256.7105,11.04872,276.7556
256.7105,11.04872,276.7556
256.7105,11.04872,276.7556
256.7105,11.04872,276.7556
256.7105,11.04872,276.7556
256.7105,11.04872,276.7556
256.7105,11.04872,276.7556
256.7105,11.04872,276.7556
256.7105,11.04872,276.7556
256.7105,11.04872,276.7556
256.7105,11.04872,276.7556
256.7105,11.04872,276.7556
256.7105,11.04872,276.7556
256.7105,11.04872,276.7556
256.7105,11.04872,276.7556
256.7105,11.04872,276.7556
256.7105,11.04872,276.7556
256.7105,11.04872,276.7556
256.7105,11.04872,276.7556
256.7105,11.04872,276.7556
256.7105,11.04872,276.7556
256.7105,11.04872,276.7556
256.7105,11.04872,276.7556
256.7105,11.04872,276.7556
256.7105,11.04872,276.7556
256.7105,11.04872,276.7556
256.7105,11.04872,276.7556
256.7105,11.04872,276.7556
256.7105,11.04872,276.7556
256.7105,11.04872,276.7556
256.7105,11.04872,276.7556
256.7105,11.04872,276.7556
256.7105,11.04872,276.7556
256.7105,11.04872,276.7556
256.7105,11.04872,276.7556
256.7105,11.04872,276.7556
256.7105,11.04872,276.7556
256.7105,11.04872,276.7556
256.7105,11.04872,276.7556
256.7105,11.04872,276.7556
256.7105,11.04872,276.7556
256.7105,11.04872,276.7556
256.7105,11.04872,276.7556
256.7105,11.04872,276.7556
256.7105,11.04872,276.7556
256.7105,11.04872,276.7556
256.7105,11.04872,276.7556
256.7105,11.04872,276.7556
256.7105,11.04872,276.7556
256.7105,11.04872,276.7556
256.7105,11.04872,276.7556
256.7105,11.04872,276.7556
256.7105,11.04872,276.7556
256.7105,11.04872,276.7556
256.7105,11.04872,276.7556
256.7105,11.04872,276.7556
256.7105,11.04872,276.7556
256.7105,11.04872,276.7556
256.7105,11.04872,276.7556
256.7105,11.04872,276.7556
256.7105,11.04872,276.7556
256.7105,11.04872,276.7556
256.7105,11.04872,276.7556
256.7105,11.04872,276.7556
256.7105,11.04872,276.7556
256.7105,11.04872,276.7556
256.7105,11.04872,276.7556
256.7105,11.04872,276.7556
256.7105,11.04872,276.7556
256.7105,11.04872,276.7556
256.7105,11.04872,276.7556
256.7105,11.04872,276.7556
256.7105,11.04872,276.7556
256.7105,11.04872,276.7556
256.7105,11.04872,276.7556
256.7105,11.04872,276.7556
256.7105,11.04872,276.7556
256.7105,11.04872,276.7556
256.7105,11.04872,276.7556
256.7105,11.04872,276.7556
256.7105,11.04872,276.7556
256.7105,11.04872,276.7556
256.7105,11.04872,276.7556
256.7105,11.04872,276.7556
256.7105,11.04872,276.7556
256.7105,11.04872,276.7556
256.7105,11.04872,276.7556
256.7105,11.04872,276.7556
256.7105,11.04872,276.7556
256.7105,11.04872,276.7556
256.7105,11.04872,276.7556
256.7105,11.04872,276.7556
256.7105,11.04872,276.7556
256.7105,11.04872,276.7556
256.7105,11.04872,276.7556
256.7105,11.04872,276.7556
256.7105,11.04872,276.7556
256.7105,11.04872,276.7556
256.7105,11.04872,276.7556
256.7105,11.04872,276.7556
256.7105,11.04872,276.7556
256.7105,11.04872,276.7556
256.7105,11.04872,276.7556
256.7105,11.04872,276.7556
256.7105,11.04872,276.7556
256.7105,11.04872,276.7556
256.7105,11.04872,276.7556
256.7105,11.04872,276.7556
256.7104,11.04874,276.7552
256.7099,11.04882,276.7532
256.7088,11.049,276.7488
256.7068,11.04926,276.7411
256.7037,11.0496,276.7289
256.6992,11.04991,276.7113
256.6935,11.05,276.6888
256.6855,11.05,276.6576
256.6755,11.05,276.6181
256.6631,11.05,276.5692
256.6481,11.05,276.5103
256.6302,11.05,276.44
256.6094,11.05,276.3581
256.5857,11.05,276.2651
256.5591,11.05,276.1604
256.5295,11.04755,276.0442
256.4977,11.05,275.9192
256.4633,11.05,275.7836
256.4288,11.05,275.648
256.3943,11.04118,275.5124
256.3599,11.04981,275.3773
256.3256,11.05,275.2422
256.2911,11.05,275.1066
256.2566,11.05,274.971
256.2221,11.05,274.8354
256.1876,11.05,274.6998
256.1531,11.05,274.5641
256.1186,11.05,274.4285
256.0841,11.04106,274.2929
256.0497,11.04691,274.1575
256.0152,11.04909,274.0222
255.9808,11.05,273.8869
255.9463,11.05,273.7513
255.9118,11.05,273.6157
255.8773,11.05,273.48
255.8428,11.05,273.3444
255.8083,11.05,273.2088
255.7738,11.04325,273.0732
255.7396,11.05,272.9384
255.7052,11.04395,272.8032
255.6708,11.05,272.6681
255.6364,11.05,272.5327
255.6019,11.05,272.3971
255.5674,11.05,272.2615
255.5329,11.05,272.1259
255.4984,11.05,271.9903
255.4639,11.05,271.8546
255.4294,11.05,271.719
255.3949,11.05,271.5834
255.3604,11.0452,271.4478
255.326,11.05,271.3125
255.2916,11.05,271.1771
255.2571,11.04785,271.0414
255.2227,11.05,270.9063
255.1882,11.05,270.7707
255.1537,11.05,270.6351
255.1192,11.05,270.4995
255.0847,11.04093,270.3639
255.0502,11.04684,270.2285
255.0156,11.04969,270.0932
254.981,11.05,269.9577
254.9462,11.05,269.8222
254.9112,11.05,269.6867
254.8761,11.05,269.5512
254.8409,11.05,269.4158
254.8054,11.05,269.2804
254.7697,11.05,269.1451
254.7339,11.04988,269.0098
254.6979,11.05,268.8746
254.6616,11.04619,268.7395
254.6251,11.05,268.6047
254.5882,11.05,268.4698
254.551,11.05,268.3349
254.5134,11.05,268.2002
254.4754,11.04461,268.0655
254.4376,11.05,267.9315
254.3992,11.05,267.7972
254.3603,11.05,267.6628
254.321,11.05,267.5285
254.2812,11.04192,267.3943
254.2412,11.04976,267.2607
254.2007,11.05,267.1273
254.1596,11.05,266.9935
254.1182,11.05,266.8599
254.0762,11.04267,266.7264
254.0337,11.04858,266.5933
253.9906,11.05,266.4605
253.9468,11.05,266.3276
253.9023,11.05,266.1949
253.8572,11.04509,266.0625
253.8121,11.0411,265.9308
253.7666,11.04934,265.7991
253.72,11.05,265.6678
253.6726,11.05,265.5362
253.6244,11.05,265.4048
253.5754,11.05,265.2737
253.5256,11.05,265.1429
253.4751,11.04981,265.0124
253.424,11.05,264.8822
253.3721,11.05,264.7522
253.3192,11.05,264.6227
253.2655,11.05,264.4934
253.2109,11.05,264.3645
253.1553,11.0459,264.2361
253.099,11.04995,264.1082
253.0419,11.0478,263.9806
252.9842,11.05,263.8533
252.9252,11.05,263.7263
252.8654,11.05,263.5999
252.8046,11.05,263.4738
252.7426,11.05,263.3483
252.6797,11.05,263.2233
252.6158,11.05,263.0988
252.5516,11.05,262.9745
252.4867,11.05,262.8505
252.4205,11.05,262.7272
252.3533,11.05,262.6044
252.285,11.05,262.4823
252.2154,11.05,262.3608
252.1447,11.04428,262.2401
252.0731,11.04327,262.12
252.0009,11.05,262.0007
251.9272,11.05,261.8822
251.8521,11.05,261.7641
251.776,11.05,261.6467
251.6984,11.05,261.5302
251.6196,11.05,261.4145
251.5395,11.05,261.2997
251.4585,11.05,261.1856
251.3772,11.04352,261.0717
251.2955,11.05,260.9589
251.2119,11.05,260.8471
251.1274,11.05,260.7355
251.0428,11.04771,260.6241
250.9583,11.05,260.5128
250.8737,11.05,260.4014
250.7891,11.05,260.2899
250.7045,11.05,260.1784
250.6198,11.04436,260.067
250.5356,11.05,259.956
250.4511,11.05,259.8448
250.3665,11.05,259.7333
250.2819,11.05,259.6218
250.1972,11.05,259.5103
250.1126,11.05,259.3988
250.028,11.04902,259.2874
249.9434,11.05,259.176
249.8588,11.04476,259.0645
249.7746,11.05,258.9536
249.6901,11.05,258.8423
249.6054,11.04006,258.7308
249.5209,11.04389,258.6194
249.4363,11.04677,258.508
249.3517,11.04874,258.3966
249.2672,11.0498,258.2852
249.1825,11.05,258.1737
249.0979,11.04513,258.0622
249.0136,11.04977,257.9512
248.9291,11.05,257.8399
248.8445,11.05,257.7285
248.7599,11.05,257.617
248.6752,11.05,257.5055
248.5906,11.05,257.394
248.506,11.05,257.2826
248.4214,11.05,257.1711
248.3367,11.04554,257.0596
248.2525,11.05,256.9486
248.1679,11.05,256.8372
248.0833,11.04123,256.7258
247.999,11.05,256.6148
247.9148,11.05,256.5038
247.8302,11.05,256.3924
247.7456,11.05,256.2809
247.6609,11.05,256.1694
247.5763,11.04578,256.0579
247.492,11.05,255.9469
247.4075,11.05,255.8355
247.3228,11.05,255.7241
247.2382,11.05,255.6126
247.1536,11.05,255.5011
247.069,11.04401,255.3896
246.9846,11.05,255.2786
246.9002,11.05,255.1673
246.8156,11.04608,255.0559
246.7312,11.05,254.9448
246.6467,11.05,254.8334
246.5621,11.05,254.722
246.4774,11.05,254.6105
246.3928,11.04289,254.499
246.3082,11.04604,254.3876
246.2236,11.04827,254.2762
246.1391,11.04959,254.1647
246.0544,11.04268,254.0533
245.9704,11.05,253.9426
245.886,11.05,253.8315
245.8014,11.05,253.72
245.7168,11.05,253.6085
245.6322,11.05,253.4971
245.5475,11.05,253.3856
245.4629,11.05,253.2741
245.3783,11.05,253.1626
245.2937,11.04671,253.0512
245.2093,11.05,252.9401
245.1248,11.05,252.8287
245.0401,11.04798,252.7172
244.9557,11.05,252.6059
244.871,11.05,252.4945
244.7864,11.05,252.383
244.7018,11.05,252.2715
244.6172,11.05,252.16
244.5325,11.04704,252.0486
244.4482,11.05,251.9375
244.3636,11.05,251.8261
244.279,11.05,251.7146
244.1944,11.05,251.6031
244.1097,11.05,251.4916
244.0251,11.04921,251.3802
243.9405,11.05,251.2688
243.8559,11.05,251.1573
243.7713,11.04737,251.0458
243.6869,11.05,250.9347
243.6023,11.05,250.8233
243.5177,11.05,250.7118
243.4331,11.05,250.6003
243.3484,11.05,250.4889
243.2638,11.04186,250.3774
243.1792,11.04527,250.2659
243.0947,11.04775,250.1546
243.0101,11.04754,250.0431
242.9259,11.04998,249.9321
242.8415,11.05,249.8205
242.7571,11.05,249.7088
242.6729,11.05,249.5971
242.5887,11.05,249.4853
242.5047,11.05,249.3733
242.4208,11.05,249.2613
242.3369,11.05,249.1493
242.2533,11.04828,249.037
242.1701,11.05,248.9249
242.0869,11.04044,248.8124
242.0042,11.04998,248.7003
241.922,11.05,248.588
241.8396,11.05,248.4749
241.7573,11.05,248.3617
241.6752,11.05,248.2483
241.5936,11.05,248.1346
241.5123,11.04946,248.0207
241.4314,11.05,247.9067
241.3508,11.05,247.7922
241.2708,11.05,247.6774
241.1909,11.05,247.5625
241.1115,11.05,247.4473
241.0325,11.04868,247.3317
240.9541,11.05,247.216
240.876,11.05,247.0998
240.7983,11.05,246.9834
240.7212,11.05,246.8666
240.6446,11.04307,246.7495
240.5685,11.04746,246.6322
240.493,11.04971,246.5146
240.418,11.05,246.3964
240.3437,11.05,246.2779
240.2699,11.05,246.1589
240.1969,11.04804,246.0395
240.1247,11.05,245.9201
240.053,11.04647,245.8
239.9821,11.05,245.6797
239.9118,11.05,245.5587
239.8424,11.05,245.4372
239.7737,11.05,245.3153
239.7057,11.05,245.193
239.6388,11.04381,245.0701
239.5725,11.05,244.9477
239.5073,11.05,244.8242
