252.3001,11.05,229.9099
252.4249,11.05,229.8465
252.5501,11.05,229.7839
252.6757,11.04865,229.7221
252.8013,11.05,229.6613
252.9278,11.05,229.6013
253.055,11.0462,229.543
253.1818,11.05,229.4859
253.3098,11.04095,229.4295
253.4371,11.05,229.3739
253.5654,11.05,229.3197
253.6952,11.05,229.2673
253.8255,11.05,229.2159
253.9561,11.05,229.1656
254.0872,11.04038,229.1165
254.2172,11.04412,229.0683
254.3492,11.04935,229.0227
254.4816,11.05,228.9783
254.6148,11.05,228.935
254.7483,11.05,228.8929
254.8822,11.05,228.8521
255.0169,11.04964,228.8139
255.1518,11.05,228.777
255.2873,11.05,228.7415
255.423,11.05,228.7074
255.5592,11.04158,228.6746
255.6946,11.05,228.6427
255.8309,11.05,228.6137
255.9679,11.05,228.5847
256.1048,11.05,228.5557
256.2418,11.05,228.5267
256.3788,11.04105,228.4978
256.5149,11.05,228.469
256.6512,11.05,228.4401
256.7881,11.05,228.4111
256.9251,11.05,228.3821
257.062,11.04516,228.3531
257.1979,11.05,228.3244
257.3347,11.05,228.2955
257.4716,11.05,228.2665
257.6086,11.05,228.2375
257.7456,11.05,228.2085
257.8825,11.05,228.1795
258.0195,11.04952,228.1505
258.1563,11.05,228.1216
258.2933,11.05,228.0926
258.4302,11.04491,228.0636
258.5671,11.0485,228.0346
258.704,11.04996,228.0057
258.8409,11.05,227.9767
258.9779,11.05,227.9477
259.1148,11.05,227.9187
259.2518,11.05,227.8897
259.3888,11.05,227.8607
259.5257,11.05,227.8318
259.6627,11.05,227.8028
259.7997,11.05,227.7738
259.9366,11.05,227.7448
260.0736,11.04317,227.7158
260.2093,11.05,227.6871
260.3459,11.05,227.6582
260.4828,11.05,227.6292
260.6198,11.05,227.6002
260.7568,11.05,227.5712
260.8937,11.05,227.5423
261.0307,11.04882,227.5133
261.1673,11.05,227.4844
261.3043,11.05,227.4554
261.4412,11.05,227.4264
261.5782,11.05,227.3974
261.7151,11.05,227.3684
261.8521,11.05,227.3394
261.9891,11.05,227.3105
262.126,11.05,227.2815
262.263,11.05,227.2525
262.4,11.05,227.2235
262.5369,11.05,227.1945
262.6739,11.05,227.1655
262.8109,11.05,227.1366
262.9478,11.05,227.1076
263.0848,11.04091,227.0786
263.2204,11.04688,227.0499
263.357,11.04945,227.021
263.4939,11.05,226.992
263.6308,11.05,226.963
263.7678,11.05,226.934
263.9048,11.05,226.905
264.0417,11.04782,226.8761
264.178,11.05,226.8472
264.3149,11.05,226.8182
264.4519,11.05,226.7893
264.5889,11.05,226.7603
264.7258,11.04998,226.7313
264.8628,11.05,226.7023
264.9998,11.05,226.6733
265.1367,11.05,226.6443
265.2737,11.05,226.6153
265.4106,11.05,226.5864
265.5476,11.04994,226.5574
265.6845,11.05,226.5284
265.8215,11.05,226.4994
265.9585,11.05,226.4704
266.0954,11.05,226.4414
266.2324,11.05,226.4125
266.3694,11.04988,226.3835
266.5063,11.05,226.3545
266.6433,11.05,226.3255
266.7802,11.05,226.2965
266.9172,11.05,226.2675
267.0542,11.04632,226.2385
267.1902,11.04976,226.2098
267.327,11.05,226.1808
267.4639,11.05,226.1518
267.6009,11.05,226.1228
267.7379,11.05,226.0939
267.8748,11.04471,226.0649
268.0117,11.04821,226.0359
268.1486,11.04994,226.0069
268.2855,11.05,225.978
268.4225,11.05,225.949
268.5594,11.05,225.92
268.6964,11.05,225.891
268.8334,11.04948,225.8622
268.9703,11.05,225.8334
269.1073,11.05,225.8047
269.2444,11.05,225.7762
269.3815,11.05,225.7478
269.5186,11.05,225.7197
269.6558,11.04919,225.6919
269.7929,11.05,225.6643
269.9301,11.05,225.6369
270.0675,11.04426,225.6098
270.2038,11.05,225.5832
270.341,11.05,225.557
270.4786,11.04827,225.5312
270.6158,11.05,225.5057
270.7535,11.05,225.4806
270.8914,11.05,225.4562
271.0294,11.04892,225.4324
271.1671,11.05,225.409
271.3051,11.04588,225.3861
271.4427,11.05,225.3636
271.581,11.05,225.3422
271.7194,11.05,225.3215
271.858,11.05,225.3013
271.9966,11.05,225.2817
272.1353,11.05,225.2627
272.2742,11.05,225.2451
272.4131,11.05,225.2281
272.5522,11.05,225.2119
272.6913,11.05,225.1964
272.8306,11.05,225.1816
272.9579,11.05,225.1687
273.0734,11.04321,225.1576
273.1779,11.05,225.148
273.2708,11.05,225.14
273.3518,11.05,225.1335
273.421,11.05,225.1285
273.4804,11.05,225.1255
273.5516,11.05,225.1224
273.6326,11.05,225.1194
273.7241,11.05,225.1167
273.8276,11.05,225.1145
273.9431,11.05,225.1129
274.0705,11.04374,225.1121
274.2035,11.05,225.1124
274.3304,11.05,225.1144
274.4453,11.05,225.1172
274.5483,11.05,225.1205
274.6392,11.05,225.1241
274.7182,11.05,225.1279
274.7851,11.05,225.1319
274.84,11.05,225.1357
274.883,11.05,225.1392
274.9139,11.05,225.1422
274.9362,11.05,225.1448
274.9534,11.05,225.1469
274.9626,11.05,225.1483
274.9679,11.05,225.1491
274.9709,11.05,225.1496
274.9723,11.05,225.1499
274.9727,11.05,225.1499
274.9727,11.05,225.1499
274.9727,11.05,225.1499
274.9727,11.05,225.1499
274.9727,11.05,225.1499
274.9727,11.05,225.1499
274.9727,11.05,225.1499
274.9727,11.05,225.1499
274.9727,11.05,225.1499
274.9727,11.05,225.1499
274.9727,11.05,225.1499
274.9727,11.05,225.1499
274.9727,11.05,225.1499
274.9727,11.05,225.1499
274.9727,11.05,225.1499
274.9727,11.05,225.1499
274.9727,11.05,225.1499
274.9727,11.05,225.1499
274.9727,11.05,225.1499
274.9727,11.05,225.1499
274.9727,11.05,225.1499
274.9727,11.05,225.1499
274.9727,11.05,225.1499
274.9727,11.05,225.1499
274.9727,11.05,225.1499
274.9727,11.05,225.1499
274.9727,11.05,225.1499
274.9727,11.05,225.1499
274.9727,11.05,225.1499
274.9727,11.05,225.1499
274.9727,11.05,225.1499
274.9727,11.05,225.1499
274.9727,11.05,225.1499
274.9727,11.05,225.1499
274.9727,11.05,225.1499
274.9727,11.05,225.1499
274.9736,11.05,225.1508
274.9759,11.05,225.1533
274.9799,11.05,225.1577
274.9857,11.05,225.1643
274.9939,11.05,225.174
275.0046,11.04997,225.187
275.022,11.04939,225.21
275.0431,11.04767,225.2388
275.0676,11.04424,225.2737
275.0957,11.05,225.3153
275.1272,11.05,225.3638
275.1638,11.05,225.4231
275.2053,11.05,225.4934
275.2518,11.05,225.5746
275.3034,11.05,225.6666
275.3604,11.05,225.7693
275.423,11.05,225.8827
275.4906,11.04997,226.0052
275.5582,11.05,226.1278
275.6257,11.05,226.2504
275.6933,11.05,226.3729
275.7608,11.05,226.4955
275.8284,11.05,226.618
275.896,11.05,226.7406
275.9635,11.05,226.8632
276.0311,11.04879,226.9857
276.0986,11.04994,227.1082
276.1662,11.04739,227.2307
276.2337,11.04097,227.3532
276.3011,11.05,227.4756
276.3684,11.05,227.5975
276.4359,11.05,227.7201
276.5035,11.05,227.8427
276.5711,11.05,227.9652
276.6386,11.04025,228.0878
276.7056,11.05,228.2092
276.7727,11.05,228.331
276.8403,11.05,228.4536
276.9079,11.05,228.5761
276.9754,11.05,228.6987
277.043,11.04769,228.8213
277.1105,11.05,228.9437
277.178,11.04449,229.0662
277.2451,11.05,229.1878
277.3125,11.05,229.3101
277.38,11.04826,229.4327
277.4476,11.04269,229.5552
277.515,11.05,229.6776
277.5824,11.05,229.7998
277.65,11.05,229.9223
277.7175,11.04747,230.0449
277.7848,11.05,230.1669
277.8523,11.05,230.2894
277.9199,11.05,230.4119
277.9875,11.05,230.5345
278.055,11.0462,230.6571
278.1224,11.05,230.7794
278.1899,11.05,230.9018
278.2575,11.04926,231.0244
278.325,11.05,231.1468
278.3925,11.05,231.2693
278.4601,11.05,231.3919
278.5276,11.05,231.5145
278.5952,11.04891,231.637
278.6628,11.04411,231.7595
278.7303,11.05,231.882
278.7977,11.04998,232.0043
278.8652,11.05,232.1268
278.9328,11.05,232.2494
279.0004,11.05,232.3719
279.0679,11.04419,232.4945
279.1353,11.05,232.6167
279.2027,11.05,232.739
279.2703,11.05,232.8615
279.3378,11.05,232.9841
279.4054,11.05,233.1066
279.473,11.05,233.2292
279.5405,11.05,233.3518
279.6081,11.05,233.4743
279.6756,11.05,233.5969
279.7432,11.05,233.7195
279.8108,11.04939,233.842
279.8783,11.04533,233.9646
279.9458,11.04042,234.087
280.0127,11.0498,234.2083
280.0799,11.04194,234.3302
280.1472,11.05,234.4522
280.2144,11.05,234.5743
280.282,11.05,234.6968
280.3496,11.05,234.8194
280.4171,11.05,234.9419
280.4847,11.04476,235.0645
280.5518,11.05,235.1862
280.6192,11.05,235.3085
280.6868,11.05,235.4311
280.7543,11.05,235.5536
280.8219,11.05,235.6762
280.8895,11.05,235.7987
280.957,11.05,235.9213
281.0246,11.04683,236.0439
281.0917,11.04657,236.1656
281.1592,11.05,236.2881
281.2267,11.05,236.4106
281.2943,11.05,236.5331
281.3619,11.05,236.6557
281.4294,11.05,236.7783
281.4969,11.05,236.9008
281.5644,11.04931,237.0235
281.6317,11.05,237.146
281.699,11.05,237.2687
281.7662,11.05,237.3914
281.8331,11.05,237.5143
281.8999,11.05,237.6373
281.9665,11.05,237.7604
282.0329,11.04865,237.8836
282.099,11.04994,238.0069
282.1647,11.05,238.1304
282.2301,11.04964,238.2541
282.2953,11.04571,238.3779
282.3601,11.05,238.5019
282.4245,11.05,238.6259
282.4883,11.05,238.7505
282.5518,11.05,238.8752
282.6148,11.05,239.0002
282.6774,11.05,239.1253
282.7396,11.05,239.2507
282.8008,11.05,239.3765
282.8616,11.05,239.5026
282.9218,11.05,239.6289
282.9815,11.05,239.7555
283.0407,11.04792,239.8823
283.0987,11.04989,240.0096
283.156,11.05,240.1371
283.2128,11.04829,240.2651
283.2688,11.04021,240.3932
283.3241,11.05,240.5213
283.3778,11.05,240.6496
283.4311,11.05,240.779
283.4836,11.05,240.9087
283.5354,11.04812,241.0388
283.5862,11.05,241.1686
283.6355,11.05,241.2995
283.6839,11.05,241.4308
283.7315,11.05,241.5624
283.7782,11.05,241.6943
283.8239,11.05,241.8266
283.8678,11.04471,241.9595
283.9105,11.05,242.0923
283.9523,11.05,242.2256
283.9931,11.05,242.3595
284.0329,11.04865,242.4937
284.0705,11.04374,242.6284
284.1069,11.05,242.7634
284.1422,11.05,242.8985
284.1763,11.04854,243.0342
284.2092,11.05,243.1698
284.2397,11.04722,243.3063
284.269,11.05,243.4429
284.297,11.05,243.5799
284.3237,11.05,243.7173
284.3491,11.05,243.8549
284.3718,11.05,243.993
284.3931,11.05,244.1313
284.413,11.05,244.2698
284.4315,11.05,244.4085
284.4485,11.04383,244.5474
284.4624,11.05,244.6858
284.4749,11.05,244.8249
284.4859,11.05,244.9644
284.4953,11.05,245.104
284.5031,11.05,245.2437
284.5077,11.05,245.3836
284.5107,11.0499,245.5235
284.5119,11.05,245.6634
284.5115,11.05,245.8034
284.5094,11.05,245.9433
284.5038,11.04127,246.0831
284.4974,11.05,246.2215
284.4883,11.05,246.3605
284.4773,11.04968,246.5
284.4645,11.05,246.6393
284.448,11.05,246.7782
284.4296,11.05,246.9169
284.4101,11.04613,247.0555
284.3903,11.05,247.193
284.3702,11.05,247.3314
284.3502,11.04094,247.4699
284.3303,11.05,247.6072
284.3103,11.05,247.7449
284.2903,11.05,247.8834
284.2702,11.0494,248.0219
284.2502,11.05,248.1602
284.2301,11.04704,248.2987
284.2101,11.05,248.4366
284.1901,11.05,248.575
284.17,11.05,248.7135
284.1499,11.05,248.852
284.1299,11.05,248.9905
284.1098,11.04977,249.129
284.0898,11.05,249.2674
284.0697,11.04389,249.4059
284.0496,11.04691,249.5443
284.0296,11.04891,249.6827
284.0095,11.04989,249.8212
283.9895,11.05,249.9596
283.9694,11.05,250.0981
283.9493,11.05,250.2366
283.9293,11.05,250.3751
283.9092,11.05,250.5136
283.8891,11.05,250.6521
283.8691,11.05,250.7906
283.849,11.04597,250.9291
283.8291,11.0444,251.0667
283.8092,11.05,251.2038
283.7892,11.05,251.342
283.7691,11.05,251.4805
283.7491,11.05,251.619
283.729,11.04949,251.7575
283.709,11.05,251.8959
283.6889,11.04852,252.0343
283.6689,11.05,252.1724
283.6488,11.05,252.3108
283.6288,11.05,252.4493
283.6087,11.05,252.5878
283.5887,11.05,252.7263
283.5686,11.05,252.8648
283.5485,11.04999,253.0033
283.5284,11.05,253.1418
283.5083,11.05,253.2802
283.4881,11.05,253.4187
283.4678,11.04498,253.5572
283.4476,11.05,253.6947
283.427,11.05,253.8328
283.4062,11.05,253.9712
283.3852,11.05,254.1096
283.364,11.05,254.2479
283.3426,11.04881,254.3862
283.3207,11.05,254.5241
283.2985,11.05,254.6623
283.2759,11.05,254.8004
283.2531,11.05,254.9385
283.2299,11.04262,255.0765
283.2065,11.04997,255.2131
283.1823,11.05,255.3504
283.1575,11.05,255.4882
283.1323,11.05,255.6258
283.1067,11.05,255.7634
283.08,11.04191,255.9008
283.0529,11.04467,256.0379
283.0252,11.0492,256.1747
282.997,11.05,256.3116
282.9681,11.05,256.4485
282.938,11.05,256.5852
282.9073,11.05,256.7217
282.8759,11.05,256.8581
282.8439,11.05,256.9943
282.8112,11.05,257.1303
282.7769,11.05,257.2661
282.742,11.05,257.4016
282.7063,11.05,257.5369
282.6698,11.05,257.6719
282.6324,11.05,257.8068
282.5934,11.05,257.9412
282.5536,11.04283,258.0754
282.5136,11.05,258.2082
282.4721,11.05,258.3413
282.4296,11.04873,258.4747
282.3853,11.05,258.607
282.3399,11.05,258.7394
282.2935,11.05,258.8714
282.2461,11.04999,259.0031
282.1977,11.05,259.1344
282.1472,11.04125,259.265
282.0967,11.05,259.394
282.0443,11.04753,259.5231
281.9907,11.05,259.6522
281.9359,11.05,259.7809
281.8788,11.04944,259.9087
281.8206,11.0484,260.0358
281.7614,11.05,260.1621
281.7008,11.05,260.2882
281.639,11.05,260.4138
281.5748,11.05,260.5382
281.5093,11.05,260.6619
281.4427,11.05,260.7849
281.3747,11.05,260.9073
281.3055,11.04895,261.0289
281.2339,11.05,261.1489
281.1609,11.04273,261.2682
281.0878,11.04025,261.3861
281.0134,11.04977,261.5034
280.9369,11.05,261.6196
280.8573,11.05,261.7347
280.7763,11.04669,261.8488
280.6947,11.05,261.9615
280.6111,11.04317,262.0736
280.5271,11.05,262.1842
280.4397,11.05,262.2929
280.351,11.04842,262.4012
280.2623,11.05,262.5088
280.1733,11.05,262.6168
280.0843,11.04103,262.7248
279.9956,11.05,262.8322
279.907,11.04933,262.9397
279.8181,11.04717,263.0475
279.7294,11.05,263.1551
279.6404,11.05,263.263
279.5514,11.05,263.3709
279.4623,11.04983,263.4789
279.3733,11.05,263.5869
279.2843,11.05,263.6949
279.1952,11.05,263.8028
279.1062,11.05,263.9108
279.0171,11.04919,264.0188
278.9281,11.05,264.1268
278.8391,11.05,264.2347
278.75,11.05,264.3427
278.6609,11.05,264.4507
278.5719,11.05,264.5587
278.4828,11.05,264.6667
278.3938,11.05,264.7746
278.3047,11.05,264.8826
278.2157,11.05,264.9906
278.1267,11.05,265.0986
278.0376,11.04823,265.2066
277.9487,11.05,265.3144
277.8597,11.05,265.4223
277.7707,11.05,265.5303
277.6816,11.05,265.6383
277.5926,11.05,265.7462
277.5035,11.05,265.8542
277.4145,11.05,265.9622
277.3254,11.04379,266.0702
277.237,11.05,266.1774
277.1482,11.05,266.2851
277.0591,11.0456,266.3931
276.9704,11.05,266.5007
276.8814,11.05,266.6086
276.7924,11.05,266.7166
276.7033,11.0407,266.8246
276.6152,11.05,266.9314
276.5266,11.04811,267.0388
276.4378,11.05,267.1465
276.3488,11.05,267.2545
276.2597,11.04335,267.3625
276.1715,11.05,267.4695
276.0827,11.04136,267.5771
275.9942,11.05,267.6845
275.9055,11.05,267.792
275.8165,11.04562,267.9
275.7281,11.04994,268.0071
275.6392,11.05,268.115
275.5501,11.05,268.2229
275.4611,11.05,268.3309
275.372,11.0472,268.4389
275.2835,11.05,268.5462
275.1945,11.05,268.6541
275.1055,11.05,268.7621
275.0164,11.04966,268.8701
274.9275,11.0484,268.9781
274.8389,11.0407,269.0858
274.751,11.05,269.1926
274.6627,11.05,269.3003
274.5741,11.05,269.4086
274.4857,11.04938,269.5171
274.3975,11.05,269.6255
274.3093,11.05,269.7342
274.2215,11.05,269.8432
274.1339,11.05,269.9523
274.0465,11.04247,270.0617
273.9594,11.05,270.1711
273.8729,11.05,270.2804
273.7866,11.05,270.3906
273.7005,11.05,270.501
273.6149,11.05,270.6117
273.5295,11.05,270.7226
273.4445,11.05,270.8338
273.3603,11.05,270.9456
273.2765,11.04582,271.0576
273.1936,11.05,271.1693
273.1107,11.05,271.2819
273.0283,11.049,271.395
272.9468,11.05,271.5087
272.8658,11.05,271.6228
272.7853,11.05,271.7373
272.7054,11.05,271.8522
272.6261,11.05,271.9675
272.5479,11.04117,272.0836
272.4709,11.05,272.1989
272.3943,11.05,272.3153
272.3181,11.04171,272.4327
272.243,11.05,272.5492
272.1685,11.05,272.667
272.0952,11.05,272.7862
272.0226,11.04936,272.9058
271.9509,11.04646,273.0259
271.8802,11.05,273.1457
271.8109,11.05,273.2672
271.7425,11.05,273.3892
271.675,11.05,273.5118
271.6083,11.04956,273.6349
271.5427,11.05,273.7583
271.4789,11.05,273.8829
271.4162,11.04992,274.008
271.3544,11.05,274.1335
271.2937,11.05,274.2596
271.2341,11.05,274.3863
271.1756,11.05,274.5134
271.1193,11.05,274.6415
271.0641,11.04482,274.7701
271.0103,11.04987,274.899
270.9571,11.04682,275.0282
270.9042,11.05,275.1569
270.8511,11.05,275.2863
270.7979,11.05,275.4157
270.7447,11.05,275.5451
270.6916,11.05,275.6746
270.6384,11.05,275.804
270.5852,11.05,275.9335
270.532,11.04502,276.0629
270.4793,11.05,276.1914
270.4262,11.05,276.3206
270.373,11.04627,276.4501
270.3202,11.05,276.5787
270.2671,11.05,276.708
270.2139,11.05,276.8375
270.1608,11.05,276.9669
270.1076,11.05,277.0964
270.0544,11.04628,277.2258
270.0013,11.05,277.3551
269.9482,11.05,277.4844
269.8951,11.05,277.6139
269.8419,11.05,277.7433
269.7887,11.04556,277.8728
269.7359,11.05,278.0013
269.6828,11.05,278.1306
269.6297,11.05,278.26
269.5765,11.05,278.3895
269.5233,11.05,278.519
269.4702,11.05,278.6484
269.417,11.05,278.7778
269.3638,11.05,278.9073
269.3107,11.04831,279.0367
269.2577,11.05,279.1657
269.2045,11.04483,279.2952
269.1518,11.05,279.4236
269.0987,11.05,279.5529
269.0455,11.0474,279.6823
268.9924,11.05,279.8116
268.9392,11.05,279.941
268.8861,11.04375,280.0705
268.8334,11.05,280.1988
268.7803,11.05,280.3279
268.7272,11.05,280.4574
268.674,11.05,280.5869
268.6208,11.04426,280.7163
268.5681,11.05,280.8447
268.515,11.05,280.9739
268.4619,11.05,281.1033
268.4087,11.05,281.2328
268.3555,11.04997,281.3622
268.3024,11.05,281.4917
268.2492,11.05,281.6211
268.196,11.05,281.7506
268.1429,11.05,281.88
268.0897,11.04989,282.0095
268.0365,11.04833,282.1389
267.9832,11.05,282.2682
267.9298,11.05,282.3975
267.8762,11.05,282.5268
267.8225,11.05,282.656
267.7687,11.04983,282.7852
267.7147,11.05,282.9143
267.6603,11.04766,283.0432
267.6059,11.05,283.1714
267.5511,11.05,283.3001
267.4959,11.05,283.4288
267.4405,11.04139,283.5573
267.3853,11.05,283.6844
267.3292,11.05,283.8119
267.2725,11.05,283.9398
267.2154,11.04424,284.0676
267.1585,11.0492,284.1943
267.1005,11.05,284.321
267.0417,11.04782,284.4481
266.9825,11.05,284.5747
266.9229,11.05,284.7013
266.8627,11.05,284.8276
266.8014,11.05,284.9535
266.7396,11.04212,285.079
266.6781,11.05,285.2033
266.6154,11.05,285.3278
266.5518,11.05,285.4525
266.487,11.04496,285.5765
266.4223,11.05,285.6994
266.3563,11.05,285.8225
266.2895,11.05,285.9455
266.222,11.04416,286.0681
266.154,11.04923,286.1892
266.0847,11.04093,286.3102
266.015,11.04972,286.4308
265.9442,11.05,286.5507
265.8722,11.05,286.6707
265.7986,11.05,286.7898
265.7242,11.05,286.9083
265.6489,11.04914,287.0263
265.5729,11.05,287.1435
265.4959,11.05,287.2604
265.4171,11.05,287.3761
265.3374,11.05,287.4911
265.2568,11.05,287.6056
265.1753,11.05,287.7193
265.0928,11.05,287.8324
265.0084,11.04991,287.944
264.923,11.04621,288.0549
264.8372,11.05,288.1645
264.7499,11.05,288.2737
264.6616,11.05,288.3823
264.5712,11.05,288.4892
264.4798,11.04159,288.5952
264.3889,11.05,288.6997
264.2958,11.05,288.8035
264.2013,11.05,288.9067
264.1047,11.04992,289.008
264.0071,11.04994,289.1083
263.9084,11.05,289.2076
263.8086,11.05,289.3057
263.7078,11.05,289.4028
263.6048,11.05,289.4976
263.5008,11.04485,289.5912
263.3969,11.05,289.6833
263.2909,11.05,289.7744
263.1836,11.05,289.8643
263.0742,11.04305,289.9517
262.9649,11.04665,290.0379
262.8549,11.05,290.1228
262.7424,11.05,290.206
262.6288,11.05,290.2878
262.5131,11.05,290.3666
262.3964,11.04858,290.444
262.2791,11.05,290.5195
262.1604,11.05,290.5937
262.0407,11.04792,290.6663
261.9198,11.05,290.7359
261.7972,11.04998,290.8035
261.6737,11.05,290.8693
261.5492,11.05,290.9333
261.4238,11.05,290.9956
261.2966,11.04632,291.0542
261.1688,11.05,291.1108
261.0401,11.04799,291.1655
260.911,11.05,291.2184
260.7806,11.05,291.2692
260.6486,11.05,291.316
260.5159,11.05,291.3606
260.3825,11.04973,291.4032
260.2486,11.05,291.4435
260.1139,11.05,291.4818
259.978,11.05,291.5156
259.8416,11.05,291.5471
259.7047,11.05,291.5764
259.5673,11.04919,291.6033
259.4297,11.05,291.6279
259.291,11.05,291.6478
259.1521,11.05,291.6652
259.0129,11.04979,291.6801
258.8735,11.05,291.6926
258.7339,11.05,291.7026
258.594,11.04185,291.7076
258.455,11.05,291.7106
258.3156,11.05,291.7104
258.1756,11.05,291.7075
258.0357,11.0484,291.7021
257.8965,11.05,291.6923
257.7571,11.05,291.6789
257.6181,11.04875,291.6628
257.4795,11.05,291.644
257.3412,11.05,291.6224
257.2032,11.05,291.5981
257.0665,11.04444,291.5683
256.9307,11.05,291.5374
256.7955,11.05,291.5022
256.6608,11.05,291.4641
256.5269,11.05,291.4232
256.3948,11.05,291.3768
256.2637,11.04744,291.3276
256.1338,11.05,291.2757
256.005,11.04997,291.2209
255.8786,11.05,291.1607
255.7536,11.05,291.0977
255.63,11.04872,291.032
255.508,11.05,290.9636
255.3874,11.05,290.8924
255.2702,11.05,290.8159
255.1547,11.05,290.7368
255.041,11.04789,290.655
254.9294,11.05,290.5713
254.8196,11.05,290.4844
254.7119,11.05,290.3949
254.6086,11.05,290.3005
254.5075,11.05,290.2037
254.4167,11.05,290.113
254.336,11.04897,290.0287
254.2644,11.05,289.9507
254.2022,11.05,289.8801
254.1492,11.05,289.8171
254.1054,11.05,289.762
254.0704,11.04376,289.7149
254.0429,11.0477,289.6754
254.0231,11.04933,289.645
254.0109,11.04985,289.6239
254.0028,11.04999,289.6085
253.997,11.05,289.5968
253.9931,11.05,289.5884
253.992,11.05,289.5855
253.9915,11.05,289.5842
253.9914,11.05,289.5839
253.9914,11.05,289.5839
253.9914,11.05,289.5839
253.9914,11.05,289.5839
253.9914,11.05,289.5839
253.9914,11.05,289.5839
253.9914,11.05,289.5839
253.9914,11.05,289.5839
253.9914,11.05,289.5839
253.9914,11.05,289.5839
253.9914,11.05,289.5839
253.9914,11.05,289.5839
253.9914,11.05,289.5839
253.9914,11.05,289.5839
253.9914,11.05,289.5839
253.9914,11.05,289.5839
253.9914,11.05,289.5839
253.9914,11.05,289.5839
253.9914,11.05,289.5839
253.9914,11.05,289.5839
253.9914,11.05,289.5839
253.9914,11.05,289.5839
253.9914,11.05,289.5839
253.9914,11.05,289.5839
253.9914,11.05,289.5839
253.9914,11.05,289.5839
253.9914,11.05,289.5839
253.9914,11.05,289.5839
253.9914,11.05,289.5839
253.9914,11.05,289.5839
253.9914,11.05,289.5839
253.9914,11.05,289.5839
253.9914,11.05,289.5839
253.9914,11.05,289.5839
253.9914,11.05,289.5839
253.9914,11.05,289.5839
253.9914,11.05,289.5839
253.9914,11.05,289.5839
253.9914,11.05,289.5839
253.9914,11.05,289.5839
253.9914,11.05,289.5839
253.9914,11.05,289.5839
253.9914,11.05,289.5839
253.9914,11.05,289.5839
253.9914,11.05,289.5839
253.9914,11.05,289.5839
253.9914,11.05,289.5839
253.9914,11.05,289.5839
253.9914,11.05,289.5839
253.9914,11.05,289.5839
253.9914,11.05,289.5839
253.9914,11.05,289.5839
253.9914,11.05,289.5839
253.9914,11.05,289.5839
253.9914,11.05,289.5839
253.9914,11.05,289.5839
253.9914,11.05,289.5839
253.9914,11.05,289.5839
253.9914,11.05,289.5839
253.9914,11.05,289.5839
253.9914,11.05,289.5839
253.9914,11.05,289.5839
253.9914,11.05,289.5839
253.9914,11.05,289.5839
253.9914,11.05,289.5839
253.9914,11.05,289.5839
253.9914,11.05,289.5839
253.9914,11.05,289.5839
253.9914,11.05,289.5839
253.9914,11.05,289.5839
253.9914,11.05,289.5839
253.9914,11.05,289.5839
253.9914,11.05,289.5839
253.9914,11.05,289.5839
253.9914,11.05,289.5839
253.9914,11.05,289.5839
253.9914,11.05,289.5839
253.9914,11.05,289.5839
253.9914,11.05,289.5839
253.9914,11.05,289.5839
253.9914,11.05,289.5839
253.9914,11.05,289.5839
253.9914,11.05,289.5839
253.9914,11.05,289.5839
253.9914,11.05,289.5839
253.9914,11.05,289.5839
253.9914,11.05,289.5839
253.9914,11.05,289.5839
253.9914,11.05,289.5839
253.9914,11.05,289.5839
253.9914,11.05,289.5839
253.9914,11.05,289.5839
253.9914,11.05,289.5839
253.9914,11.05,289.5839
253.9914,11.05,289.5839
253.9914,11.05,289.5839
253.9914,11.05,289.5839
253.9914,11.05,289.5839
253.9914,11.05,289.5839
253.9914,11.05,289.5839
253.9914,11.05,289.5839
253.9914,11.05,289.5839
253.9914,11.05,289.5839
253.9914,11.05,289.5839
253.9914,11.05,289.5839
253.9914,11.05,289.5839
253.9914,11.05,289.5839
253.9914,11.05,289.5839
253.9914,11.05,289.5839
253.9914,11.05,289.5839
253.9914,11.05,289.5839
253.9914,11.05,289.5839
253.9914,11.05,289.5839
253.9914,11.05,289.5839
253.9914,11.05,289.5839
253.9914,11.05,289.5839
253.9914,11.05,289.5839
253.9914,11.05,289.5839
253.9914,11.05,289.5839
253.9914,11.05,289.5839
253.9914,11.05,289.5839
253.9914,11.05,289.5839
253.9914,11.05,289.5839
253.9912,11.05,289.5836
253.9905,11.05,289.5826
253.9886,11.05,289.5797
253.9852,11.05,289.575
253.98,11.05,289.5678
253.9697,11.05,289.5544
253.9561,11.05,289.5374
253.9387,11.05,289.5162
253.9158,11.05,289.4891
253.8878,11.05,289.4569
253.8509,11.05,289.4167
253.805,11.05,289.3686
253.75,11.05,289.3127
253.6855,11.05,289.2494
253.6119,11.05,289.1794
253.5283,11.05,289.1027
253.4346,11.04952,289.0196
253.3304,11.05,288.9316
253.2219,11.05,288.8433
253.1127,11.05,288.7557
253.0033,11.04999,288.6684
252.8938,11.05,288.5811
252.7844,11.05,288.4939
252.6749,11.05,288.4066
252.5655,11.05,288.3194
252.456,11.05,288.2321
252.3466,11.05,288.1448
252.2371,11.04583,288.0576
252.128,11.05,287.9706
252.0187,11.04956,287.8834
251.9093,11.05,287.7962
251.7999,11.05,287.709
251.6904,11.05,287.6217
251.581,11.05,287.5344
251.4715,11.05,287.4472
251.3621,11.05,287.3599
251.2526,11.04975,287.2726
251.1432,11.04889,287.1854
251.0337,11.04857,287.0981
250.9245,11.04529,287.011
250.8151,11.04255,286.9238
250.7057,11.05,286.8365
250.5966,11.05,286.7496
250.4872,11.05,286.6623
250.3777,11.05,286.575
250.2683,11.05,286.4878
250.1588,11.05,286.4005
250.0494,11.04694,286.3133
249.9403,11.05,286.2263
249.8309,11.05,286.1391
249.7215,11.04663,286.0518
249.6123,11.05,285.9648
249.5029,11.05,285.8776
249.3935,11.05,285.7903
249.284,11.05,285.7031
249.1746,11.05,285.6158
249.0652,11.04466,285.5285
248.9562,11.05,285.4417
248.8469,11.05,285.3546
248.7375,11.05,285.2673
248.628,11.05,285.18
248.5186,11.05,285.0928
248.4091,11.04996,285.0055
248.2997,11.05,284.9182
248.1903,11.05,284.831
248.0808,11.04175,284.7437
247.972,11.05,284.657
247.863,11.05,284.5701
247.7536,11.05,284.4828
247.6441,11.05,284.3955
247.5347,11.05,284.3083
247.4252,11.05,284.221
247.3158,11.05,284.1338
247.2063,11.04729,284.0465
247.0972,11.05,283.9594
246.9878,11.05,283.8722
246.8783,11.05,283.785
246.7689,11.05,283.6977
246.6594,11.05,283.6104
246.55,11.05,283.5232
246.4405,11.05,283.4359
246.3311,11.04981,283.3487
246.2216,11.04901,283.2614
246.1122,11.0476,283.1741
246.0028,11.04044,283.0869
245.8938,11.04289,283
245.7845,11.05,282.9128
245.6753,11.05,282.8258
245.5659,11.05,282.7386
245.4565,11.05,282.6513
245.347,11.05,282.564
245.2376,11.05,282.4768
245.1281,11.05,282.3895
245.0187,11.04956,282.3022
244.9093,11.05,282.2151
244.7999,11.05,282.1278
244.6904,11.04794,282.0405
244.5812,11.05,281.9534
244.4718,11.05,281.8662
244.3623,11.05,281.7789
244.2529,11.05,281.6917
244.1434,11.05,281.6044
244.034,11.04856,281.5172
243.9248,11.05,281.4301
243.8153,11.05,281.3428
243.7059,11.05,281.2556
243.5964,11.05,281.1683
243.487,11.04171,281.081
243.378,11.05,280.9941
243.269,11.05,280.9073
243.1596,11.05,280.82
243.0501,11.04685,280.7327
242.9411,11.05,280.6458
242.8317,11.05,280.5586
242.7222,11.05,280.4713
242.6128,11.05,280.384
242.5034,11.05,280.2968
242.3939,11.05,280.2095
242.2845,11.05,280.1223
242.175,11.04847,280.035
242.0657,11.04456,279.9478
241.9568,11.05,279.861
241.8476,11.05,279.7739
241.7381,11.05,279.6867
241.6287,11.05,279.5994
241.5192,11.05,279.5122
241.4096,11.04985,279.4251
241.3,11.04909,279.3381
241.1903,11.04768,279.2512
241.0805,11.04182,279.1644
240.9712,11.04125,279.0781
240.8613,11.05,278.9919
240.7515,11.05,278.906
240.6411,11.05,278.82
240.5305,11.05,278.7343
240.4198,11.05,278.6487
240.3086,11.05,278.5636
240.1972,11.05,278.4788
240.0856,11.04073,278.3943
239.9746,11.05,278.3105
239.8631,11.05,278.227
239.7506,11.05,278.1439
239.6377,11.04531,278.0611
239.5249,11.05,277.9788
239.4116,11.05,277.8969
239.2979,11.05,277.8154
239.1834,11.05,277.7347
239.0687,11.04406,277.6546
238.9543,11.05,277.5751
238.8391,11.05,277.4961
238.7233,11.05,277.4175
238.6067,11.05,277.3401
238.4897,11.05,277.2632
238.3723,11.05,277.187
238.2545,11.05,277.1114
238.1362,11.04834,277.0364
238.0173,11.04963,276.9629
237.8979,11.05,276.8901
237.7779,11.049,276.8179
237.6575,11.04501,276.7466
237.5367,11.05,276.676
237.4151,11.05,276.6071
237.2929,11.05,276.5389
237.1701,11.05,276.4716
237.0469,11.04724,276.4051
236.9238,11.05,276.3395
236.7992,11.05,276.2759
236.6741,11.05,276.2132
236.5484,11.05,276.1514
236.4223,11.05,276.0907
236.2957,11.0488,276.031
236.1681,11.05,275.9734
236.0401,11.04799,275.917
235.912,11.05,275.8616
235.783,11.04963,275.8074
235.6534,11.04358,275.7544
235.5232,11.05,275.7039
235.3926,11.05,275.6546
235.2611,11.05,275.6064
235.1292,11.05,275.5596
234.9968,11.05,275.514
234.8636,11.05,275.4711
234.73,11.05,275.4291
234.5964,11.05,275.3873
234.4628,11.05,275.3455
234.3292,11.05,275.3036
234.1956,11.04725,275.2618
234.0622,11.04514,275.2201
233.9294,11.05,275.1786
233.796,11.05,275.1368
233.6624,11.05,275.095
233.5288,11.04644,275.0532
233.3953,11.04984,275.0114
233.2618,11.05,274.9697
233.1282,11.05,274.9279
232.9946,11.05,274.886
232.861,11.05,274.8442
232.7274,11.04646,274.8024
232.594,11.05,274.7607
232.4605,11.05,274.7189
232.3269,11.05,274.6771
232.1933,11.05,274.6353
232.0597,11.04552,274.5935
231.9267,11.05,274.5519
231.7933,11.05,274.5102
231.6597,11.05,274.4684
231.5261,11.05,274.4265
231.3925,11.05,274.3847
231.2589,11.04556,274.3429
231.1256,11.05,274.3012
230.9921,11.05,274.2595
230.8585,11.05,274.2177
230.7249,11.05,274.1759
230.5913,11.05,274.1341
230.4577,11.05,274.0923
230.3241,11.04681,274.0504
230.1906,11.04991,274.0087
230.0571,11.04591,273.9669
229.9241,11.05,273.9253
229.7906,11.04457,273.8835
229.6574,11.05,273.8418
229.5241,11.05,273.8001
229.3905,11.05,273.7583
229.2569,11.05,273.7165
229.1232,11.05,273.6747
228.9896,11.05,273.6329
228.856,11.05,273.5911
228.7224,11.05,273.5493
228.5888,11.05,273.5075
228.4552,11.04993,273.4657
228.3216,11.04341,273.4239
228.1885,11.05,273.3822
228.0552,11.04617,273.3405
227.9224,11.05,273.2989
227.7889,11.05,273.2572
227.6553,11.05,273.2154
227.5217,11.05,273.1736
227.3881,11.05,273.1317
227.2545,11.05,273.0899
227.1208,11.04709,273.0481
226.9873,11.04977,273.0063
226.8538,11.04226,272.9646
226.7207,11.05,272.9229
226.5876,11.05,272.8813
226.454,11.05,272.8395
226.3204,11.05,272.7977
226.1868,11.05,272.7559
226.0532,11.04645,272.7141
225.9202,11.05,272.6724
225.7867,11.05,272.6307
225.6531,11.05,272.5889
225.5195,11.04952,272.5471
225.3859,11.04099,272.5052
225.2529,11.05,272.4637
225.12,11.05,272.4221
224.9864,11.05,272.3802
224.8528,11.05,272.3384
224.7191,11.05,272.2966
224.5855,11.05,272.2548
224.4519,11.05,272.213
224.3183,11.05,272.1712
224.1847,11.05,272.1294
224.0511,11.04672,272.0876
223.9181,11.04735,272.046
223.7846,11.04998,272.0042
223.651,11.05,271.9623
223.5175,11.05,271.9204
223.3839,11.05,271.8783
223.2505,11.05,271.8361
223.117,11.05,271.7938
222.9836,11.05,271.7513
222.8504,11.05,271.7084
222.7171,11.05,271.6654
222.584,11.04909,271.6221
222.451,11.05,271.5786
222.3181,11.05,271.5347
222.1852,11.05,271.4906
222.0526,11.04653,271.4459
221.9206,11.05,271.4012
221.7882,11.05,271.3557
221.656,11.05,271.3099
221.5238,11.05,271.2637
221.392,11.05,271.2166
221.2603,11.05,271.169
221.1288,11.05,271.121
220.9975,11.04338,271.0724
220.8668,11.04934,271.023
220.7364,11.05,270.973
220.6059,11.05,270.9223
220.4756,11.05,270.871
220.3456,11.05,270.8192
220.2158,11.05,270.7667
220.0866,11.04051,270.7129
219.9584,11.05,270.6592
219.8304,11.05,270.6044
219.7021,11.05,270.5485
219.5741,11.05,270.4919
219.4467,11.05,270.4338
219.3197,11.04809,270.3749
219.1931,11.04055,270.3153
219.0672,11.04432,270.255
218.9424,11.05,270.1945
218.8176,11.05,270.1317
218.693,11.04422,270.0678
218.5691,11.04999,270.0034
218.4457,11.05,269.9378
218.3226,11.05,269.8713
218.2004,11.05,269.8029
218.0789,11.04215,269.7335
217.9583,11.05,269.6641
217.8383,11.05,269.593
217.7184,11.05,269.5207
217.5998,11.05,269.4463
217.4819,11.05,269.3709
217.3646,11.05,269.2945
217.248,11.05,269.217
217.1322,11.04998,269.1385
217.0178,11.04541,269.0578
216.9043,11.04671,268.9768
216.7916,11.0434,268.8939
216.6796,11.05,268.8099
216.5688,11.05,268.725
216.4595,11.05,268.6376
216.351,11.05,268.5491
216.2435,11.05,268.4594
216.137,11.05,268.3686
216.0315,11.04876,268.2766
215.9282,11.05,268.1825
215.8259,11.04042,268.087
215.7246,11.05,267.9915
215.625,11.05,267.8942
215.5261,11.05,267.7953
215.4295,11.05,267.6939
215.3342,11.05,267.5914
215.2401,11.05,267.4878
215.1474,11.05,267.3829
215.056,11.04606,267.2769
214.9668,11.05,267.1696
214.8797,11.04545,267.0602
214.7937,11.05,266.9505
214.7095,11.05,266.8389
214.6268,11.04379,266.7261
214.5472,11.04744,266.611
214.4693,11.04959,266.4949
214.3929,11.05,266.3777
214.3182,11.05,266.2593
214.2453,11.05,266.1399
214.1758,11.04958,266.0184
214.1082,11.05,265.8959
214.0424,11.04774,265.7724
213.9786,11.05,265.648
213.9166,11.05,265.5226
213.8585,11.05,265.3953
213.8024,11.05,265.267
213.7484,11.05,265.1379
213.6964,11.04992,265.008
213.6466,11.05,264.8773
213.601,11.05,264.7449
213.5577,11.04816,264.6118
213.5166,11.05,264.4782
213.4778,11.05,264.3438
213.4412,11.05,264.2087
213.4093,11.04338,264.0724
213.3786,11.05,263.9368
213.3516,11.05,263.7999
213.3269,11.05,263.6621
213.3047,11.05,263.524
213.2876,11.04401,263.3851
213.2721,11.05,263.2465
213.2601,11.05,263.1074
213.2506,11.05,262.9677
213.2438,11.05,262.8279
213.2423,11.05,262.688
213.2435,11.05,262.5481
213.2474,11.05,262.4082
213.254,11.04987,262.2684
213.2634,11.05,262.1288
213.2783,11.05,261.9896
213.296,11.05,261.8508
213.3165,11.05,261.7123
213.3398,11.05,261.5744
213.3659,11.04684,261.4369
213.3956,11.05,261.3006
213.4303,11.05,261.1651
213.4678,11.04885,261.0303
213.508,11.05,260.8966
213.5513,11.05,260.7635
213.6002,11.04935,260.6324
213.6519,11.05,260.5025
213.7066,11.05,260.3737
213.7641,11.05,260.2461
213.8244,11.05,260.1198
213.8903,11.04291,259.9963
213.9569,11.05,259.8743
214.0282,11.04901,259.7543
214.1024,11.05,259.6357
214.1793,11.05,259.5188
214.2617,11.05,259.4056
214.3466,11.05,259.2943
214.4342,11.05,259.1852
214.5244,11.0423,259.0781
214.6154,11.05,258.9727
214.7034,11.05,258.8774
214.785,11.04997,258.7923
214.8591,11.05,258.7164
214.925,11.05,258.6495
214.9827,11.05,258.5912
215.0319,11.04872,258.5414
215.0727,11.04333,258.5002
215.1051,11.05,258.4675
215.1301,11.05,258.4423
215.1498,11.05,258.4224
215.162,11.05,258.4101
215.1711,11.05,258.4009
215.1768,11.05,258.3951
215.1806,11.05,258.3913
215.1827,11.05,258.3892
215.1827,11.05,258.3892
215.1824,11.05,258.3895
215.1812,11.05,258.3907
215.1788,11.05,258.3931
215.1747,11.05,258.3973
215.1658,11.05,258.4063
215.153,11.05,258.4192
215.1365,11.05,258.4359
215.116,11.05,258.4565
215.0909,11.05,258.4818
215.0574,11.04586,258.5157
215.0172,11.04963,258.5563
214.9686,11.05,258.6053
214.9122,11.05,258.6623
214.8485,11.05,258.7266
214.7763,11.04966,258.7995
214.6958,11.05,258.8808
214.6069,11.05,258.9706
214.5095,11.04403,259.0688
214.4117,11.05,259.1675
214.3221,11.05,259.2578
214.2409,11.04386,259.3396
214.1675,11.05,259.4135
214.1023,11.05,259.4789
214.0455,11.04741,259.5359
213.9969,11.05,259.5844
213.9567,11.05,259.6245
213.9249,11.05,259.656
213.9016,11.05,259.679
213.8856,11.05,259.6947
213.8763,11.05,259.7038
213.8703,11.05,259.7095
213.8664,11.05,259.7133
213.8642,11.05,259.7154
213.8632,11.05,259.7164
213.8629,11.05,259.7166
213.8629,11.05,259.7166
213.8629,11.05,259.7166
213.8629,11.05,259.7166
213.8629,11.05,259.7166
213.8629,11.05,259.7166
213.8629,11.05,259.7166
213.8629,11.05,259.7166
213.8629,11.05,259.7166
213.8629,11.05,259.7166
213.8629,11.05,259.7166
213.8629,11.05,259.7166
213.8629,11.05,259.7166
213.8629,11.05,259.7166
213.8629,11.05,259.7166
213.8629,11.05,259.7166
213.8629,11.05,259.7166
213.8629,11.05,259.7166
213.8629,11.05,259.7166
213.8629,11.05,259.7166
213.8629,11.05,259.7166
213.8632,11.05,259.7164
213.8642,11.05,259.7157
213.8666,11.05,259.714
213.8709,11.05,259.7111
213.8805,11.05,259.7046
213.8947,11.05,259.6952
213.9132,11.05,259.6833
213.9365,11.05,259.6684
213.9652,11.05,259.6505
213.9999,11.05,259.6291
214.0452,11.04743,259.6021
214.101,11.05,259.5696
214.1674,11.05,259.5319
214.2441,11.05,259.4893
214.3308,11.04219,259.4421
214.425,11.05,259.3918
214.53,11.05,259.3369
214.6462,11.05,259.278
214.7723,11.05,259.2171
214.8989,11.05,259.1575
215.0268,11.0491,259.1005
215.155,11.04747,259.0449
215.2837,11.05,258.9901
215.4125,11.05,258.9355
215.5414,11.05,258.8809
215.6703,11.05,258.8263
215.7992,11.05,258.7717
215.9281,11.05,258.7171
216.057,11.04591,258.6625
216.185,11.05,258.6083
216.3138,11.05,258.5537
216.4427,11.04801,258.4991
216.5712,11.05,258.4447
216.7,11.05,258.3901
216.8289,11.05,258.3355
216.9579,11.05,258.2809
217.0868,11.04048,258.2263
217.2144,11.05,258.1723
217.3426,11.05,258.118
217.4715,11.04495,258.0634
217.6002,11.0499,258.0089
217.7289,11.05,257.9543
217.8578,11.0489,257.8997
217.9864,11.05,257.8453
218.1153,11.05,257.7907
218.2442,11.05,257.7361
218.3731,11.05,257.6815
218.502,11.04013,257.6269
218.6299,11.05,257.5727
218.7581,11.05,257.5184
218.8869,11.05,257.4638
219.0159,11.04969,257.4092
219.1447,11.05,257.3546
219.2736,11.04956,257.3
219.4024,11.05,257.2455
219.5313,11.05,257.1909
219.6602,11.05,257.1363
219.7891,11.04157,257.0817
219.9177,11.04242,257.0273
220.0454,11.04742,256.9731
220.1725,11.05,256.9193
220.3013,11.05,256.8647
220.4302,11.05,256.8101
220.5591,11.05,256.7555
220.688,11.0499,256.7009
220.8169,11.05,256.6464
220.9458,11.05,256.5917
221.0747,11.04296,256.5371
221.2025,11.05,256.483
221.331,11.044,256.4286
