0.001050317,0.9975413,-0.0153223,-0.06837777
0.001155113,0.9970502,-0.01531476,-0.07520039
0.001260919,0.9965067,-0.01530641,-0.0820888
0.001367727,0.9959095,-0.01529724,-0.08904238
0.001475799,0.9952553,-0.01528719,-0.09607831
0.001694943,0.9937747,-0.01526445,-0.1103454
0.001805989,0.9929453,-0.01525171,-0.117575
0.001917988,0.9920547,-0.01523803,-0.1248665
0.002031227,0.9910989,-0.01522335,-0.1322388
0.002145394,0.9900789,-0.01520768,-0.1396715
0.002376546,0.9878389,-0.01517327,-0.1547204
0.002493226,0.9866192,-0.01515454,-0.1623167
0.002611373,0.9853229,-0.01513463,-0.1700086
0.002730424,0.9839541,-0.0151136,-0.1777593
0.002970874,0.9809971,-0.01506818,-0.1934135
0.003092505,0.9794027,-0.01504369,-0.2013321
0.003214994,0.9777295,-0.01501799,-0.2093066
0.003338312,0.9759762,-0.01499106,-0.2173351
0.003462457,0.9741412,-0.01496287,-0.2254174
0.003587409,0.972223,-0.01493341,-0.2335523
0.003840169,0.9681221,-0.01487042,-0.250008
0.003935431,0.9664991,-0.01484549,-0.2562099
0.003999332,0.9653868,-0.0148284,-0.2603701
0.004032549,0.9648008,-0.0148194,-0.2625326
0.00403461,0.9647644,-0.01481884,-0.2626668
0.00403461,0.9647644,-0.01481884,-0.2626668
0.00403461,0.9647644,-0.01481884,-0.2626668
0.00403461,0.9647644,-0.01481884,-0.2626668
0.00403461,0.9647644,-0.01481884,-0.2626668
0.00403461,0.9647644,-0.01481884,-0.2626668
0.00403461,0.9647644,-0.01481884,-0.2626668
0.00403461,0.9647644,-0.01481884,-0.2626668
0.00403461,0.9647644,-0.01481884,-0.2626668
0.00403461,0.9647644,-0.01481884,-0.2626668
0.00403461,0.9647644,-0.01481884,-0.2626668
0.00403461,0.9647644,-0.01481884,-0.2626668
0.00403461,0.9647644,-0.01481884,-0.2626668
0.00403461,0.9647644,-0.01481884,-0.2626668
0.00403461,0.9647644,-0.01481884,-0.2626668
0.00403461,0.9647644,-0.01481884,-0.2626668
0.00403461,0.9647644,-0.01481884,-0.2626668
0.00403461,0.9647644,-0.01481884,-0.2626668
0.00403461,0.9647644,-0.01481884,-0.2626668
0.004033331,0.9647871,-0.01481919,-0.2625835
0.004031015,0.9648281,-0.01481982,-0.2624327
0.00402326,0.9649652,-0.01482193,-0.2619278
0.00401783,0.9650611,-0.0148234,-0.2615743
0.004011366,0.9651752,-0.01482515,-0.2611534
0.004003611,0.9653116,-0.01482725,-0.2606485
0.003994817,0.965466,-0.01482962,-0.260076
0.00397411,0.9658282,-0.01483518,-0.2587278
0.003962201,0.9660355,-0.01483837,-0.2579525
0.003949,0.9662646,-0.01484189,-0.2570931
0.003934755,0.9665109,-0.01484567,-0.2561657
0.003919472,0.966774,-0.01484971,-0.2551707
0.00388581,0.9673499,-0.01485856,-0.2529792
0.003867149,0.9676668,-0.01486342,-0.2517643
0.00384772,0.967995,-0.01486847,-0.2504993
0.003827238,0.968339,-0.01487375,-0.2491659
0.003805423,0.9687034,-0.01487935,-0.2477456
0.003758656,0.969477,-0.01489123,-0.2447009
0.003733461,0.9698895,-0.01489757,-0.2430607
0.003707479,0.9703118,-0.01490405,-0.2413691
0.003680443,0.970748,-0.01491075,-0.239609
0.003652086,0.9712018,-0.01491772,-0.2377628
0.003622391,0.9716731,-0.01492496,-0.2358295
0.003560144,0.9726477,-0.01493993,-0.2317771
0.00352756,0.9731508,-0.01494766,-0.2296557
0.003493907,0.9736652,-0.01495556,-0.2274648
0.003458914,0.9741946,-0.01496369,-0.2251866
0.003385735,0.9752836,-0.01498042,-0.2204224
0.003347296,0.9758459,-0.01498906,-0.2179198
0.003307789,0.9764167,-0.01499783,-0.2153478
0.003267206,0.9769957,-0.01500672,-0.2127057
0.003225544,0.9775822,-0.01501573,-0.2099933
0.003139016,0.9787753,-0.01503405,-0.20436
0.003094135,0.9793808,-0.01504335,-0.2014381
0.003048192,0.9799913,-0.01505273,-0.198447
0.003001169,0.9806063,-0.01506218,-0.1953856
0.002952806,0.9812284,-0.01507173,-0.192237
0.002852821,0.9824813,-0.01509098,-0.1857276
0.002801191,0.9831107,-0.01510065,-0.1823663
0.002748479,0.9837411,-0.01511033,-0.1789345
0.002694414,0.9843748,-0.01512006,-0.1754147
0.002639252,0.9850081,-0.01512979,-0.1718235
0.002525658,0.9862695,-0.01514917,-0.164428
0.00246695,0.9868991,-0.01515884,-0.1606059
0.002407141,0.9875249,-0.01516845,-0.1567121
0.002346239,0.988146,-0.01517799,-0.1527471
0.002284237,0.9887615,-0.01518745,-0.1487105
0.002156926,0.9899727,-0.01520605,-0.1404221
0.002091361,0.9905687,-0.0152152,-0.1361536
0.0020247,0.9911555,-0.01522422,-0.1318137
0.001956927,0.9917324,-0.01523308,-0.1274014
0.001888345,0.9922957,-0.01524173,-0.1229365
0.001747033,0.9933923,-0.01525857,-0.1137365
0.001674866,0.993919,-0.01526666,-0.1090382
0.001601304,0.9944327,-0.01527456,-0.104249
0.001526636,0.9949303,-0.0152822,-0.09938777
0.001450891,0.9954106,-0.01528958,-0.09445651
0.001373752,0.9958743,-0.0152967,-0.08943448
0.001216193,0.9967423,-0.01531003,-0.07917675
0.001135742,0.9971445,-0.01531621,-0.07393906
0.001054486,0.9975227,-0.01532202,-0.06864899
0.0009718658,0.9978783,-0.01532748,-0.06327011
0.0008033217,0.9985135,-0.01533724,-0.05229723
0.0007171122,0.9987916,-0.01534151,-0.04668466
0.0006301096,0.9990403,-0.01534533,-0.04102046
0.0005420066,0.9992594,-0.0153487,-0.03528462
0.0004525427,0.999448,-0.01535159,-0.02946017
0.0002703524,0.9997272,-0.01535588,-0.01759888
0.0001776297,0.9998152,-0.01535723,-0.01156227
8.356741E-05,0.9998673,-0.01535804,-0.005438453
-1.158302E-05,0.9998818,-0.01535826,0.0007562064
-0.0001077937,0.9998575,-0.01535788,0.007019893
-0.0002034516,0.9997943,-0.01535691,0.01324759
-0.0002034516,0.9997943,-0.01535691,0.01324759
-0.0002034516,0.9997943,-0.01535691,0.01324759
-0.0002034516,0.9997943,-0.01535691,0.01324759
-0.0002034516,0.9997943,-0.01535691,0.01324759
-0.0002034516,0.9997943,-0.01535691,0.01324759
-0.0002034516,0.9997943,-0.01535691,0.01324759
-0.0002034516,0.9997943,-0.01535691,0.01324759
-0.0002034516,0.9997943,-0.01535691,0.01324759
-0.0002034516,0.9997943,-0.01535691,0.01324759
-0.0002034516,0.9997943,-0.01535691,0.01324759
-0.0002034516,0.9997943,-0.01535691,0.01324759
-0.0002034516,0.9997943,-0.01535691,0.01324759
-0.0002034516,0.9997943,-0.01535691,0.01324759
-0.0002034516,0.9997943,-0.01535691,0.01324759
-0.0002034516,0.9997943,-0.01535691,0.01324759
-0.0002034516,0.9997943,-0.01535691,0.01324759
-0.0002034516,0.9997943,-0.01535691,0.01324759
-0.0002034516,0.9997943,-0.01535691,0.01324759
-0.0002034516,0.9997943,-0.01535691,0.01324759
-0.0002034516,0.9997943,-0.01535691,0.01324759
-0.0002034516,0.9997943,-0.01535691,0.01324759
-0.0002034516,0.9997943,-0.01535691,0.01324759
-0.0002034516,0.9997943,-0.01535691,0.01324759
-0.0002034516,0.9997943,-0.01535691,0.01324759
-0.0002034516,0.9997943,-0.01535691,0.01324759
-0.0002034516,0.9997943,-0.01535691,0.01324759
-0.0002034516,0.9997943,-0.01535691,0.01324759
-0.0002034516,0.9997943,-0.01535691,0.01324759
-0.0002034516,0.9997943,-0.01535691,0.01324759
-0.0002034516,0.9997943,-0.01535691,0.01324759
-0.0002034516,0.9997943,-0.01535691,0.01324759
-0.0002034516,0.9997943,-0.01535691,0.01324759
-0.0002034516,0.9997943,-0.01535691,0.01324759
-0.0002034516,0.9997943,-0.01535691,0.01324759
-0.0002034516,0.9997943,-0.01535691,0.01324759
-0.0002034516,0.9997943,-0.01535691,0.01324759
-0.0002034516,0.9997943,-0.01535691,0.01324759
-0.0002034516,0.9997943,-0.01535691,0.01324759
-0.0002034516,0.9997943,-0.01535691,0.01324759
-0.0002034516,0.9997943,-0.01535691,0.01324759
-0.0002034516,0.9997943,-0.01535691,0.01324759
-0.0002034516,0.9997943,-0.01535691,0.01324759
-0.0002034516,0.9997943,-0.01535691,0.01324759
-0.0002034516,0.9997943,-0.01535691,0.01324759
-0.0002034516,0.9997943,-0.01535691,0.01324759
-0.0002034516,0.9997943,-0.01535691,0.01324759
-0.0002034516,0.9997943,-0.01535691,0.01324759
-0.0002034516,0.9997943,-0.01535691,0.01324759
-0.0002034516,0.9997943,-0.01535691,0.01324759
-0.0002034516,0.9997943,-0.01535691,0.01324759
-0.0002034516,0.9997943,-0.01535691,0.01324759
-0.0002034516,0.9997943,-0.01535691,0.01324759
-0.0002034516,0.9997943,-0.01535691,0.01324759
-0.0002034516,0.9997943,-0.01535691,0.01324759
-0.0002034516,0.9997943,-0.01535691,0.01324759
-0.0002034516,0.9997943,-0.01535691,0.01324759
-0.0002034516,0.9997943,-0.01535691,0.01324759
-0.0002034516,0.9997943,-0.01535691,0.01324759
-0.0002034516,0.9997943,-0.01535691,0.01324759
-0.0002034516,0.9997943,-0.01535691,0.01324759
-0.0002034516,0.9997943,-0.01535691,0.01324759
-0.0002034516,0.9997943,-0.01535691,0.01324759
-0.0002034516,0.9997943,-0.01535691,0.01324759
-0.0002034516,0.9997943,-0.01535691,0.01324759
-0.0002034516,0.9997943,-0.01535691,0.01324759
-0.0002034516,0.9997943,-0.01535691,0.01324759
-0.0002034516,0.9997943,-0.01535691,0.01324759
-0.0002034516,0.9997943,-0.01535691,0.01324759
-0.0002034516,0.9997943,-0.01535691,0.01324759
-0.0002034516,0.9997943,-0.01535691,0.01324759
-0.0002034516,0.9997943,-0.01535691,0.01324759
-0.0002034516,0.9997943,-0.01535691,0.01324759
-0.0002034516,0.9997943,-0.01535691,0.01324759
-0.0002034516,0.9997943,-0.01535691,0.01324759
-0.0002034516,0.9997943,-0.01535691,0.01324759
-0.0002034516,0.9997943,-0.01535691,0.01324759
-0.0002034516,0.9997943,-0.01535691,0.01324759
-0.0002034516,0.9997943,-0.01535691,0.01324759
-0.0002034516,0.9997943,-0.01535691,0.01324759
-0.0002034516,0.9997943,-0.01535691,0.01324759
-0.0002034516,0.9997943,-0.01535691,0.01324759
-0.0002034516,0.9997943,-0.01535691,0.01324759
-0.0002034516,0.9997943,-0.01535691,0.01324759
-0.0002034516,0.9997943,-0.01535691,0.01324759
-0.0002034516,0.9997943,-0.01535691,0.01324759
-0.0002034516,0.9997943,-0.01535691,0.01324759
-0.0002034516,0.9997943,-0.01535691,0.01324759
-0.0002034516,0.9997943,-0.01535691,0.01324759
-0.0002034516,0.9997943,-0.01535691,0.01324759
-0.0002034516,0.9997943,-0.01535691,0.01324759
-0.0002034516,0.9997943,-0.01535691,0.01324759
-0.0002034516,0.9997943,-0.01535691,0.01324759
-0.0002034516,0.9997943,-0.01535691,0.01324759
-0.0002034516,0.9997943,-0.01535691,0.01324759
-0.0002021056,0.9997954,-0.01535693,0.01315996
-0.0001961981,0.9998004,-0.01535701,0.01277536
-0.0001916398,0.9998042,-0.01535707,0.0124786
-0.0001857483,0.9998089,-0.01535714,0.01209504
-0.0001787847,0.9998143,-0.01535722,0.01164168
-0.0001707461,0.9998202,-0.01535731,0.01111834
-0.0001514217,0.9998335,-0.01535752,0.009860245
-0.0001401591,0.9998404,-0.01535762,0.009127008
-0.0001278264,0.9998475,-0.01535773,0.008324102
-0.0001144216,0.9998544,-0.01535784,0.007451398
-9.968073E-05,0.9998611,-0.01535794,0.006491708
-6.697066E-05,0.9998726,-0.01535812,0.004362157
-4.900499E-05,0.999877,-0.01535818,0.003192522
-2.996872E-05,0.9998802,-0.01535823,0.001953188
-9.601928E-06,0.9998819,-0.01535826,0.0006272313
1.157165E-05,0.9998818,-0.01535826,-0.0007512504
5.76641E-05,0.9998751,-0.01535815,-0.003752046
8.231445E-05,0.9998677,-0.01535804,-0.00535688
0.000108036,0.9998574,-0.01535788,-0.007031455
0.0001351191,0.9998434,-0.01535767,-0.008794668
0.0001632806,0.9998256,-0.01535739,-0.01062809
0.0002227688,0.9997769,-0.01535664,-0.014501
0.0002541259,0.9997452,-0.01535616,-0.01654247
0.0002865415,0.9997081,-0.01535559,-0.01865285
0.0003203173,0.9996647,-0.01535492,-0.02085179
0.0003551506,0.9996148,-0.01535415,-0.02311957
0.000428033,0.9994938,-0.01535229,-0.0278645
0.0004660869,0.9994216,-0.01535119,-0.03034195
0.0005054752,0.9993405,-0.01534994,-0.03290629
0.0005459151,0.9992504,-0.01534856,-0.03553908
0.0005874259,0.9991505,-0.01534702,-0.03824159
0.0006736713,0.9989198,-0.01534348,-0.0438565
0.000718399,0.9987877,-0.01534145,-0.04676845
0.0007641796,0.9986436,-0.01533924,-0.04974895
0.0008112889,0.9984862,-0.01533682,-0.05281594
0.0008594675,0.9983153,-0.01533419,-0.05595256
0.0009590061,0.9979311,-0.01532829,-0.06243291
0.001010639,0.997715,-0.01532497,-0.06579439
0.00106333,0.9974829,-0.01532141,-0.06922483
0.00111708,0.9972339,-0.01531758,-0.0727241
0.001171889,0.9969673,-0.01531349,-0.07629238
0.001284622,0.9963784,-0.01530444,-0.08363178
0.001342576,0.9960545,-0.01529947,-0.08740477
0.001401847,0.9957084,-0.01529415,-0.09126353
0.001462161,0.9953406,-0.0152885,-0.09519023
0.001523526,0.9949505,-0.01528251,-0.09918533
0.001585943,0.994537,-0.01527616,-0.1032489
0.001714391,0.9936333,-0.01526228,-0.1116114
0.001780185,0.9931428,-0.01525474,-0.1158948
0.001846714,0.9926277,-0.01524683,-0.1202261
0.001982847,0.9915141,-0.01522973,-0.1290889
0.001982847,0.9915141,-0.01522973,-0.1290889
0.002124169,0.9902728,-0.01521066,-0.1382895
0.002196068,0.9896078,-0.01520044,-0.1429704
0.002269284,0.9889075,-0.01518969,-0.1477371
0.002418145,0.987411,-0.0151667,-0.1574285
0.002494331,0.9866074,-0.01515436,-0.1623885
0.002571515,0.9857672,-0.01514145,-0.1674135
0.002649681,0.9848894,-0.01512797,-0.1725024
0.002728837,0.9839728,-0.01511389,-0.1776557
0.002808975,0.9830166,-0.0150992,-0.182873
0.002972958,0.9809704,-0.01506777,-0.193549
0.003056253,0.9798849,-0.0150511,-0.1989718
0.003140795,0.9787511,-0.01503368,-0.2044758
0.003226296,0.9775717,-0.01501557,-0.2100423
0.003399529,0.9750803,-0.0149773,-0.2213204
0.003487811,0.9737579,-0.01495699,-0.2270679
0.003577275,0.9723812,-0.01493584,-0.2328924
0.003667397,0.9709572,-0.01491397,-0.2387596
0.003758682,0.9694766,-0.01489122,-0.2447027
0.003850852,0.9679422,-0.01486766,-0.2507033
0.003944199,0.9663478,-0.01484316,-0.2567805
0.004133516,0.9629882,-0.01479156,-0.2691058
0.004229472,0.9612206,-0.01476441,-0.2753529
0.004325995,0.9593982,-0.01473642,-0.2816369
0.004423361,0.9575146,-0.01470749,-0.2879758
0.004621089,0.9535483,-0.01464656,-0.3008487
0.004721174,0.9514679,-0.01461461,-0.3073646
0.004822047,0.9493213,-0.01458164,-0.3139318
0.004923976,0.9471011,-0.01454753,-0.3205678
0.005026661,0.9448119,-0.01451237,-0.327253
0.005234314,0.9400205,-0.01443877,-0.340772
0.005339248,0.9375158,-0.0144003,-0.3476036
0.0054449,0.9349367,-0.01436069,-0.354482
0.005551262,0.9322819,-0.01431991,-0.3614066
0.005658566,0.9295435,-0.01427785,-0.3683925
0.005875162,0.9238304,-0.01419009,-0.3824938
0.005984447,0.9208525,-0.01414435,-0.3896086
0.006094357,0.9177921,-0.01409734,-0.3967642
0.006205116,0.9146411,-0.01404894,-0.4039751
0.006316476,0.9114046,-0.01399923,-0.411225
0.00654089,0.9046704,-0.01389579,-0.4258353
0.006653917,0.90117,-0.01384202,-0.4331937
0.006767735,0.8975703,-0.01378673,-0.4406037
0.006881793,0.893887,-0.01373016,-0.4480293
0.006996317,0.8901109,-0.01367216,-0.4554853
0.007111816,0.8862227,-0.01361243,-0.4630048
0.007344052,0.878158,-0.01348856,-0.4781242
0.007460525,0.8739867,-0.01342448,-0.4857071
0.007577367,0.8697158,-0.01335888,-0.493314
0.007694562,0.8653436,-0.01329173,-0.5009438
0.007930395,0.8562716,-0.01315238,-0.5162975
0.008048737,0.8515786,-0.01308029,-0.524002
0.008167565,0.8467696,-0.01300643,-0.5317381
0.008286615,0.8418528,-0.0129309,-0.5394887
0.008405862,0.8368269,-0.0128537,-0.5472522
0.008644856,0.8264424,-0.0126942,-0.5628116
0.00876476,0.8210722,-0.01261171,-0.5706178
0.008884763,0.8155871,-0.01252746,-0.5784305
0.009004825,0.8099868,-0.01244144,-0.586247
0.009124915,0.8042702,-0.01235363,-0.5940653
0.009245003,0.7984363,-0.01226402,-0.6018835
0.009485265,0.786401,-0.01207916,-0.6175255
0.009605371,0.7801975,-0.01198387,-0.6253448
0.009725358,0.7738714,-0.0118867,-0.6331564
0.009845182,0.7674228,-0.01178765,-0.6409574
0.01008423,0.7541522,-0.01158381,-0.6565202
0.01020357,0.7473175,-0.01147883,-0.6642897
0.01032261,0.7403557,-0.0113719,-0.6720399
0.01044132,0.7332661,-0.011263,-0.6797684
0.01055965,0.7260481,-0.01115213,-0.6874725
0.01079507,0.7112228,-0.01092441,-0.7027989
0.01091207,0.7036141,-0.01080754,-0.7104164
0.01102875,0.6958611,-0.01068845,-0.7180122
0.01114486,0.6879753,-0.01056733,-0.7255716
0.01126037,0.6799562,-0.01044415,-0.7330919
0.01148943,0.6635159,-0.01019163,-0.7480046
0.0116029,0.6550934,-0.01006225,-0.7553918
0.01171578,0.6465223,-0.009930602,-0.7627406
0.01182785,0.6378146,-0.009796851,-0.7700368
0.01193907,0.6289703,-0.009661001,-0.7772776
0.01204939,0.619989,-0.009523048,-0.7844602
0.01226751,0.601586,-0.009240376,-0.7986605
0.01237505,0.5921769,-0.009095851,-0.8056617
0.0124815,0.58263,-0.008949209,-0.8125924
0.01258683,0.5729452,-0.00880045,-0.8194498
0.01279395,0.5531594,-0.008496537,-0.8329339
0.01289577,0.5430452,-0.008341181,-0.8395631
0.01299628,0.5327926,-0.008183702,-0.8461065
0.01309542,0.5224016,-0.008024096,-0.8525612
0.01319315,0.5118731,-0.007862377,-0.8589239
0.01328957,0.5011906,-0.007698292,-0.8652007
0.01347778,0.479414,-0.007363801,-0.8774545
0.01356937,0.468336,-0.007193642,-0.883417
0.01365943,0.4571042,-0.007021121,-0.8892806
0.0137479,0.4457218,-0.006846286,-0.8950399
0.01383447,0.4342195,-0.00666961,-0.9006762
0.01400233,0.4107811,-0.006309594,-0.9116046
0.0140834,0.398862,-0.006126515,-0.9168824
0.01416248,0.386811,-0.005941411,-0.9220312
0.01423954,0.3746285,-0.005754287,-0.9270478
0.01438735,0.3498739,-0.005374053,-0.9366709
0.01445809,0.337288,-0.005180733,-0.9412763
0.01452657,0.3245758,-0.004985473,-0.945735
0.01459276,0.3117383,-0.004788287,-0.9500439
0.01465658,0.2987769,-0.004589199,-0.9541994
0.01477696,0.2724898,-0.004185427,-0.9620361
0.01483346,0.2591507,-0.003980537,-0.9657148
0.01488739,0.2456933,-0.003773831,-0.9692259
0.01493869,0.23212,-0.003565344,-0.9725659
0.01498737,0.2184161,-0.003354851,-0.9757349
0.01503329,0.2046022,-0.003142667,-0.9787248
0.01511083,0.1787607,-0.00274574,-0.9837727
0.01513754,0.1689113,-0.002594452,-0.9855116
0.01515772,0.161057,-0.002473811,-0.9868256
0.01517062,0.1558258,-0.002393459,-0.9876652
0.01518218,0.1509779,-0.002318995,-0.9884178
0.01518218,0.1509779,-0.002318995,-0.9884178
0.01518218,0.1509779,-0.002318995,-0.9884178
0.01518218,0.1509779,-0.002318995,-0.9884178
0.01518218,0.1509779,-0.002318995,-0.9884178
0.01518218,0.1509779,-0.002318995,-0.9884178
0.01518218,0.1509779,-0.002318995,-0.9884178
0.01518218,0.1509779,-0.002318995,-0.9884178
0.01518218,0.1509779,-0.002318995,-0.9884178
0.01518218,0.1509779,-0.002318995,-0.9884178
0.01518218,0.1509779,-0.002318995,-0.9884178
0.01518218,0.1509779,-0.002318995,-0.9884178
0.01518218,0.1509779,-0.002318995,-0.9884178
0.01518218,0.1509779,-0.002318995,-0.9884178
0.01518218,0.1509779,-0.002318995,-0.9884178
0.01518218,0.1509779,-0.002318995,-0.9884178
0.01518218,0.1509779,-0.002318995,-0.9884178
0.01518218,0.1509779,-0.002318995,-0.9884178
0.01518218,0.1509779,-0.002318995,-0.9884178
0.01518218,0.1509779,-0.002318995,-0.9884178
0.01518218,0.1509779,-0.002318995,-0.9884178
0.01518218,0.1509779,-0.002318995,-0.9884178
0.01518218,0.1509779,-0.002318995,-0.9884178
0.01518218,0.1509779,-0.002318995,-0.9884178
0.01518218,0.1509779,-0.002318995,-0.9884178
0.01518218,0.1509779,-0.002318995,-0.9884178
0.01518218,0.1509779,-0.002318995,-0.9884178
0.01518218,0.1509779,-0.002318995,-0.9884178
0.01518218,0.1509779,-0.002318995,-0.9884178
0.01518218,0.1509779,-0.002318995,-0.9884178
0.01518218,0.1509779,-0.002318995,-0.9884178
0.01518218,0.1509779,-0.002318995,-0.9884178
0.01518218,0.1509779,-0.002318995,-0.9884178
0.01518218,0.1509779,-0.002318995,-0.9884178
0.01518218,0.1509779,-0.002318995,-0.9884178
0.01518218,0.1509779,-0.002318995,-0.9884178
0.01518218,0.1509779,-0.002318995,-0.9884178
0.01518218,0.1509779,-0.002318995,-0.9884178
0.01518218,0.1509779,-0.002318995,-0.9884178
0.01518218,0.1509779,-0.002318995,-0.9884178
0.01518218,0.1509779,-0.002318995,-0.9884178
0.01518218,0.1509779,-0.002318995,-0.9884178
0.01518218,0.1509779,-0.002318995,-0.9884178
0.01518218,0.1509779,-0.002318995,-0.9884178
0.01518218,0.1509779,-0.002318995,-0.9884178
0.01518218,0.1509779,-0.002318995,-0.9884178
0.01518218,0.1509779,-0.002318995,-0.9884178
0.01518218,0.1509779,-0.002318995,-0.9884178
0.01518218,0.1509779,-0.002318995,-0.9884178
0.01518218,0.1509779,-0.002318995,-0.9884178
0.01518218,0.1509779,-0.002318995,-0.9884178
0.01518218,0.1509779,-0.002318995,-0.9884178
0.01518218,0.1509779,-0.002318995,-0.9884178
0.01518218,0.1509779,-0.002318995,-0.9884178
0.01518218,0.1509779,-0.002318995,-0.9884178
0.01518218,0.1509779,-0.002318995,-0.9884178
0.01518218,0.1509779,-0.002318995,-0.9884178
0.01518218,0.1509779,-0.002318995,-0.9884178
0.01518218,0.1509779,-0.002318995,-0.9884178
0.01518218,0.1509779,-0.002318995,-0.9884178
0.01518218,0.1509779,-0.002318995,-0.9884178
0.01518218,0.1509779,-0.002318995,-0.9884178
0.01518218,0.1509779,-0.002318995,-0.9884178
0.01518218,0.1509779,-0.002318995,-0.9884178
0.01518218,0.1509779,-0.002318995,-0.9884178
0.01518218,0.1509779,-0.002318995,-0.9884178
0.01518218,0.1509779,-0.002318995,-0.9884178
0.01518218,0.1509779,-0.002318995,-0.9884178
0.01518218,0.1509779,-0.002318995,-0.9884178
0.01518218,0.1509779,-0.002318995,-0.9884178
0.01518218,0.1509779,-0.002318995,-0.9884178
0.01518218,0.1509779,-0.002318995,-0.9884178
0.01518218,0.1509779,-0.002318995,-0.9884178
0.01518218,0.1509779,-0.002318995,-0.9884178
0.01518218,0.1509779,-0.002318995,-0.9884178
0.01518218,0.1509779,-0.002318995,-0.9884178
0.01518218,0.1509779,-0.002318995,-0.9884178
0.01518218,0.1509779,-0.002318995,-0.9884178
0.01518218,0.1509779,-0.002318995,-0.9884178
0.01518218,0.1509779,-0.002318995,-0.9884178
0.01518218,0.1509779,-0.002318995,-0.9884178
0.01518218,0.1509779,-0.002318995,-0.9884178
0.01518218,0.1509779,-0.002318995,-0.9884178
0.01518218,0.1509779,-0.002318995,-0.9884178
0.01518218,0.1509779,-0.002318995,-0.9884178
0.01518218,0.1509779,-0.002318995,-0.9884178
0.01518218,0.1509779,-0.002318995,-0.9884178
0.01518218,0.1509779,-0.002318995,-0.9884178
0.01518218,0.1509779,-0.002318995,-0.9884178
0.01518218,0.1509779,-0.002318995,-0.9884178
0.01518218,0.1509779,-0.002318995,-0.9884178
0.01518218,0.1509779,-0.002318995,-0.9884178
0.01518218,0.1509779,-0.002318995,-0.9884178
0.01518218,0.1509779,-0.002318995,-0.9884178
0.01518218,0.1509779,-0.002318995,-0.9884178
0.01518218,0.1509779,-0.002318995,-0.9884178
0.01518218,0.1509779,-0.002318995,-0.9884178
0.01518218,0.1509779,-0.002318995,-0.9884178
0.01518218,0.1509779,-0.002318995,-0.9884178
0.01518218,0.1509779,-0.002318995,-0.9884178
0.01518218,0.1509779,-0.002318995,-0.9884178
0.01518218,0.1509779,-0.002318995,-0.9884178
0.01518218,0.1509779,-0.002318995,-0.9884178
0.01518218,0.1509779,-0.002318995,-0.9884178
0.01518218,0.1509779,-0.002318995,-0.9884178
0.01518218,0.1509779,-0.002318995,-0.9884178
0.01518218,0.1509779,-0.002318995,-0.9884178
0.01518218,0.1509779,-0.002318995,-0.9884178
0.01518218,0.1509779,-0.002318995,-0.9884178
0.01518218,0.1509779,-0.002318995,-0.9884178
0.01518218,0.1509779,-0.002318995,-0.9884178
0.01518218,0.1509779,-0.002318995,-0.9884178
0.01518218,0.1509779,-0.002318995,-0.9884178
0.01518218,0.1509779,-0.002318995,-0.9884178
0.01518218,0.1509779,-0.002318995,-0.9884178
0.01518218,0.1509779,-0.002318995,-0.9884178
0.01518218,0.1509779,-0.002318995,-0.9884178
0.01518234,0.1509086,-0.00231793,-0.9884284
0.0151827,0.1507536,-0.002315549,-0.9884521
0.01518323,0.1505298,-0.002312112,-0.9884862
0.01518391,0.1502368,-0.002307611,-0.9885308
0.01518576,0.1494431,-0.00229542,-0.9886511
0.01518696,0.1489252,-0.002287465,-0.9887292
0.01518831,0.1483381,-0.002278446,-0.9888175
0.01518982,0.1476822,-0.002268372,-0.9889157
0.01519148,0.1469572,-0.002257236,-0.9890236
0.01519524,0.1452999,-0.002231781,-0.9892685
0.01519738,0.14435,-0.00221719,-0.9894075
0.01519965,0.1433304,-0.002201529,-0.9895557
0.01520207,0.1422418,-0.002184808,-0.9897128
0.01520461,0.1410838,-0.002167021,-0.9898785
0.01521009,0.1385599,-0.002128253,-0.990235
0.01521305,0.1371768,-0.00210701,-0.9904276
0.01521612,0.1357249,-0.002084708,-0.9906276
0.0152193,0.1342037,-0.002061341,-0.9908348
0.01522259,0.1326127,-0.002036904,-0.991049
0.01522947,0.1292209,-0.001984806,-0.9914969
0.01523305,0.1274207,-0.001957155,-0.9917299
0.01523675,0.1255336,-0.001928169,-0.9919705
0.01524052,0.1235776,-0.001898124,-0.9922161
0.0152444,0.1215327,-0.001866714,-0.9924687
0.01524834,0.1194191,-0.001834249,-0.9927252
0.01525635,0.1149983,-0.001766345,-0.993247
0.01526041,0.1126935,-0.001730944,-0.9935111
0.0152645,0.1103182,-0.001694459,-0.9937777
0.01526863,0.1078735,-0.001656908,-0.994046
0.01527283,0.1053219,-0.001617716,-0.9943196
0.01528122,0.100027,-0.001536386,-0.9948663
0.0152854,0.09728418,-0.001494255,-0.9951382
0.01528956,0.09447071,-0.00145104,-0.9954092
0.01529375,0.09155114,-0.001406195,-0.9956819
0.01529791,0.08856101,-0.001360267,-0.9959524
0.01530606,0.0823703,-0.001265177,-0.9964835
0.01531003,0.07918836,-0.001216302,-0.9967414
0.01531393,0.07591724,-0.001166057,-0.9969959
0.01531778,0.07255831,-0.001114464,-0.997246
0.01532511,0.06566522,-0.001008586,-0.9977236
0.0153286,0.06211257,-0.0009540166,-0.997951
0.01533198,0.05847228,-0.0008981014,-0.9981709
0.01533522,0.05476175,-0.0008411075,-0.9983814
0.01533829,0.05098047,-0.0007830266,-0.9985815
0.01534392,0.04320693,-0.0006636245,-0.9989482
0.01534645,0.0392134,-0.0006022836,-0.9991129
0.01534878,0.03513324,-0.000539612,-0.9992646
0.01535089,0.03098301,-0.0004758642,-0.9994019
0.01535276,0.02676238,-0.000411035,-0.9995238
0.01535574,0.01811098,-0.0002781488,-0.9997181
0.01535683,0.0136784,-0.0002100641,-0.9997885
0.01535762,0.009158676,-0.0001406408,-0.9998401
0.0153581,0.004569803,-7.015536E-05,-0.9998716
0.01535826,-9.044932E-05,1.426463E-06,-0.9998821
0.01535808,-0.004818877,7.405546E-05,-0.9998705
0.01535664,-0.0145218,0.000223093,-0.9997767
0.01535535,-0.0194776,0.0002992146,-0.9996924
0.01535365,-0.02450255,0.0003763982,-0.9995818
0.01535153,-0.02959672,0.000454645,-0.9994439
0.01534898,-0.03475925,0.0005339418,-0.9992777
0.01534247,-0.04532723,0.0006962668,-0.9988542
0.01533849,-0.05071386,0.0007790058,-0.9985952
0.01533401,-0.05616821,0.000862785,-0.9983032
0.015329,-0.06169085,0.0009476131,-0.9979772
0.01532345,-0.06728077,0.001033475,-0.9976159
0.01531062,-0.07869834,0.001208849,-0.9967802
0.01530331,-0.08450799,0.001298086,-0.9963045
0.01529538,-0.09038451,0.00138835,-0.9957886
0.0152868,-0.09634508,0.001479905,-0.9952295
0.01526766,-0.1084449,0.001665758,-0.9939839
0.01525708,-0.1145835,0.001760048,-0.993295
0.01524575,-0.1208043,0.0018556,-0.9925576
0.01523893,-0.1243989,0.001910814,-0.9921135
0.01523603,-0.1258946,0.001933787,-0.9919248
0.01523603,-0.1258946,0.001933787,-0.9919248
0.01523603,-0.1258946,0.001933787,-0.9919248
0.01523603,-0.1258946,0.001933787,-0.9919248
0.01523603,-0.1258946,0.001933787,-0.9919248
0.01523603,-0.1258946,0.001933787,-0.9919248
0.01523603,-0.1258946,0.001933787,-0.9919248
0.01523603,-0.1258946,0.001933787,-0.9919248
0.01523603,-0.1258946,0.001933787,-0.9919248
0.01523603,-0.1258946,0.001933787,-0.9919248
0.01523603,-0.1258946,0.001933787,-0.9919248
0.01523603,-0.1258946,0.001933787,-0.9919248
0.01523603,-0.1258946,0.001933787,-0.9919248
0.01523603,-0.1258946,0.001933787,-0.9919248
0.01523603,-0.1258946,0.001933787,-0.9919248
0.01523603,-0.1258946,0.001933787,-0.9919248
0.01523617,-0.1258244,0.001932709,-0.9919336
0.01523685,-0.125476,0.001927358,-0.9919778
0.01523739,-0.125198,0.001923088,-0.9920129
0.01523806,-0.1248505,0.00191775,-0.9920567
0.01523886,-0.1244349,0.001911366,-0.9921089
0.01523983,-0.123932,0.001903641,-0.9921719
0.01524214,-0.1227192,0.001885013,-0.9923226
0.01524349,-0.122008,0.001874089,-0.9924104
0.01524499,-0.1212116,0.001861856,-0.9925079
0.01524657,-0.1203635,0.00184883,-0.9926111
0.01525009,-0.1184586,0.00181957,-0.9928403
0.01525202,-0.1174013,0.00180333,-0.9929658
0.01525409,-0.1162578,0.001785766,-0.9931003
0.01525626,-0.1150449,0.001767136,-0.9932416
0.01525853,-0.1137623,0.001747434,-0.9933893
0.01526335,-0.1109894,0.001704842,-0.9937029
0.01526588,-0.1094986,0.001681944,-0.9938683
0.01526854,-0.1079205,0.001657704,-0.9940409
0.01527126,-0.1062723,0.001632387,-0.9942185
0.01527406,-0.1045548,0.001606007,-0.9944006
0.01527984,-0.100911,0.001550038,-0.994777
0.01528282,-0.09898371,0.001520434,-0.9949706
0.01528586,-0.09696758,0.001489466,-0.995169
0.01528898,-0.0948647,0.001457166,-0.9953717
0.01529212,-0.09269301,0.001423809,-0.9955763
0.01529526,-0.09046806,0.001389633,-0.9957809
0.01530162,-0.08579328,0.001317829,-0.9961947
0.01530482,-0.08333955,0.001280139,-0.9964029
0.01530803,-0.08080074,0.001241143,-0.996612
0.01531123,-0.07819072,0.001201053,-0.9968202
0.0153144,-0.07551039,0.001159883,-0.9970267
0.01532064,-0.06993934,0.001074311,-0.997433
0.01532369,-0.06704877,0.001029912,-0.9976315
0.01532668,-0.06408769,0.0009844293,-0.9978261
0.01532961,-0.06103962,0.0009376107,-0.9980172
0.01533247,-0.05792166,0.0008897187,-0.998203
0.01533789,-0.05147403,0.0007906827,-0.9985563
0.01534045,-0.04814446,0.0007395402,-0.9987223
0.01534287,-0.04474418,0.0006873118,-0.9988804
0.01534518,-0.04125711,0.0006337501,-0.9990306
0.01534734,-0.03769949,0.0005791049,-0.9991711
0.01535117,-0.03037408,0.000466586,-0.9994206
0.01535282,-0.0266059,0.0004087065,-0.9995281
0.01535428,-0.02276726,0.0003497447,-0.9996228
0.01535553,-0.01885929,0.000289718,-0.9997042
0.01535656,-0.0148811,0.0002286127,-0.9997713
0.01535792,-0.006680663,0.0001026534,-0.9998598
0.01535821,-0.002475216,3.805742E-05,-0.999879
0.01535823,0.001799365,-2.760044E-05,-0.9998805
0.01535797,0.006144983,-9.434943E-05,-0.9998633
0.0153574,0.01057657,-0.000162419,-0.9998261
0.01535529,0.01965188,-0.0003018163,-0.999689
0.01535373,0.02429355,-0.0003731126,-0.9995869
0.0153518,0.02900406,-0.0004454664,-0.9994614
0.01534948,0.03380098,-0.0005191476,-0.9993106
0.01534677,0.03866649,-0.0005938821,-0.9991342
0.0153401,0.04860519,-0.0007465412,-0.9987
0.0153361,0.05369386,-0.0008247037,-0.9984394
0.01533165,0.05883286,-0.0009036391,-0.9981498
0.01532673,0.06404175,-0.0009836479,-0.9978291
0.01531539,0.07465968,-0.00114674,-0.9970908
0.01531539,0.07465968,-0.00114674,-0.9970908
0.01530185,0.08561902,-0.001315076,-0.9962096
0.01529424,0.09119998,-0.0014008,-0.9957142
0.01528605,0.09684775,-0.001487551,-0.9951807
0.01527725,0.1025618,-0.001575319,-0.994608
0.01525778,0.1141879,-0.001753896,-0.9933405
0.01524704,0.1201152,-0.00184494,-0.9926412
0.01523562,0.1261088,-0.001937002,-0.9918976
0.0152235,0.1321664,-0.002030048,-0.9911086
0.01519718,0.144436,-0.00221851,-0.989395
0.01519718,0.144436,-0.00221851,-0.989395
0.01516773,0.1570114,-0.00241167,-0.9874774
0.01515179,0.1634035,-0.002509853,-0.9864398
0.01513504,0.1698577,-0.002608988,-0.9853489
0.01511749,0.1763545,-0.00270878,-0.9842069
0.01507973,0.1895642,-0.002911682,-0.9817482
0.01505951,0.1962597,-0.003014525,-0.9804317
0.01503837,0.2030142,-0.003118275,-0.9790553
0.01501629,0.2098276,-0.00322293,-0.9776178
0.01499325,0.2166977,-0.003328455,-0.976118
0.01494408,0.2306446,-0.00354268,-0.9729169
0.01491797,0.2377021,-0.003651084,-0.9712167
0.01489892,0.2427133,-0.003728057,-0.9699765
0.01488732,0.2457117,-0.003774113,-0.9692214
0.01488353,0.2466808,-0.003788998,-0.9689751
0.01488353,0.2466808,-0.003788998,-0.9689751
0.01488353,0.2466808,-0.003788998,-0.9689751
0.01488353,0.2466808,-0.003788998,-0.9689751
0.01488353,0.2466808,-0.003788998,-0.9689751
0.01488353,0.2466808,-0.003788998,-0.9689751
0.01488353,0.2466808,-0.003788998,-0.9689751
0.01488353,0.2466808,-0.003788998,-0.9689751
0.01488353,0.2466808,-0.003788998,-0.9689751
0.01488353,0.2466808,-0.003788998,-0.9689751
0.01488353,0.2466808,-0.003788998,-0.9689751
0.01488353,0.2466808,-0.003788998,-0.9689751
0.01488353,0.2466808,-0.003788998,-0.9689751
0.01488353,0.2466808,-0.003788998,-0.9689751
0.01488353,0.2466808,-0.003788998,-0.9689751
0.01488353,0.2466808,-0.003788998,-0.9689751
0.01488353,0.2466808,-0.003788998,-0.9689751
0.01488353,0.2466808,-0.003788998,-0.9689751
0.01488353,0.2466808,-0.003788998,-0.9689751
0.01488353,0.2466808,-0.003788998,-0.9689751
0.01488353,0.2466808,-0.003788998,-0.9689751
0.01488353,0.2466808,-0.003788998,-0.9689751
0.01488353,0.2466808,-0.003788998,-0.9689751
0.01488353,0.2466808,-0.003788998,-0.9689751
0.01488353,0.2466808,-0.003788998,-0.9689751
0.01488353,0.2466808,-0.003788998,-0.9689751
0.01488353,0.2466808,-0.003788998,-0.9689751
0.01488353,0.2466808,-0.003788998,-0.9689751
0.01488353,0.2466808,-0.003788998,-0.9689751
0.01488353,0.2466808,-0.003788998,-0.9689751
0.01488353,0.2466808,-0.003788998,-0.9689751
0.01488353,0.2466808,-0.003788998,-0.9689751
0.01488353,0.2466808,-0.003788998,-0.9689751
0.01488353,0.2466808,-0.003788998,-0.9689751
0.01488353,0.2466808,-0.003788998,-0.9689751
0.01488353,0.2466808,-0.003788998,-0.9689751
0.01488353,0.2466808,-0.003788998,-0.9689751
0.01488353,0.2466808,-0.003788998,-0.9689751
0.01488353,0.2466808,-0.003788998,-0.9689751
0.01488353,0.2466808,-0.003788998,-0.9689751
0.01488353,0.2466808,-0.003788998,-0.9689751
0.01488353,0.2466808,-0.003788998,-0.9689751
0.01488353,0.2466808,-0.003788998,-0.9689751
0.01488353,0.2466808,-0.003788998,-0.9689751
0.01488353,0.2466808,-0.003788998,-0.9689751
0.01488353,0.2466808,-0.003788998,-0.9689751
0.01488353,0.2466808,-0.003788998,-0.9689751
0.01488353,0.2466808,-0.003788998,-0.9689751
0.01488353,0.2466808,-0.003788998,-0.9689751
0.01488353,0.2466808,-0.003788998,-0.9689751
0.01488353,0.2466808,-0.003788998,-0.9689751
0.01488353,0.2466808,-0.003788998,-0.9689751
0.01488353,0.2466808,-0.003788998,-0.9689751
0.01488353,0.2466808,-0.003788998,-0.9689751
0.01488353,0.2466808,-0.003788998,-0.9689751
0.01488353,0.2466808,-0.003788998,-0.9689751
0.01488353,0.2466808,-0.003788998,-0.9689751
0.01488353,0.2466808,-0.003788998,-0.9689751
0.01488353,0.2466808,-0.003788998,-0.9689751
0.01488353,0.2466808,-0.003788998,-0.9689751
0.01488353,0.2466808,-0.003788998,-0.9689751
0.01488353,0.2466808,-0.003788998,-0.9689751
0.01488353,0.2466808,-0.003788998,-0.9689751
0.01488353,0.2466808,-0.003788998,-0.9689751
0.01488353,0.2466808,-0.003788998,-0.9689751
0.01488353,0.2466808,-0.003788998,-0.9689751
0.01488353,0.2466808,-0.003788998,-0.9689751
0.01488353,0.2466808,-0.003788998,-0.9689751
0.01488353,0.2466808,-0.003788998,-0.9689751
0.01488353,0.2466808,-0.003788998,-0.9689751
0.01488353,0.2466808,-0.003788998,-0.9689751
0.01488353,0.2466808,-0.003788998,-0.9689751
0.01488353,0.2466808,-0.003788998,-0.9689751
0.01488353,0.2466808,-0.003788998,-0.9689751
0.01488353,0.2466808,-0.003788998,-0.9689751
0.01488353,0.2466808,-0.003788998,-0.9689751
0.01488353,0.2466808,-0.003788998,-0.9689751
0.01488353,0.2466808,-0.003788998,-0.9689751
0.01488353,0.2466808,-0.003788998,-0.9689751
0.01488353,0.2466808,-0.003788998,-0.9689751
0.01488353,0.2466808,-0.003788998,-0.9689751
0.01488353,0.2466808,-0.003788998,-0.9689751
0.01488353,0.2466808,-0.003788998,-0.9689751
0.01488353,0.2466808,-0.003788998,-0.9689751
0.01488353,0.2466808,-0.003788998,-0.9689751
0.01488353,0.2466808,-0.003788998,-0.9689751
0.01488353,0.2466808,-0.003788998,-0.9689751
0.01488353,0.2466808,-0.003788998,-0.9689751
0.01488353,0.2466808,-0.003788998,-0.9689751
0.01488353,0.2466808,-0.003788998,-0.9689751
0.01488353,0.2466808,-0.003788998,-0.9689751
0.01488353,0.2466808,-0.003788998,-0.9689751
0.01488353,0.2466808,-0.003788998,-0.9689751
0.01488353,0.2466808,-0.003788998,-0.9689751
0.01488353,0.2466808,-0.003788998,-0.9689751
0.01488353,0.2466808,-0.003788998,-0.9689751
0.01488353,0.2466808,-0.003788998,-0.9689751
0.01488353,0.2466808,-0.003788998,-0.9689751
0.01488353,0.2466808,-0.003788998,-0.9689751
0.01488353,0.2466808,-0.003788998,-0.9689751
0.01488353,0.2466808,-0.003788998,-0.9689751
0.01488353,0.2466808,-0.003788998,-0.9689751
0.01488353,0.2466808,-0.003788998,-0.9689751
0.01488353,0.2466808,-0.003788998,-0.9689751
0.01488353,0.2466808,-0.003788998,-0.9689751
0.01488353,0.2466808,-0.003788998,-0.9689751
0.01488353,0.2466808,-0.003788998,-0.9689751
0.01488353,0.2466808,-0.003788998,-0.9689751
0.01488353,0.2466808,-0.003788998,-0.9689751
0.01488353,0.2466808,-0.003788998,-0.9689751
0.01488353,0.2466808,-0.003788998,-0.9689751
0.01488353,0.2466808,-0.003788998,-0.9689751
0.01488353,0.2466808,-0.003788998,-0.9689751
0.01488353,0.2466808,-0.003788998,-0.9689751
0.01488353,0.2466808,-0.003788998,-0.9689751
0.01488353,0.2466808,-0.003788998,-0.9689751
0.01488353,0.2466808,-0.003788998,-0.9689751
0.01488259,0.2469216,-0.003792697,-0.9689137
0.0148818,0.2471246,-0.003795814,-0.968862
0.01488067,0.2474139,-0.003800258,-0.9687882
0.0148792,0.2477879,-0.003806003,-0.9686926
0.01487746,0.2482294,-0.003812785,-0.9685795
0.01487318,0.2493143,-0.003829448,-0.9683009
0.01487071,0.2499395,-0.003839052,-0.9681397
0.01486788,0.2506498,-0.003849962,-0.967956
0.01486471,0.2514458,-0.003862188,-0.9677495
0.01486126,0.2523085,-0.00387544,-0.9675249
0.01485351,0.2542366,-0.003905056,-0.9670201
0.0148492,0.255302,-0.003921419,-0.9667394
0.01484453,0.2564505,-0.00393906,-0.9664354
0.01483964,0.2576477,-0.003957449,-0.9661169
0.01482894,0.260244,-0.003997329,-0.9654207
0.01482313,0.2616428,-0.004018815,-0.9650426
0.01481694,0.2631253,-0.004041586,-0.9646394
0.01481043,0.2646744,-0.004065381,-0.9642155
0.01480352,0.2663086,-0.004090482,-0.9637654
0.01478886,0.2697388,-0.004143171,-0.9628111
0.01478102,0.2715531,-0.004171039,-0.9623009
0.01477277,0.2734505,-0.004200183,-0.9617635
0.01476409,0.2754309,-0.004230601,-0.9611982
0.01475503,0.2774791,-0.004262062,-0.960609
0.01474562,0.2795919,-0.004294515,-0.9599961
0.01472567,0.2840149,-0.004362453,-0.9586968
0.01471511,0.2863249,-0.004397935,-0.9580095
0.01470415,0.2887,-0.004434416,-0.9572964
0.01469273,0.2911557,-0.004472136,-0.9565524
0.01466871,0.2962438,-0.00455029,-0.9549889
0.01465611,0.298876,-0.004590721,-0.9541684
0.01464299,0.3015895,-0.004632399,-0.9533142
0.01462942,0.304367,-0.004675062,-0.9524311
0.01461531,0.3072269,-0.004718991,-0.9515124
0.01458587,0.3131,-0.004809202,-0.949596
0.01457035,0.3161483,-0.004856025,-0.9485855
0.01455434,0.3192591,-0.004903807,-0.9475431
0.01453774,0.3224495,-0.004952811,-0.9464622
0.01452071,0.3256851,-0.00500251,-0.9453536
0.01450306,0.3290015,-0.005053452,-0.9442044
0.01446615,0.3358186,-0.005158163,-0.9418015
0.01444687,0.3393192,-0.005211933,-0.9405459
0.01442693,0.3428957,-0.005266868,-0.939248
0.01440641,0.3465335,-0.005322746,-0.9379119
0.0143853,0.3502303,-0.005379529,-0.9365377
0.01434125,0.3578061,-0.005495893,-0.9336696
0.01431828,0.3616832,-0.005555446,-0.9321746
0.01429458,0.365635,-0.005616147,-0.9306316
0.01427023,0.3696448,-0.005677737,-0.9290462
0.01424521,0.3737127,-0.005740221,-0.9274174
0.01419313,0.3820201,-0.005867823,-0.9240264
0.01416604,0.3862586,-0.005932927,-0.9222627
0.01413823,0.3905527,-0.005998884,-0.9204524
0.01410958,0.3949193,-0.006065955,-0.9185874
0.01408019,0.3993407,-0.006133869,-0.916674
0.01401911,0.4083478,-0.006272218,-0.9126973
0.0139874,0.4129317,-0.006342627,-0.9106326
0.01395488,0.4175679,-0.006413839,-0.9085159
0.01392155,0.4222572,-0.006485868,-0.906346
0.01388728,0.4270142,-0.006558935,-0.9041145
0.01381618,0.4366799,-0.0067074,-0.8994859
0.01377933,0.4415878,-0.006782787,-0.8970866
0.01374159,0.4465454,-0.006858935,-0.8946292
0.0137179,0.4496219,-0.00690619,-0.893087
0.01371226,0.4503496,-0.006917369,-0.8927203
0.01371226,0.4503496,-0.006917369,-0.8927203
0.01371226,0.4503496,-0.006917369,-0.8927203
0.01371226,0.4503496,-0.006917369,-0.8927203
0.01371226,0.4503496,-0.006917369,-0.8927203
0.01371226,0.4503496,-0.006917369,-0.8927203
0.01371226,0.4503496,-0.006917369,-0.8927203
0.01371226,0.4503496,-0.006917369,-0.8927203
0.01371226,0.4503496,-0.006917369,-0.8927203
0.01371226,0.4503496,-0.006917369,-0.8927203
0.01371226,0.4503496,-0.006917369,-0.8927203
0.01371226,0.4503496,-0.006917369,-0.8927203
0.01371226,0.4503496,-0.006917369,-0.8927203
0.01371226,0.4503496,-0.006917369,-0.8927203
0.01371226,0.4503496,-0.006917369,-0.8927203
0.01371226,0.4503496,-0.006917369,-0.8927203
0.01371226,0.4503496,-0.006917369,-0.8927203
0.01371226,0.4503496,-0.006917369,-0.8927203
0.01371226,0.4503496,-0.006917369,-0.8927203
0.01371226,0.4503496,-0.006917369,-0.8927203
0.01371226,0.4503496,-0.006917369,-0.8927203
0.01371226,0.4503496,-0.006917369,-0.8927203
0.01371226,0.4503496,-0.006917369,-0.8927203
0.01371226,0.4503496,-0.006917369,-0.8927203
0.01371226,0.4503496,-0.006917369,-0.8927203
0.01371226,0.4503496,-0.006917369,-0.8927203
0.01371226,0.4503496,-0.006917369,-0.8927203
0.01371226,0.4503496,-0.006917369,-0.8927203
0.01371226,0.4503496,-0.006917369,-0.8927203
0.01371226,0.4503496,-0.006917369,-0.8927203
0.01371226,0.4503496,-0.006917369,-0.8927203
0.01371226,0.4503496,-0.006917369,-0.8927203
0.01371226,0.4503496,-0.006917369,-0.8927203
0.01371226,0.4503496,-0.006917369,-0.8927203
0.01371226,0.4503496,-0.006917369,-0.8927203
0.01371226,0.4503496,-0.006917369,-0.8927203
0.01371057,0.4505683,-0.006920729,-0.8926098
0.01370899,0.450771,-0.006923842,-0.8925075
0.01370694,0.451036,-0.006927912,-0.8923736
0.01370427,0.4513794,-0.006933187,-0.8922
0.01370112,0.4517848,-0.006939414,-0.8919948
0.01369336,0.4527811,-0.006954717,-0.8914894
0.01368873,0.4533731,-0.006963812,-0.8911885
0.0136835,0.4540423,-0.00697409,-0.8908478
0.01367777,0.454773,-0.006985314,-0.890475
0.01367155,0.4555655,-0.006997486,-0.8900698
0.0136576,0.4573355,-0.007024674,-0.8891616
0.01364987,0.4583132,-0.007039692,-0.8886581
0.01364149,0.4593692,-0.007055912,-0.8881127
0.0136326,0.4604861,-0.007073067,-0.887534
0.01362307,0.4616797,-0.0070914,-0.8869137
0.01360258,0.4642334,-0.007130627,-0.8855798
0.01359161,0.465593,-0.00715151,-0.8848657
0.01357997,0.4670303,-0.007173588,-0.8841079
0.0135678,0.4685278,-0.007196589,-0.8833153
0.01355509,0.470084,-0.007220492,-0.8824881
0.0135417,0.4717168,-0.007245572,-0.8816164
0.01351326,0.4751613,-0.00729848,-0.8797647
0.01349819,0.4769737,-0.007326318,-0.8787834
0.01348256,0.4788439,-0.007355045,-0.8777658
0.01346634,0.4807744,-0.007384697,-0.8767099
0.01344955,0.4827617,-0.007415223,-0.8756171
0.01341407,0.4869286,-0.007479226,-0.8733068
0.01339535,0.4891078,-0.007512698,-0.8720882
0.01337603,0.4913433,-0.007547035,-0.8708307
0.01335608,0.4936381,-0.007582284,-0.8695319
0.01331433,0.4983956,-0.007655359,-0.8668137
0.0132925,0.5008596,-0.007693205,-0.8653923
0.01326987,0.5033964,-0.007732172,-0.8639191
0.01324674,0.5059724,-0.00777174,-0.8624129
0.01322265,0.5086356,-0.007812647,-0.8608449
0.01319805,0.5113371,-0.007854142,-0.859243
0.01314662,0.5169215,-0.007939919,-0.8558951
0.01311994,0.5197867,-0.007983928,-0.8541581
0.01309255,0.5227055,-0.008028761,-0.8523749
0.01306429,0.5256941,-0.008074665,-0.850535
0.01303517,0.528749,-0.00812159,-0.8486392
0.0129747,0.5350158,-0.008217847,-0.8447025
0.01294349,0.5382106,-0.008266919,-0.8426705
0.01291136,0.5414716,-0.008317009,-0.8405788
0.01287845,0.5447836,-0.008367881,-0.838436
0.01284476,0.5481448,-0.008419509,-0.8362425
0.01277464,0.5550461,-0.008525514,-0.8316779
0.01273852,0.5585539,-0.008579395,-0.829326
0.01270157,0.5621091,-0.008634002,-0.8269205
0.01266363,0.5657261,-0.008689559,-0.8244502
0.01258516,0.5730995,-0.008802815,-0.8193419
0.01254462,0.5768548,-0.008860498,-0.8167023
0.01250303,0.580669,-0.008919084,-0.8139949
0.01246055,0.5845267,-0.008978339,-0.8112292
0.01241715,0.5884281,-0.009038265,-0.8084037
0.01232758,0.5963578,-0.009160064,-0.8025719
0.01228138,0.6003845,-0.009221915,-0.7995641
0.01223406,0.6044655,-0.0092846,-0.7964833
0.01218576,0.6085863,-0.009347896,-0.7933391
0.01213648,0.612746,-0.009411789,-0.7901307
0.01203492,0.6211787,-0.009541316,-0.7835184
0.01198245,0.6254632,-0.009607126,-0.7801025
0.01192894,0.6297836,-0.009673488,-0.7766188
0.01189552,0.6324568,-0.009714548,-0.7744433
0.01188765,0.633084,-0.009724181,-0.7739307
0.01188765,0.633084,-0.009724181,-0.7739307
0.01188765,0.633084,-0.009724181,-0.7739307
0.01188765,0.633084,-0.009724181,-0.7739307
0.01188765,0.633084,-0.009724181,-0.7739307
0.01188765,0.633084,-0.009724181,-0.7739307
0.01188765,0.633084,-0.009724181,-0.7739307
0.01188765,0.633084,-0.009724181,-0.7739307
0.01188765,0.633084,-0.009724181,-0.7739307
0.01188765,0.633084,-0.009724181,-0.7739307
0.01188765,0.633084,-0.009724181,-0.7739307
0.01188765,0.633084,-0.009724181,-0.7739307
0.01188765,0.633084,-0.009724181,-0.7739307
0.01188765,0.633084,-0.009724181,-0.7739307
0.01188765,0.633084,-0.009724181,-0.7739307
0.01188765,0.633084,-0.009724181,-0.7739307
0.01188765,0.633084,-0.009724181,-0.7739307
0.01188765,0.633084,-0.009724181,-0.7739307
0.01188765,0.633084,-0.009724181,-0.7739307
0.01188765,0.633084,-0.009724181,-0.7739307
0.01188765,0.633084,-0.009724181,-0.7739307
0.01188765,0.633084,-0.009724181,-0.7739307
0.01188765,0.633084,-0.009724181,-0.7739307
0.01188765,0.633084,-0.009724181,-0.7739307
0.01188765,0.633084,-0.009724181,-0.7739307
0.01188765,0.633084,-0.009724181,-0.7739307
0.01188765,0.633084,-0.009724181,-0.7739307
0.01188765,0.633084,-0.009724181,-0.7739307
0.01188765,0.633084,-0.009724181,-0.7739307
0.01188765,0.633084,-0.009724181,-0.7739307
0.01188765,0.633084,-0.009724181,-0.7739307
0.01188765,0.633084,-0.009724181,-0.7739307
0.01188765,0.633084,-0.009724181,-0.7739307
0.01188765,0.633084,-0.009724181,-0.7739307
0.01188765,0.633084,-0.009724181,-0.7739307
0.01188765,0.633084,-0.009724181,-0.7739307
0.01188765,0.633084,-0.009724181,-0.7739307
0.01188765,0.633084,-0.009724181,-0.7739307
0.01188765,0.633084,-0.009724181,-0.7739307
0.01188765,0.633084,-0.009724181,-0.7739307
0.01188765,0.633084,-0.009724181,-0.7739307
0.01188765,0.633084,-0.009724181,-0.7739307
0.01188765,0.633084,-0.009724181,-0.7739307
0.01188765,0.633084,-0.009724181,-0.7739307
0.01188765,0.633084,-0.009724181,-0.7739307
0.01188765,0.633084,-0.009724181,-0.7739307
0.01188765,0.633084,-0.009724181,-0.7739307
0.01188765,0.633084,-0.009724181,-0.7739307
0.01188765,0.633084,-0.009724181,-0.7739307
0.01188765,0.633084,-0.009724181,-0.7739307
0.01188765,0.633084,-0.009724181,-0.7739307
0.01188765,0.633084,-0.009724181,-0.7739307
0.01188765,0.633084,-0.009724181,-0.7739307
0.01188765,0.633084,-0.009724181,-0.7739307
0.01188765,0.633084,-0.009724181,-0.7739307
0.01188765,0.633084,-0.009724181,-0.7739307
0.01188765,0.633084,-0.009724181,-0.7739307
0.01188765,0.633084,-0.009724181,-0.7739307
0.01188765,0.633084,-0.009724181,-0.7739307
0.01188765,0.633084,-0.009724181,-0.7739307
0.01188765,0.633084,-0.009724181,-0.7739307
0.01188765,0.633084,-0.009724181,-0.7739307
0.01188765,0.633084,-0.009724181,-0.7739307
0.01188765,0.633084,-0.009724181,-0.7739307
0.01188765,0.633084,-0.009724181,-0.7739307
0.01188765,0.633084,-0.009724181,-0.7739307
0.01188765,0.633084,-0.009724181,-0.7739307
0.01188765,0.633084,-0.009724181,-0.7739307
0.01188765,0.633084,-0.009724181,-0.7739307
0.01188765,0.633084,-0.009724181,-0.7739307
0.01188765,0.633084,-0.009724181,-0.7739307
0.01188765,0.633084,-0.009724181,-0.7739307
0.01188765,0.633084,-0.009724181,-0.7739307
0.01188765,0.633084,-0.009724181,-0.7739307
0.01188765,0.633084,-0.009724181,-0.7739307
0.01188765,0.633084,-0.009724181,-0.7739307
0.01188765,0.633084,-0.009724181,-0.7739307
0.01188765,0.633084,-0.009724181,-0.7739307
0.01188765,0.633084,-0.009724181,-0.7739307
0.01188765,0.633084,-0.009724181,-0.7739307
0.01188765,0.633084,-0.009724181,-0.7739307
0.01188765,0.633084,-0.009724181,-0.7739307
0.01188765,0.633084,-0.009724181,-0.7739307
0.01188765,0.633084,-0.009724181,-0.7739307
0.01188765,0.633084,-0.009724181,-0.7739307
0.01188765,0.633084,-0.009724181,-0.7739307
0.01188765,0.633084,-0.009724181,-0.7739307
0.01188765,0.633084,-0.009724181,-0.7739307
0.01188765,0.633084,-0.009724181,-0.7739307
0.01188765,0.633084,-0.009724181,-0.7739307
0.01188765,0.633084,-0.009724181,-0.7739307
0.01188765,0.633084,-0.009724181,-0.7739307
0.01188765,0.633084,-0.009724181,-0.7739307
0.01188765,0.633084,-0.009724181,-0.7739307
0.01188765,0.633084,-0.009724181,-0.7739307
0.01188765,0.633084,-0.009724181,-0.7739307
0.01188765,0.633084,-0.009724181,-0.7739307
0.01189003,0.6328945,-0.009721271,-0.7740857
0.01189224,0.6327187,-0.009718571,-0.7742294
0.01189513,0.6324883,-0.009715031,-0.7744176
0.01189886,0.6321903,-0.009710454,-0.7746609
0.01190328,0.6318381,-0.009705043,-0.7749483
0.01191413,0.6309708,-0.009691722,-0.7756545
0.01192056,0.6304553,-0.009683804,-0.7760736
0.01192784,0.629872,-0.009674845,-0.7765471
0.01193578,0.6292341,-0.009665046,-0.7770641
0.01194439,0.6285414,-0.009654406,-0.7776245
0.01196359,0.6269917,-0.009630603,-0.7788746
0.01197418,0.6261337,-0.009617424,-0.7795645
0.01198558,0.6252086,-0.009603214,-0.7803066
0.01199747,0.6242418,-0.009588364,-0.7810802
0.01202318,0.6221412,-0.009556098,-0.7827545
0.01203717,0.6209935,-0.00953847,-0.7836653
0.01205181,0.6197891,-0.009519969,-0.7846182
0.01206708,0.6185282,-0.009500602,-0.7856125
0.01208298,0.6172108,-0.009480367,-0.7866479
0.01209968,0.6158228,-0.009459048,-0.787735
0.01213494,0.6128757,-0.009413781,-0.7900301
0.01215348,0.611316,-0.009389822,-0.7912376
0.01217264,0.6096984,-0.009364977,-0.7924847
0.01219256,0.608009,-0.009339026,-0.7937816
0.01221306,0.6062626,-0.009312201,-0.7951162
0.01223416,0.6044565,-0.00928446,-0.7964901
0.01227843,0.6006397,-0.009225834,-0.7993723
0.01230126,0.5986573,-0.009195384,-0.8008581
0.01232465,0.5966147,-0.009164009,-0.8023809
0.01234875,0.594498,-0.009131497,-0.8039505
0.01239861,0.5900831,-0.009063683,-0.8071965
0.01242435,0.5877841,-0.00902837,-0.8088721
0.01245062,0.5854238,-0.008992116,-0.810582
0.01247755,0.5829878,-0.0089547,-0.8123357
0.012505,0.5804897,-0.008916328,-0.8141228
0.0125614,0.5753054,-0.008836697,-0.8177945
0.01259033,0.5726186,-0.008795427,-0.8196781
0.01261989,0.5698542,-0.008752966,-0.8216023
0.01264991,0.5670256,-0.008709519,-0.823557
0.01268038,0.5641333,-0.008665094,-0.8255409
0.01274267,0.5581527,-0.00857323,-0.8295962
0.01277446,0.5550647,-0.0085258,-0.8316654
0.01280665,0.5519111,-0.00847736,-0.8337616
0.01283925,0.5486913,-0.008427902,-0.835884
0.01287239,0.5453904,-0.0083772,-0.8380414
0.01293996,0.5385704,-0.008272444,-0.8424405
0.01297421,0.5350665,-0.008218625,-0.8446703
0.01300896,0.531478,-0.008163505,-0.8469328
0.01304403,0.5278226,-0.008107358,-0.8492157
0.01307928,0.5241128,-0.008050375,-0.8515104
0.01311498,0.5203173,-0.007992074,-0.853835
0.01318755,0.512484,-0.007871754,-0.8585595
0.01322409,0.5084774,-0.007810213,-0.8609383
0.01326088,0.5043997,-0.007747578,-0.8633337
0.01329805,0.5002348,-0.007683605,-0.8657536
0.01337318,0.491673,-0.007552094,-0.8706445
0.01341096,0.4872909,-0.007484785,-0.8731046
0.01344893,0.4828357,-0.007416353,-0.8755763
0.0134872,0.4782893,-0.00734652,-0.878068
0.01352575,0.473653,-0.007275306,-0.8805776
0.01356441,0.4689436,-0.007202969,-0.8830946
0.01364193,0.4593134,-0.007055048,-0.8881415
0.01368076,0.4543928,-0.006979466,-0.8906691
0.01371976,0.4493804,-0.006902476,-0.8932085
0.01375881,0.444291,-0.006824303,-0.8957509
0.01383697,0.4338806,-0.006664399,-0.9008395
0.01387605,0.428559,-0.006582658,-0.9033833
0.01391509,0.4231587,-0.006499709,-0.9059255
0.01393696,0.4200975,-0.006452689,-0.907349
0.01394511,0.4189491,-0.006435049,-0.9078798
0.01394511,0.4189491,-0.006435049,-0.9078798
0.01394511,0.4189491,-0.006435049,-0.9078798
0.01394511,0.4189491,-0.006435049,-0.9078798
0.01394511,0.4189491,-0.006435049,-0.9078798
0.01394511,0.4189491,-0.006435049,-0.9078798
0.01394511,0.4189491,-0.006435049,-0.9078798
0.01394511,0.4189491,-0.006435049,-0.9078798
0.01394511,0.4189491,-0.006435049,-0.9078798
0.01394511,0.4189491,-0.006435049,-0.9078798
0.01394511,0.4189491,-0.006435049,-0.9078798
0.01394511,0.4189491,-0.006435049,-0.9078798
0.01394511,0.4189491,-0.006435049,-0.9078798
0.01394511,0.4189491,-0.006435049,-0.9078798
0.01394511,0.4189491,-0.006435049,-0.9078798
0.01394511,0.4189491,-0.006435049,-0.9078798
0.01394511,0.4189491,-0.006435049,-0.9078798
0.01394511,0.4189491,-0.006435049,-0.9078798
0.01394511,0.4189491,-0.006435049,-0.9078798
0.01394511,0.4189491,-0.006435049,-0.9078798
0.01394511,0.4189491,-0.006435049,-0.9078798
0.01394511,0.4189491,-0.006435049,-0.9078798
0.01394511,0.4189491,-0.006435049,-0.9078798
0.01394511,0.4189491,-0.006435049,-0.9078798
0.01394511,0.4189491,-0.006435049,-0.9078798
0.01394511,0.4189491,-0.006435049,-0.9078798
0.01394511,0.4189491,-0.006435049,-0.9078798
0.01394511,0.4189491,-0.006435049,-0.9078798
0.01394511,0.4189491,-0.006435049,-0.9078798
0.01394511,0.4189491,-0.006435049,-0.9078798
0.01394511,0.4189491,-0.006435049,-0.9078798
0.01394511,0.4189491,-0.006435049,-0.9078798
0.01394511,0.4189491,-0.006435049,-0.9078798
0.01394511,0.4189491,-0.006435049,-0.9078798
0.01394511,0.4189491,-0.006435049,-0.9078798
0.01394511,0.4189491,-0.006435049,-0.9078798
0.01394511,0.4189491,-0.006435049,-0.9078798
0.01394511,0.4189491,-0.006435049,-0.9078798
0.01394511,0.4189491,-0.006435049,-0.9078798
0.01394511,0.4189491,-0.006435049,-0.9078798
0.01394511,0.4189491,-0.006435049,-0.9078798
0.01394511,0.4189491,-0.006435049,-0.9078798
0.01394511,0.4189491,-0.006435049,-0.9078798
0.01394511,0.4189491,-0.006435049,-0.9078798
0.01394511,0.4189491,-0.006435049,-0.9078798
0.01394511,0.4189491,-0.006435049,-0.9078798
0.01394511,0.4189491,-0.006435049,-0.9078798
0.01394511,0.4189491,-0.006435049,-0.9078798
0.01394511,0.4189491,-0.006435049,-0.9078798
0.01394511,0.4189491,-0.006435049,-0.9078798
0.01394511,0.4189491,-0.006435049,-0.9078798
0.01394511,0.4189491,-0.006435049,-0.9078798
0.01394511,0.4189491,-0.006435049,-0.9078798
0.01394511,0.4189491,-0.006435049,-0.9078798
0.01394511,0.4189491,-0.006435049,-0.9078798
0.01394511,0.4189491,-0.006435049,-0.9078798
0.01394511,0.4189491,-0.006435049,-0.9078798
0.01394511,0.4189491,-0.006435049,-0.9078798
0.01394511,0.4189491,-0.006435049,-0.9078798
0.01394511,0.4189491,-0.006435049,-0.9078798
0.01394511,0.4189491,-0.006435049,-0.9078798
0.01394511,0.4189491,-0.006435049,-0.9078798
0.01394511,0.4189491,-0.006435049,-0.9078798
0.01394511,0.4189491,-0.006435049,-0.9078798
0.01394511,0.4189491,-0.006435049,-0.9078798
0.01394511,0.4189491,-0.006435049,-0.9078798
0.01394511,0.4189491,-0.006435049,-0.9078798
0.01394511,0.4189491,-0.006435049,-0.9078798
0.01394511,0.4189491,-0.006435049,-0.9078798
0.01394511,0.4189491,-0.006435049,-0.9078798
0.01394511,0.4189491,-0.006435049,-0.9078798
0.01394511,0.4189491,-0.006435049,-0.9078798
0.01394511,0.4189491,-0.006435049,-0.9078798
0.01394511,0.4189491,-0.006435049,-0.9078798
0.01394511,0.4189491,-0.006435049,-0.9078798
0.01394511,0.4189491,-0.006435049,-0.9078798
0.01394511,0.4189491,-0.006435049,-0.9078798
0.01394511,0.4189491,-0.006435049,-0.9078798
0.01394511,0.4189491,-0.006435049,-0.9078798
0.01394511,0.4189491,-0.006435049,-0.9078798
0.01394511,0.4189491,-0.006435049,-0.9078798
0.01394511,0.4189491,-0.006435049,-0.9078798
0.01394511,0.4189491,-0.006435049,-0.9078798
0.01394511,0.4189491,-0.006435049,-0.9078798
0.01394511,0.4189491,-0.006435049,-0.9078798
0.01394511,0.4189491,-0.006435049,-0.9078798
0.01394511,0.4189491,-0.006435049,-0.9078798
0.01394511,0.4189491,-0.006435049,-0.9078798
0.01394511,0.4189491,-0.006435049,-0.9078798
0.01394511,0.4189491,-0.006435049,-0.9078798
0.01394511,0.4189491,-0.006435049,-0.9078798
0.01394511,0.4189491,-0.006435049,-0.9078798
0.01394511,0.4189491,-0.006435049,-0.9078798
0.01394511,0.4189491,-0.006435049,-0.9078798
0.01394511,0.4189491,-0.006435049,-0.9078798
0.01394511,0.4189491,-0.006435049,-0.9078798
0.01394511,0.4189491,-0.006435049,-0.9078798
0.01394557,0.4188851,-0.006434067,-0.9079093
0.01394658,0.4187425,-0.006431876,-0.9079751
0.01394803,0.4185368,-0.006428717,-0.90807
0.01394994,0.4182671,-0.006424574,-0.9081942
0.01395509,0.4175381,-0.006413376,-0.9085296
0.01395845,0.4170623,-0.006406067,-0.9087482
0.01396236,0.4165067,-0.006397534,-0.909003
0.01396661,0.4159029,-0.006388259,-0.9092794
0.01397129,0.4152356,-0.00637801,-0.9095843
0.01397641,0.4145043,-0.006366778,-0.9099178
0.01398818,0.4128191,-0.006340892,-0.9106836
0.0139947,0.4118803,-0.006326472,-0.9111086
0.01400166,0.4108773,-0.006311066,-0.9115613
0.01400903,0.4098106,-0.006294681,-0.9120414
0.01401694,0.4086636,-0.006277064,-0.9125559
0.01403398,0.4061765,-0.006238862,-0.9136656
0.01404312,0.4048358,-0.006218268,-0.9142604
0.01405265,0.4034309,-0.006196689,-0.9148812
0.0140627,0.4019443,-0.006173855,-0.9155353
0.01407314,0.4003931,-0.006150027,-0.9162148
0.01409517,0.3970946,-0.006099362,-0.9176492
0.01410676,0.3953468,-0.006072516,-0.9184036
0.01411872,0.3935334,-0.006044662,-0.9191821
0.01413114,0.391639,-0.006015563,-0.9199908
0.01414392,0.3896782,-0.005985447,-0.920823
0.01417053,0.3855581,-0.005922162,-0.9225558
0.01418435,0.3833985,-0.005888991,-0.9234554
0.0141985,0.3811723,-0.005854795,-0.9243765
0.01421308,0.3788626,-0.005819318,-0.9253256
0.01422797,0.3764861,-0.005782815,-0.926295
0.01425867,0.3715309,-0.005706703,-0.9282935
0.01427456,0.3689355,-0.005666838,-0.9293281
0.01429073,0.366273,-0.005625942,-0.9303807
0.01430706,0.36356,-0.00558427,-0.9314442
0.01432377,0.3607604,-0.005541268,-0.9325321
0.01435794,0.354956,-0.005452112,-0.9347569
0.01437548,0.351934,-0.005405693,-0.9358988
0.01439325,0.3488433,-0.005358221,-0.9370552
0.01441122,0.3456838,-0.005309691,-0.9382254
0.0144294,0.3424539,-0.00526008,-0.9394091
0.01444787,0.3391382,-0.00520915,-0.9406112
0.01448523,0.3323147,-0.005104341,-0.9430435
0.0145042,0.328789,-0.005050185,-0.9442785
0.01452322,0.3252095,-0.004995204,-0.9455173
0.01454238,0.3215599,-0.004939146,-0.9467647
0.01458124,0.3140134,-0.00482323,-0.9492944
0.01460081,0.3101338,-0.004763639,-0.9505689
0.01462048,0.3061821,-0.004702941,-0.9518491
0.01464022,0.3021582,-0.004641133,-0.9531341
0.01466009,0.2980461,-0.004577972,-0.954428
0.01469996,0.2896038,-0.004448297,-0.9570234
0.01471992,0.2852739,-0.004381789,-0.9583231
0.01473988,0.2808709,-0.004314159,-0.9596227
0.0147599,0.2763785,-0.004245155,-0.9609262
0.01477989,0.2718128,-0.004175026,-0.9622276
0.01481971,0.2624617,-0.004031392,-0.9648202
0.01483952,0.2576756,-0.003957877,-0.9661095
0.01485923,0.2528157,-0.003883229,-0.9673926
0.01487889,0.2478649,-0.003807185,-0.9686729
0.01489843,0.2428401,-0.003730003,-0.9699448
0.01493705,0.2325671,-0.003572209,-0.9724591
0.0149561,0.2273181,-0.003491584,-0.9736995
0.01497495,0.2219949,-0.003409819,-0.9749269
0.01499365,0.2165807,-0.003326656,-0.976144
0.01501211,0.2110908,-0.003242331,-0.9773458
0.01504825,0.1998861,-0.003070227,-0.9796988
0.0150659,0.1941703,-0.002982432,-0.9808476
0.01508323,0.188381,-0.002893507,-0.981976
0.01510028,0.1824995,-0.002803167,-0.983086
0.01511698,0.1765417,-0.002711655,-0.9841734
0.01514925,0.1644015,-0.002525179,-0.9862739
0.01516477,0.158218,-0.0024302,-0.9872848
0.01517987,0.1519592,-0.002334066,-0.9882675
0.0151945,0.1456264,-0.002236792,-0.9892205
0.0152087,0.1392011,-0.002138101,-0.990145
0.01523559,0.1261234,-0.001937226,-0.9918957
0.01524824,0.1194731,-0.001835076,-0.9927187
0.01526031,0.1127477,-0.001731774,-0.993505
0.01527183,0.1059294,-0.001627043,-0.9942551
0.01528274,0.09903691,-0.001521175,-0.9949653
0.01529302,0.09206981,-0.00141416,-0.9956341
0.01531161,0.07787775,-0.001196169,-0.9968446
0.01531983,0.07069075,-0.001085776,-0.9973801
0.01532733,0.0634295,-0.0009742423,-0.9978682
0.01533409,0.05607828,-0.000861327,-0.9983083
0.01534524,0.04115787,-0.0006321484,-0.9990346
0.01534959,0.03358924,-0.0005158936,-0.9993178
0.01535309,0.02594879,-0.0003985357,-0.9995453
0.01535571,0.01821993,-0.0002798199,-0.9997161
0.01535743,0.01040106,-0.0001597215,-0.999828
0.01535803,-0.005428842,8.342694E-05,-0.9998673
0.01535687,-0.01343868,0.0002064586,-0.9997917
0.0153547,-0.02151758,0.000330551,-0.9996505
0.01535149,-0.02968302,0.0004559728,-0.9994414
0.01534721,-0.03791533,0.0005824217,-0.999163
0.01533536,-0.05458116,0.0008384099,-0.9983913
0.01532773,-0.06301361,0.0009679329,-0.9978945
0.01531891,-0.07152832,0.001098719,-0.9973204
0.01530889,-0.08010776,0.0012305,-0.9966679
0.01529764,-0.08875047,0.001363253,-0.9959356
0.01527134,-0.1062232,0.001631635,-0.9942237
0.01525624,-0.1150526,0.001767255,-0.9932407
0.01523978,-0.1239588,0.001904055,-0.9921685
0.01522194,-0.1329236,0.002041756,-0.9910073
0.0152027,-0.1419475,0.002180363,-0.9897551
0.01515993,-0.1601664,0.002460207,-0.9869705
0.01513634,-0.1693584,0.002601396,-0.9854349
0.01511858,-0.1759567,0.002702746,-0.9842781
0.01510597,-0.1804861,0.002772319,-0.9834576
0.01509899,-0.1829467,0.002810114,-0.9830029
0.01509781,-0.1833583,0.002816436,-0.9829262
0.01509781,-0.1833583,0.002816436,-0.9829262
0.01509781,-0.1833583,0.002816436,-0.9829262
0.01509781,-0.1833583,0.002816436,-0.9829262
0.01509781,-0.1833583,0.002816436,-0.9829262
0.01509781,-0.1833583,0.002816436,-0.9829262
0.01509781,-0.1833583,0.002816436,-0.9829262
0.01509781,-0.1833583,0.002816436,-0.9829262
0.01509781,-0.1833583,0.002816436,-0.9829262
0.01509781,-0.1833583,0.002816436,-0.9829262
0.01509781,-0.1833583,0.002816436,-0.9829262
0.01509781,-0.1833583,0.002816436,-0.9829262
0.01509781,-0.1833583,0.002816436,-0.9829262
0.01509781,-0.1833583,0.002816436,-0.9829262
0.01509781,-0.1833583,0.002816436,-0.9829262
0.01509781,-0.1833583,0.002816436,-0.9829262
0.01509781,-0.1833583,0.002816436,-0.9829262
0.01509781,-0.1833583,0.002816436,-0.9829262
0.01509781,-0.1833583,0.002816436,-0.9829262
0.01509781,-0.1833583,0.002816436,-0.9829262
0.01509781,-0.1833583,0.002816436,-0.9829262
0.01509781,-0.1833583,0.002816436,-0.9829262
0.01509781,-0.1833583,0.002816436,-0.9829262
0.01509781,-0.1833583,0.002816436,-0.9829262
0.01509781,-0.1833583,0.002816436,-0.9829262
0.01509781,-0.1833583,0.002816436,-0.9829262
0.01509781,-0.1833583,0.002816436,-0.9829262
0.01509781,-0.1833583,0.002816436,-0.9829262
0.01509781,-0.1833583,0.002816436,-0.9829262
0.01509781,-0.1833583,0.002816436,-0.9829262
0.01509781,-0.1833583,0.002816436,-0.9829262
0.01509781,-0.1833583,0.002816436,-0.9829262
0.01509781,-0.1833583,0.002816436,-0.9829262
0.01509801,-0.1832893,0.002815375,-0.9829391
0.0150984,-0.1831517,0.002813262,-0.9829648
0.01509899,-0.1829455,0.002810095,-0.9830031
0.01510086,-0.1822929,0.00280007,-0.9831244
0.01510202,-0.1818821,0.002793761,-0.9832004
0.01510343,-0.1813852,0.002786129,-0.9832922
0.01510503,-0.1808192,0.002777435,-0.9833965
0.0151088,-0.1794802,0.002756867,-0.9836417
0.01511101,-0.1786906,0.002744739,-0.9837855
0.0151134,-0.1778326,0.00273156,-0.9839409
0.01511596,-0.1769057,0.002717323,-0.984108
0.01511871,-0.1759094,0.00270202,-0.9842865
0.01512167,-0.1748265,0.002685388,-0.9844795
0.0151281,-0.172454,0.002648946,-0.9848979
0.01513155,-0.1711638,0.002629128,-0.9851229
0.01513516,-0.169805,0.002608257,-0.985358
0.01513893,-0.1683778,0.002586334,-0.9856029
0.01514283,-0.1668811,0.002563345,-0.9858574
0.01515116,-0.163646,0.002513653,-0.9863996
0.01515552,-0.1619243,0.002487208,-0.9866837
0.01516001,-0.160134,0.002459708,-0.9869758
0.01516462,-0.1582739,0.002431137,-0.9872758
0.01517418,-0.1543441,0.002370776,-0.9878978
0.01517915,-0.1522582,0.002338736,-0.9882215
0.01518421,-0.1501021,0.002305618,-0.9885513
0.01518937,-0.1478757,0.002271421,-0.9888867
0.0151946,-0.14558,0.002236158,-0.9892273
0.01520527,-0.1407788,0.002162412,-0.989922
0.01521073,-0.1382562,0.002123664,-0.9902775
0.01521623,-0.1356634,0.002083839,-0.9906359
0.01522178,-0.1330004,0.002042934,-0.990997
0.01522736,-0.1302673,0.002000954,-0.9913599
0.01523295,-0.1274649,0.001957909,-0.9917242
0.01524423,-0.1216134,0.001868029,-0.9924588
0.01524987,-0.1185814,0.001821458,-0.9928256
0.01525548,-0.1154794,0.001773811,-0.9931912
0.01526107,-0.1123066,0.001725077,-0.9935549
0.01526662,-0.1090635,0.001675262,-0.9939162
0.01527761,-0.1023308,0.001571847,-0.9946319
0.01528301,-0.09885884,0.001518519,-0.994983
0.01528832,-0.09531578,0.001464097,-0.9953287
0.01529353,-0.09170207,0.00140859,-0.9956681
0.01529864,-0.08801775,0.001351999,-0.9960005
0.01530852,-0.08040237,0.001235026,-0.9966442
0.01531326,-0.07648797,0.0011749,-0.9969523
0.01531783,-0.07250293,0.00111369,-0.99725
0.01532223,-0.06844666,0.001051385,-0.9975366
0.01532647,-0.06430264,0.0009877328,-0.9978123
0.01533432,-0.05580095,0.0008571463,-0.9983238
0.01533792,-0.05144409,0.0007902246,-0.9985578
0.01534127,-0.04701628,0.0007222131,-0.9987761
0.01534438,-0.04250038,0.0006528486,-0.9989784
0.01534722,-0.03791448,0.0005824088,-0.999163
0.01535201,-0.02853092,0.0004382767,-0.9994749
0.01535394,-0.02373311,0.000364582,-0.9996004
0.01535553,-0.018866,0.0002898227,-0.9997041
0.01535678,-0.01391016,0.0002137007,-0.9997854
0.01535766,-0.008884158,0.0001365009,-0.9998426
0.01535825,0.001377436,-2.11179E-05,-0.9998811
0.01535793,0.006613221,-0.0001015399,-0.9998602
0.01535717,0.01191822,-0.0001830251,-0.9998111
0.01535596,0.01730922,-0.0002658313,-0.9997323
0.01535428,0.02277055,-0.0003497178,-0.9996228
0.01534944,0.03389996,-0.0005206662,-0.9993073
0.01534623,0.03956835,-0.0006077331,-0.9990989
0.01534249,0.04530425,-0.0006958371,-0.9988552
0.01533819,0.05110889,-0.0007849968,-0.998575
0.01533329,0.05699831,-0.0008754587,-0.9982561
0.01532167,0.06898018,-0.001059501,-0.9974998
0.01531492,0.07507229,-0.001153076,-0.9970598
0.0153075,0.08123043,-0.001247666,-0.996577
0.01529941,0.08745451,-0.001343268,-0.9960502
0.01529059,0.09376273,-0.001440163,-0.9954761
0.01527077,0.1065761,-0.001636978,-0.9941859
0.01525973,0.1130804,-0.001736883,-0.9934672
0.01524791,0.1196482,-0.001837766,-0.9926975
0.01523529,0.1262811,-0.001939648,-0.9918756
0.01522184,0.1329762,-0.002042484,-0.9910002
0.01519232,0.1465905,-0.002251602,-0.989078
0.01518258,0.1508089,-0.002316396,-0.9884436
0.01517762,0.1529067,-0.002348619,-0.9881213
0.01517619,0.1535092,-0.002357874,-0.9880279
0.01517619,0.1535092,-0.002357874,-0.9880279
0.01517619,0.1535092,-0.002357874,-0.9880279
0.01517619,0.1535092,-0.002357874,-0.9880279
0.01517619,0.1535092,-0.002357874,-0.9880279
0.01517619,0.1535092,-0.002357874,-0.9880279
0.01517619,0.1535092,-0.002357874,-0.9880279
0.01517619,0.1535092,-0.002357874,-0.9880279
0.01517619,0.1535092,-0.002357874,-0.9880279
0.01517619,0.1535092,-0.002357874,-0.9880279
0.01517619,0.1535092,-0.002357874,-0.9880279
0.01517619,0.1535092,-0.002357874,-0.9880279
0.01517619,0.1535092,-0.002357874,-0.9880279
0.01517619,0.1535092,-0.002357874,-0.9880279
0.01517619,0.1535092,-0.002357874,-0.9880279
0.01517619,0.1535092,-0.002357874,-0.9880279
0.01517619,0.1535092,-0.002357874,-0.9880279
0.01517619,0.1535092,-0.002357874,-0.9880279
0.01517619,0.1535092,-0.002357874,-0.9880279
0.01517619,0.1535092,-0.002357874,-0.9880279
0.01517619,0.1535092,-0.002357874,-0.9880279
0.01517619,0.1535092,-0.002357874,-0.9880279
0.01517619,0.1535092,-0.002357874,-0.9880279
0.01517619,0.1535092,-0.002357874,-0.9880279
0.01517619,0.1535092,-0.002357874,-0.9880279
0.01517619,0.1535092,-0.002357874,-0.9880279
0.01517619,0.1535092,-0.002357874,-0.9880279
0.01517619,0.1535092,-0.002357874,-0.9880279
0.01517619,0.1535092,-0.002357874,-0.9880279
0.01517619,0.1535092,-0.002357874,-0.9880279
0.01517639,0.1534237,-0.002356561,-0.9880412
0.01517676,0.1532689,-0.002354183,-0.9880651
0.01517799,0.1527529,-0.002346257,-0.9881451
0.01517885,0.1523914,-0.002340704,-0.9882009
0.01517986,0.1519608,-0.00233409,-0.9882672
0.01518108,0.1514443,-0.002326156,-0.9883465
0.01518246,0.1508585,-0.002317159,-0.9884361
0.01518568,0.1494789,-0.002295968,-0.9886456
0.01518751,0.1486858,-0.002283785,-0.9887652
0.0151895,0.1478237,-0.002270544,-0.9888945
0.01519167,0.1468754,-0.002255978,-0.9890358
0.01519398,0.1458584,-0.002240356,-0.9891863
0.01519902,0.1436163,-0.002205918,-0.9895143
0.01520174,0.1423913,-0.002187101,-0.9896913
0.01520458,0.1410976,-0.00216723,-0.9898766
0.01520755,0.1397341,-0.002146286,-0.99007
0.01521068,0.1382833,-0.002124003,-0.9902737
0.01521728,0.1351724,-0.002076218,-0.9907031
0.01522077,0.1334964,-0.002050475,-0.9909303
0.01522436,0.1317492,-0.002023639,-0.9911641
0.01522804,0.1299322,-0.001995728,-0.991404
0.01523185,0.1280282,-0.001966483,-0.9916517
0.01523573,0.1260547,-0.00193617,-0.9919044
0.01524367,0.1219162,-0.001872602,-0.9924216
0.01524772,0.119752,-0.00183936,-0.9926851
0.01525186,0.117499,-0.001804754,-0.9929543
0.01525604,0.115176,-0.001769072,-0.9932264
0.01526028,0.1127659,-0.001732054,-0.9935029
0.01526882,0.1077557,-0.001655096,-0.9940588
0.0152731,0.1051541,-0.001615135,-0.9943373
0.01527738,0.1024825,-0.001574099,-0.9946163
0.01528169,0.09972101,-0.001531683,-0.9948969
0.01528602,0.0968728,-0.001487934,-0.9951783
0.01529455,0.09098586,-0.00139751,-0.9957338
