0.01529874,0.08794529,-0.001350807,-0.996007
0.01530289,0.08483475,-0.001303029,-0.9962767
0.01530699,0.08163635,-0.001253901,-0.9965438
0.01531102,0.07836732,-0.001203688,-0.9968063
0.01531886,0.07158262,-0.001099475,-0.9973165
0.01532262,0.06808327,-0.001045725,-0.9975614
0.01532626,0.06451409,-0.0009909017,-0.9977986
0.01532978,0.06087365,-0.0009349842,-0.9980273
0.01533637,0.05336748,-0.0008196889,-0.9984568
0.01533942,0.0495171,-0.0007605468,-0.9986552
0.01534229,0.04559608,-0.0007003196,-0.9988419
0.01534497,0.04158713,-0.0006387419,-0.9990169
0.01534745,0.03750725,-0.0005760745,-0.9991783
0.01535174,0.02913661,-0.0004475009,-0.9994575
0.01535352,0.02484622,-0.0003816002,-0.9995733
0.01535504,0.02046902,-0.0003143662,-0.9996725
0.01535629,0.01602165,-0.0002460542,-0.9997537
0.01535725,0.01148617,-0.0001763888,-0.9998161
0.01535822,0.002240212,-3.437029E-05,-0.9998795
0.01535822,-0.002488527,3.826349E-05,-0.999879
0.01535785,-0.007303819,0.0001122267,-0.9998554
0.01535712,-0.01218858,0.000187257,-0.9998078
0.015356,-0.01714297,0.0002633568,-0.9997351
0.01535255,-0.0272588,0.0004187367,-0.9995104
0.01535019,-0.03242086,0.0004980263,-0.9993563
0.01534736,-0.03767074,0.0005786648,-0.9991722
0.01534405,-0.04300683,0.0006606276,-0.9989568
0.01534026,-0.04839222,0.0007433476,-0.9987104
0.01533596,-0.05386567,0.0008274201,-0.9984301
0.01532576,-0.06501304,0.0009986445,-0.9977663
0.01531983,-0.07068829,0.001085817,-0.9973803
0.01531333,-0.07643189,0.001174039,-0.9969566
0.0153062,-0.08225969,0.001263555,-0.9964926
0.0152901,-0.0940951,0.001445347,-0.9954448
0.0152811,-0.100103,0.001537629,-0.9948586
0.01527142,-0.1061768,0.001630923,-0.9942287
0.01526103,-0.1123354,0.00172552,-0.9935517
0.01524991,-0.1185586,0.001821109,-0.9928283
0.01523807,-0.1248451,0.00191767,-0.9920574
0.01521207,-0.1376284,0.002114021,-0.9903649
0.01519792,-0.1441053,0.002213507,-0.9894432
0.0151829,-0.1506648,0.002314261,-0.9884657
0.01516701,-0.1573014,0.0024162,-0.9874312
0.01513273,-0.1707253,0.002622393,-0.985199
0.01511424,-0.1775293,0.002726903,-0.9839957
0.01509479,-0.1844119,0.002832619,-0.9827291
0.01507439,-0.191353,0.002939235,-0.9814011
0.01505297,-0.1983711,0.003047034,-0.9800067
0.01500726,-0.2125437,0.003264726,-0.9770309
0.01498282,-0.2197323,0.003375142,-0.9754394
0.01495731,-0.2269778,0.003486434,-0.9737788
0.01493073,-0.2342779,0.003598565,-0.9720483
0.01490304,-0.2416343,0.00371156,-0.9702458
0.01487417,-0.2490606,0.003825628,-0.9683661
0.01481296,-0.2640715,0.004056196,-0.9643809
0.01478057,-0.2716546,0.004172674,-0.9622723
0.01474696,-0.2792878,0.004289921,-0.9600846
0.01471205,-0.2869858,0.004408162,-0.9578117
0.01463859,-0.3024904,0.004646314,-0.9530287
0.0145999,-0.3103126,0.004766464,-0.9505105
0.0145599,-0.3181803,0.004887312,-0.9479058
0.01451845,-0.3261086,0.005009092,-0.9452075
0.01447563,-0.3340804,0.005131538,-0.9424195
0.01438576,-0.3501469,0.005378321,-0.9365689
0.01433867,-0.3582394,0.005502622,-0.9335035
0.01429002,-0.3663865,0.005627763,-0.9303361
0.01423988,-0.3745703,0.005753466,-0.9270714
0.01418821,-0.3827907,0.005879732,-0.9237075
0.01408024,-0.3993306,0.006133786,-0.9166784
0.01402389,-0.4076481,0.006261544,-0.9130099
0.01396583,-0.416011,0.006389998,-0.9092299
0.01390613,-0.4244025,0.006518892,-0.9053434
0.01384478,-0.4328205,0.006648193,-0.9013494
0.01378175,-0.4412642,0.006777888,-0.8972458
0.01365034,-0.4582504,0.007038799,-0.8886904
0.01358202,-0.4667749,0.007169736,-0.8842428
0.01351195,-0.4753169,0.00730094,-0.8796807
0.01344008,-0.4838759,0.007432408,-0.8750018
0.01336627,-0.492465,0.007564337,-0.8701968
0.01321314,-0.5096797,0.007828755,-0.8602272
0.01313392,-0.518285,0.007960934,-0.8550701
0.01305252,-0.5269291,0.008093707,-0.8497705
0.01296921,-0.5355776,0.008226549,-0.8443464
0.01279692,-0.5528638,0.008492067,-0.8331301
0.01270774,-0.5615147,0.008624945,-0.8273242
0.01261658,-0.5701618,0.008757764,-0.8213889
0.01252325,-0.5788168,0.008890706,-0.815313
0.01242789,-0.5874636,0.009023521,-0.8091049
0.01233049,-0.5960999,0.009156174,-0.8027635
0.01212947,-0.6133314,0.009420852,-0.7896763
0.01204652,-0.620222,0.009526691,-0.784276
0.01198282,-0.6254297,0.009606684,-0.7801293
0.0119388,-0.628988,0.009661339,-0.7772633
0.01191982,-0.6305116,0.009684741,-0.7760278
0.01191982,-0.6305117,0.009684742,-0.7760279
0.01191982,-0.6305117,0.009684742,-0.7760279
0.01191982,-0.6305117,0.009684742,-0.7760279
0.01191982,-0.6305117,0.009684742,-0.7760279
0.01191982,-0.6305117,0.009684742,-0.7760279
0.01191982,-0.6305117,0.009684742,-0.7760279
0.01191982,-0.6305117,0.009684742,-0.7760279
0.01191982,-0.6305117,0.009684742,-0.7760279
0.01191982,-0.6305117,0.009684742,-0.7760279
0.01191982,-0.6305117,0.009684742,-0.7760279
0.01191982,-0.6305117,0.009684742,-0.7760279
0.01191982,-0.6305117,0.009684742,-0.7760279
0.01191982,-0.6305117,0.009684742,-0.7760279
0.01191982,-0.6305117,0.009684742,-0.7760279
0.01191982,-0.6305117,0.009684742,-0.7760279
0.01191982,-0.6305117,0.009684742,-0.7760279
0.01191982,-0.6305117,0.009684742,-0.7760279
0.01191982,-0.6305117,0.009684742,-0.7760279
0.01191982,-0.6305117,0.009684742,-0.7760279
0.01191982,-0.6305117,0.009684742,-0.7760279
0.01191982,-0.6305117,0.009684742,-0.7760279
0.01191982,-0.6305117,0.009684742,-0.7760279
0.01191982,-0.6305117,0.009684742,-0.7760279
0.01191982,-0.6305117,0.009684742,-0.7760279
0.01191982,-0.6305117,0.009684742,-0.7760279
0.01191982,-0.6305117,0.009684742,-0.7760279
0.01191982,-0.6305117,0.009684742,-0.7760279
0.01191982,-0.6305117,0.009684742,-0.7760279
0.01191982,-0.6305117,0.009684742,-0.7760279
0.01191982,-0.6305117,0.009684742,-0.7760279
0.01191982,-0.6305117,0.009684742,-0.7760279
0.01191982,-0.6305117,0.009684742,-0.7760279
0.01191982,-0.6305117,0.009684742,-0.7760279
0.01191982,-0.6305117,0.009684742,-0.7760279
0.01191982,-0.6305117,0.009684742,-0.7760279
0.01191982,-0.6305117,0.009684742,-0.7760279
0.01191982,-0.6305117,0.009684742,-0.7760279
0.01191982,-0.6305117,0.009684742,-0.7760279
0.01191982,-0.6305117,0.009684742,-0.7760279
0.01191982,-0.6305117,0.009684742,-0.7760279
0.01191982,-0.6305117,0.009684742,-0.7760279
0.01191982,-0.6305117,0.009684742,-0.7760279
0.01191982,-0.6305117,0.009684742,-0.7760279
0.01191982,-0.6305117,0.009684742,-0.7760279
0.01191982,-0.6305117,0.009684742,-0.7760279
0.01191982,-0.6305117,0.009684742,-0.7760279
0.01191982,-0.6305117,0.009684742,-0.7760279
0.01191982,-0.6305117,0.009684742,-0.7760279
0.01191982,-0.6305117,0.009684742,-0.7760279
0.01191982,-0.6305117,0.009684742,-0.7760279
0.01191982,-0.6305117,0.009684742,-0.7760279
0.01191982,-0.6305117,0.009684742,-0.7760279
0.01191982,-0.6305117,0.009684742,-0.7760279
0.01192032,-0.6304722,0.009684136,-0.7760599
0.01192148,-0.6303785,0.009682697,-0.776136
0.01192351,-0.6302161,0.009680203,-0.7762679
0.01192993,-0.6297007,0.009672286,-0.776686
0.01193396,-0.6293765,0.009667306,-0.7769487
0.01193867,-0.6289985,0.009661498,-0.7772548
0.01194405,-0.6285655,0.009654848,-0.7776051
0.01195715,-0.6275086,0.009638616,-0.7784582
0.01196471,-0.6268981,0.009629237,-0.77895
0.01197293,-0.6262323,0.009619012,-0.7794853
0.0119818,-0.6255124,0.009607955,-0.780063
0.01199151,-0.6247234,0.009595836,-0.7806951
0.01201289,-0.6229797,0.009569051,-0.7820873
0.01202456,-0.6220245,0.009554378,-0.7828471
0.01203688,-0.6210143,0.009538861,-0.7836488
0.01205001,-0.6199337,0.009522263,-0.7845039
0.01206378,-0.618798,0.009504818,-0.7854001
0.01209323,-0.6163561,0.009467312,-0.7873178
0.01210891,-0.61505,0.00944725,-0.7883386
0.01212538,-0.6136736,0.009426108,-0.7894105
0.01214247,-0.61224,0.009404087,-0.7905229
0.01216015,-0.61075,0.009381201,-0.7916745
0.01219738,-0.6075957,0.00933275,-0.7940981
0.01221705,-0.6059182,0.009306983,-0.7953787
0.01223715,-0.604197,0.009280547,-0.7966869
0.01225784,-0.6024162,0.009253193,-0.7980344
0.01227929,-0.6005623,0.009224717,-0.7994305
0.01232389,-0.5966778,0.009165051,-0.8023339
0.0123472,-0.5946318,0.009133624,-0.8038515
0.01237106,-0.592526,0.009101278,-0.805405
0.01239547,-0.5903596,0.009068004,-0.8069943
0.01242041,-0.5881333,0.009033808,-0.8086182
0.01247192,-0.5834948,0.00896256,-0.8119717
0.01249845,-0.5810838,0.008925525,-0.8136989
0.01252565,-0.5785968,0.008887325,-0.8154691
0.01255334,-0.5760469,0.00884816,-0.8172724
0.01258153,-0.5734346,0.008808034,-0.8191074
0.01263935,-0.5680197,0.008724861,-0.8228717
0.01266896,-0.5652168,0.008681808,-0.8247995
0.01269903,-0.5623498,0.00863777,-0.8267569
0.01272954,-0.5594182,0.008592741,-0.8287433
0.01276049,-0.5564216,0.008546713,-0.8307581
0.01279202,-0.5533443,0.008499444,-0.8328111
0.01285645,-0.5469784,0.008401664,-0.8370059
0.01288918,-0.5437038,0.008351366,-0.8391367
0.0129223,-0.5403616,0.00830003,-0.8412927
0.01295579,-0.5369515,0.008247651,-0.8434733
0.01302414,-0.529897,0.008139294,-0.8479229
0.01305881,-0.5262678,0.008083548,-0.8501802
0.01309395,-0.5225543,0.008026509,-0.8524677
0.01312939,-0.5187711,0.007968399,-0.8547752
0.01316513,-0.5149178,0.007909213,-0.857102
0.01323744,-0.5069999,0.007787594,-0.8618093
0.01327411,-0.502919,0.007724911,-0.8641971
0.01331103,-0.4987661,0.007661122,-0.8666006
0.01334818,-0.4945405,0.007596217,-0.8690189
0.01338553,-0.4902428,0.007530204,-0.8714506
0.0134608,-0.4814282,0.00739481,-0.8763509
0.01349881,-0.4768952,0.007325184,-0.878826
0.01353698,-0.4722877,0.007254411,-0.8813107
0.01357528,-0.4676051,0.007182487,-0.8838041
0.01361369,-0.4628481,0.007109419,-0.8863046
0.01365219,-0.4580163,0.007035203,-0.8888111
0.01372955,-0.448108,0.00688301,-0.8938475
0.01376836,-0.4430319,0.006805042,-0.8963743
0.0138072,-0.4378786,0.006725886,-0.898903
0.01384604,-0.4326488,0.006645556,-0.9014317
0.01392369,-0.4219544,0.006481289,-0.906487
0.01396246,-0.4164894,0.006397347,-0.9090108
0.01400127,-0.4109299,0.006311954,-0.9115376
0.01403999,-0.4052918,0.006225351,-0.9140584
0.01407861,-0.3995729,0.006137509,-0.9165728
0.0141171,-0.3937745,0.006048445,-0.9190788
0.01419383,-0.3819051,0.00586613,-0.9240739
0.01423192,-0.3758494,0.005773114,-0.9265535
0.01426979,-0.3697125,0.005678851,-0.9290193
0.01430743,-0.3634943,0.005583339,-0.9314699
0.0143449,-0.3571801,0.005486352,-0.9339094
0.01441898,-0.3443054,0.005288596,-0.9387321
0.01445554,-0.3377453,0.005187833,-0.9411123
0.01449176,-0.331102,0.005085791,-0.94347
0.0145276,-0.3243759,0.004982478,-0.9458036
0.01459815,-0.3106609,0.004771815,-0.9503968
0.01463273,-0.3036874,0.004664702,-0.952648
0.01466684,-0.2966316,0.004556324,-0.9548686
0.01470054,-0.2894738,0.004446379,-0.9570627
0.01472202,-0.2848101,0.004374744,-0.9584609
0.01473414,-0.2821414,0.004333753,-0.9592499
0.01473733,-0.2814333,0.004322877,-0.9594579
0.01473733,-0.2814333,0.004322877,-0.9594579
0.01473733,-0.2814333,0.004322877,-0.9594579
0.01473733,-0.2814333,0.004322877,-0.9594579
0.01473733,-0.2814333,0.004322877,-0.9594579
0.01473733,-0.2814333,0.004322877,-0.9594579
0.01473733,-0.2814333,0.004322877,-0.9594579
0.01473733,-0.2814333,0.004322877,-0.9594579
0.01473733,-0.2814333,0.004322877,-0.9594579
0.01473733,-0.2814333,0.004322877,-0.9594579
0.01473733,-0.2814333,0.004322877,-0.9594579
0.01473733,-0.2814333,0.004322877,-0.9594579
0.01473733,-0.2814333,0.004322877,-0.9594579
0.01473733,-0.2814333,0.004322877,-0.9594579
0.01473733,-0.2814333,0.004322877,-0.9594579
0.01473733,-0.2814333,0.004322877,-0.9594579
0.01473733,-0.2814333,0.004322877,-0.9594579
0.01473733,-0.2814333,0.004322877,-0.9594579
0.01473733,-0.2814333,0.004322877,-0.9594579
0.01473733,-0.2814333,0.004322877,-0.9594579
0.01473733,-0.2814333,0.004322877,-0.9594579
0.01473733,-0.2814333,0.004322877,-0.9594579
0.01473733,-0.2814333,0.004322877,-0.9594579
0.01473733,-0.2814333,0.004322877,-0.9594579
0.01473733,-0.2814333,0.004322877,-0.9594579
0.01473733,-0.2814333,0.004322877,-0.9594579
0.01473733,-0.2814333,0.004322877,-0.9594579
0.01473733,-0.2814333,0.004322877,-0.9594579
0.01473733,-0.2814333,0.004322877,-0.9594579
0.01473733,-0.2814333,0.004322877,-0.9594579
0.01473733,-0.2814333,0.004322877,-0.9594579
0.01473733,-0.2814333,0.004322877,-0.9594579
0.01473733,-0.2814333,0.004322877,-0.9594579
0.01473733,-0.2814333,0.004322877,-0.9594579
0.01473733,-0.2814333,0.004322877,-0.9594579
0.01473733,-0.2814333,0.004322877,-0.9594579
0.01473733,-0.2814333,0.004322877,-0.9594579
0.01473733,-0.2814333,0.004322877,-0.9594579
0.01473733,-0.2814333,0.004322877,-0.9594579
0.01473733,-0.2814333,0.004322877,-0.9594579
0.01473733,-0.2814333,0.004322877,-0.9594579
0.01473733,-0.2814333,0.004322877,-0.9594579
0.01473733,-0.2814333,0.004322877,-0.9594579
0.01473733,-0.2814333,0.004322877,-0.9594579
0.01473733,-0.2814333,0.004322877,-0.9594579
0.01473733,-0.2814333,0.004322877,-0.9594579
0.01473733,-0.2814333,0.004322877,-0.9594579
0.01473733,-0.2814333,0.004322877,-0.9594579
0.01473733,-0.2814333,0.004322877,-0.9594579
0.01473733,-0.2814333,0.004322877,-0.9594579
0.01473733,-0.2814333,0.004322877,-0.9594579
0.01473733,-0.2814333,0.004322877,-0.9594579
0.01473733,-0.2814333,0.004322877,-0.9594579
0.01473733,-0.2814333,0.004322877,-0.9594579
0.01473733,-0.2814333,0.004322877,-0.9594579
0.01473733,-0.2814333,0.004322877,-0.9594579
0.01473733,-0.2814333,0.004322877,-0.9594579
0.01473733,-0.2814333,0.004322877,-0.9594579
0.01473733,-0.2814333,0.004322877,-0.9594579
0.01473733,-0.2814333,0.004322877,-0.9594579
0.01473733,-0.2814333,0.004322877,-0.9594579
0.01473733,-0.2814333,0.004322877,-0.9594579
0.01473733,-0.2814333,0.004322877,-0.9594579
0.01473733,-0.2814333,0.004322877,-0.9594579
0.01473733,-0.2814333,0.004322877,-0.9594579
0.01473733,-0.2814333,0.004322877,-0.9594579
0.01473733,-0.2814333,0.004322877,-0.9594579
0.01473733,-0.2814333,0.004322877,-0.9594579
0.01473733,-0.2814333,0.004322877,-0.9594579
0.01473733,-0.2814333,0.004322877,-0.9594579
0.01473733,-0.2814333,0.004322877,-0.9594579
0.01473733,-0.2814333,0.004322877,-0.9594579
0.01473733,-0.2814333,0.004322877,-0.9594579
0.01473733,-0.2814333,0.004322877,-0.9594579
0.01473733,-0.2814333,0.004322877,-0.9594579
0.01473733,-0.2814333,0.004322877,-0.9594579
0.01473733,-0.2814333,0.004322877,-0.9594579
0.01473733,-0.2814333,0.004322877,-0.9594579
0.01473733,-0.2814333,0.004322877,-0.9594579
0.01473733,-0.2814333,0.004322877,-0.9594579
0.01473733,-0.2814333,0.004322877,-0.9594579
0.01473733,-0.2814333,0.004322877,-0.9594579
0.01473733,-0.2814333,0.004322877,-0.9594579
0.01473733,-0.2814333,0.004322877,-0.9594579
0.01473733,-0.2814333,0.004322877,-0.9594579
0.01473733,-0.2814333,0.004322877,-0.9594579
0.01473733,-0.2814333,0.004322877,-0.9594579
0.01473733,-0.2814333,0.004322877,-0.9594579
0.01473733,-0.2814333,0.004322877,-0.9594579
0.01473733,-0.2814333,0.004322877,-0.9594579
0.01473733,-0.2814333,0.004322877,-0.9594579
0.01473733,-0.2814333,0.004322877,-0.9594579
0.01473733,-0.2814333,0.004322877,-0.9594579
0.01473733,-0.2814333,0.004322877,-0.9594579
0.01473733,-0.2814333,0.004322877,-0.9594579
0.01473733,-0.2814333,0.004322877,-0.9594579
0.01473733,-0.2814333,0.004322877,-0.9594579
0.01473733,-0.2814333,0.004322877,-0.9594579
0.01473733,-0.2814333,0.004322877,-0.9594579
0.01473733,-0.2814333,0.004322877,-0.9594579
0.01473733,-0.2814333,0.004322877,-0.9594579
0.01473733,-0.2814333,0.004322877,-0.9594579
0.01473733,-0.2814333,0.004322877,-0.9594579
0.01473733,-0.2814333,0.004322877,-0.9594579
0.01473733,-0.2814333,0.004322877,-0.9594579
0.01473733,-0.2814333,0.004322877,-0.9594579
0.01473733,-0.2814333,0.004322877,-0.9594579
0.01473733,-0.2814333,0.004322877,-0.9594579
0.01473703,-0.2814999,0.0043239,-0.9594384
0.01473545,-0.2818515,0.0043293,-0.9593352
0.01473416,-0.2821358,0.004333667,-0.9592516
0.01473257,-0.2824874,0.004339067,-0.959148
0.01473068,-0.2829059,0.004345496,-0.9590247
0.01472597,-0.2839427,0.004361422,-0.9587182
0.01472597,-0.2839427,0.004361422,-0.9587182
0.01471987,-0.2852809,0.004381977,-0.9583209
0.01471634,-0.2860501,0.004393791,-0.9580916
0.01471251,-0.2868859,0.004406629,-0.9578417
0.01470387,-0.2887571,0.004435371,-0.9572792
0.01469898,-0.2898093,0.004451532,-0.9569612
0.01469377,-0.2909281,0.004468717,-0.9566217
0.01468822,-0.2921133,0.004486922,-0.9562604
0.01468224,-0.2933835,0.004506432,-0.9558715
0.01466945,-0.2960843,0.004547916,-0.9550383
0.01466244,-0.2975505,0.004570438,-0.9545826
0.01465501,-0.2990995,0.004594231,-0.9540983
0.01464729,-0.3006974,0.004618774,-0.9535959
0.01463912,-0.3023788,0.0046446,-0.9530641
0.01463059,-0.3041247,0.004671418,-0.9525084
0.01462167,-0.3059359,0.004699239,-0.9519283
0.01461237,-0.3078133,0.004728075,-0.9513229
0.01459242,-0.3117988,0.004789292,-0.9500241
0.01458194,-0.3138707,0.004821117,-0.9493415
0.01457096,-0.3160244,0.004854197,-0.9486268
0.01455957,-0.3182417,0.004888255,-0.9478853
0.01453551,-0.322871,0.004959362,-0.9463184
0.01452281,-0.3252825,0.004996402,-0.9454921
0.01450959,-0.3277739,0.00503467,-0.9446313
0.01449591,-0.3303291,0.005073919,-0.9437408
0.01446716,-0.3356288,0.005155323,-0.9418691
0.01445207,-0.3383737,0.005197485,-0.9408865
0.01443649,-0.3411809,0.005240603,-0.9398722
0.01442032,-0.344067,0.005284934,-0.9388195
0.01440364,-0.3470157,0.005330226,-0.9377336
0.01438645,-0.3500264,0.005376471,-0.936614
0.01435046,-0.3562321,0.00547179,-0.9342713
0.01433165,-0.3594268,0.005520861,-0.9330469
0.01431219,-0.3626986,0.005571115,-0.9317799
0.01429217,-0.3660306,0.005622296,-0.9304761
0.01427156,-0.3694228,0.0056744,-0.9291345
0.01426282,-0.3708514,0.005696344,-0.9285652
0.01426282,-0.3708514,0.005696344,-0.9285652
0.01426282,-0.3708514,0.005696344,-0.9285652
0.01426282,-0.3708514,0.005696344,-0.9285652
0.01426282,-0.3708514,0.005696344,-0.9285652
0.01426282,-0.3708514,0.005696344,-0.9285652
0.01426282,-0.3708514,0.005696344,-0.9285652
0.01426282,-0.3708514,0.005696344,-0.9285652
0.01426282,-0.3708514,0.005696344,-0.9285652
0.01426282,-0.3708514,0.005696344,-0.9285652
0.01426282,-0.3708514,0.005696344,-0.9285652
0.01426282,-0.3708514,0.005696344,-0.9285652
0.01426282,-0.3708514,0.005696344,-0.9285652
0.01426282,-0.3708514,0.005696344,-0.9285652
0.01426282,-0.3708514,0.005696344,-0.9285652
0.01426282,-0.3708514,0.005696344,-0.9285652
0.01426282,-0.3708514,0.005696344,-0.9285652
0.01426282,-0.3708514,0.005696344,-0.9285652
0.01426282,-0.3708514,0.005696344,-0.9285652
0.01426282,-0.3708514,0.005696344,-0.9285652
0.01426282,-0.3708514,0.005696344,-0.9285652
0.01426282,-0.3708514,0.005696344,-0.9285652
0.01426282,-0.3708514,0.005696344,-0.9285652
0.01426282,-0.3708514,0.005696344,-0.9285652
0.01426282,-0.3708514,0.005696344,-0.9285652
0.01426282,-0.3708514,0.005696344,-0.9285652
0.01426282,-0.3708514,0.005696344,-0.9285652
0.01426282,-0.3708514,0.005696344,-0.9285652
0.01426282,-0.3708514,0.005696344,-0.9285652
0.01426282,-0.3708514,0.005696344,-0.9285652
0.01426282,-0.3708514,0.005696344,-0.9285652
0.01426282,-0.3708514,0.005696344,-0.9285652
0.01426282,-0.3708514,0.005696344,-0.9285652
0.01426282,-0.3708514,0.005696344,-0.9285652
0.01426282,-0.3708514,0.005696344,-0.9285652
0.01426282,-0.3708514,0.005696344,-0.9285652
0.01426282,-0.3708514,0.005696344,-0.9285652
0.01426282,-0.3708514,0.005696344,-0.9285652
0.01426282,-0.3708514,0.005696344,-0.9285652
0.01426282,-0.3708514,0.005696344,-0.9285652
0.01426163,-0.3710445,0.00569931,-0.9284881
0.01426034,-0.3712553,0.005702548,-0.9284039
0.01425864,-0.3715306,0.005706776,-0.9282937
0.01425656,-0.37187,0.00571199,-0.9281578
0.01425406,-0.3722753,0.005718214,-0.9279953
0.01425106,-0.3727613,0.00572568,-0.9278002
0.01424385,-0.3739274,0.005743591,-0.9273309
0.01423964,-0.3746072,0.005754034,-0.9270564
0.01423502,-0.37535,0.005765443,-0.9267559
0.01422998,-0.3761589,0.005777868,-0.9264279
0.01422453,-0.3770322,0.005791281,-0.9260729
0.01421216,-0.3790042,0.005821571,-0.9252675
0.01420534,-0.3800868,0.005838201,-0.9248233
0.01419798,-0.3812494,0.005856058,-0.9243447
0.01419032,-0.3824576,0.005874616,-0.9238455
0.01417354,-0.3850844,0.005914964,-0.9227536
0.01416455,-0.3864843,0.005936467,-0.9221681
0.01415501,-0.3879637,0.00595919,-0.9215467
0.01414501,-0.3895057,0.005982876,-0.920896
0.01412364,-0.3927797,0.006033164,-0.9195044
0.01411224,-0.3945113,0.006059762,-0.9187627
0.01410037,-0.3963061,0.006087331,-0.91799
0.01408792,-0.3981791,0.006116101,-0.9171791
0.01407498,-0.4001141,0.006145821,-0.9163367
0.01406155,-0.4021109,0.006176492,-0.9154622
0.01403305,-0.4063086,0.006240968,-0.9136069
0.0140181,-0.4084903,0.00627448,-0.9126334
0.01400251,-0.4107496,0.006309182,-0.9116189
0.0139864,-0.4130701,0.006344825,-0.9105698
0.01396975,-0.4154513,0.006381402,-0.9094857
0.01393468,-0.4204127,0.006457608,-0.9072031
0.01391638,-0.4229749,0.006496964,-0.9060113
0.01389751,-0.4255965,0.006537232,-0.9047828
0.01387805,-0.4282787,0.006578431,-0.9035162
0.01385778,-0.4310521,0.006621031,-0.9021964
0.01383691,-0.4338839,0.006664527,-0.9008378
0.01379336,-0.4397227,0.006754212,-0.8980023
0.01377065,-0.4427289,0.006800387,-0.896524
0.01374731,-0.4457925,0.006847444,-0.8950046
0.01369871,-0.4520893,0.006944164,-0.8918405
0.0136733,-0.4553389,0.006994077,-0.8901858
0.01364721,-0.4586444,0.007044849,-0.8884872
0.01362043,-0.4620051,0.00709647,-0.8867443
0.01359296,-0.4654214,0.007148946,-0.8849559
0.01356479,-0.4688924,0.00720226,-0.8831218
0.01350628,-0.4759971,0.007311388,-0.8793128
0.01347593,-0.4796292,0.007367179,-0.8773369
0.0134447,-0.4833298,0.007424019,-0.8753037
0.01341271,-0.487083,0.007481669,-0.8732207
0.01337994,-0.4908883,0.007540119,-0.8710871
0.01334638,-0.4947449,0.007599357,-0.8689025
0.0132766,-0.5026393,0.007720615,-0.8643598
0.01324048,-0.506662,0.007782404,-0.862008
0.01320353,-0.5107331,0.007844936,-0.8596022
0.01316573,-0.5148525,0.007908211,-0.8571412
0.01312693,-0.5190347,0.007972449,-0.8546152
0.01304669,-0.5275401,0.008103092,-0.8493913
0.01300522,-0.5318626,0.008169486,-0.8466914
0.01296269,-0.5362445,0.008236793,-0.843923
0.01287502,-0.5451232,0.008373171,-0.8382153
0.01282983,-0.5496206,0.008442251,-0.8352733
0.01278353,-0.5541744,0.008512196,-0.832259
0.01273625,-0.5587696,0.008582779,-0.8291808
0.01268798,-0.563405,0.00865398,-0.8260381
0.01263869,-0.568081,0.008725802,-0.8228294
0.01253689,-0.5775628,0.008871444,-0.8162018
0.01248435,-0.5823669,0.008945235,-0.812781
0.01243074,-0.5872076,0.009019589,-0.8092907
0.01237605,-0.5920837,0.009094486,-0.8057302
0.01226339,-0.6019372,0.009245836,-0.7983958
0.01226339,-0.6019372,0.009245836,-0.7983958
0.01214592,-0.6119495,0.009399625,-0.7907478
0.01208545,-0.6170024,0.009477239,-0.7868114
0.01202368,-0.6220965,0.009555484,-0.7827899
0.0119609,-0.6272052,0.009633955,-0.7787027
0.01183157,-0.6375173,0.009792349,-0.7702829
0.01176518,-0.6427044,0.009872023,-0.7659603
0.01169718,-0.6479436,0.009952496,-0.7615335
0.01162813,-0.6531906,0.01003309,-0.7570378
0.01148622,-0.6637471,0.01019524,-0.7477995
0.01141317,-0.669067,0.01027695,-0.7430435
0.01133882,-0.6744043,0.01035893,-0.7382025
0.01126314,-0.6797575,0.01044116,-0.7332761
0.01118614,-0.6851261,0.01052362,-0.7282627
0.01102807,-0.6959026,0.01068915,-0.717972
0.0109468,-0.7013202,0.01077236,-0.7126809
0.01086415,-0.7067468,0.01085572,-0.7072999
0.01078009,-0.7121814,0.01093919,-0.7018275
0.01069463,-0.7176218,0.01102276,-0.6962637
0.01051943,-0.7285152,0.01119008,-0.6848574
0.01042946,-0.7339777,0.01127398,-0.679
0.01033802,-0.7394403,0.01135789,-0.673047
0.01024512,-0.7449003,0.01144175,-0.6669991
0.01015074,-0.7503572,0.01152557,-0.6608542
0.01005485,-0.7558096,0.01160932,-0.6546113
0.009858127,-0.7667148,0.01177683,-0.6418042
0.009757475,-0.7721528,0.01186035,-0.6352514
0.009655279,-0.7775787,0.01194369,-0.6285981
0.009551527,-0.7829911,0.01202683,-0.6218434
0.009446013,-0.7883978,0.01210988,-0.614974
0.00923046,-0.7991461,0.01227497,-0.6009408
0.009120207,-0.8044935,0.01235711,-0.5937629
0.009008127,-0.8098282,0.01243905,-0.586466
0.00889467,-0.8151264,0.01252043,-0.5790796
0.008779577,-0.8203981,0.0126014,-0.5715866
0.008662639,-0.8256501,0.01268207,-0.5639735
0.008423869,-0.8360564,0.01284191,-0.5484287
0.008302021,-0.8412064,0.01292102,-0.5404959
0.008178533,-0.8463181,0.01299953,-0.5324564
0.008053388,-0.8513896,0.01307743,-0.524309
0.007797646,-0.8614211,0.01323152,-0.5076593
0.007667265,-0.8663675,0.01330749,-0.499171
0.007535209,-0.8712643,0.01338271,-0.4905736
0.00740147,-0.87611,0.01345714,-0.4818667
0.007266057,-0.8809013,0.01353073,-0.4730508
0.006989711,-0.8903284,0.01367553,-0.4550597
0.006849015,-0.8949512,0.01374654,-0.4458998
0.006706626,-0.8995101,0.01381656,-0.4366298
0.006562311,-0.9040105,0.01388569,-0.4272344
0.006416319,-0.9084416,0.01395375,-0.4177297
0.006268627,-0.9128017,0.01402072,-0.4081144
0.005968203,-0.9212973,0.01415121,-0.3885557
0.005815472,-0.925428,0.01421466,-0.3786123
0.005660819,-0.9294835,0.01427695,-0.3685438
0.005504511,-0.9334543,0.01433794,-0.3583676
0.00534655,-0.9373377,0.01439759,-0.3480837
0.005025636,-0.9448335,0.01451273,-0.3271909
0.004862712,-0.9484402,0.01456813,-0.316584
0.00469791,-0.9519544,0.0146221,-0.3058547
0.004531501,-0.9553674,0.01467453,-0.2950208
0.004193839,-0.9618807,0.01477457,-0.2730378
0.004022596,-0.9649758,0.01482211,-0.2618892
0.003849518,-0.9679635,0.014868,-0.2506211
0.003674876,-0.9708362,0.01491213,-0.2392513
0.003498686,-0.9735914,0.01495445,-0.2277807
0.003142037,-0.9787333,0.01503343,-0.2045614
0.002961321,-0.9811187,0.01507007,-0.1927961
0.00277912,-0.9833753,0.01510473,-0.1809341
0.002595444,-0.9855005,0.01513737,-0.1689761
0.002410035,-0.9874942,0.01516799,-0.1569053
0.002035022,-0.9910653,0.01522284,-0.1324905
0.002035022,-0.9910653,0.01522284,-0.1324905
0.001653961,-0.9940668,0.01526895,-0.107682
0.001494609,-0.9951359,0.01528537,-0.09730753
0.001366763,-0.9959147,0.01529733,-0.0889843
0.001270809,-0.9964531,0.0153056,-0.08273729
0.001207243,-0.996788,0.01531074,-0.07859888
0.001183787,-0.9969072,0.01531257,-0.07707185
0.001183787,-0.9969072,0.01531257,-0.07707185
0.001183787,-0.9969072,0.01531257,-0.07707185
0.001183787,-0.9969072,0.01531257,-0.07707185
0.001183787,-0.9969072,0.01531257,-0.07707185
0.001183787,-0.9969072,0.01531257,-0.07707185
0.001183787,-0.9969072,0.01531257,-0.07707185
0.001183787,-0.9969072,0.01531257,-0.07707185
0.001183787,-0.9969072,0.01531257,-0.07707185
0.001183787,-0.9969072,0.01531257,-0.07707185
0.001183787,-0.9969072,0.01531257,-0.07707185
0.001183787,-0.9969072,0.01531257,-0.07707185
0.001183787,-0.9969072,0.01531257,-0.07707185
0.001183787,-0.9969072,0.01531257,-0.07707185
0.001183787,-0.9969072,0.01531257,-0.07707185
0.001183787,-0.9969072,0.01531257,-0.07707185
0.001183787,-0.9969072,0.01531257,-0.07707185
0.001183787,-0.9969072,0.01531257,-0.07707185
0.001183787,-0.9969072,0.01531257,-0.07707185
0.001183787,-0.9969072,0.01531257,-0.07707185
0.001183787,-0.9969072,0.01531257,-0.07707185
0.001183787,-0.9969072,0.01531257,-0.07707185
0.001183787,-0.9969072,0.01531257,-0.07707185
0.001183787,-0.9969072,0.01531257,-0.07707185
0.001183787,-0.9969072,0.01531257,-0.07707185
0.001183787,-0.9969072,0.01531257,-0.07707185
0.001183787,-0.9969072,0.01531257,-0.07707185
0.001183787,-0.9969072,0.01531257,-0.07707185
0.001183787,-0.9969072,0.01531257,-0.07707185
0.001183787,-0.9969072,0.01531257,-0.07707185
0.001183787,-0.9969072,0.01531257,-0.07707185
0.001183787,-0.9969072,0.01531257,-0.07707185
0.001183787,-0.9969072,0.01531257,-0.07707185
0.001183787,-0.9969072,0.01531257,-0.07707185
0.001183787,-0.9969072,0.01531257,-0.07707185
0.001183787,-0.9969072,0.01531257,-0.07707185
0.001183787,-0.9969072,0.01531257,-0.07707185
0.001183787,-0.9969072,0.01531257,-0.07707185
0.001183787,-0.9969072,0.01531257,-0.07707185
0.001183787,-0.9969072,0.01531257,-0.07707185
0.001183787,-0.9969072,0.01531257,-0.07707185
0.001183787,-0.9969072,0.01531257,-0.07707185
0.001183787,-0.9969072,0.01531257,-0.07707185
0.001183787,-0.9969072,0.01531257,-0.07707185
0.001183787,-0.9969072,0.01531257,-0.07707185
0.001183787,-0.9969072,0.01531257,-0.07707185
0.001183787,-0.9969072,0.01531257,-0.07707185
0.001183787,-0.9969072,0.01531257,-0.07707185
0.001183787,-0.9969072,0.01531257,-0.07707185
0.001183787,-0.9969072,0.01531257,-0.07707185
0.001183787,-0.9969072,0.01531257,-0.07707185
0.001183787,-0.9969072,0.01531257,-0.07707185
0.001183787,-0.9969072,0.01531257,-0.07707185
0.001183787,-0.9969072,0.01531257,-0.07707185
0.001183787,-0.9969072,0.01531257,-0.07707185
0.001183787,-0.9969072,0.01531257,-0.07707185
0.001183787,-0.9969072,0.01531257,-0.07707185
0.001183787,-0.9969072,0.01531257,-0.07707185
0.001183787,-0.9969072,0.01531257,-0.07707185
0.001183787,-0.9969072,0.01531257,-0.07707185
0.001183787,-0.9969072,0.01531257,-0.07707185
0.001183787,-0.9969072,0.01531257,-0.07707185
0.001183787,-0.9969072,0.01531257,-0.07707185
0.001183787,-0.9969072,0.01531257,-0.07707185
0.001183787,-0.9969072,0.01531257,-0.07707185
0.001183787,-0.9969072,0.01531257,-0.07707185
0.001183787,-0.9969072,0.01531257,-0.07707185
0.001183787,-0.9969072,0.01531257,-0.07707185
0.001183787,-0.9969072,0.01531257,-0.07707185
0.001183787,-0.9969072,0.01531257,-0.07707185
0.001183787,-0.9969072,0.01531257,-0.07707185
0.001183787,-0.9969072,0.01531257,-0.07707185
0.001183787,-0.9969072,0.01531257,-0.07707185
0.001183787,-0.9969072,0.01531257,-0.07707185
0.001183787,-0.9969072,0.01531257,-0.07707185
0.001183787,-0.9969072,0.01531257,-0.07707185
0.001183787,-0.9969072,0.01531257,-0.07707185
0.001183787,-0.9969072,0.01531257,-0.07707185
0.001183787,-0.9969072,0.01531257,-0.07707185
0.001183787,-0.9969072,0.01531257,-0.07707185
0.001183787,-0.9969072,0.01531257,-0.07707185
0.001183787,-0.9969072,0.01531257,-0.07707185
0.001183787,-0.9969072,0.01531257,-0.07707185
0.001183787,-0.9969072,0.01531257,-0.07707185
0.001183787,-0.9969072,0.01531257,-0.07707185
0.001183787,-0.9969072,0.01531257,-0.07707185
0.001183787,-0.9969072,0.01531257,-0.07707185
0.001183787,-0.9969072,0.01531257,-0.07707185
0.001183787,-0.9969072,0.01531257,-0.07707185
0.001183787,-0.9969072,0.01531257,-0.07707185
0.001183787,-0.9969072,0.01531257,-0.07707185
0.001183787,-0.9969072,0.01531257,-0.07707185
0.001183787,-0.9969072,0.01531257,-0.07707185
0.001183787,-0.9969072,0.01531257,-0.07707185
0.001183787,-0.9969072,0.01531257,-0.07707185
0.001183787,-0.9969072,0.01531257,-0.07707185
0.001183787,-0.9969072,0.01531257,-0.07707185
0.001183787,-0.9969072,0.01531257,-0.07707185
0.001183787,-0.9969072,0.01531257,-0.07707185
0.001183787,-0.9969072,0.01531257,-0.07707185
0.001183787,-0.9969072,0.01531257,-0.07707185
0.001183787,-0.9969072,0.01531257,-0.07707185
0.001183787,-0.9969072,0.01531257,-0.07707185
0.001183787,-0.9969072,0.01531257,-0.07707185
0.001183787,-0.9969072,0.01531257,-0.07707185
0.001183787,-0.9969072,0.01531257,-0.07707185
0.001183787,-0.9969072,0.01531257,-0.07707185
0.001183787,-0.9969072,0.01531257,-0.07707185
0.001183787,-0.9969072,0.01531257,-0.07707185
0.001183787,-0.9969072,0.01531257,-0.07707185
0.001183787,-0.9969072,0.01531257,-0.07707185
0.001183787,-0.9969072,0.01531257,-0.07707185
0.001183787,-0.9969072,0.01531257,-0.07707185
0.001183787,-0.9969072,0.01531257,-0.07707185
0.001183787,-0.9969072,0.01531257,-0.07707185
0.001183787,-0.9969072,0.01531257,-0.07707185
0.001183787,-0.9969072,0.01531257,-0.07707185
0.001183787,-0.9969072,0.01531257,-0.07707185
0.001183787,-0.9969072,0.01531257,-0.07707185
0.001183787,-0.9969072,0.01531257,-0.07707185
0.00118299,-0.9969113,0.01531264,-0.07701994
0.001180571,-0.9969234,0.01531282,-0.07686242
0.001177083,-0.996941,0.01531309,-0.07663539
0.001167498,-0.9969887,0.01531383,-0.07601137
0.001161097,-0.9970203,0.01531431,-0.07559463
0.00115363,-0.9970571,0.01531488,-0.07510848
0.001145099,-0.9970988,0.01531552,-0.07455307
0.001134924,-0.9971481,0.01531627,-0.07389064
0.001111964,-0.9972578,0.01531796,-0.07239586
0.001098876,-0.9973193,0.0153189,-0.07154381
0.001084719,-0.9973848,0.01531991,-0.07062215
0.001069234,-0.9974558,0.015321,-0.06961399
0.001052668,-0.9975305,0.01532215,-0.06853548
0.001035036,-0.9976087,0.01532335,-0.06738758
0.0009962531,-0.997776,0.01532592,-0.06486266
0.0009751307,-0.9978645,0.01532728,-0.06348751
0.0009529413,-0.9979553,0.01532867,-0.0620429
0.0009293905,-0.9980495,0.01533012,-0.06050965
0.0009047618,-0.9981454,0.01533159,-0.05890623
0.0008525774,-0.9983401,0.01533458,-0.05550883
0.0008250284,-0.9984382,0.01533609,-0.05371528
0.0007958481,-0.9985386,0.01533763,-0.05181553
0.0007658877,-0.9986379,0.01533916,-0.04986499
0.000734555,-0.9987376,0.01534069,-0.04782512
0.0006687053,-0.9989337,0.0153437,-0.04353805
0.0006344335,-0.9990284,0.01534516,-0.04130682
0.0005987996,-0.9991217,0.01534659,-0.03898692
0.0005618598,-0.9992127,0.01534799,-0.036582
0.0004852848,-0.9993827,0.0153506,-0.03159667
0.0004453821,-0.9994615,0.01535181,-0.02899885
0.0004041403,-0.9995357,0.01535295,-0.02631385
0.0003615234,-0.9996049,0.01535401,-0.02353933
0.0003178331,-0.9996679,0.01535498,-0.02069492
0.0002278231,-0.9997721,0.01535658,-0.01483493
0.0001809216,-0.9998126,0.0153572,-0.01178146
0.0001329524,-0.9998446,0.01535769,-0.008658481
8.390102E-05,-0.9998671,0.01535804,-0.005465046
3.377698E-05,-0.9998797,0.01535823,-0.002201778
-1.768515E-05,-0.9998814,0.01535826,0.001148604
-7.02156E-05,-0.9998717,0.01535811,0.004568538
-0.0001785114,-0.9998145,0.01535723,0.01161901
-0.0002342636,-0.9997658,0.01535648,0.0152487
-0.0002910841,-0.9997026,0.01535551,0.01894793
-0.0003489629,-0.9996241,0.0153543,0.02271606
-0.0004684445,-0.9994169,0.01535112,0.03049477
-0.0005297954,-0.9992871,0.01534913,0.03448895
-0.0005924721,-0.9991379,0.01534684,0.03856945
-0.0006562249,-0.9989691,0.01534424,0.04272
-0.0007210294,-0.9987797,0.01534133,0.04693902
-0.0008535215,-0.998337,0.01533453,0.05556476
-0.0009214747,-0.998081,0.0153306,0.05998877
-0.0009904724,-0.9978008,0.0153263,0.0644808
-0.001060519,-0.9974957,0.01532161,0.0690411
-0.00113162,-0.9971644,0.01531652,0.07367004
-0.001277519,-0.9964172,0.01530504,0.08316864
-0.00135202,-0.9960004,0.01529864,0.08801892
-0.001394398,-0.9957528,0.01529484,0.09077792
-0.001404871,-0.9956903,0.01529388,0.09145978
-0.001404871,-0.9956903,0.01529388,0.09145978
-0.001404871,-0.9956903,0.01529388,0.09145978
-0.001404871,-0.9956903,0.01529388,0.09145978
-0.001404871,-0.9956903,0.01529388,0.09145978
-0.001404871,-0.9956903,0.01529388,0.09145978
-0.001404871,-0.9956903,0.01529388,0.09145978
-0.001404871,-0.9956903,0.01529388,0.09145978
-0.001404871,-0.9956903,0.01529388,0.09145978
-0.001404871,-0.9956903,0.01529388,0.09145978
-0.001404871,-0.9956903,0.01529388,0.09145978
-0.001404871,-0.9956903,0.01529388,0.09145978
-0.001404871,-0.9956903,0.01529388,0.09145978
-0.001404871,-0.9956903,0.01529388,0.09145978
-0.001404871,-0.9956903,0.01529388,0.09145978
-0.001404871,-0.9956903,0.01529388,0.09145978
-0.001404871,-0.9956903,0.01529388,0.09145978
-0.001404871,-0.9956903,0.01529388,0.09145978
-0.001403798,-0.9956968,0.01529398,0.09138989
-0.001401672,-0.9957095,0.01529417,0.09125148
-0.001398196,-0.9957302,0.01529449,0.09102517
-0.001393653,-0.9957571,0.0152949,0.0907294
-0.001381362,-0.9958298,0.01529602,0.08992922
-0.001373358,-0.9958767,0.01529674,0.08940815
-0.001364263,-0.9959297,0.01529755,0.08881599
-0.001354399,-0.9959868,0.01529843,0.08817384
-0.001343458,-0.9960496,0.0152994,0.08746155
-0.001317826,-0.9961947,0.01530162,0.08579279
-0.001303411,-0.9962749,0.01530286,0.08485428
-0.001287935,-0.9963603,0.01530417,0.08384676
-0.001271105,-0.9964519,0.01530557,0.08275107
-0.001253209,-0.996548,0.01530705,0.08158598
-0.001214198,-0.9967527,0.01531019,0.0790462
-0.001193086,-0.9968607,0.01531185,0.07767174
-0.001170911,-0.9969721,0.01531357,0.07622807
-0.001147658,-0.9970868,0.01531533,0.07471421
-0.001123079,-0.9972054,0.01531715,0.07311399
-0.001070671,-0.9974496,0.0153209,0.06970203
-0.001042866,-0.9975745,0.01532282,0.06789184
-0.001013986,-0.9977007,0.01532476,0.06601162
-0.000984025,-0.9978278,0.01532671,0.06406106
-0.0009530011,-0.9979554,0.01532867,0.06204129
-0.0008871833,-0.9982126,0.01533262,0.0577563
-0.0008526603,-0.9983401,0.01533458,0.05550872
-0.0008167906,-0.9984672,0.01533653,0.05317346
-0.0007798409,-0.9985924,0.01533845,0.05076789
-0.0007418187,-0.9987152,0.01534034,0.0482925
-0.000662547,-0.9989514,0.01534397,0.0431316
-0.0006212934,-0.9990637,0.0153457,0.04044583
-0.0005787111,-0.9991721,0.01534736,0.03767356
-0.0005350456,-0.9992752,0.01534894,0.03483078
-0.000490317,-0.9993725,0.01535044,0.03191877
-0.0003976002,-0.9995471,0.01535312,0.02588255
-0.0003496308,-0.9996231,0.01535429,0.02275956
-0.0003003152,-0.9996909,0.01535533,0.01954892
-0.0002499172,-0.9997497,0.01535623,0.01626782
-0.0001984643,-0.9997986,0.01535698,0.01291804
-9.232608E-05,-0.999864,0.01535799,0.00600803
-3.73683E-05,-0.9998792,0.01535822,0.002430069
1.866346E-05,-0.9998814,0.01535826,-0.001217813
7.576447E-05,-0.9998699,0.01535808,-0.004935308
0.0001339375,-0.9998441,0.01535769,-0.008722593
0.0002534829,-0.9997458,0.01535618,-0.01650546
0.0002534829,-0.9997458,0.01535618,-0.01650546
0.000377567,-0.9995798,0.01535363,-0.02458381
0.0004413565,-0.999469,0.01535193,-0.02873675
0.0005062018,-0.9993387,0.01534992,-0.03295843
0.0006390635,-0.999016,0.01534497,-0.04160823
0.0007070751,-0.9988217,0.01534198,-0.04603604
0.0007764378,-0.9986033,0.01533863,-0.05055182
0.0008465643,-0.9983618,0.01533492,-0.05511732
0.0009180362,-0.998094,0.01533081,-0.05977042
0.001064114,-0.997479,0.01532136,-0.06928061
0.001138982,-0.9971285,0.01531598,-0.07415482
0.00121487,-0.9967488,0.01531014,-0.07909542
0.001291815,-0.9963386,0.01530384,-0.08410486
0.001369804,-0.995897,0.01529706,-0.0891822
0.001449072,-0.9954213,0.01528975,-0.09434287
0.001610438,-0.9943696,0.0152736,-0.1048484
0.001692512,-0.9937917,0.01526472,-0.1101917
0.00177587,-0.993175,0.01525525,-0.1156186
0.00186024,-0.9925201,0.01524519,-0.1211115
0.002031993,-0.9910917,0.01522325,-0.1322932
0.002119641,-0.9903133,0.0152113,-0.1379995
0.002208261,-0.9894922,0.01519868,-0.143769
0.002297888,-0.9886267,0.01518539,-0.149604
0.0023885,-0.987716,0.0151714,-0.1555032
0.002480061,-0.9867591,0.0151567,-0.1614642
0.002666377,-0.9846976,0.01512504,-0.1735941
0.002760818,-0.9835938,0.01510808,-0.1797425
0.002856214,-0.9824386,0.01509034,-0.1859532
0.002952799,-0.9812276,0.01507174,-0.1922412
0.003050326,-0.9799622,0.0150523,-0.1985906
0.003223478,-0.9776101,0.01501618,-0.2098635
0.003266876,-0.9769993,0.01500679,-0.2126889
0.003278838,-0.9768294,0.01500418,-0.2134676
0.003278838,-0.9768295,0.01500418,-0.2134676
0.003278838,-0.9768295,0.01500418,-0.2134676
0.003278838,-0.9768295,0.01500418,-0.2134676
0.003278838,-0.9768295,0.01500418,-0.2134676
0.003278838,-0.9768295,0.01500418,-0.2134676
0.003278838,-0.9768295,0.01500418,-0.2134676
0.003278838,-0.9768295,0.01500418,-0.2134676
0.003278838,-0.9768295,0.01500418,-0.2134676
0.003278838,-0.9768295,0.01500418,-0.2134676
0.003278838,-0.9768295,0.01500418,-0.2134676
0.003278838,-0.9768295,0.01500418,-0.2134676
0.003278838,-0.9768295,0.01500418,-0.2134676
0.003278838,-0.9768295,0.01500418,-0.2134676
0.003278838,-0.9768295,0.01500418,-0.2134676
0.003278838,-0.9768295,0.01500418,-0.2134676
0.003278838,-0.9768295,0.01500418,-0.2134676
0.003278838,-0.9768295,0.01500418,-0.2134676
0.003278838,-0.9768295,0.01500418,-0.2134676
0.003278838,-0.9768295,0.01500418,-0.2134676
0.003278838,-0.9768295,0.01500418,-0.2134676
0.003278838,-0.9768295,0.01500418,-0.2134676
0.003278838,-0.9768295,0.01500418,-0.2134676
0.003278838,-0.9768295,0.01500418,-0.2134676
0.003278838,-0.9768295,0.01500418,-0.2134676
0.003278838,-0.9768295,0.01500418,-0.2134676
0.003278838,-0.9768295,0.01500418,-0.2134676
0.003278838,-0.9768295,0.01500418,-0.2134676
0.003278838,-0.9768295,0.01500418,-0.2134676
0.003278838,-0.9768295,0.01500418,-0.2134676
0.003278838,-0.9768295,0.01500418,-0.2134676
0.003278838,-0.9768295,0.01500418,-0.2134676
0.003278838,-0.9768295,0.01500418,-0.2134676
0.003278838,-0.9768295,0.01500418,-0.2134676
0.003278838,-0.9768295,0.01500418,-0.2134676
0.003278838,-0.9768295,0.01500418,-0.2134676
0.003278838,-0.9768295,0.01500418,-0.2134676
0.003279892,-0.9768144,0.01500395,-0.2135362
0.003281996,-0.9767845,0.01500349,-0.2136732
0.003285437,-0.9767355,0.01500274,-0.2138972
0.0032899,-0.9766718,0.01500176,-0.2141878
0.003295432,-0.9765928,0.01500055,-0.214548
0.003302008,-0.9764986,0.0149991,-0.2149761
0.003318508,-0.9762614,0.01499546,-0.2160503
0.003328491,-0.9761174,0.01499325,-0.2167002
0.003339516,-0.9759578,0.0149908,-0.217418
0.003351838,-0.9757788,0.01498805,-0.2182202
0.003364939,-0.9755876,0.01498511,-0.2190732
0.0033948,-0.975149,0.01497837,-0.2210172
0.003411297,-0.974905,0.01497463,-0.2220912
0.003428831,-0.9746442,0.01497062,-0.2232328
0.003447409,-0.9743664,0.01496635,-0.2244422
0.00346702,-0.9740714,0.01496182,-0.225719
0.003509862,-0.9734209,0.01495183,-0.2285082
0.003532844,-0.9730685,0.01494642,-0.2300044
0.003556863,-0.9726975,0.01494072,-0.2315681
0.003582191,-0.9723035,0.01493467,-0.2332171
0.003635635,-0.9714622,0.01492175,-0.2366965
0.003663765,-0.9710143,0.01491487,-0.2385278
0.003693206,-0.9705414,0.0149076,-0.2404446
0.003723676,-0.9700478,0.01490002,-0.2424283
0.003755425,-0.9695289,0.01489205,-0.2444953
0.003788203,-0.9689882,0.01488375,-0.2466292
0.00385679,-0.9678407,0.01486612,-0.2510945
0.003892333,-0.9672375,0.01485686,-0.2534085
0.003929436,-0.9666014,0.01484709,-0.255824
0.003967519,-0.9659418,0.01483695,-0.2583034
0.004006628,-0.9652573,0.01482644,-0.2608495
0.004087845,-0.9638129,0.01480425,-0.266137
0.004129965,-0.9630515,0.01479256,-0.2688792
0.004173085,-0.9622633,0.01478045,-0.2716865
0.004217197,-0.9614478,0.01476793,-0.2745583
0.004262577,-0.9605992,0.01475489,-0.2775127
0.00435601,-0.958821,0.01472758,-0.2835956
0.004404317,-0.9578852,0.01471321,-0.2867405
0.004453617,-0.9569185,0.01469836,-0.2899502
0.004472574,-0.9565437,0.0146926,-0.2911843
0.004472574,-0.9565437,0.0146926,-0.2911843
0.004472574,-0.9565437,0.0146926,-0.2911843
0.004472574,-0.9565437,0.0146926,-0.2911843
0.004472574,-0.9565437,0.0146926,-0.2911843
0.004472574,-0.9565437,0.0146926,-0.2911843
0.004472574,-0.9565437,0.0146926,-0.2911843
0.004472574,-0.9565437,0.0146926,-0.2911843
0.004472574,-0.9565437,0.0146926,-0.2911843
0.004472574,-0.9565437,0.0146926,-0.2911843
0.004472574,-0.9565437,0.0146926,-0.2911843
0.004472574,-0.9565437,0.0146926,-0.2911843
0.004472574,-0.9565437,0.0146926,-0.2911843
0.004472574,-0.9565437,0.0146926,-0.2911843
0.004472574,-0.9565437,0.0146926,-0.2911843
0.004472574,-0.9565437,0.0146926,-0.2911843
0.004472574,-0.9565437,0.0146926,-0.2911843
0.004472574,-0.9565437,0.0146926,-0.2911843
0.004472574,-0.9565437,0.0146926,-0.2911843
0.004472574,-0.9565437,0.0146926,-0.2911843
0.004472574,-0.9565437,0.0146926,-0.2911843
0.004472574,-0.9565437,0.0146926,-0.2911843
0.004472574,-0.9565437,0.0146926,-0.2911843
0.004473348,-0.9565284,0.01469237,-0.2912347
0.004475664,-0.9564825,0.01469166,-0.2913854
0.004479009,-0.956416,0.01469064,-0.2916032
0.004483375,-0.9563294,0.01468931,-0.2918875
0.0044952,-0.9560941,0.0146857,-0.2926573
0.004502617,-0.9559461,0.01468342,-0.2931402
0.00451106,-0.9557774,0.01468083,-0.2936899
0.004520811,-0.9555821,0.01467783,-0.2943247
0.004531584,-0.9553658,0.01467451,-0.2950261
0.004556159,-0.9548703,0.0146669,-0.296626
0.004569971,-0.9545905,0.0146626,-0.2975252
0.00458479,-0.9542892,0.01465797,-0.29849
0.004600628,-0.9539661,0.01465301,-0.2995211
0.004635361,-0.9532532,0.01464206,-0.3017824
0.004654248,-0.952863,0.01463607,-0.303012
0.004674405,-0.9524446,0.01462964,-0.3043243
0.004695572,-0.9520032,0.01462286,-0.3057024
0.004718039,-0.9515324,0.01461563,-0.3071651
0.00474151,-0.9510377,0.01460803,-0.3086931
0.004791479,-0.9499757,0.01459172,-0.3119462
0.004817978,-0.9494074,0.01458299,-0.3136714
0.004845697,-0.9488093,0.0145738,-0.315476
0.004874161,-0.9481911,0.01456431,-0.3173292
0.00490362,-0.9475471,0.01455442,-0.319247
0.004934333,-0.9468711,0.01454403,-0.3212466
0.00499929,-0.9454258,0.01452183,-0.3254755
0.005032975,-0.9446679,0.01451019,-0.3276686
0.005067641,-0.943882,0.01449812,-0.3299255
0.005139929,-0.9422238,0.01447265,-0.3346317
0.005139929,-0.9422238,0.01447265,-0.3346317
0.005216895,-0.9404292,0.01444508,-0.3396424
0.005256699,-0.9394892,0.01443065,-0.3422339
0.005297475,-0.938518,0.01441573,-0.3448885
0.005339454,-0.9375092,0.01440023,-0.3476215
0.005426318,-0.9353929,0.01436773,-0.3532767
0.005471158,-0.9342851,0.01435071,-0.356196
0.005516951,-0.933143,0.01433317,-0.3591772
0.005563685,-0.9319662,0.01431509,-0.3622198
0.005611369,-0.9307537,0.01429647,-0.3653243
0.005621096,-0.9305049,0.01429265,-0.3659575
0.005621096,-0.9305049,0.01429265,-0.3659575
0.005621096,-0.9305049,0.01429265,-0.3659575
0.005621096,-0.9305049,0.01429265,-0.3659575
0.005621096,-0.9305049,0.01429265,-0.3659575
0.005621096,-0.9305049,0.01429265,-0.3659575
0.005621096,-0.9305049,0.01429265,-0.3659575
0.005621096,-0.9305049,0.01429265,-0.3659575
0.005621096,-0.9305049,0.01429265,-0.3659575
0.005621096,-0.9305049,0.01429265,-0.3659575
0.005621096,-0.9305049,0.01429265,-0.3659575
0.005621096,-0.9305049,0.01429265,-0.3659575
0.005621096,-0.9305049,0.01429265,-0.3659575
0.005621096,-0.9305049,0.01429265,-0.3659575
0.005621096,-0.9305049,0.01429265,-0.3659575
0.005621096,-0.9305049,0.01429265,-0.3659575
0.005621096,-0.9305049,0.01429265,-0.3659575
0.005621096,-0.9305049,0.01429265,-0.3659575
0.005621096,-0.9305049,0.01429265,-0.3659575
0.005621096,-0.9305049,0.01429265,-0.3659575
0.005621096,-0.9305049,0.01429265,-0.3659575
0.005621096,-0.9305049,0.01429265,-0.3659575
0.005621096,-0.9305049,0.01429265,-0.3659575
0.005621096,-0.9305049,0.01429265,-0.3659575
0.005621096,-0.9305049,0.01429265,-0.3659575
0.005621096,-0.9305049,0.01429265,-0.3659575
0.005621096,-0.9305049,0.01429265,-0.3659575
0.005621096,-0.9305049,0.01429265,-0.3659575
0.005621096,-0.9305049,0.01429265,-0.3659575
0.005621096,-0.9305049,0.01429265,-0.3659575
0.005621096,-0.9305049,0.01429265,-0.3659575
0.005621096,-0.9305049,0.01429265,-0.3659575
0.005622074,-0.9304799,0.01429226,-0.3660212
0.005624061,-0.9304289,0.01429148,-0.3661505
0.005627053,-0.9303522,0.0142903,-0.3663453
0.005636004,-0.9301226,0.01428677,-0.3669281
0.005641993,-0.9299687,0.01428441,-0.3673179
0.005649215,-0.9297829,0.01428156,-0.3677881
0.005657441,-0.9295709,0.0142783,-0.3683237
0.005666662,-0.9293327,0.01427464,-0.368924
0.005676867,-0.9290686,0.01427058,-0.3695884
0.005700778,-0.9284479,0.01426105,-0.3711451
0.005714207,-0.9280978,0.01425567,-0.3720194
0.005728616,-0.9277213,0.01424989,-0.3729574
0.005744032,-0.9273172,0.01424368,-0.3739611
0.005777823,-0.9264271,0.01423001,-0.376161
0.005796197,-0.9259405,0.01422254,-0.3773572
0.005815544,-0.9254261,0.01421464,-0.3786168
0.005836119,-0.9248769,0.0142062,-0.3799563
0.005857687,-0.9242988,0.01419732,-0.3813605
0.005903736,-0.9230562,0.01417824,-0.3843584
0.005928467,-0.9223841,0.01416791,-0.3859685
0.005954163,-0.9216824,0.01415713,-0.3876414
0.005980821,-0.9209505,0.01414589,-0.389377
0.006008452,-0.9201878,0.01413418,-0.3911758
0.006066615,-0.9185689,0.01410931,-0.3949625
0.006097376,-0.9177052,0.01409604,-0.3969651
0.006129094,-0.9168092,0.01408228,-0.3990301
0.006161765,-0.9158806,0.01406801,-0.4011571
0.006195381,-0.9149188,0.01405324,-0.4033456
0.006265444,-0.9128943,0.01402215,-0.407907
0.006301872,-0.9118309,0.01400581,-0.4102786
0.00633947,-0.9107256,0.01398884,-0.4127264
0.00637801,-0.9095843,0.01397131,-0.4152355
0.006417486,-0.9084067,0.01395322,-0.4178055
0.006499191,-0.9059412,0.01391535,-0.4231248
0.006541648,-0.9046451,0.01389544,-0.4258889
0.006585023,-0.9033103,0.01387494,-0.4287128
0.006629302,-0.9019365,0.01385383,-0.4315955
0.006674481,-0.9005232,0.01383213,-0.4345368
0.006767487,-0.8975762,0.01378686,-0.4405918
0.006815563,-0.896033,0.01376316,-0.4437218
0.006864514,-0.8944478,0.01373881,-0.4469087
0.006885051,-0.8937785,0.01372853,-0.4482457
0.006885051,-0.8937785,0.01372853,-0.4482457
0.006885051,-0.8937785,0.01372853,-0.4482457
0.006885051,-0.8937785,0.01372853,-0.4482457
0.006885051,-0.8937785,0.01372853,-0.4482457
0.006885051,-0.8937785,0.01372853,-0.4482457
0.006885051,-0.8937785,0.01372853,-0.4482457
0.006885051,-0.8937785,0.01372853,-0.4482457
0.006885051,-0.8937785,0.01372853,-0.4482457
0.006885051,-0.8937785,0.01372853,-0.4482457
0.006885051,-0.8937785,0.01372853,-0.4482457
0.006885051,-0.8937785,0.01372853,-0.4482457
0.006885051,-0.8937785,0.01372853,-0.4482457
0.006885051,-0.8937785,0.01372853,-0.4482457
0.006885051,-0.8937785,0.01372853,-0.4482457
0.006885051,-0.8937785,0.01372853,-0.4482457
0.006885051,-0.8937785,0.01372853,-0.4482457
0.006885051,-0.8937785,0.01372853,-0.4482457
0.006885051,-0.8937785,0.01372853,-0.4482457
0.006885051,-0.8937785,0.01372853,-0.4482457
0.006885051,-0.8937785,0.01372853,-0.4482457
0.006885051,-0.8937785,0.01372853,-0.4482457
0.006885051,-0.8937785,0.01372853,-0.4482457
0.006885051,-0.8937785,0.01372853,-0.4482457
0.006885051,-0.8937785,0.01372853,-0.4482457
0.006885051,-0.8937785,0.01372853,-0.4482457
0.006885051,-0.8937785,0.01372853,-0.4482457
0.006885051,-0.8937785,0.01372853,-0.4482457
0.006885051,-0.8937785,0.01372853,-0.4482457
0.006885051,-0.8937785,0.01372853,-0.4482457
0.006885051,-0.8937785,0.01372853,-0.4482457
0.006885051,-0.8937785,0.01372853,-0.4482457
0.006885051,-0.8937785,0.01372853,-0.4482457
0.006885051,-0.8937785,0.01372853,-0.4482457
0.006885051,-0.8937785,0.01372853,-0.4482457
0.006885051,-0.8937785,0.01372853,-0.4482457
0.006885051,-0.8937785,0.01372853,-0.4482457
0.006885051,-0.8937785,0.01372853,-0.4482457
0.006885051,-0.8937785,0.01372853,-0.4482457
0.006885051,-0.8937785,0.01372853,-0.4482457
0.006885051,-0.8937785,0.01372853,-0.4482457
0.006885051,-0.8937785,0.01372853,-0.4482457
0.006885051,-0.8937785,0.01372853,-0.4482457
0.006885051,-0.8937785,0.01372853,-0.4482457
0.006885051,-0.8937785,0.01372853,-0.4482457
0.006885051,-0.8937785,0.01372853,-0.4482457
0.006885051,-0.8937785,0.01372853,-0.4482457
0.006885051,-0.8937785,0.01372853,-0.4482457
0.006885051,-0.8937785,0.01372853,-0.4482457
0.006885051,-0.8937785,0.01372853,-0.4482457
0.006885051,-0.8937785,0.01372853,-0.4482457
0.006885051,-0.8937785,0.01372853,-0.4482457
0.006885051,-0.8937785,0.01372853,-0.4482457
0.006885051,-0.8937785,0.01372853,-0.4482457
0.006885051,-0.8937785,0.01372853,-0.4482457
0.006885051,-0.8937785,0.01372853,-0.4482457
0.006885051,-0.8937785,0.01372853,-0.4482457
0.006885051,-0.8937785,0.01372853,-0.4482457
0.006885051,-0.8937785,0.01372853,-0.4482457
0.006885051,-0.8937785,0.01372853,-0.4482457
0.006885051,-0.8937785,0.01372853,-0.4482457
0.006885051,-0.8937785,0.01372853,-0.4482457
0.006885051,-0.8937785,0.01372853,-0.4482457
0.006885051,-0.8937785,0.01372853,-0.4482457
0.006885051,-0.8937785,0.01372853,-0.4482457
0.006885051,-0.8937785,0.01372853,-0.4482457
0.006885051,-0.8937785,0.01372853,-0.4482457
0.006885051,-0.8937785,0.01372853,-0.4482457
0.006885051,-0.8937785,0.01372853,-0.4482457
0.006885051,-0.8937785,0.01372853,-0.4482457
0.006885051,-0.8937785,0.01372853,-0.4482457
0.006885051,-0.8937785,0.01372853,-0.4482457
0.006885051,-0.8937785,0.01372853,-0.4482457
0.006885051,-0.8937785,0.01372853,-0.4482457
0.006885051,-0.8937785,0.01372853,-0.4482457
0.006885051,-0.8937785,0.01372853,-0.4482457
0.006885051,-0.8937785,0.01372853,-0.4482457
0.006885051,-0.8937785,0.01372853,-0.4482457
0.006885051,-0.8937785,0.01372853,-0.4482457
0.006885051,-0.8937785,0.01372853,-0.4482457
0.006885051,-0.8937785,0.01372853,-0.4482457
0.006885051,-0.8937785,0.01372853,-0.4482457
0.006885051,-0.8937785,0.01372853,-0.4482457
0.006885051,-0.8937785,0.01372853,-0.4482457
0.006885051,-0.8937785,0.01372853,-0.4482457
0.006885051,-0.8937785,0.01372853,-0.4482457
0.006885051,-0.8937785,0.01372853,-0.4482457
0.006885051,-0.8937785,0.01372853,-0.4482457
0.006885051,-0.8937785,0.01372853,-0.4482457
0.006885051,-0.8937785,0.01372853,-0.4482457
0.006885051,-0.8937785,0.01372853,-0.4482457
0.006885051,-0.8937785,0.01372853,-0.4482457
0.006885051,-0.8937785,0.01372853,-0.4482457
0.006885051,-0.8937785,0.01372853,-0.4482457
0.006885051,-0.8937785,0.01372853,-0.4482457
0.006885051,-0.8937785,0.01372853,-0.4482457
0.006885051,-0.8937785,0.01372853,-0.4482457
0.006885051,-0.8937785,0.01372853,-0.4482457
0.006885051,-0.8937785,0.01372853,-0.4482457
0.006885051,-0.8937785,0.01372853,-0.4482457
0.006885051,-0.8937785,0.01372853,-0.4482457
0.006885051,-0.8937785,0.01372853,-0.4482457
0.006885051,-0.8937785,0.01372853,-0.4482457
0.006885051,-0.8937785,0.01372853,-0.4482457
0.006885051,-0.8937785,0.01372853,-0.4482457
0.006885051,-0.8937785,0.01372853,-0.4482457
0.006885051,-0.8937785,0.01372853,-0.4482457
0.006885051,-0.8937785,0.01372853,-0.4482457
0.006885051,-0.8937785,0.01372853,-0.4482457
0.006885051,-0.8937785,0.01372853,-0.4482457
0.006885051,-0.8937785,0.01372853,-0.4482457
0.006885051,-0.8937785,0.01372853,-0.4482457
0.006885051,-0.8937785,0.01372853,-0.4482457
0.006885051,-0.8937785,0.01372853,-0.4482457
0.006885051,-0.8937785,0.01372853,-0.4482457
0.006885051,-0.8937785,0.01372853,-0.4482457
0.00688386,-0.8938174,0.01372913,-0.4481681
0.006881708,-0.8938876,0.0137302,-0.4480281
0.006874524,-0.8941219,0.0137338,-0.4475604
0.006869238,-0.8942941,0.01373645,-0.4472162
0.006862983,-0.8944976,0.01373957,-0.446809
0.006855779,-0.8947317,0.01374317,-0.44634
0.006838738,-0.8952842,0.01375165,-0.4452306
0.006838738,-0.8952842,0.01375165,-0.4452306
0.006817357,-0.8959752,0.01376227,-0.4438386
0.006805351,-0.8963619,0.01376821,-0.443057
0.006792373,-0.8967791,0.01377462,-0.442212
0.006778191,-0.8972337,0.0137816,-0.4412888
0.006746912,-0.8982324,0.01379694,-0.4392524
0.006729802,-0.8987763,0.01380529,-0.4381385
0.006711735,-0.8993487,0.01381408,-0.4369622
0.006692447,-0.8999578,0.01382344,-0.4357065
0.006672185,-0.9005952,0.01383323,-0.4343874
0.006628691,-0.9019555,0.01385412,-0.4315558
0.00660522,-0.902685,0.01386533,-0.4300278
0.006580754,-0.9034421,0.01387696,-0.4284349
0.006555556,-0.9042183,0.01388888,-0.4267945
0.00650221,-0.9058494,0.01391394,-0.4233214
0.0064738,-0.9067115,0.01392718,-0.4214719
0.006444385,-0.9075992,0.01394081,-0.4195568
0.0064137,-0.90852,0.01395496,-0.4175591
0.006382012,-0.9094653,0.01396948,-0.4154961
0.006349313,-0.9104349,0.01398437,-0.4133673
0.006315629,-0.9114274,0.01399961,-0.4111744
0.006244669,-0.9134974,0.01403141,-0.4065546
0.006207933,-0.914558,0.0140477,-0.4041629
0.006169901,-0.9156483,0.01406445,-0.4016869
0.006130834,-0.9167598,0.01408152,-0.3991435
0.00604961,-0.9190441,0.0141166,-0.3938555
0.006007196,-0.9202225,0.0141347,-0.3910942
0.005963743,-0.9214197,0.01415309,-0.3882653
0.005919247,-0.922635,0.01417176,-0.3853684
0.005873701,-0.9238679,0.0141907,-0.3824032
0.005779422,-0.9263846,0.01422935,-0.3762653
0.005730717,-0.9276663,0.01424904,-0.3730944
0.005680691,-0.9289696,0.01426906,-0.3698376
0.005629595,-0.9302869,0.01428929,-0.366511
0.005577431,-0.9316178,0.01430973,-0.363115
0.005469888,-0.9343165,0.01435119,-0.3561136
0.005414487,-0.9356833,0.01437218,-0.3525067
0.005358014,-0.9370601,0.01439333,-0.3488301
0.005300194,-0.9384528,0.01441472,-0.3450658
0.005241286,-0.9398541,0.01443624,-0.3412307
0.005120183,-0.9426793,0.01447964,-0.3333464
0.005057969,-0.9441019,0.01450149,-0.3292961
0.00499465,-0.9455296,0.01452342,-0.3251737
0.004929965,-0.9469674,0.0145455,-0.3209625
0.004864163,-0.9484086,0.01456764,-0.3166785
0.004729226,-0.9512969,0.01461201,-0.3078936
0.004660057,-0.9527426,0.01463421,-0.3033905
0.004589507,-0.954193,0.01465649,-0.2987974
0.004517821,-0.955642,0.01467875,-0.2941304
0.004445004,-0.9570882,0.01470096,-0.2893897
0.004295955,-0.9599686,0.0147452,-0.2796861
0.004219724,-0.9614007,0.0147672,-0.2747231
0.004142086,-0.9628307,0.01478916,-0.2696686
0.004063302,-0.9642526,0.014811,-0.2645395
0.003983357,-0.9656654,0.0148327,-0.2593347
0.003820048,-0.9684581,0.0148756,-0.2487027
0.003736655,-0.9698362,0.01489677,-0.2432735
0.003652101,-0.9712004,0.01491772,-0.2377687
0.003566126,-0.9725537,0.01493851,-0.2321714
0.003478998,-0.9738903,0.01495904,-0.226499
0.00330124,-0.9765095,0.01499927,-0.2149263
0.003210328,-0.9777935,0.01501899,-0.2090076
0.003118276,-0.9790553,0.01503837,-0.2030146
0.003025047,-0.9802943,0.0150574,-0.1969451
0.002930662,-0.9815088,0.01507606,-0.1908002
0.002738355,-0.9838599,0.01511217,-0.1782803
0.002640175,-0.9849967,0.01512963,-0.1718884
0.002540828,-0.9861035,0.01514663,-0.1654206
0.002440313,-0.987179,0.01516315,-0.1588767
0.002338637,-0.9882216,0.01517916,-0.1522571
0.002131799,-0.9902026,0.01520959,-0.1387912
0.002026359,-0.9911405,0.015224,-0.1319267
0.00191976,-0.9920396,0.01523781,-0.1249867
0.001812014,-0.9928982,0.015251,-0.117972
0.001703116,-0.9937148,0.01526354,-0.1108823
0.001481849,-0.9952167,0.01528661,-0.09647699
0.0014024,-0.9957046,0.0152941,-0.09130454
0.001363195,-0.9959354,0.01529765,-0.08875215
0.001356073,-0.9959766,0.01529828,-0.08828846
0.001356073,-0.9959766,0.01529828,-0.08828846
0.001356073,-0.9959766,0.01529828,-0.08828846
0.001356073,-0.9959766,0.01529828,-0.08828846
0.001356073,-0.9959766,0.01529828,-0.08828846
0.001356073,-0.9959766,0.01529828,-0.08828846
0.001356073,-0.9959766,0.01529828,-0.08828846
0.001356073,-0.9959766,0.01529828,-0.08828846
0.001356073,-0.9959766,0.01529828,-0.08828846
0.001356073,-0.9959766,0.01529828,-0.08828846
0.001356073,-0.9959766,0.01529828,-0.08828846
0.001356073,-0.9959766,0.01529828,-0.08828846
0.001356073,-0.9959766,0.01529828,-0.08828846
0.001356073,-0.9959766,0.01529828,-0.08828846
0.001356073,-0.9959766,0.01529828,-0.08828846
0.001356073,-0.9959766,0.01529828,-0.08828846
0.001356073,-0.9959766,0.01529828,-0.08828846
0.001356073,-0.9959766,0.01529828,-0.08828846
0.001356073,-0.9959766,0.01529828,-0.08828846
0.001356073,-0.9959766,0.01529828,-0.08828846
0.001356073,-0.9959766,0.01529828,-0.08828846
0.001356073,-0.9959766,0.01529828,-0.08828846
0.001356073,-0.9959766,0.01529828,-0.08828846
0.001356073,-0.9959766,0.01529828,-0.08828846
0.001356073,-0.9959766,0.01529828,-0.08828846
0.001356073,-0.9959766,0.01529828,-0.08828846
0.001356073,-0.9959766,0.01529828,-0.08828846
0.001356073,-0.9959766,0.01529828,-0.08828846
0.001356073,-0.9959766,0.01529828,-0.08828846
0.001356073,-0.9959766,0.01529828,-0.08828846
0.001356073,-0.9959766,0.01529828,-0.08828846
0.001356073,-0.9959766,0.01529828,-0.08828846
0.001356073,-0.9959766,0.01529828,-0.08828846
0.001356073,-0.9959766,0.01529828,-0.08828846
0.001356073,-0.9959766,0.01529828,-0.08828846
0.001356073,-0.9959766,0.01529828,-0.08828846
0.001356073,-0.9959766,0.01529828,-0.08828846
0.001356073,-0.9959766,0.01529828,-0.08828846
0.001356073,-0.9959766,0.01529828,-0.08828846
0.001356073,-0.9959766,0.01529828,-0.08828846
0.001356073,-0.9959766,0.01529828,-0.08828846
0.001356073,-0.9959766,0.01529828,-0.08828846
0.001356073,-0.9959766,0.01529828,-0.08828846
0.001356073,-0.9959766,0.01529828,-0.08828846
0.001356073,-0.9959766,0.01529828,-0.08828846
0.001356073,-0.9959766,0.01529828,-0.08828846
0.001356073,-0.9959766,0.01529828,-0.08828846
0.001356073,-0.9959766,0.01529828,-0.08828846
0.001356073,-0.9959766,0.01529828,-0.08828846
0.001356073,-0.9959766,0.01529828,-0.08828846
0.001356073,-0.9959766,0.01529828,-0.08828846
0.001356073,-0.9959766,0.01529828,-0.08828846
0.001356073,-0.9959766,0.01529828,-0.08828846
0.001356073,-0.9959766,0.01529828,-0.08828846
0.001356073,-0.9959766,0.01529828,-0.08828846
0.001356073,-0.9959766,0.01529828,-0.08828846
0.001356073,-0.9959766,0.01529828,-0.08828846
0.001357435,-0.9959687,0.01529816,-0.08837716
0.001363329,-0.9959345,0.01529763,-0.08876088
0.001367594,-0.9959098,0.01529725,-0.08903857
0.001373198,-0.9958771,0.01529675,-0.08940341
0.001379878,-0.995838,0.01529615,-0.08983826
0.001396418,-0.9957403,0.01529465,-0.09091508
0.001406301,-0.9956813,0.01529374,-0.09155855
0.001417514,-0.9956139,0.01529271,-0.09228855
0.001429799,-0.9955394,0.01529156,-0.09308834
0.00144315,-0.9954578,0.01529031,-0.09395753
0.001473051,-0.9952721,0.01528746,-0.09590423
0.0014896,-0.9951677,0.01528585,-0.09698159
0.001507479,-0.9950536,0.0152841,-0.0981456
0.001526432,-0.9949311,0.01528222,-0.09937953
0.001546443,-0.9948002,0.01528021,-0.1006823
0.001567509,-0.9946604,0.01527806,-0.1020538
0.001613393,-0.9943492,0.01527328,-0.105041
0.001637927,-0.9941793,0.01527067,-0.1066383
0.001663523,-0.9939991,0.0152679,-0.1083046
0.001690169,-0.9938086,0.01526498,-0.1100394
0.001717892,-0.993607,0.01526188,-0.1118443
0.001777025,-0.9931661,0.01525511,-0.1156941
0.001808196,-0.9929277,0.01525145,-0.1177235
0.001840424,-0.9926767,0.01524759,-0.1198216
0.001873715,-0.9924127,0.01524354,-0.121989
0.001908041,-0.9921354,0.01523928,-0.1242238
0.001980358,-0.9915345,0.01523005,-0.1289319
0.002018103,-0.9912119,0.01522509,-0.1313892
0.002056889,-0.9908739,0.0152199,-0.1339143
0.002096731,-0.9905199,0.01521446,-0.1365082
0.002179567,-0.9897617,0.01520282,-0.1419011
0.002222815,-0.989354,0.01519656,-0.1447167
0.002267366,-0.9889253,0.01518997,-0.1476171
0.00231271,-0.9884802,0.01518313,-0.1505692
0.002359363,-0.9880127,0.01517596,-0.1536065
0.002407051,-0.9875251,0.01516847,-0.1567112
0.002505512,-0.9864865,0.01515251,-0.1631214
0.002556565,-0.9859312,0.01514398,-0.1664451
0.002608648,-0.9853528,0.0151351,-0.169836
0.002661751,-0.9847506,0.01512585,-0.1732932
0.002715861,-0.9841241,0.01511623,-0.176816
0.002827145,-0.9827949,0.01509581,-0.184061
0.002884307,-0.9820905,0.01508499,-0.1877824
0.002942753,-0.9813554,0.0150737,-0.1915875
0.003002204,-0.9805918,0.01506197,-0.195458
0.003062649,-0.9797992,0.0150498,-0.1993932
0.003186542,-0.9781231,0.01502405,-0.2074591
0.003249987,-0.9772379,0.01501046,-0.2115896
0.003314418,-0.9763203,0.01499636,-0.2157843
0.003379824,-0.9753695,0.01498176,-0.2200424
0.003446216,-0.9743842,0.01496663,-0.2243648
0.003582418,-0.9722999,0.01493461,-0.2332321
0.003651978,-0.9712023,0.01491775,-0.2377607
0.003722497,-0.9700669,0.01490031,-0.2423518
0.003794258,-0.9688877,0.0148822,-0.2470237
0.003866974,-0.9676684,0.01486347,-0.2517578
0.003940624,-0.9664083,0.01484411,-0.2565527
0.004091252,-0.9637515,0.01480331,-0.2663592
0.004167676,-0.9623625,0.01478197,-0.2713346
0.004245019,-0.9609286,0.01475995,-0.2763699
0.004323557,-0.9594433,0.01473713,-0.281483
0.004483333,-0.9563301,0.01468932,-0.2918851
0.004564815,-0.9546949,0.0146642,-0.2971898
0.004647159,-0.9530095,0.01463831,-0.3025508
0.004730115,-0.9512782,0.01461172,-0.3079515
0.004898615,-0.9476566,0.01455609,-0.3189215
0.004984394,-0.9457589,0.01452694,-0.3245061
0.005071016,-0.9438052,0.01449693,-0.3301455
0.005158746,-0.9417878,0.01446595,-0.335857
0.005247292,-0.9397121,0.01443406,-0.3416217
0.005336634,-0.9375771,0.01440127,-0.3474382
0.005426782,-0.9353814,0.01436755,-0.3533072
0.005609939,-0.9307901,0.01429702,-0.3652314
0.005702673,-0.9283985,0.01426029,-0.3712687
0.005795876,-0.9259489,0.01422266,-0.3773367
0.005889834,-0.9234325,0.01418401,-0.3834536
0.005984762,-0.9208419,0.01414422,-0.3896338
0.006177279,-0.9154374,0.01406121,-0.4021674
0.006274564,-0.9126287,0.01401806,-0.408501
0.006349748,-0.910422,0.01398417,-0.4133957
0.006395696,-0.9090577,0.01396322,-0.4163871
0.006396822,-0.9090242,0.0139627,-0.4164605
0.006396822,-0.9090242,0.0139627,-0.4164605
0.006396822,-0.9090242,0.0139627,-0.4164605
0.006396822,-0.9090242,0.0139627,-0.4164605
0.006396822,-0.9090242,0.0139627,-0.4164605
0.006396822,-0.9090242,0.0139627,-0.4164605
0.006396822,-0.9090242,0.0139627,-0.4164605
0.006396822,-0.9090242,0.0139627,-0.4164605
0.006396822,-0.9090242,0.0139627,-0.4164605
0.006396822,-0.9090242,0.0139627,-0.4164605
0.006396822,-0.9090242,0.0139627,-0.4164605
0.006396822,-0.9090242,0.0139627,-0.4164605
0.006396822,-0.9090242,0.0139627,-0.4164605
0.006396822,-0.9090242,0.0139627,-0.4164605
0.006396822,-0.9090242,0.0139627,-0.4164605
0.006396822,-0.9090242,0.0139627,-0.4164605
0.006396822,-0.9090242,0.0139627,-0.4164605
0.006396822,-0.9090242,0.0139627,-0.4164605
0.006396822,-0.9090242,0.0139627,-0.4164605
0.006396822,-0.9090242,0.0139627,-0.4164605
0.006396822,-0.9090242,0.0139627,-0.4164605
0.006396822,-0.9090242,0.0139627,-0.4164605
0.006396822,-0.9090242,0.0139627,-0.4164605
0.006396822,-0.9090242,0.0139627,-0.4164605
0.006395856,-0.909053,0.01396314,-0.4163976
0.006393668,-0.9091181,0.01396414,-0.4162551
0.006386091,-0.9093439,0.01396761,-0.4157618
0.006380972,-0.9094962,0.01396995,-0.4154286
0.006374633,-0.9096845,0.01397284,-0.4150159
0.006367305,-0.909902,0.01397618,-0.4145388
0.006349737,-0.9104223,0.01398418,-0.4133951
0.00633948,-0.9107252,0.01398883,-0.4127273
0.006328239,-0.9110565,0.01399392,-0.4119955
0.006315779,-0.9114229,0.01399954,-0.4111843
0.006302336,-0.9118173,0.0140056,-0.4103091
0.006272485,-0.9126893,0.014019,-0.4083657
0.006255828,-0.9131736,0.01402643,-0.4072813
0.006238193,-0.9136848,0.01403429,-0.4061332
0.006219571,-0.9142228,0.01404255,-0.4049208
0.006200213,-0.91478,0.01405111,-0.4036605
0.006158012,-0.9159874,0.01406965,-0.4009131
0.00613542,-0.9166297,0.01407952,-0.3994423
0.006111831,-0.9172974,0.01408978,-0.3979065
0.006087232,-0.9179904,0.01410042,-0.3963051
0.006061387,-0.9187151,0.01411155,-0.3946224
0.00600668,-0.9202367,0.01413492,-0.3910608
0.005977804,-0.9210333,0.01414716,-0.3891809
0.005947643,-0.9218606,0.01415987,-0.3872173
0.005916492,-0.9227099,0.01417291,-0.3851892
0.0058843,-0.923582,0.01418631,-0.3830934
0.005816895,-0.92539,0.01421408,-0.3787051
0.005781641,-0.9263259,0.01422845,-0.3764099
0.00574537,-0.927282,0.01424314,-0.3740485
0.00570806,-0.9282581,0.01425813,-0.3716195
0.005669471,-0.9292599,0.01427352,-0.3691072
0.005589176,-0.9313194,0.01430515,-0.3638797
0.005547459,-0.932376,0.01432138,-0.3611638
0.005504686,-0.9334499,0.01433788,-0.3583792
0.005460872,-0.93454,0.01435462,-0.3555267
0.005415745,-0.9356524,0.01437171,-0.3525887
0.005369294,-0.9367864,0.01438913,-0.3495646
0.005273443,-0.9390913,0.01442453,-0.3433244
0.005224072,-0.9402602,0.01444249,-0.3401101
0.005173379,-0.9414475,0.01446072,-0.3368098
0.00512162,-0.9426463,0.01447914,-0.3334401
0.00501485,-0.9450763,0.01451646,-0.326489
0.004959848,-0.9463058,0.01453534,-0.3229081
0.004903751,-0.9475441,0.01455436,-0.319256
0.004846564,-0.9487904,0.01457351,-0.315533
0.004788024,-0.9500493,0.01459285,-0.3117218
0.004728134,-0.9513198,0.01461236,-0.3078227
0.004605282,-0.9538708,0.01465154,-0.2998246
0.004542335,-0.9551492,0.01467118,-0.2957265
0.004478031,-0.9564353,0.01469094,-0.2915401
0.004412616,-0.9577231,0.01471072,-0.2872813
0.004345797,-0.9590173,0.01473059,-0.2829311
0.004208799,-0.9616036,0.01477032,-0.274012
0.00413862,-0.9628938,0.01479014,-0.2694431
0.004067317,-0.9641808,0.0148099,-0.264801
0.003994882,-0.9654636,0.01482961,-0.2600852
0.003921314,-0.9667411,0.01484923,-0.2552957
0.003770264,-0.9692846,0.0148883,-0.2454617
0.003693024,-0.9705442,0.01490765,-0.2404331
0.00361466,-0.9717939,0.01492684,-0.2353314
0.003535136,-0.9730331,0.01494587,-0.230154
0.003454209,-0.9742642,0.01496478,-0.2248854
0.003288912,-0.9766858,0.01500198,-0.2141239
0.003204541,-0.9778739,0.01502023,-0.2086311
0.003119021,-0.9790452,0.01503822,-0.2030634
0.003032344,-0.9801986,0.01505594,-0.1974204
0.002855545,-0.9824468,0.01509047,-0.1859101
0.002765147,-0.9835422,0.01510729,-0.1800248
0.002673593,-0.9846146,0.01512376,-0.1740643
0.002580896,-0.9856623,0.01513986,-0.1680294
0.002487033,-0.9866846,0.01515556,-0.1619185
0.002391741,-0.9876827,0.01517089,-0.1557147
0.002197701,-0.9895917,0.01520021,-0.1430819
0.002098945,-0.9905,0.01521416,-0.1366525
0.001999045,-0.9913755,0.01522761,-0.1301487
0.001898014,-0.9922169,0.01524053,-0.1235712
0.001795552,-0.9930249,0.01525295,-0.1169005
0.001587204,-0.9945279,0.01527603,-0.1033363
0.001481313,-0.9952201,0.01528666,-0.09644233
0.001374272,-0.9958708,0.01529666,-0.08947358
