0.01491346,-0.238887,0.003669347,-0.970926
0.01491346,-0.238887,0.003669347,-0.970926
0.01491346,-0.238887,0.003669347,-0.970926
0.01491346,-0.238887,0.003669347,-0.970926
0.01491346,-0.238887,0.003669347,-0.970926
0.01491346,-0.238887,0.003669347,-0.970926
0.01491346,-0.238887,0.003669347,-0.970926
0.01491346,-0.238887,0.003669347,-0.970926
0.01491346,-0.238887,0.003669347,-0.970926
0.01491346,-0.238887,0.003669347,-0.970926
0.01491346,-0.238887,0.003669347,-0.970926
0.01491346,-0.238887,0.003669347,-0.970926
0.01491346,-0.238887,0.003669347,-0.970926
0.01491346,-0.238887,0.003669347,-0.970926
0.01491346,-0.238887,0.003669347,-0.970926
0.01491346,-0.238887,0.003669347,-0.970926
0.01491346,-0.238887,0.003669347,-0.970926
0.01491346,-0.238887,0.003669347,-0.970926
0.01491346,-0.238887,0.003669347,-0.970926
0.01491346,-0.238887,0.003669347,-0.970926
0.01491346,-0.238887,0.003669347,-0.970926
0.01491346,-0.238887,0.003669347,-0.970926
0.01491346,-0.238887,0.003669347,-0.970926
0.01491346,-0.238887,0.003669347,-0.970926
0.01491346,-0.238887,0.003669347,-0.970926
0.01491346,-0.238887,0.003669347,-0.970926
0.01491346,-0.238887,0.003669347,-0.970926
0.01491346,-0.238887,0.003669347,-0.970926
0.01491346,-0.238887,0.003669347,-0.970926
0.01491346,-0.238887,0.003669347,-0.970926
0.01491346,-0.238887,0.003669347,-0.970926
0.01491346,-0.238887,0.003669347,-0.970926
0.01491346,-0.238887,0.003669347,-0.970926
0.01491346,-0.238887,0.003669347,-0.970926
0.01491346,-0.238887,0.003669347,-0.970926
0.01491346,-0.238887,0.003669347,-0.970926
0.01491346,-0.238887,0.003669347,-0.970926
0.01491346,-0.238887,0.003669347,-0.970926
0.01491346,-0.238887,0.003669347,-0.970926
0.01491346,-0.238887,0.003669347,-0.970926
0.01491346,-0.238887,0.003669347,-0.970926
0.01491346,-0.238887,0.003669347,-0.970926
0.01491346,-0.238887,0.003669347,-0.970926
0.01491346,-0.238887,0.003669347,-0.970926
0.01491346,-0.238887,0.003669347,-0.970926
0.01491346,-0.238887,0.003669347,-0.970926
0.01491346,-0.238887,0.003669347,-0.970926
0.01491346,-0.238887,0.003669347,-0.970926
0.01491346,-0.238887,0.003669347,-0.970926
0.01491346,-0.238887,0.003669347,-0.970926
0.01491346,-0.238887,0.003669347,-0.970926
0.01491346,-0.238887,0.003669347,-0.970926
0.01491346,-0.238887,0.003669347,-0.970926
0.01491346,-0.238887,0.003669347,-0.970926
0.01491346,-0.238887,0.003669347,-0.970926
0.01491346,-0.238887,0.003669347,-0.970926
0.01491346,-0.238887,0.003669347,-0.970926
0.01491346,-0.238887,0.003669347,-0.970926
0.01491346,-0.238887,0.003669347,-0.970926
0.01491346,-0.238887,0.003669347,-0.970926
0.01491346,-0.238887,0.003669347,-0.970926
0.01491346,-0.238887,0.003669347,-0.970926
0.01491346,-0.238887,0.003669347,-0.970926
0.01491346,-0.238887,0.003669347,-0.970926
0.01491346,-0.238887,0.003669347,-0.970926
0.01491346,-0.238887,0.003669347,-0.970926
0.01491346,-0.238887,0.003669347,-0.970926
0.01491346,-0.238887,0.003669347,-0.970926
0.01491346,-0.238887,0.003669347,-0.970926
0.01491346,-0.238887,0.003669347,-0.970926
0.01491346,-0.238887,0.003669347,-0.970926
0.01491346,-0.238887,0.003669347,-0.970926
0.01491346,-0.238887,0.003669347,-0.970926
0.01491346,-0.238887,0.003669347,-0.970926
0.01491346,-0.238887,0.003669347,-0.970926
0.01491346,-0.238887,0.003669347,-0.970926
0.01491346,-0.238887,0.003669347,-0.970926
0.01491346,-0.238887,0.003669347,-0.970926
0.01491346,-0.238887,0.003669347,-0.970926
0.01491346,-0.238887,0.003669347,-0.970926
0.01491346,-0.238887,0.003669347,-0.970926
0.01491346,-0.238887,0.003669347,-0.970926
0.01491346,-0.238887,0.003669347,-0.970926
0.01491346,-0.238887,0.003669347,-0.970926
0.01491346,-0.238887,0.003669347,-0.970926
0.01491346,-0.238887,0.003669347,-0.970926
0.01491346,-0.238887,0.003669347,-0.970926
0.01491346,-0.238887,0.003669347,-0.970926
0.01491346,-0.238887,0.003669347,-0.970926
0.01491346,-0.238887,0.003669347,-0.970926
0.01491346,-0.238887,0.003669347,-0.970926
0.01491346,-0.238887,0.003669347,-0.970926
0.01491346,-0.238887,0.003669347,-0.970926
0.01491346,-0.238887,0.003669347,-0.970926
0.01491346,-0.238887,0.003669347,-0.970926
0.01491346,-0.238887,0.003669347,-0.970926
0.01491346,-0.238887,0.003669347,-0.970926
0.01491346,-0.238887,0.003669347,-0.970926
0.01491346,-0.238887,0.003669347,-0.970926
0.01491346,-0.238887,0.003669347,-0.970926
0.01491346,-0.238887,0.003669347,-0.970926
0.01491346,-0.238887,0.003669347,-0.970926
0.01491346,-0.238887,0.003669347,-0.970926
0.01491346,-0.238887,0.003669347,-0.970926
0.01491346,-0.238887,0.003669347,-0.970926
0.01491346,-0.238887,0.003669347,-0.970926
0.01491346,-0.238887,0.003669347,-0.970926
0.01491346,-0.238887,0.003669347,-0.970926
0.01491346,-0.238887,0.003669347,-0.970926
0.01491346,-0.238887,0.003669347,-0.970926
0.01491346,-0.238887,0.003669347,-0.970926
0.01491346,-0.238887,0.003669347,-0.970926
0.01491346,-0.238887,0.003669347,-0.970926
0.01491346,-0.238887,0.003669347,-0.970926
0.01491346,-0.238887,0.003669347,-0.970926
0.01491346,-0.238887,0.003669347,-0.970926
0.01491346,-0.238887,0.003669347,-0.970926
0.01491346,-0.238887,0.003669347,-0.970926
0.01491346,-0.238887,0.003669347,-0.970926
0.01491346,-0.238887,0.003669347,-0.970926
0.01491346,-0.238887,0.003669347,-0.970926
0.01491346,-0.238887,0.003669347,-0.970926
0.01491346,-0.238887,0.003669347,-0.970926
0.01491346,-0.238887,0.003669347,-0.970926
0.01491346,-0.238887,0.003669347,-0.970926
0.01491346,-0.238887,0.003669347,-0.970926
0.01491346,-0.238887,0.003669347,-0.970926
0.01491346,-0.238887,0.003669347,-0.970926
0.01491346,-0.238887,0.003669347,-0.970926
0.01491346,-0.238887,0.003669347,-0.970926
0.01491346,-0.238887,0.003669347,-0.970926
0.01491314,-0.2389716,0.003670647,-0.9709052
0.01491187,-0.2393069,0.003675797,-0.9708225
0.01491085,-0.2395765,0.003679939,-0.970756
0.0149095,-0.2399311,0.003685384,-0.9706684
0.0149079,-0.2403535,0.003691874,-0.9705639
0.01490603,-0.2408429,0.003699391,-0.9704427
0.01490391,-0.2413995,0.003707939,-0.9703044
0.01489879,-0.2427353,0.003728458,-0.969971
0.0148958,-0.2435123,0.003740393,-0.9697762
0.01489246,-0.2443754,0.00375365,-0.9695591
0.01488892,-0.2452875,0.003767659,-0.9693288
0.01488101,-0.247314,0.003798787,-0.9688137
0.01487656,-0.2484457,0.003816169,-0.9685241
0.01487183,-0.2496436,0.003834569,-0.968216
0.0148668,-0.2509096,0.003854015,-0.9678887
0.01486148,-0.2522427,0.003874491,-0.9675422
0.01485585,-0.2536431,0.003896001,-0.967176
0.01484355,-0.256678,0.003942618,-0.9663749
0.01483693,-0.2582958,0.003967468,-0.9659438
0.01482998,-0.2599808,0.00399335,-0.9654917
0.01482272,-0.2617308,0.00402023,-0.9650187
0.01481512,-0.2635485,0.00404815,-0.9645239
0.01479876,-0.2674151,0.00410754,-0.9634591
0.01479006,-0.2694485,0.004138773,-0.9628923
0.01478099,-0.2715486,0.004171031,-0.9623022
0.01477157,-0.2737136,0.004204286,-0.9616886
0.0147617,-0.2759614,0.004238811,-0.961046
0.01474081,-0.2806533,0.004310878,-0.9596863
0.01472978,-0.2830977,0.004348424,-0.9589682
0.01471836,-0.2856054,0.004386943,-0.9582243
0.01470651,-0.2881792,0.004426476,-0.9574534
0.01469418,-0.2908344,0.004467261,-0.9566501
0.01466821,-0.2963384,0.004551803,-0.9549596
0.01465456,-0.2991864,0.004595548,-0.9540711
0.01464046,-0.3020985,0.004640278,-0.953153
0.01462589,-0.3050744,0.004685988,-0.9522047
0.01461078,-0.3081298,0.004732918,-0.9512205
0.01457908,-0.3144283,0.004829662,-0.949157
0.01456248,-0.3176724,0.004879492,-0.9480762
0.01454536,-0.3209788,0.004930279,-0.9469619
0.01452773,-0.3243469,0.004982014,-0.9458135
0.01450955,-0.327777,0.005034699,-0.9446303
0.01447138,-0.3348539,0.0051434,-0.9421449
0.01445144,-0.3384837,0.005199155,-0.9408469
0.01444235,-0.340124,0.00522435,-0.9402552
0.01444235,-0.340124,0.00522435,-0.9402552
0.01444235,-0.340124,0.00522435,-0.9402552
0.01444235,-0.340124,0.00522435,-0.9402552
0.01444235,-0.340124,0.00522435,-0.9402552
0.01444235,-0.340124,0.00522435,-0.9402552
0.01444235,-0.340124,0.00522435,-0.9402552
0.01444235,-0.340124,0.00522435,-0.9402552
0.01444235,-0.340124,0.00522435,-0.9402552
0.01444235,-0.340124,0.00522435,-0.9402552
0.01444235,-0.340124,0.00522435,-0.9402552
0.01444235,-0.340124,0.00522435,-0.9402552
0.01444235,-0.340124,0.00522435,-0.9402552
0.01444235,-0.340124,0.00522435,-0.9402552
0.01444235,-0.340124,0.00522435,-0.9402552
0.01444235,-0.340124,0.00522435,-0.9402552
0.01444235,-0.340124,0.00522435,-0.9402552
0.01444235,-0.340124,0.00522435,-0.9402552
0.01444235,-0.340124,0.00522435,-0.9402552
0.01444235,-0.340124,0.00522435,-0.9402552
0.01444235,-0.340124,0.00522435,-0.9402552
0.01444235,-0.340124,0.00522435,-0.9402552
0.01444235,-0.340124,0.00522435,-0.9402552
0.01444235,-0.340124,0.00522435,-0.9402552
0.01444235,-0.340124,0.00522435,-0.9402552
0.01444235,-0.340124,0.00522435,-0.9402552
0.01444235,-0.340124,0.00522435,-0.9402552
0.01444235,-0.340124,0.00522435,-0.9402552
0.01444235,-0.340124,0.00522435,-0.9402552
0.01444235,-0.340124,0.00522435,-0.9402552
0.01444235,-0.340124,0.00522435,-0.9402552
0.01444235,-0.340124,0.00522435,-0.9402552
0.01444235,-0.340124,0.00522435,-0.9402552
0.01444235,-0.340124,0.00522435,-0.9402552
0.01444235,-0.340124,0.00522435,-0.9402552
0.01444235,-0.340124,0.00522435,-0.9402552
0.01444235,-0.340124,0.00522435,-0.9402552
0.01444235,-0.340124,0.00522435,-0.9402552
0.01444235,-0.340124,0.00522435,-0.9402552
0.01444235,-0.340124,0.00522435,-0.9402552
0.01444235,-0.340124,0.00522435,-0.9402552
0.01444235,-0.340124,0.00522435,-0.9402552
0.01444235,-0.340124,0.00522435,-0.9402552
0.01444235,-0.340124,0.00522435,-0.9402552
0.01444235,-0.340124,0.00522435,-0.9402552
0.01444235,-0.340124,0.00522435,-0.9402552
0.01444235,-0.340124,0.00522435,-0.9402552
0.01444235,-0.340124,0.00522435,-0.9402552
0.01444235,-0.340124,0.00522435,-0.9402552
0.01444235,-0.340124,0.00522435,-0.9402552
0.01444235,-0.340124,0.00522435,-0.9402552
0.01444235,-0.340124,0.00522435,-0.9402552
0.01444235,-0.340124,0.00522435,-0.9402552
0.01444235,-0.340124,0.00522435,-0.9402552
0.01444235,-0.340124,0.00522435,-0.9402552
0.01444235,-0.340124,0.00522435,-0.9402552
0.01444235,-0.340124,0.00522435,-0.9402552
0.01444235,-0.340124,0.00522435,-0.9402552
0.01444235,-0.340124,0.00522435,-0.9402552
0.01444235,-0.340124,0.00522435,-0.9402552
0.01444235,-0.340124,0.00522435,-0.9402552
0.01444235,-0.340124,0.00522435,-0.9402552
0.01444235,-0.340124,0.00522435,-0.9402552
0.01444235,-0.340124,0.00522435,-0.9402552
0.01444235,-0.340124,0.00522435,-0.9402552
0.01444235,-0.340124,0.00522435,-0.9402552
0.01444235,-0.340124,0.00522435,-0.9402552
0.01444235,-0.340124,0.00522435,-0.9402552
0.01444235,-0.340124,0.00522435,-0.9402552
0.01444235,-0.340124,0.00522435,-0.9402552
0.01444235,-0.340124,0.00522435,-0.9402552
0.01444235,-0.340124,0.00522435,-0.9402552
0.01444235,-0.340124,0.00522435,-0.9402552
0.01444235,-0.340124,0.00522435,-0.9402552
0.01444235,-0.340124,0.00522435,-0.9402552
0.01444235,-0.340124,0.00522435,-0.9402552
0.01444235,-0.340124,0.00522435,-0.9402552
0.01444235,-0.340124,0.00522435,-0.9402552
0.01444235,-0.340124,0.00522435,-0.9402552
0.01444235,-0.340124,0.00522435,-0.9402552
0.01444235,-0.340124,0.00522435,-0.9402552
0.01444235,-0.340124,0.00522435,-0.9402552
0.01444235,-0.340124,0.00522435,-0.9402552
0.01444235,-0.340124,0.00522435,-0.9402552
0.01444235,-0.340124,0.00522435,-0.9402552
0.01444235,-0.340124,0.00522435,-0.9402552
0.01444235,-0.340124,0.00522435,-0.9402552
0.01444235,-0.340124,0.00522435,-0.9402552
0.01444235,-0.340124,0.00522435,-0.9402552
0.01444235,-0.340124,0.00522435,-0.9402552
0.01444235,-0.340124,0.00522435,-0.9402552
0.01444235,-0.340124,0.00522435,-0.9402552
0.01444235,-0.340124,0.00522435,-0.9402552
0.01444235,-0.340124,0.00522435,-0.9402552
0.01444235,-0.340124,0.00522435,-0.9402552
0.01444235,-0.340124,0.00522435,-0.9402552
0.01444235,-0.340124,0.00522435,-0.9402552
0.01444235,-0.340124,0.00522435,-0.9402552
0.01444235,-0.340124,0.00522435,-0.9402552
0.01444235,-0.340124,0.00522435,-0.9402552
0.01444235,-0.340124,0.00522435,-0.9402552
0.01444235,-0.340124,0.00522435,-0.9402552
0.01444235,-0.340124,0.00522435,-0.9402552
0.01444235,-0.340124,0.00522435,-0.9402552
0.01444235,-0.340124,0.00522435,-0.9402552
0.01444235,-0.340124,0.00522435,-0.9402552
0.01444235,-0.340124,0.00522435,-0.9402552
0.01444235,-0.340124,0.00522435,-0.9402552
0.01444235,-0.340124,0.00522435,-0.9402552
0.01444235,-0.340124,0.00522435,-0.9402552
0.01444235,-0.340124,0.00522435,-0.9402552
0.01444235,-0.340124,0.00522435,-0.9402552
0.01444235,-0.340124,0.00522435,-0.9402552
0.01444235,-0.340124,0.00522435,-0.9402552
0.01444235,-0.340124,0.00522435,-0.9402552
0.01444235,-0.340124,0.00522435,-0.9402552
0.01444235,-0.340124,0.00522435,-0.9402552
0.01444235,-0.340124,0.00522435,-0.9402552
0.01444235,-0.340124,0.00522435,-0.9402552
0.01444235,-0.340124,0.00522435,-0.9402552
0.01444235,-0.340124,0.00522435,-0.9402552
0.01444235,-0.340124,0.00522435,-0.9402552
0.01444235,-0.340124,0.00522435,-0.9402552
0.01444235,-0.340124,0.00522435,-0.9402552
0.01444235,-0.340124,0.00522435,-0.9402552
0.01444235,-0.340124,0.00522435,-0.9402552
0.01444235,-0.340124,0.00522435,-0.9402552
0.01444235,-0.340124,0.00522435,-0.9402552
0.01444235,-0.340124,0.00522435,-0.9402552
0.01444235,-0.340124,0.00522435,-0.9402552
0.01444235,-0.340124,0.00522435,-0.9402552
0.01444235,-0.340124,0.00522435,-0.9402552
0.01444235,-0.340124,0.00522435,-0.9402552
0.01444235,-0.340124,0.00522435,-0.9402552
0.01444235,-0.340124,0.00522435,-0.9402552
0.01444235,-0.340124,0.00522435,-0.9402552
0.01444235,-0.340124,0.00522435,-0.9402552
0.01444235,-0.340124,0.00522435,-0.9402552
0.01444235,-0.340124,0.00522435,-0.9402552
0.01444235,-0.340124,0.00522435,-0.9402552
0.01444235,-0.340124,0.00522435,-0.9402552
0.01444235,-0.340124,0.00522435,-0.9402552
0.01444235,-0.340124,0.00522435,-0.9402552
0.01444235,-0.340124,0.00522435,-0.9402552
0.01444235,-0.340124,0.00522435,-0.9402552
0.01444235,-0.340124,0.00522435,-0.9402552
0.01444235,-0.340124,0.00522435,-0.9402552
0.01444235,-0.340124,0.00522435,-0.9402552
0.01444235,-0.340124,0.00522435,-0.9402552
0.01444235,-0.340124,0.00522435,-0.9402552
0.01444235,-0.340124,0.00522435,-0.9402552
0.01444235,-0.340124,0.00522435,-0.9402552
0.01444235,-0.340124,0.00522435,-0.9402552
0.01444235,-0.340124,0.00522435,-0.9402552
0.01444235,-0.340124,0.00522435,-0.9402552
0.01444189,-0.3402075,0.005225634,-0.940225
0.01444096,-0.3403731,0.005228176,-0.9401651
0.01443978,-0.3405857,0.005231442,-0.9400881
0.01443813,-0.3408825,0.005236,-0.9399805
0.01443373,-0.3416709,0.00524811,-0.9396942
0.01443108,-0.3421461,0.00525541,-0.9395213
0.01442805,-0.3426865,0.00526371,-0.9393243
0.01442456,-0.3433091,0.005273273,-0.9390969
0.01441644,-0.3447504,0.005295412,-0.9385687
0.01441173,-0.3455856,0.005308241,-0.9382616
0.01440662,-0.346487,0.005322087,-0.937929
0.01440113,-0.3474531,0.005336925,-0.9375716
0.01439524,-0.3484852,0.005352778,-0.9371884
0.01438888,-0.3495977,0.005369866,-0.9367741
0.01437496,-0.3520165,0.00540702,-0.9358678
0.01436739,-0.3533235,0.005427096,-0.9353751
0.01435942,-0.354695,0.005448162,-0.9348559
0.01435103,-0.3561314,0.005470227,-0.9343097
0.01434222,-0.357632,0.005493276,-0.9337363
0.01432314,-0.3608585,0.005542834,-0.9324941
0.01431295,-0.3625681,0.005569093,-0.9318308
0.01430233,-0.3643405,0.005596317,-0.9311392
0.01429125,-0.3661776,0.005624536,-0.9304183
0.01427973,-0.3680781,0.005653726,-0.9296681
0.01425511,-0.3721002,0.005715506,-0.9280655
0.0142421,-0.3742065,0.005747859,-0.9272182
0.01422862,-0.3763734,0.005781142,-0.9263408
0.01421466,-0.3786032,0.005815392,-0.9254317
0.01418525,-0.3832497,0.005886762,-0.923517
0.01416979,-0.3856661,0.005923878,-0.9225106
0.01415372,-0.3881597,0.00596218,-0.9214642
0.01413712,-0.3907146,0.006001425,-0.9203838
0.01411999,-0.3933318,0.006041625,-0.9192683
0.0140841,-0.3987477,0.006124813,-0.916932
0.01406522,-0.4015626,0.00616805,-0.9157028
0.01404577,-0.4044383,0.00621222,-0.9144363
0.01402574,-0.4073731,0.006257299,-0.9131327
0.01400513,-0.4103673,0.006303291,-0.911791
0.01396213,-0.4165325,0.006397987,-0.9089912
0.01393959,-0.419719,0.006446932,-0.9075242
0.01391644,-0.4229637,0.006496771,-0.9060165
0.01389264,-0.4262663,0.0065475,-0.9044673
0.0138682,-0.4296268,0.006599117,-0.902876
0.01381722,-0.4365326,0.00670519,-0.8995574
0.01379079,-0.4400615,0.006759393,-0.8978363
0.01376367,-0.4436458,0.00681445,-0.8960706
0.0137356,-0.4473176,0.006870848,-0.8942433
0.01370681,-0.4510454,0.006928107,-0.8923689
0.01364731,-0.4586292,0.007044595,-0.888495
0.01361632,-0.4625169,0.00710431,-0.8864775
0.01361632,-0.4625169,0.00710431,-0.8864775
0.01355189,-0.470468,0.00722644,-0.8822834
0.01351858,-0.4745135,0.007288578,-0.8801143
0.01348446,-0.4786101,0.007351502,-0.8778933
0.01341354,-0.4869843,0.007480131,-0.8732757
0.01337682,-0.4912465,0.007545597,-0.8708851
0.01333925,-0.4955574,0.007611813,-0.8684394
0.01330082,-0.4999166,0.007678769,-0.8659374
0.01322131,-0.508777,0.007814866,-0.8607613
0.01318008,-0.513292,0.007884216,-0.8580766
0.01313792,-0.5178529,0.007954272,-0.8553318
0.01309482,-0.522459,0.008025021,-0.8525261
0.01305064,-0.5271236,0.008096671,-0.8496498
0.0130055,-0.5318315,0.008168984,-0.846711
0.01291228,-0.5413737,0.008315552,-0.8406419
0.01286401,-0.5462221,0.008390024,-0.8374997
0.01281472,-0.5511109,0.008465116,-0.8342907
0.01276457,-0.5560225,0.00854056,-0.8310254
0.01271336,-0.5609728,0.008616596,-0.8276918
0.01260745,-0.5710142,0.008770833,-0.8207965
0.01255286,-0.5760891,0.008848784,-0.8172426
0.01249717,-0.5811988,0.008927267,-0.8136168
0.01244036,-0.5863418,0.009006265,-0.8099182
0.01238242,-0.5915175,0.009085764,-0.8061458
0.01232317,-0.5967386,0.00916596,-0.8022888
0.01220098,-0.6072874,0.009327991,-0.7943338
0.01213819,-0.6125977,0.009409557,-0.7902457
0.01207402,-0.6179488,0.00949175,-0.7860683
0.01200863,-0.623326,0.009574343,-0.7818112
0.01187412,-0.6341543,0.009740666,-0.7730539
0.01180497,-0.6396027,0.009824353,-0.7685522
0.01173454,-0.6450729,0.009908376,-0.7639667
0.01166281,-0.6505631,0.009992706,-0.759297
0.0115896,-0.6560852,0.01007753,-0.7545306
0.01143918,-0.6671805,0.01024795,-0.7447378
0.01136195,-0.672751,0.01033351,-0.7397096
0.01128335,-0.6783347,0.01041928,-0.7345926
0.01120337,-0.6839307,0.01050523,-0.7293853
0.01112181,-0.6895493,0.01059153,-0.724076
0.01103885,-0.695177,0.01067797,-0.7186746
0.01086821,-0.7064807,0.0108516,-0.7075657
0.01078073,-0.7121394,0.01093852,-0.7018701
0.01069178,-0.7178009,0.01102548,-0.6960791
0.01060136,-0.7234626,0.01111244,-0.6901927
0.01041605,-0.7347834,0.01128633,-0.6781281
0.01032094,-0.7404498,0.01137336,-0.6719363
0.0102245,-0.7460995,0.01146014,-0.6656573
0.01012652,-0.7517418,0.01154681,-0.6592788
0.010027,-0.7573751,0.01163334,-0.6527995
0.009822817,-0.7686324,0.01180625,-0.6395063
0.009718177,-0.7742497,0.01189253,-0.6326939
0.009612152,-0.7798394,0.01197839,-0.6257913
0.009504531,-0.7854106,0.01206396,-0.6187846
0.009395293,-0.7909618,0.01214923,-0.6116728
0.009171286,-0.8020279,0.0123192,-0.5970891
0.009056942,-0.8075166,0.01240351,-0.5896448
0.008940947,-0.8129771,0.01248739,-0.5820931
0.008823073,-0.8184174,0.01257095,-0.5744191
0.008703532,-0.8238248,0.01265401,-0.5666364
0.00845944,-0.8345323,0.01281847,-0.5507451
0.008334865,-0.8398283,0.01289982,-0.5426348
0.008208383,-0.8450919,0.01298067,-0.5344003
0.008080205,-0.8503116,0.01306084,-0.5260555
0.007950328,-0.8554849,0.0131403,-0.5176
0.007685454,-0.8656838,0.01329696,-0.5003556
0.007550444,-0.8707049,0.01337408,-0.4915659
0.007413504,-0.8756783,0.01345047,-0.4826506
0.007274845,-0.8805936,0.01352597,-0.4736233
0.007134466,-0.8854483,0.01360054,-0.4644841
0.006848553,-0.8949659,0.01374673,-0.4458701
0.006703023,-0.8996238,0.01381828,-0.4363956
0.006555768,-0.9042116,0.01388874,-0.4268087
0.006406553,-0.9087334,0.0139582,-0.4170942
0.006255639,-0.913179,0.01402648,-0.4072692
0.006041181,-0.919279,0.01412018,-0.3933071
0.005978186,-0.9210227,0.01414696,-0.3892059
0.005944419,-0.9219487,0.01416118,-0.3870075
0.005944419,-0.9219487,0.01416118,-0.3870075
0.005944419,-0.9219487,0.01416118,-0.3870075
0.005944419,-0.9219487,0.01416118,-0.3870075
0.005944419,-0.9219487,0.01416118,-0.3870075
0.005944419,-0.9219487,0.01416118,-0.3870075
0.005944419,-0.9219487,0.01416118,-0.3870075
0.005944419,-0.9219487,0.01416118,-0.3870075
0.005944419,-0.9219487,0.01416118,-0.3870075
0.005944419,-0.9219487,0.01416118,-0.3870075
0.005944419,-0.9219487,0.01416118,-0.3870075
0.005944419,-0.9219487,0.01416118,-0.3870075
0.005944419,-0.9219487,0.01416118,-0.3870075
0.005944419,-0.9219487,0.01416118,-0.3870075
0.005944419,-0.9219487,0.01416118,-0.3870075
0.005944419,-0.9219487,0.01416118,-0.3870075
0.005944419,-0.9219487,0.01416118,-0.3870075
0.005944419,-0.9219487,0.01416118,-0.3870075
0.005944419,-0.9219487,0.01416118,-0.3870075
0.005944419,-0.9219487,0.01416118,-0.3870075
0.005944419,-0.9219487,0.01416118,-0.3870075
0.005944419,-0.9219487,0.01416118,-0.3870075
0.005944419,-0.9219487,0.01416118,-0.3870075
0.005944419,-0.9219487,0.01416118,-0.3870075
0.005944419,-0.9219487,0.01416118,-0.3870075
0.005944419,-0.9219487,0.01416118,-0.3870075
0.005944419,-0.9219487,0.01416118,-0.3870075
0.005944419,-0.9219487,0.01416118,-0.3870075
0.005944419,-0.9219487,0.01416118,-0.3870075
0.005944419,-0.9219487,0.01416118,-0.3870075
0.005944419,-0.9219487,0.01416118,-0.3870075
0.005944419,-0.9219487,0.01416118,-0.3870075
0.005944419,-0.9219487,0.01416118,-0.3870075
0.005944419,-0.9219487,0.01416118,-0.3870075
0.005944419,-0.9219487,0.01416118,-0.3870075
0.005944419,-0.9219487,0.01416118,-0.3870075
0.005944419,-0.9219487,0.01416118,-0.3870075
0.005944419,-0.9219487,0.01416118,-0.3870075
0.005944419,-0.9219487,0.01416118,-0.3870075
0.005944419,-0.9219487,0.01416118,-0.3870075
0.005944419,-0.9219487,0.01416118,-0.3870075
0.005944419,-0.9219487,0.01416118,-0.3870075
0.005944419,-0.9219487,0.01416118,-0.3870075
0.005944419,-0.9219487,0.01416118,-0.3870075
0.005944419,-0.9219487,0.01416118,-0.3870075
0.005944419,-0.9219487,0.01416118,-0.3870075
0.005944419,-0.9219487,0.01416118,-0.3870075
0.005944419,-0.9219487,0.01416118,-0.3870075
0.005944419,-0.9219487,0.01416118,-0.3870075
0.005944419,-0.9219487,0.01416118,-0.3870075
0.005944419,-0.9219487,0.01416118,-0.3870075
0.005944419,-0.9219487,0.01416118,-0.3870075
0.005944419,-0.9219487,0.01416118,-0.3870075
0.005944419,-0.9219487,0.01416118,-0.3870075
0.005944419,-0.9219487,0.01416118,-0.3870075
0.005944419,-0.9219487,0.01416118,-0.3870075
0.005944419,-0.9219487,0.01416118,-0.3870075
0.005944419,-0.9219487,0.01416118,-0.3870075
0.005944419,-0.9219487,0.01416118,-0.3870075
0.005944419,-0.9219487,0.01416118,-0.3870075
0.005944419,-0.9219487,0.01416118,-0.3870075
0.005944419,-0.9219487,0.01416118,-0.3870075
0.005944419,-0.9219487,0.01416118,-0.3870075
0.005944419,-0.9219487,0.01416118,-0.3870075
0.005944419,-0.9219487,0.01416118,-0.3870075
0.005944419,-0.9219487,0.01416118,-0.3870075
0.005944419,-0.9219487,0.01416118,-0.3870075
0.005944419,-0.9219487,0.01416118,-0.3870075
0.005944419,-0.9219487,0.01416118,-0.3870075
0.005944419,-0.9219487,0.01416118,-0.3870075
0.005944419,-0.9219487,0.01416118,-0.3870075
0.005944419,-0.9219487,0.01416118,-0.3870075
0.005944419,-0.9219487,0.01416118,-0.3870075
0.005944419,-0.9219487,0.01416118,-0.3870075
0.005943436,-0.9219756,0.0141616,-0.3869435
0.005941471,-0.9220293,0.01416242,-0.3868156
0.005938513,-0.9221099,0.01416366,-0.386623
0.005934563,-0.9222177,0.01416532,-0.3863659
0.005929634,-0.9223521,0.01416738,-0.3860449
0.005916293,-0.9227152,0.01417296,-0.3851764
0.005908127,-0.9229369,0.01417636,-0.3846447
0.005898977,-0.923185,0.01418017,-0.384049
0.005888581,-0.9234662,0.01418449,-0.3833722
0.005877207,-0.9237733,0.01418921,-0.3826317
0.005851451,-0.9244661,0.01419985,-0.380955
0.005837064,-0.9248515,0.01420577,-0.3800183
0.005821958,-0.925255,0.01421197,-0.3790348
0.00580561,-0.9256903,0.01421865,-0.3779705
0.005769897,-0.9266362,0.01423318,-0.3756455
0.005750531,-0.9271463,0.01424102,-0.3743847
0.005730164,-0.9276807,0.01424923,-0.3730587
0.005708543,-0.9282455,0.0142579,-0.3716511
0.005685918,-0.9288339,0.01426694,-0.3701781
0.005661994,-0.9294531,0.01427645,-0.3686205
0.005611156,-0.9307589,0.01429651,-0.3653108
0.005584475,-0.9314388,0.01430695,-0.3635738
0.005556517,-0.9321473,0.01431783,-0.3617536
0.005527264,-0.9328842,0.01432915,-0.3598491
0.005466233,-0.9344071,0.01435254,-0.3558757
0.005434171,-0.9351994,0.01436471,-0.3537884
0.005400827,-0.9360178,0.01437728,-0.3516175
0.005366442,-0.9368557,0.01439015,-0.349379
0.005331022,-0.9377124,0.01440331,-0.347073
0.005294575,-0.9385872,0.01441675,-0.3447002
0.005218023,-0.9404026,0.01444463,-0.3397163
0.005178182,-0.9413356,0.01445896,-0.3371225
0.00513729,-0.9422846,0.01447354,-0.3344603
0.005095344,-0.9432495,0.01448836,-0.3317294
0.00500829,-0.9452236,0.01451868,-0.3260619
0.004962917,-0.9462375,0.01453426,-0.323108
0.004916486,-0.9472643,0.01455003,-0.3200851
0.004868983,-0.9483038,0.01456599,-0.3169925
0.004820421,-0.9493546,0.01458213,-0.3138309
0.004719808,-0.9514951,0.01461501,-0.3072805
0.004668016,-0.9525774,0.01463164,-0.3039087
0.004614898,-0.9536738,0.01464848,-0.3004505
0.004560407,-0.9547842,0.01466553,-0.296903
0.004504835,-0.9559017,0.0146827,-0.293285
0.00444816,-0.9570261,0.01469997,-0.2895952
0.004331819,-0.9592853,0.01473467,-0.282021
0.004272148,-0.9604189,0.01475208,-0.2781361
0.004210827,-0.9615661,0.0147697,-0.2741439
0.004148679,-0.9627104,0.01478728,-0.2700978
0.004085145,-0.9638613,0.01480496,-0.2659615
0.003954757,-0.9661636,0.01484032,-0.2574727
0.00388815,-0.9673088,0.01485791,-0.2531363
0.003819901,-0.9684606,0.0148756,-0.248693
0.003750536,-0.9696091,0.01489324,-0.2441771
0.003609022,-0.9718828,0.01492816,-0.234964
0.003536568,-0.9730111,0.0149455,-0.230247
0.003462439,-0.9741405,0.01496284,-0.2254208
0.003387469,-0.975257,0.01497999,-0.22054
0.00331137,-0.9763642,0.014997,-0.2155857
0.00315574,-0.9785464,0.01503052,-0.2054535
0.00307623,-0.9796188,0.01504699,-0.2002771
0.002995327,-0.980681,0.01506331,-0.19501
0.002913287,-0.981728,0.01507939,-0.1896688
0.002830104,-0.9827588,0.01509522,-0.1842533
0.002660301,-0.9847673,0.01512607,-0.1731984
0.002573425,-0.9857453,0.01514109,-0.1675425
0.002485398,-0.9867021,0.01515579,-0.1618116
0.002396239,-0.9876366,0.01517014,-0.156007
0.002305932,-0.9885473,0.01518413,-0.1501276
0.002121895,-0.9902927,0.01521094,-0.1381461
0.0020279,-0.9911272,0.01522376,-0.1320267
0.001932497,-0.9919348,0.01523616,-0.1258156
0.001836217,-0.9927097,0.01524806,-0.1195473
0.001738798,-0.993453,0.01525948,-0.113205
0.001540539,-0.994839,0.01528077,-0.1002975
0.001439452,-0.9954805,0.01529062,-0.09371634
0.001337234,-0.9960846,0.0152999,-0.08706156
0.001233881,-0.9966497,0.01530858,-0.08033287
0.001129397,-0.9971747,0.01531664,-0.07353052
0.001023519,-0.9976591,0.01532408,-0.06663745
0.0008084127,-0.9984959,0.01533694,-0.05263317
0.0006991948,-0.9988453,0.0153423,-0.04552265
0.0005888621,-0.9991467,0.01534693,-0.03833955
0.0004774331,-0.9993987,0.0153508,-0.03108508
0.0003646372,-0.9996002,0.0153539,-0.02374161
0.0001358012,-0.999843,0.01535763,-0.008843475
1.974669E-05,-0.9998813,0.01535821,-0.001287859
-9.736856E-05,-0.999862,0.01535792,0.006336813
-0.0002158269,-0.9997834,0.01535671,0.01404893
-0.000335352,-0.9996437,0.01535457,0.02183049
-0.0004559435,-0.9994414,0.01535146,0.02968148
-0.0007004532,-0.9988417,0.01534225,0.04560004
-0.0008241099,-0.9984417,0.0153361,0.05365059
-0.0009487901,-0.9979724,0.01532889,0.06176777
-0.001074762,-0.997431,0.01532058,0.06996907
-0.001329642,-0.996128,0.01530056,0.08656278
-0.001458556,-0.995363,0.01528881,0.09495557
-0.001588439,-0.9945201,0.01527586,0.1034115
-0.001719274,-0.9935975,0.01526169,0.1119293
-0.001851311,-0.9925914,0.01524624,0.1205255
-0.002085425,-0.9906217,0.01521598,0.1357672
-0.002154682,-0.9899933,0.01520633,0.1402761
-0.002191945,-0.9896466,0.015201,0.1427021
-0.002191945,-0.9896466,0.015201,0.1427021
-0.002191945,-0.9896466,0.015201,0.1427021
-0.002191945,-0.9896466,0.015201,0.1427021
-0.002191945,-0.9896466,0.015201,0.1427021
-0.002191945,-0.9896466,0.015201,0.1427021
-0.002191945,-0.9896466,0.015201,0.1427021
-0.002191945,-0.9896466,0.015201,0.1427021
-0.002191945,-0.9896466,0.015201,0.1427021
-0.002191945,-0.9896466,0.015201,0.1427021
-0.002191945,-0.9896466,0.015201,0.1427021
-0.002191945,-0.9896466,0.015201,0.1427021
-0.002191945,-0.9896466,0.015201,0.1427021
-0.002191945,-0.9896466,0.015201,0.1427021
-0.002191945,-0.9896466,0.015201,0.1427021
-0.002191945,-0.9896466,0.015201,0.1427021
-0.002191945,-0.9896466,0.015201,0.1427021
-0.002191945,-0.9896466,0.015201,0.1427021
-0.002191945,-0.9896466,0.015201,0.1427021
-0.002191945,-0.9896466,0.015201,0.1427021
-0.002191945,-0.9896466,0.015201,0.1427021
-0.002191945,-0.9896466,0.015201,0.1427021
-0.002191945,-0.9896466,0.015201,0.1427021
-0.002191945,-0.9896466,0.015201,0.1427021
-0.002191945,-0.9896466,0.015201,0.1427021
-0.002191945,-0.9896466,0.015201,0.1427021
-0.002191945,-0.9896466,0.015201,0.1427021
-0.002191945,-0.9896466,0.015201,0.1427021
-0.002191945,-0.9896466,0.015201,0.1427021
-0.002191945,-0.9896466,0.015201,0.1427021
-0.002191945,-0.9896466,0.015201,0.1427021
-0.002191945,-0.9896466,0.015201,0.1427021
-0.002191945,-0.9896466,0.015201,0.1427021
-0.002191945,-0.9896466,0.015201,0.1427021
-0.002191945,-0.9896466,0.015201,0.1427021
-0.002191945,-0.9896466,0.015201,0.1427021
-0.002191945,-0.9896466,0.015201,0.1427021
-0.002191945,-0.9896466,0.015201,0.1427021
-0.002191945,-0.9896466,0.015201,0.1427021
-0.002191945,-0.9896466,0.015201,0.1427021
-0.002191945,-0.9896466,0.015201,0.1427021
-0.002191945,-0.9896466,0.015201,0.1427021
-0.002191945,-0.9896466,0.015201,0.1427021
-0.002191945,-0.9896466,0.015201,0.1427021
-0.002191945,-0.9896466,0.015201,0.1427021
-0.002191945,-0.9896466,0.015201,0.1427021
-0.002191945,-0.9896466,0.015201,0.1427021
-0.002191945,-0.9896466,0.015201,0.1427021
-0.002191945,-0.9896466,0.015201,0.1427021
-0.002191945,-0.9896466,0.015201,0.1427021
-0.002191945,-0.9896466,0.015201,0.1427021
-0.002191945,-0.9896466,0.015201,0.1427021
-0.002191945,-0.9896466,0.015201,0.1427021
-0.002191945,-0.9896466,0.015201,0.1427021
-0.002191945,-0.9896466,0.015201,0.1427021
-0.002191945,-0.9896466,0.015201,0.1427021
-0.002191945,-0.9896466,0.015201,0.1427021
-0.002191945,-0.9896466,0.015201,0.1427021
-0.002191945,-0.9896466,0.015201,0.1427021
-0.002191945,-0.9896466,0.015201,0.1427021
-0.002191945,-0.9896466,0.015201,0.1427021
-0.002191945,-0.9896466,0.015201,0.1427021
-0.002191945,-0.9896466,0.015201,0.1427021
-0.002190888,-0.9896564,0.01520116,0.1426333
-0.002185604,-0.989706,0.01520192,0.1422893
-0.002181355,-0.9897457,0.01520253,0.1420127
-0.002176342,-0.9897925,0.01520325,0.1416863
-0.002169699,-0.9898543,0.01520419,0.1412538
-0.002162003,-0.9899256,0.01520529,0.1407527
-0.002143426,-0.9900969,0.01520792,0.1395433
-0.002132538,-0.9901966,0.01520945,0.1388345
-0.002120616,-0.990305,0.01521112,0.1380583
-0.002107907,-0.99042,0.01521288,0.1372308
-0.002078746,-0.9906812,0.0152169,0.1353324
-0.002062559,-0.9908246,0.0152191,0.1342785
-0.002045039,-0.9909785,0.01522146,0.1331379
-0.002026456,-0.9911403,0.01522395,0.1319281
-0.002006808,-0.9913098,0.01522655,0.1306489
-0.001964312,-0.9916705,0.01523209,0.1278822
-0.001941474,-0.9918611,0.01523502,0.1263954
-0.001917292,-0.9920604,0.01523808,0.1248211
-0.001892045,-0.9922658,0.01524123,0.1231773
-0.001865721,-0.9924771,0.01524448,0.1214636
-0.001809864,-0.9929154,0.01525121,0.1178271
-0.00178033,-0.9931417,0.01525469,0.1159043
-0.001749469,-0.993374,0.01525826,0.1138951
-0.00171724,-0.9936124,0.01526192,0.1117968
-0.001683946,-0.9938539,0.01526563,0.1096293
-0.001649868,-0.9940961,0.01526935,0.1074107
-0.001577911,-0.9945911,0.01527695,0.102726
-0.00154032,-0.9948409,0.01528079,0.1002787
-0.001501666,-0.9950913,0.01528464,0.09776215
-0.001461925,-0.9953421,0.01528849,0.09517483
-0.001421119,-0.9955926,0.01529233,0.0925182
-0.001335707,-0.9960937,0.01530003,0.08695755
-0.001291381,-0.9963414,0.01530384,0.08407171
-0.001245991,-0.9965863,0.0153076,0.08111664
-0.001199519,-0.996828,0.01531131,0.07809117
-0.001103335,-0.9972987,0.01531854,0.07182917
-0.001053612,-0.9975266,0.01532204,0.06859202
-0.001002553,-0.9977496,0.01532547,0.0652679
-0.000950142,-0.997967,0.01532881,0.0618557
-0.0008966257,-0.9981768,0.01533203,0.05837158
-0.0007866495,-0.9985698,0.01533807,0.05121169
-0.0007301899,-0.9987515,0.01534086,0.04753594
-0.0006723499,-0.9989235,0.0153435,0.04377032
-0.0006131803,-0.9990849,0.01534598,0.03991814
-0.0005529339,-0.999234,0.01534827,0.03599586
-0.0004297531,-0.9994906,0.01535221,0.0279763
-0.0003665294,-0.9995974,0.01535385,0.02386018
-0.0003022357,-0.9996885,0.01535525,0.01967441
-0.0002368733,-0.9997632,0.0153564,0.01541905
-0.0001701684,-0.9998208,0.01535728,0.01107629
-0.0001023813,-0.9998599,0.01535788,0.006663084
3.699289E-05,-0.9998792,0.01535818,-0.002410738
0.0001083017,-0.9998572,0.01535784,-0.007053229
0.0001806718,-0.9998128,0.01535716,-0.01176481
0.0002543711,-0.9997449,0.01535612,-0.01656293
0.0003288608,-0.9996528,0.0153547,-0.02141251
0.0004815715,-0.9993904,0.01535067,-0.03135459
0.0005595064,-0.9992183,0.01534803,-0.03642846
0.0006384939,-0.9990176,0.01534495,-0.04157086
0.0007185421,-0.998787,0.0153414,-0.04678232
0.0008818074,-0.9982325,0.01533289,-0.05741154
0.0009652687,-0.9979051,0.01532786,-0.06284522
0.001049765,-0.9975435,0.0153223,-0.06834625
0.001135294,-0.9971462,0.0153162,-0.07391456
0.001221869,-0.9967125,0.01530954,-0.07955091
0.001398095,-0.9957303,0.01529445,-0.09102396
0.001488008,-0.9951778,0.01528597,-0.09687761
0.001578935,-0.9945838,0.01527684,-0.1027974
0.001670878,-0.9939469,0.01526706,-0.1087832
0.001763813,-0.993266,0.0152566,-0.1148336
0.001952688,-0.9917672,0.01523358,-0.1271302
0.002048875,-0.9909443,0.01522094,-0.1333923
0.002146031,-0.9900723,0.01520755,-0.1397176
0.002244156,-0.9891497,0.01519338,-0.1461059
0.002343251,-0.9881753,0.01517841,-0.1525574
0.002544319,-0.9860654,0.015146,-0.1656477
0.002646276,-0.9849274,0.01512852,-0.1722855
0.002749418,-0.9837291,0.01511012,-0.1790005
0.002853486,-0.9824721,0.01509081,-0.1857757
0.002958769,-0.9811513,0.01507052,-0.1926301
0.003064663,-0.9797726,0.01504935,-0.1995242
0.003279687,-0.9768173,0.01500395,-0.2135231
0.003388515,-0.9752416,0.01497975,-0.2206083
0.003498494,-0.9735942,0.01495445,-0.2277683
0.00360904,-0.9718825,0.01492816,-0.2349653
0.003832896,-0.9682429,0.01487225,-0.2495392
0.003946189,-0.966312,0.01484259,-0.256915
0.004060287,-0.9643064,0.01481179,-0.2643433
0.004175181,-0.9622247,0.01477981,-0.2718233
0.004290847,-0.9600655,0.01474665,-0.2793537
0.004407288,-0.9578272,0.01471227,-0.2869344
0.004642895,-0.9530976,0.01463962,-0.3022734
0.004761792,-0.950608,0.01460138,-0.310014
0.004881389,-0.9480333,0.01456183,-0.3178003
0.00500167,-0.9453722,0.01452096,-0.325631
0.005244206,-0.9397851,0.01443514,-0.3414211
0.005366696,-0.9368495,0.01439005,-0.3493957
0.005490061,-0.9338148,0.01434344,-0.3574272
0.005613754,-0.9306925,0.01429548,-0.3654801
0.005738014,-0.9274749,0.01424606,-0.37357
0.005862842,-0.9241601,0.01419514,-0.3816968
0.00611456,-0.9172202,0.01408855,-0.3980846
0.006241167,-0.9135985,0.01403292,-0.4063272
0.006368252,-0.9098737,0.01397571,-0.414601
0.00649603,-0.906037,0.01391677,-0.4229198
0.006624227,-0.9020941,0.01385621,-0.431266
0.006881799,-0.8938842,0.01373011,-0.4480349
0.007011131,-0.889614,0.01366452,-0.4564549
0.007140764,-0.8852329,0.01359722,-0.4648945
0.007270944,-0.8807299,0.01352806,-0.4733698
0.007401387,-0.8761125,0.01345713,-0.4818621
0.007662985,-0.8665274,0.01330991,-0.4988932
0.007794074,-0.8615576,0.01323357,-0.5074276
0.007925333,-0.8564672,0.01315538,-0.515973
0.008056938,-0.8512467,0.0130752,-0.524541
0.008188652,-0.8459028,0.01299311,-0.533116
0.008431619,-0.8357245,0.01283678,-0.5489342
0.008501625,-0.832713,0.01279052,-0.5534918
0.008544788,-0.8308384,0.01276173,-0.556302
0.008561644,-0.8301025,0.01275042,-0.5573993
0.008561644,-0.8301025,0.01275042,-0.5573993
0.008561644,-0.8301025,0.01275042,-0.5573993
0.008561644,-0.8301025,0.01275042,-0.5573993
0.008561644,-0.8301025,0.01275042,-0.5573993
0.008561644,-0.8301025,0.01275042,-0.5573993
0.008561644,-0.8301025,0.01275042,-0.5573993
0.008561644,-0.8301025,0.01275042,-0.5573993
0.008561644,-0.8301025,0.01275042,-0.5573993
0.008561644,-0.8301025,0.01275042,-0.5573993
0.008561644,-0.8301025,0.01275042,-0.5573993
0.008561644,-0.8301025,0.01275042,-0.5573993
0.008561644,-0.8301025,0.01275042,-0.5573993
0.008561644,-0.8301025,0.01275042,-0.5573993
0.008561644,-0.8301025,0.01275042,-0.5573993
0.008561644,-0.8301025,0.01275042,-0.5573993
0.008561644,-0.8301025,0.01275042,-0.5573993
0.008561644,-0.8301025,0.01275042,-0.5573993
0.008561644,-0.8301025,0.01275042,-0.5573993
0.008561644,-0.8301025,0.01275042,-0.5573993
0.008561644,-0.8301025,0.01275042,-0.5573993
0.008561644,-0.8301025,0.01275042,-0.5573993
0.008561644,-0.8301025,0.01275042,-0.5573993
0.008561644,-0.8301025,0.01275042,-0.5573993
0.008561644,-0.8301025,0.01275042,-0.5573993
0.008561644,-0.8301025,0.01275042,-0.5573993
0.008561644,-0.8301025,0.01275042,-0.5573993
0.008561644,-0.8301025,0.01275042,-0.5573993
0.008561644,-0.8301025,0.01275042,-0.5573993
0.008561644,-0.8301025,0.01275042,-0.5573993
0.008561644,-0.8301025,0.01275042,-0.5573993
0.008561644,-0.8301025,0.01275042,-0.5573993
0.008561644,-0.8301025,0.01275042,-0.5573993
0.008561644,-0.8301025,0.01275042,-0.5573993
0.008561644,-0.8301025,0.01275042,-0.5573993
0.008561644,-0.8301025,0.01275042,-0.5573993
0.008561644,-0.8301025,0.01275042,-0.5573993
0.008561644,-0.8301025,0.01275042,-0.5573993
0.008561644,-0.8301025,0.01275042,-0.5573993
0.008561644,-0.8301025,0.01275042,-0.5573993
0.008561644,-0.8301025,0.01275042,-0.5573993
0.008561644,-0.8301025,0.01275042,-0.5573993
0.008561644,-0.8301025,0.01275042,-0.5573993
0.008561644,-0.8301025,0.01275042,-0.5573993
0.008561644,-0.8301025,0.01275042,-0.5573993
0.008561644,-0.8301025,0.01275042,-0.5573993
0.008561644,-0.8301025,0.01275042,-0.5573993
0.008561644,-0.8301025,0.01275042,-0.5573993
0.008561644,-0.8301025,0.01275042,-0.5573993
0.008561644,-0.8301025,0.01275042,-0.5573993
0.008561644,-0.8301025,0.01275042,-0.5573993
0.008561644,-0.8301025,0.01275042,-0.5573993
0.008561644,-0.8301025,0.01275042,-0.5573993
0.008561644,-0.8301025,0.01275042,-0.5573993
0.008560525,-0.8301514,0.01275118,-0.5573265
0.008558516,-0.8302392,0.01275252,-0.5571957
0.008555634,-0.830365,0.01275446,-0.5570081
0.00855186,-0.8305299,0.01275699,-0.5567624
0.008541402,-0.8309858,0.01276399,-0.5560817
0.008534953,-0.8312666,0.0127683,-0.5556617
0.008527608,-0.8315861,0.01277321,-0.5551835
0.008519375,-0.8319437,0.0127787,-0.5546475
0.008499769,-0.8327933,0.01279175,-0.5533711
0.00848861,-0.8332756,0.01279916,-0.5526447
0.008476551,-0.8337956,0.01280715,-0.5518596
0.008463595,-0.8343533,0.01281572,-0.5510161
0.008449509,-0.8349581,0.01282501,-0.550099
0.008418361,-0.8362907,0.01284547,-0.5480712
0.0084013,-0.8370176,0.01285664,-0.5469605
0.008383347,-0.8377802,0.01286835,-0.5457916
0.008364714,-0.8385692,0.01288047,-0.5445786
0.008344684,-0.8394147,0.01289346,-0.5432745
0.008323962,-0.8402863,0.01290685,-0.5419254
0.008279558,-0.8421437,0.01293537,-0.5390346
0.008255821,-0.8431307,0.01295054,-0.5374892
0.008231159,-0.8441522,0.01296623,-0.5358836
0.008205565,-0.8452077,0.01298244,-0.5342173
0.008151361,-0.8474278,0.01301654,-0.5306885
0.008122954,-0.8485832,0.01303429,-0.5288391
0.008093603,-0.8497711,0.01305253,-0.5269282
0.008063293,-0.8509914,0.01307128,-0.5249549
0.008031793,-0.8522533,0.01309066,-0.522904
0.007965889,-0.854871,0.01313087,-0.5186134
0.007931485,-0.8562258,0.01315168,-0.5163736
0.007896115,-0.8576103,0.01317294,-0.5140709
0.007859282,-0.859043,0.01319495,-0.5116729
0.007821955,-0.8604859,0.01321711,-0.5092428
0.007743617,-0.8634838,0.01326316,-0.5041427
0.007703079,-0.8650193,0.01328674,-0.5015035
0.007661304,-0.8665903,0.01331087,-0.4987838
0.007618528,-0.8681873,0.0133354,-0.4959989
0.007574744,-0.8698096,0.01336032,-0.4931484
0.007484104,-0.873129,0.01341131,-0.4872474
0.007437009,-0.8748329,0.01343748,-0.4841813
0.007388876,-0.87656,0.01346401,-0.4810476
0.007339714,-0.8783088,0.01349087,-0.477847
0.007289529,-0.8800786,0.01351805,-0.4745798
0.007238298,-0.881869,0.01354556,-0.4712444
0.007132153,-0.8855271,0.01360174,-0.464334
0.007077495,-0.8873839,0.01363026,-0.4607755
0.007021774,-0.8892581,0.01365905,-0.4571479
0.006964983,-0.8911491,0.0136881,-0.4534506
0.006848174,-0.894978,0.01374691,-0.4458458
0.006788131,-0.8969148,0.01377666,-0.4419368
0.006726764,-0.8988723,0.01380673,-0.4379416
0.006664304,-0.9008422,0.01383698,-0.4338751
0.006600741,-0.9028236,0.01386742,-0.429737
0.006470266,-0.906818,0.01392877,-0.4212426
0.006403353,-0.908829,0.01395966,-0.4168862
0.006335308,-0.910848,0.01399067,-0.4124563
0.006265901,-0.9128807,0.01402189,-0.4079376
0.006195351,-0.9149193,0.01405321,-0.4033445
0.00605084,-0.9190094,0.01411603,-0.3939363
0.005976849,-0.9210594,0.01414752,-0.3891192
0.005901458,-0.9231176,0.01417913,-0.3842109
0.005824917,-0.9251759,0.01421075,-0.3792277
0.005747214,-0.9272334,0.01424235,-0.374169
0.005668332,-0.9292892,0.01427393,-0.3690335
0.005506809,-0.9333966,0.01433702,-0.3585177
0.005424153,-0.9354457,0.01436849,-0.3531364
0.005340313,-0.9374882,0.01439986,-0.3476781
0.005255275,-0.9395228,0.01443112,-0.3421418
0.005081622,-0.9435632,0.01449318,-0.3308363
0.00499275,-0.945572,0.01452403,-0.3250504
0.00490268,-0.9475675,0.01455468,-0.3191864
0.004811395,-0.9495487,0.01458511,-0.3132434
0.004718905,-0.951514,0.0146153,-0.3072219
0.004561788,-0.9547562,0.0146651,-0.296993
0.004536956,-0.9552576,0.0146728,-0.2953763
0.004536956,-0.9552576,0.0146728,-0.2953763
0.004536956,-0.9552576,0.0146728,-0.2953763
0.004536956,-0.9552576,0.0146728,-0.2953763
0.004536956,-0.9552576,0.0146728,-0.2953763
0.004536956,-0.9552576,0.0146728,-0.2953763
0.004536956,-0.9552576,0.0146728,-0.2953763
0.004536956,-0.9552576,0.0146728,-0.2953763
0.004536956,-0.9552576,0.0146728,-0.2953763
0.004536956,-0.9552576,0.0146728,-0.2953763
0.004536956,-0.9552576,0.0146728,-0.2953763
0.004536956,-0.9552576,0.0146728,-0.2953763
0.004536956,-0.9552576,0.0146728,-0.2953763
0.004536956,-0.9552576,0.0146728,-0.2953763
0.004536956,-0.9552576,0.0146728,-0.2953763
0.004536956,-0.9552576,0.0146728,-0.2953763
0.004536956,-0.9552576,0.0146728,-0.2953763
0.004536956,-0.9552576,0.0146728,-0.2953763
0.004536956,-0.9552576,0.0146728,-0.2953763
0.004536956,-0.9552576,0.0146728,-0.2953763
0.004536956,-0.9552576,0.0146728,-0.2953763
0.004536956,-0.9552576,0.0146728,-0.2953763
0.004536956,-0.9552576,0.0146728,-0.2953763
0.004536956,-0.9552576,0.0146728,-0.2953763
0.004536956,-0.9552576,0.0146728,-0.2953763
0.004536956,-0.9552576,0.0146728,-0.2953763
0.004536956,-0.9552576,0.0146728,-0.2953763
0.004536956,-0.9552576,0.0146728,-0.2953763
0.004536956,-0.9552576,0.0146728,-0.2953763
0.004536956,-0.9552576,0.0146728,-0.2953763
0.004536956,-0.9552576,0.0146728,-0.2953763
0.004536956,-0.9552576,0.0146728,-0.2953763
0.004536956,-0.9552576,0.0146728,-0.2953763
0.004536956,-0.9552576,0.0146728,-0.2953763
0.004536956,-0.9552576,0.0146728,-0.2953763
0.004536956,-0.9552576,0.0146728,-0.2953763
0.004536956,-0.9552576,0.0146728,-0.2953763
0.004536956,-0.9552576,0.0146728,-0.2953763
0.004536956,-0.9552576,0.0146728,-0.2953763
0.004536956,-0.9552576,0.0146728,-0.2953763
0.004536956,-0.9552576,0.0146728,-0.2953763
0.004536956,-0.9552576,0.0146728,-0.2953763
0.004536956,-0.9552576,0.0146728,-0.2953763
0.004536956,-0.9552576,0.0146728,-0.2953763
0.004536956,-0.9552576,0.0146728,-0.2953763
0.004536956,-0.9552576,0.0146728,-0.2953763
0.004536956,-0.9552576,0.0146728,-0.2953763
0.004536956,-0.9552576,0.0146728,-0.2953763
0.004536956,-0.9552576,0.0146728,-0.2953763
0.004536956,-0.9552576,0.0146728,-0.2953763
0.004536956,-0.9552576,0.0146728,-0.2953763
0.004536956,-0.9552576,0.0146728,-0.2953763
0.004536956,-0.9552576,0.0146728,-0.2953763
0.004536956,-0.9552576,0.0146728,-0.2953763
0.004536956,-0.9552576,0.0146728,-0.2953763
0.004536956,-0.9552576,0.0146728,-0.2953763
0.004536956,-0.9552576,0.0146728,-0.2953763
0.004536956,-0.9552576,0.0146728,-0.2953763
0.004536956,-0.9552576,0.0146728,-0.2953763
0.004536956,-0.9552576,0.0146728,-0.2953763
0.004536956,-0.9552576,0.0146728,-0.2953763
0.004536956,-0.9552576,0.0146728,-0.2953763
0.004536956,-0.9552576,0.0146728,-0.2953763
0.004536956,-0.9552576,0.0146728,-0.2953763
0.004536956,-0.9552576,0.0146728,-0.2953763
0.004536956,-0.9552576,0.0146728,-0.2953763
0.004536956,-0.9552576,0.0146728,-0.2953763
0.004536956,-0.9552576,0.0146728,-0.2953763
0.004536956,-0.9552576,0.0146728,-0.2953763
0.004536956,-0.9552576,0.0146728,-0.2953763
0.004536956,-0.9552576,0.0146728,-0.2953763
0.004536956,-0.9552576,0.0146728,-0.2953763
0.004536956,-0.9552576,0.0146728,-0.2953763
0.004536956,-0.9552576,0.0146728,-0.2953763
0.004536956,-0.9552576,0.0146728,-0.2953763
0.004536956,-0.9552576,0.0146728,-0.2953763
0.004536956,-0.9552576,0.0146728,-0.2953763
0.004536956,-0.9552576,0.0146728,-0.2953763
0.004536956,-0.9552576,0.0146728,-0.2953763
0.004536956,-0.9552576,0.0146728,-0.2953763
0.004536956,-0.9552576,0.0146728,-0.2953763
0.004536956,-0.9552576,0.0146728,-0.2953763
0.004536956,-0.9552576,0.0146728,-0.2953763
0.004536956,-0.9552576,0.0146728,-0.2953763
0.004536956,-0.9552576,0.0146728,-0.2953763
0.004536956,-0.9552576,0.0146728,-0.2953763
0.004536956,-0.9552576,0.0146728,-0.2953763
0.004536956,-0.9552576,0.0146728,-0.2953763
0.004536956,-0.9552576,0.0146728,-0.2953763
0.004536956,-0.9552576,0.0146728,-0.2953763
0.004536956,-0.9552576,0.0146728,-0.2953763
0.004536956,-0.9552576,0.0146728,-0.2953763
0.004536956,-0.9552576,0.0146728,-0.2953763
0.004536956,-0.9552576,0.0146728,-0.2953763
0.004536956,-0.9552576,0.0146728,-0.2953763
0.004536956,-0.9552576,0.0146728,-0.2953763
0.004536956,-0.9552576,0.0146728,-0.2953763
0.004536956,-0.9552576,0.0146728,-0.2953763
0.004536956,-0.9552576,0.0146728,-0.2953763
0.004536956,-0.9552576,0.0146728,-0.2953763
0.004536956,-0.9552576,0.0146728,-0.2953763
0.004536956,-0.9552576,0.0146728,-0.2953763
0.004536956,-0.9552576,0.0146728,-0.2953763
0.004536956,-0.9552576,0.0146728,-0.2953763
0.004536956,-0.9552576,0.0146728,-0.2953763
0.004536956,-0.9552576,0.0146728,-0.2953763
0.004536956,-0.9552576,0.0146728,-0.2953763
0.004536956,-0.9552576,0.0146728,-0.2953763
0.004537977,-0.955237,0.01467249,-0.2954428
0.004540282,-0.9551906,0.01467177,-0.2955929
0.004547955,-0.9550359,0.0146694,-0.2960924
0.004553594,-0.954922,0.01466765,-0.2964595
0.004560256,-0.9547872,0.01466558,-0.2968933
0.004567945,-0.9546314,0.01466318,-0.2973938
0.004576641,-0.9544548,0.01466047,-0.29796
0.00459712,-0.9540376,0.01465406,-0.2992932
0.004608895,-0.9537968,0.01465036,-0.3000598
0.004621679,-0.9535346,0.01464634,-0.3008921
0.004635741,-0.9532451,0.01464189,-0.3018076
0.004650822,-0.9529337,0.01463711,-0.3027894
0.004684025,-0.9522442,0.01462652,-0.3049511
0.004702417,-0.95186,0.01462061,-0.3061485
0.00472181,-0.9514529,0.01461436,-0.307411
0.004742195,-0.9510231,0.01460776,-0.3087382
0.004763613,-0.9505692,0.01460079,-0.3101326
0.004809462,-0.9495903,0.01458575,-0.3131175
0.004834136,-0.9490591,0.01457759,-0.3147239
0.004859556,-0.9485086,0.01456914,-0.3163789
0.004885979,-0.9479331,0.0145603,-0.3180991
0.004913399,-0.9473322,0.01455107,-0.3198842
0.004972016,-0.946035,0.01453114,-0.3237004
0.005002682,-0.9453495,0.01452061,-0.3256969
0.005034338,-0.9446369,0.01450967,-0.3277578
0.005066981,-0.9438969,0.0144983,-0.329883
0.005100605,-0.9431291,0.01448651,-0.3320721
0.005135471,-0.9423267,0.01447418,-0.334342
0.005208689,-0.9406218,0.01444799,-0.3391088
0.005246744,-0.9397249,0.01443422,-0.3415864
0.005285786,-0.9387971,0.01441997,-0.3441281
0.005325767,-0.9378389,0.01440525,-0.346731
0.005366729,-0.9368486,0.01439004,-0.3493978
0.005452033,-0.9347586,0.01435794,-0.3549515
0.00549612,-0.9336637,0.01434112,-0.3578217
0.005541155,-0.9325347,0.01432378,-0.3607536
0.005587123,-0.9313714,0.01430591,-0.3637463
0.005602945,-0.9309685,0.01429972,-0.3647764
0.005602945,-0.9309685,0.01429972,-0.3647764
0.005602945,-0.9309685,0.01429972,-0.3647764
0.005602945,-0.9309685,0.01429972,-0.3647764
0.005602945,-0.9309685,0.01429972,-0.3647764
0.005602945,-0.9309685,0.01429972,-0.3647764
0.005602945,-0.9309685,0.01429972,-0.3647764
0.005602945,-0.9309685,0.01429972,-0.3647764
0.005602945,-0.9309685,0.01429972,-0.3647764
0.005602945,-0.9309685,0.01429972,-0.3647764
0.005602945,-0.9309685,0.01429972,-0.3647764
0.005602945,-0.9309685,0.01429972,-0.3647764
0.005602945,-0.9309685,0.01429972,-0.3647764
0.005602945,-0.9309685,0.01429972,-0.3647764
0.005602945,-0.9309685,0.01429972,-0.3647764
0.005602945,-0.9309685,0.01429972,-0.3647764
0.005602945,-0.9309685,0.01429972,-0.3647764
0.005602945,-0.9309685,0.01429972,-0.3647764
0.005602945,-0.9309685,0.01429972,-0.3647764
0.005602945,-0.9309685,0.01429972,-0.3647764
0.005602945,-0.9309685,0.01429972,-0.3647764
0.005602945,-0.9309685,0.01429972,-0.3647764
0.005602945,-0.9309685,0.01429972,-0.3647764
0.005602945,-0.9309685,0.01429972,-0.3647764
0.005602945,-0.9309685,0.01429972,-0.3647764
0.005602945,-0.9309685,0.01429972,-0.3647764
0.005602945,-0.9309685,0.01429972,-0.3647764
0.005602945,-0.9309685,0.01429972,-0.3647764
0.005602945,-0.9309685,0.01429972,-0.3647764
0.005602945,-0.9309685,0.01429972,-0.3647764
0.005602945,-0.9309685,0.01429972,-0.3647764
0.005602945,-0.9309685,0.01429972,-0.3647764
0.005602945,-0.9309685,0.01429972,-0.3647764
0.005602945,-0.9309685,0.01429972,-0.3647764
0.005602945,-0.9309685,0.01429972,-0.3647764
0.005602945,-0.9309685,0.01429972,-0.3647764
0.005602945,-0.9309685,0.01429972,-0.3647764
0.005602945,-0.9309685,0.01429972,-0.3647764
0.005602945,-0.9309685,0.01429972,-0.3647764
0.005602945,-0.9309685,0.01429972,-0.3647764
0.005602945,-0.9309685,0.01429972,-0.3647764
0.005602945,-0.9309685,0.01429972,-0.3647764
0.005602945,-0.9309685,0.01429972,-0.3647764
0.005602945,-0.9309685,0.01429972,-0.3647764
0.005602945,-0.9309685,0.01429972,-0.3647764
0.005602945,-0.9309685,0.01429972,-0.3647764
0.005602945,-0.9309685,0.01429972,-0.3647764
0.005602945,-0.9309685,0.01429972,-0.3647764
0.005602945,-0.9309685,0.01429972,-0.3647764
0.005602945,-0.9309685,0.01429972,-0.3647764
0.005602945,-0.9309685,0.01429972,-0.3647764
0.005602945,-0.9309685,0.01429972,-0.3647764
0.005602945,-0.9309685,0.01429972,-0.3647764
0.005602945,-0.9309685,0.01429972,-0.3647764
0.005601946,-0.930994,0.01430011,-0.3647114
0.005596963,-0.9311211,0.01430206,-0.3643869
0.005592965,-0.9312229,0.01430363,-0.3641267
0.005587719,-0.9313563,0.01430568,-0.3637851
0.005581468,-0.9315152,0.01430812,-0.3633782
0.005574212,-0.9316993,0.01431094,-0.3629057
0.005565953,-0.9319085,0.01431416,-0.362368
0.005545951,-0.9324139,0.01432192,-0.3610659
0.00553444,-0.9327038,0.01432637,-0.3603164
0.005521919,-0.9330182,0.0143312,-0.3595013
0.005508395,-0.933357,0.01433641,-0.3586208
0.005493623,-0.933726,0.01434207,-0.3576591
0.005461048,-0.9345356,0.01435451,-0.3555384
0.005443256,-0.9349754,0.01436127,-0.35438
0.005424452,-0.9354384,0.01436838,-0.3531558
0.005404643,-0.9359244,0.01437584,-0.3518661
0.005383801,-0.9364334,0.01438366,-0.3505093
0.00533856,-0.9375306,0.01440051,-0.3475639
0.005314398,-0.9381122,0.01440945,-0.3459908
0.00528922,-0.9387152,0.01441871,-0.3443516
0.005262763,-0.9393452,0.01442839,-0.3426292
0.005235279,-0.939996,0.01443838,-0.3408399
0.005177503,-0.9413514,0.0144592,-0.3370785
0.005147218,-0.942055,0.01447001,-0.3351068
0.005115359,-0.9427903,0.0144813,-0.3330326
0.005082495,-0.9435433,0.01449287,-0.330893
0.00504857,-0.944315,0.01450472,-0.3286844
0.004977589,-0.9459108,0.01452923,-0.3240633
0.004940527,-0.946734,0.01454188,-0.3216504
0.004902432,-0.9475729,0.01455476,-0.3191703
0.004863299,-0.9484273,0.01456789,-0.3166226
0.004823099,-0.949297,0.01458124,-0.3140054
0.004739027,-0.95109,0.01460878,-0.308532
0.004695402,-0.9520067,0.01462287,-0.3056918
0.00465071,-0.9529361,0.01463714,-0.3027822
0.004604953,-0.9538774,0.0146516,-0.2998033
0.004510254,-0.9557933,0.01468103,-0.293638
0.00446129,-0.9567669,0.01469598,-0.2904502
0.004410711,-0.9577603,0.01471124,-0.2871573
0.004359331,-0.9587569,0.01472655,-0.2838123
0.004306592,-0.9597666,0.01474206,-0.2803788
0.004253049,-0.9607781,0.01475759,-0.276893
0.004142148,-0.9628296,0.0147891,-0.2696728
0.004085054,-0.963863,0.01480498,-0.2659558
0.004026879,-0.9649,0.0148209,-0.2621683
0.003967615,-0.9659401,0.01483688,-0.25831
0.003845784,-0.9680263,0.01486892,-0.2503783
0.003845784,-0.9680263,0.01486892,-0.2503783
0.003718439,-0.9701329,0.01490128,-0.2420876
0.003653395,-0.9711798,0.01491736,-0.237853
0.003586944,-0.9722291,0.01493348,-0.2335268
0.003450986,-0.9743127,0.01496548,-0.2246754
0.003381182,-0.9753495,0.01498141,-0.2201309
0.003310291,-0.9763796,0.01499723,-0.2155156
0.003238282,-0.9774026,0.01501294,-0.2108275
0.003164871,-0.9784213,0.01502859,-0.2060481
0.003090318,-0.979431,0.0150441,-0.2011945
0.002937837,-0.9814178,0.01507462,-0.1912673
0.002859925,-0.9823928,0.01508959,-0.1861949
0.002780592,-0.9833576,0.01510441,-0.18103
0.002700414,-0.9843043,0.01511895,-0.1758102
0.002536663,-0.986149,0.01514729,-0.1651493
0.002453096,-0.9870448,0.01516105,-0.1597087
0.002368123,-0.987924,0.01517455,-0.1541767
0.002282014,-0.9887826,0.01518774,-0.1485706
0.002194779,-0.9896193,0.01520059,-0.1428913
0.002016903,-0.9912223,0.01522521,-0.1313108
0.001926258,-0.9919862,0.01523695,-0.1254095
0.001834202,-0.9927255,0.0152483,-0.1194163
0.001740735,-0.9934386,0.01525926,-0.1133312
0.001646137,-0.9941218,0.01526975,-0.1071725
0.001550432,-0.9947739,0.01527977,-0.1009417
0.001355593,-0.9959794,0.01529828,-0.08825691
0.001296948,-0.9963103,0.01530336,-0.0844389
0.001262379,-0.9964985,0.01530625,-0.08218831
0.00125984,-0.9965121,0.01530646,-0.08202301
0.00125984,-0.9965121,0.01530646,-0.08202301
0.00125984,-0.9965121,0.01530646,-0.08202301
0.00125984,-0.9965121,0.01530646,-0.08202301
0.00125984,-0.9965121,0.01530646,-0.08202301
0.00125984,-0.9965121,0.01530646,-0.08202301
0.00125984,-0.9965121,0.01530646,-0.08202301
0.00125984,-0.9965121,0.01530646,-0.08202301
0.00125984,-0.9965121,0.01530646,-0.08202301
0.00125984,-0.9965121,0.01530646,-0.08202301
0.00125984,-0.9965121,0.01530646,-0.08202301
0.00125984,-0.9965121,0.01530646,-0.08202301
0.00125984,-0.9965121,0.01530646,-0.08202301
0.00125984,-0.9965121,0.01530646,-0.08202301
0.00125984,-0.9965121,0.01530646,-0.08202301
0.00125984,-0.9965121,0.01530646,-0.08202301
0.00125984,-0.9965121,0.01530646,-0.08202301
0.00125984,-0.9965121,0.01530646,-0.08202301
0.001258485,-0.9965194,0.01530658,-0.08193477
0.001256061,-0.9965324,0.01530677,-0.08177701
0.001252867,-0.9965494,0.01530704,-0.08156902
0.001248606,-0.9965721,0.01530738,-0.08129167
0.001236329,-0.9966369,0.01530838,-0.08049238
0.001228579,-0.9966776,0.015309,-0.07998779
0.001219768,-0.9967234,0.01530971,-0.07941419
0.001209875,-0.9967745,0.01531049,-0.07877012
0.001198648,-0.996832,0.01531138,-0.07803918
0.001172994,-0.9969614,0.01531336,-0.07636901
0.001158558,-0.9970329,0.01531446,-0.07542918
0.00114306,-0.9971088,0.01531563,-0.07442021
0.001126488,-0.9971887,0.01531685,-0.07334131
0.001108579,-0.9972737,0.01531816,-0.07217535
0.001069529,-0.9974545,0.01532094,-0.06963299
0.001048389,-0.9975497,0.0153224,-0.06825674
0.001025913,-0.9976486,0.01532392,-0.0667934
0.001002366,-0.9977501,0.01532548,-0.06526043
0.0009777485,-0.9978536,0.01532707,-0.06365772
0.0009253039,-0.9980656,0.01533032,-0.06024337
0.0008974646,-0.9981733,0.01533198,-0.05843092
0.0008682791,-0.9982827,0.01533366,-0.05653082
0.0008380149,-0.9983923,0.01533534,-0.0545605
0.0008069783,-0.9985008,0.01533701,-0.0525399
0.0007411405,-0.9987171,0.01534033,-0.04825359
0.0007066051,-0.9988232,0.01534196,-0.04600519
0.0006709913,-0.9989273,0.01534356,-0.04368659
0.0006343119,-0.9990289,0.01534512,-0.04129862
0.000596554,-0.9991274,0.01534663,-0.03884043
0.0005172905,-0.9993147,0.01534951,-0.03368005
0.0004760457,-0.9994015,0.01535084,-0.03099485
0.000433421,-0.9994838,0.0153521,-0.02821981
0.0003900173,-0.9995596,0.01535327,-0.02539405
0.0003452472,-0.9996294,0.01535434,-0.02247934
0.0002993988,-0.999692,0.0153553,-0.01949443
0.0002042578,-0.9997936,0.01535686,-0.01330036
0.0001549165,-0.9998312,0.01535744,-0.01008804
0.0001045203,-0.9998589,0.01535786,-0.006807046
5.306398E-05,-0.9998761,0.01535813,-0.003457031
-5.307501E-05,-0.9998761,0.01535813,0.003453046
-0.0001077675,-0.9998575,0.01535784,0.007013745
-0.0001635216,-0.9998255,0.01535735,0.01064356
-0.0002206086,-0.999779,0.01535663,0.01436016
-0.000278771,-0.9997175,0.01535569,0.01814677
-0.0003982914,-0.9995458,0.01535305,0.02592803
-0.0004596582,-0.9994342,0.01535134,0.02992325
-0.0005223519,-0.9993037,0.01534933,0.03400486
-0.0005861095,-0.9991538,0.01534703,0.03815575
-0.0006509279,-0.9989837,0.01534442,0.04237569
-0.0007837482,-0.9985794,0.01533821,0.05102282
-0.0008517392,-0.9983434,0.01533458,0.05544931
-0.0008878018,-0.9982103,0.01533254,0.05779713
-0.0008878018,-0.9982103,0.01533254,0.05779713
-0.0008878018,-0.9982103,0.01533254,0.05779713
-0.0008878018,-0.9982103,0.01533254,0.05779713
-0.0008878018,-0.9982103,0.01533254,0.05779713
-0.0008878018,-0.9982103,0.01533254,0.05779713
-0.0008878018,-0.9982103,0.01533254,0.05779713
-0.0008878018,-0.9982103,0.01533254,0.05779713
-0.0008878018,-0.9982103,0.01533254,0.05779713
-0.0008878018,-0.9982103,0.01533254,0.05779713
-0.0008878018,-0.9982103,0.01533254,0.05779713
-0.0008878018,-0.9982103,0.01533254,0.05779713
-0.0008878018,-0.9982103,0.01533254,0.05779713
-0.0008878018,-0.9982103,0.01533254,0.05779713
-0.0008878018,-0.9982103,0.01533254,0.05779713
-0.0008878018,-0.9982103,0.01533254,0.05779713
-0.0008878018,-0.9982103,0.01533254,0.05779713
-0.0008878018,-0.9982103,0.01533254,0.05779713
-0.0008878018,-0.9982103,0.01533254,0.05779713
-0.0008878018,-0.9982103,0.01533254,0.05779713
-0.0008878018,-0.9982103,0.01533254,0.05779713
-0.0008878018,-0.9982103,0.01533254,0.05779713
-0.0008878018,-0.9982103,0.01533254,0.05779713
-0.0008878018,-0.9982103,0.01533254,0.05779713
-0.0008878018,-0.9982103,0.01533254,0.05779713
-0.0008878018,-0.9982103,0.01533254,0.05779713
-0.0008878018,-0.9982103,0.01533254,0.05779713
-0.0008878018,-0.9982103,0.01533254,0.05779713
-0.0008878018,-0.9982103,0.01533254,0.05779713
-0.0008878018,-0.9982103,0.01533254,0.05779713
-0.0008878018,-0.9982103,0.01533254,0.05779713
-0.0008878018,-0.9982103,0.01533254,0.05779713
-0.0008878018,-0.9982103,0.01533254,0.05779713
-0.0008878018,-0.9982103,0.01533254,0.05779713
-0.0008878018,-0.9982103,0.01533254,0.05779713
-0.0008878018,-0.9982103,0.01533254,0.05779713
-0.0008878018,-0.9982103,0.01533254,0.05779713
-0.0008878018,-0.9982103,0.01533254,0.05779713
-0.0008878018,-0.9982103,0.01533254,0.05779713
-0.0008878018,-0.9982103,0.01533254,0.05779713
-0.0008878018,-0.9982103,0.01533254,0.05779713
-0.0008878018,-0.9982103,0.01533254,0.05779713
-0.0008878018,-0.9982103,0.01533254,0.05779713
-0.0008878018,-0.9982103,0.01533254,0.05779713
-0.0008878018,-0.9982103,0.01533254,0.05779713
-0.0008878018,-0.9982103,0.01533254,0.05779713
-0.0008878018,-0.9982103,0.01533254,0.05779713
-0.0008878018,-0.9982103,0.01533254,0.05779713
-0.0008878018,-0.9982103,0.01533254,0.05779713
-0.0008878018,-0.9982103,0.01533254,0.05779713
-0.0008878018,-0.9982103,0.01533254,0.05779713
-0.0008878018,-0.9982103,0.01533254,0.05779713
-0.0008891565,-0.9982051,0.01533246,0.05788533
-0.0008915681,-0.998196,0.01533232,0.05804234
-0.0008996348,-0.9981654,0.01533185,0.05856752
-0.0009049776,-0.9981448,0.01533153,0.05891535
-0.0009119611,-0.9981179,0.01533112,0.05937
-0.0009200132,-0.9980866,0.01533064,0.05989423
-0.0009390045,-0.9980116,0.01532949,0.06113064
-0.000949975,-0.9979677,0.01532881,0.06184487
-0.000962002,-0.9979187,0.01532806,0.06262787
-0.0009751012,-0.9978649,0.01532723,0.06348068
-0.0009898426,-0.9978034,0.01532629,0.06444041
-0.001022224,-0.997665,0.01532416,0.06654855
-0.001039871,-0.9975877,0.01532297,0.06769747
-0.00105885,-0.997503,0.01532167,0.06893311
-0.001078909,-0.997412,0.01532028,0.07023897
-0.001100029,-0.9973142,0.01531877,0.07161397
-0.001145487,-0.9970973,0.01531544,0.07457352
-0.001170084,-0.9969763,0.01531358,0.07617486
-0.001195752,-0.9968472,0.0153116,0.07784593
-0.00122248,-0.9967097,0.01530949,0.07958607
-0.001250272,-0.9965636,0.01530724,0.08139542
-0.001279131,-0.9964083,0.01530486,0.08327425
-0.00134057,-0.9960659,0.0152996,0.08727422
-0.001372878,-0.9958794,0.01529673,0.08937756
-0.001406248,-0.9956821,0.0152937,0.09155009
-0.001440682,-0.9954734,0.0152905,0.0937919
-0.001476181,-0.995253,0.01528711,0.09610302
-0.001550899,-0.9947712,0.01527971,0.1009674
-0.001589846,-0.9945106,0.01527571,0.1035031
-0.001629829,-0.9942362,0.01527149,0.1061061
-0.001670877,-0.9939474,0.01526706,0.1087785
-0.001756108,-0.9933244,0.01525749,0.1143274
-0.001800302,-0.9929891,0.01525234,0.1172046
-0.001845819,-0.9926348,0.0152469,0.1201679
-0.001892676,-0.9922608,0.01524115,0.1232185
-0.001940282,-0.9918709,0.01523516,0.1263178
-0.001956204,-0.9917384,0.01523313,0.1273544
-0.001956204,-0.9917384,0.01523313,0.1273544
-0.001956204,-0.9917384,0.01523313,0.1273544
-0.001956204,-0.9917384,0.01523313,0.1273544
-0.001956204,-0.9917384,0.01523313,0.1273544
-0.001956204,-0.9917384,0.01523313,0.1273544
-0.001956204,-0.9917384,0.01523313,0.1273544
-0.001956204,-0.9917384,0.01523313,0.1273544
-0.001956204,-0.9917384,0.01523313,0.1273544
-0.001956204,-0.9917384,0.01523313,0.1273544
-0.001956204,-0.9917384,0.01523313,0.1273544
-0.001956204,-0.9917384,0.01523313,0.1273544
-0.001956204,-0.9917384,0.01523313,0.1273544
-0.001956204,-0.9917384,0.01523313,0.1273544
-0.001956204,-0.9917384,0.01523313,0.1273544
-0.001956204,-0.9917384,0.01523313,0.1273544
-0.001956204,-0.9917384,0.01523313,0.1273544
-0.001956204,-0.9917384,0.01523313,0.1273544
-0.001956204,-0.9917384,0.01523313,0.1273544
-0.001956204,-0.9917384,0.01523313,0.1273544
-0.001956204,-0.9917384,0.01523313,0.1273544
-0.001956204,-0.9917384,0.01523313,0.1273544
-0.001956204,-0.9917384,0.01523313,0.1273544
-0.001956204,-0.9917384,0.01523313,0.1273544
-0.001956204,-0.9917384,0.01523313,0.1273544
-0.001956204,-0.9917384,0.01523313,0.1273544
-0.001956204,-0.9917384,0.01523313,0.1273544
-0.001956204,-0.9917384,0.01523313,0.1273544
-0.001956204,-0.9917384,0.01523313,0.1273544
-0.001956204,-0.9917384,0.01523313,0.1273544
-0.001956204,-0.9917384,0.01523313,0.1273544
-0.001956204,-0.9917384,0.01523313,0.1273544
-0.001956204,-0.9917384,0.01523313,0.1273544
-0.001956204,-0.9917384,0.01523313,0.1273544
-0.001956204,-0.9917384,0.01523313,0.1273544
-0.001956204,-0.9917384,0.01523313,0.1273544
-0.001956204,-0.9917384,0.01523313,0.1273544
-0.001956204,-0.9917384,0.01523313,0.1273544
-0.001956204,-0.9917384,0.01523313,0.1273544
-0.001956204,-0.9917384,0.01523313,0.1273544
-0.001956204,-0.9917384,0.01523313,0.1273544
-0.001956204,-0.9917384,0.01523313,0.1273544
-0.001956204,-0.9917384,0.01523313,0.1273544
-0.001956204,-0.9917384,0.01523313,0.1273544
-0.001956204,-0.9917384,0.01523313,0.1273544
-0.001956204,-0.9917384,0.01523313,0.1273544
-0.001956204,-0.9917384,0.01523313,0.1273544
-0.001956204,-0.9917384,0.01523313,0.1273544
-0.001956204,-0.9917384,0.01523313,0.1273544
-0.001956204,-0.9917384,0.01523313,0.1273544
-0.001956204,-0.9917384,0.01523313,0.1273544
-0.001956204,-0.9917384,0.01523313,0.1273544
-0.001956204,-0.9917384,0.01523313,0.1273544
-0.001956204,-0.9917384,0.01523313,0.1273544
-0.001956204,-0.9917384,0.01523313,0.1273544
-0.001956204,-0.9917384,0.01523313,0.1273544
-0.001956204,-0.9917384,0.01523313,0.1273544
-0.001956204,-0.9917384,0.01523313,0.1273544
-0.001956204,-0.9917384,0.01523313,0.1273544
-0.001956204,-0.9917384,0.01523313,0.1273544
-0.001956204,-0.9917384,0.01523313,0.1273544
-0.001956204,-0.9917384,0.01523313,0.1273544
-0.001956204,-0.9917384,0.01523313,0.1273544
-0.001956204,-0.9917384,0.01523313,0.1273544
-0.001956204,-0.9917384,0.01523313,0.1273544
-0.001956204,-0.9917384,0.01523313,0.1273544
-0.001956204,-0.9917384,0.01523313,0.1273544
-0.001956204,-0.9917384,0.01523313,0.1273544
-0.001956204,-0.9917384,0.01523313,0.1273544
-0.001956204,-0.9917384,0.01523313,0.1273544
-0.001956204,-0.9917384,0.01523313,0.1273544
-0.001956204,-0.9917384,0.01523313,0.1273544
-0.001956204,-0.9917384,0.01523313,0.1273544
-0.001956204,-0.9917384,0.01523313,0.1273544
-0.001956204,-0.9917384,0.01523313,0.1273544
-0.001956204,-0.9917384,0.01523313,0.1273544
-0.001956204,-0.9917384,0.01523313,0.1273544
-0.001956204,-0.9917384,0.01523313,0.1273544
-0.001956204,-0.9917384,0.01523313,0.1273544
-0.001956204,-0.9917384,0.01523313,0.1273544
-0.001956204,-0.9917384,0.01523313,0.1273544
-0.001956204,-0.9917384,0.01523313,0.1273544
-0.001956204,-0.9917384,0.01523313,0.1273544
-0.001957525,-0.9917274,0.01523296,0.1274404
-0.001959916,-0.9917073,0.01523265,0.1275961
-0.001967605,-0.9916428,0.01523166,0.1280967
-0.001967605,-0.9916428,0.01523166,0.1280967
-0.001980066,-0.9915376,0.01523004,0.1289079
-0.001988044,-0.99147,0.01522901,0.1294274
-0.001996791,-0.9913955,0.01522786,0.1299968
-0.002006597,-0.9913116,0.01522657,0.1306353
-0.002029932,-0.9911101,0.01522348,0.1321544
-0.002043196,-0.9909946,0.0152217,0.133018
-0.002057523,-0.990869,0.01521977,0.1339508
-0.002072909,-0.9907331,0.01521769,0.1349524
-0.002089355,-0.9905866,0.01521544,0.1360232
-0.00210715,-0.9904269,0.01521298,0.1371817
-0.002146445,-0.9900692,0.01520749,0.1397399
-0.002167393,-0.9898757,0.01520452,0.1411037
-0.002189689,-0.9896677,0.01520132,0.1425553
-0.002213306,-0.989445,0.0151979,0.1440929
-0.00226342,-0.9889644,0.01519052,0.1473555
-0.002289908,-0.9887059,0.01518655,0.1490799
-0.002317447,-0.9884339,0.01518237,0.1508729
-0.002346043,-0.9881479,0.01517798,0.1527345
-0.002375946,-0.987845,0.01517332,0.1546814
-0.002438928,-0.9871943,0.01516333,0.1587817
-0.002471986,-0.9868457,0.01515798,0.160934
-0.002506355,-0.9864782,0.01515233,0.1631715
-0.002541777,-0.986094,0.01514643,0.1654777
-0.002578241,-0.9856927,0.01514026,0.1678516
-0.002654302,-0.9848366,0.01512711,0.1728035
-0.002693885,-0.9843809,0.01512011,0.1753805
-0.002734765,-0.9839031,0.01511277,0.178042
-0.002776684,-0.9834053,0.01510513,0.180771
-0.002819621,-0.9828874,0.01509717,0.1835664
-0.002908622,-0.9817875,0.01508028,0.1893608
-0.002954939,-0.9812011,0.01507127,0.1923762
-0.003002276,-0.9805918,0.01506191,0.195458
-0.003050344,-0.9799629,0.01505225,0.1985874
-0.003099689,-0.9793064,0.01504217,0.2018
-0.003201456,-0.9779177,0.01502084,0.2084254
-0.003253846,-0.9771845,0.01500958,0.2118363
-0.003307245,-0.9764243,0.0149979,0.2153127
-0.003361644,-0.9756367,0.0149858,0.2188543
