285.9019,11.05,265.4736
286.0354,11.04843,265.4316
286.1685,11.05,265.3897
286.302,11.04869,265.3477
286.4353,11.05,265.3059
286.5688,11.05,265.2639
286.7024,11.05,265.2219
286.8359,11.05,265.1799
286.9695,11.05,265.1379
287.103,11.05,265.0959
287.2365,11.04634,265.054
287.37,11.04982,265.012
287.5034,11.05,264.9701
287.637,11.05,264.9281
287.7705,11.04156,264.8861
287.9032,11.05,264.8444
288.0362,11.04836,264.8027
288.1583,11.05,264.7645
288.269,11.05,264.73
288.3683,11.05,264.6991
288.4561,11.05,264.6719
288.5325,11.04153,264.6483
288.5984,11.04945,264.628
288.6531,11.05,264.6113
288.6964,11.05,264.5982
288.7282,11.05,264.5886
288.7485,11.05,264.5826
288.761,11.05,264.579
288.7698,11.05,264.5765
288.7756,11.05,264.5749
288.779,11.05,264.5739
288.7807,11.05,264.5734
288.7807,11.05,264.5734
288.7807,11.05,264.5734
288.7807,11.05,264.5734
288.7807,11.05,264.5734
288.7807,11.05,264.5734
288.7807,11.05,264.5734
288.7807,11.05,264.5734
288.7807,11.05,264.5734
288.7807,11.05,264.5734
288.7807,11.05,264.5734
288.7807,11.05,264.5734
288.7807,11.05,264.5734
288.7807,11.05,264.5734
288.7807,11.05,264.5734
288.7807,11.05,264.5734
288.7807,11.05,264.5734
288.7807,11.05,264.5734
288.7807,11.05,264.5734
288.7807,11.05,264.5734
288.7807,11.05,264.5734
288.7807,11.05,264.5734
288.7807,11.05,264.5734
288.7807,11.05,264.5734
288.7807,11.05,264.5734
288.7807,11.05,264.5734
288.7807,11.05,264.5734
288.7807,11.05,264.5734
288.7807,11.05,264.5734
288.7807,11.05,264.5734
288.7807,11.05,264.5734
288.7807,11.05,264.5734
288.7807,11.05,264.5734
288.7807,11.05,264.5734
288.7807,11.05,264.5734
288.7807,11.05,264.5734
288.7807,11.05,264.5734
288.7807,11.05,264.5734
288.7807,11.05,264.5734
288.7807,11.05,264.5734
288.7807,11.05,264.5734
288.7807,11.05,264.5734
288.7807,11.05,264.5734
288.7807,11.05,264.5734
288.7807,11.05,264.5734
288.7807,11.05,264.5734
288.7807,11.05,264.5734
288.7807,11.05,264.5734
288.7807,11.05,264.5734
288.7807,11.05,264.5734
288.7807,11.05,264.5734
288.7807,11.05,264.5734
288.7807,11.05,264.5734
288.7807,11.05,264.5734
288.7807,11.05,264.5734
288.7807,11.05,264.5734
288.7807,11.05,264.5734
288.7807,11.05,264.5734
288.7807,11.05,264.5734
288.7807,11.05,264.5734
288.7807,11.05,264.5734
288.7807,11.05,264.5734
288.7807,11.05,264.5734
288.7807,11.05,264.5734
288.7807,11.05,264.5734
288.7807,11.05,264.5734
288.7807,11.05,264.5734
288.7807,11.05,264.5734
288.7804,11.05,264.5735
288.7791,11.05,264.5738
288.7763,11.05,264.5744
288.7685,11.05,264.5762
288.7573,11.05,264.579
288.7408,11.05,264.5831
288.7198,11.05,264.5886
288.6933,11.05,264.5957
288.6606,11.05,264.6047
288.6166,11.05,264.6175
288.5627,11.04682,264.6338
288.5004,11.05,264.6531
288.4272,11.05,264.6765
288.3429,11.05,264.7042
288.2475,11.05,264.7365
288.1411,11.05,264.7738
288.0238,11.04929,264.816
287.8973,11.05,264.8633
287.7669,11.05,264.9141
287.6375,11.05,264.9674
287.5085,11.04939,265.022
287.3802,11.04236,265.0778
287.2528,11.05,265.1348
287.1266,11.04712,265.1943
287.0014,11.05,265.2549
286.8761,11.05,265.3173
286.7515,11.05,265.381
286.6275,11.05,265.4462
286.5051,11.04995,265.514
286.3834,11.05,265.5832
286.2626,11.05,265.6538
286.1425,11.05,265.7259
286.0233,11.04932,265.7993
285.9061,11.05,265.8755
285.7897,11.05,265.9532
285.6742,11.04869,266.0323
285.5598,11.05,266.1128
285.4464,11.05,266.1948
285.3351,11.05,266.2797
285.2249,11.05,266.3661
285.1159,11.05,266.4539
285.0081,11.04992,266.5431
284.9015,11.05,266.6338
284.7974,11.05,266.7274
284.6943,11.05,266.822
284.5915,11.05,266.9171
284.4888,11.04982,267.0121
284.3861,11.05,267.1072
284.2834,11.05,267.2023
284.1806,11.04139,267.2974
284.0789,11.04213,267.3915
283.9773,11.05,267.4856
283.8749,11.05,267.5803
283.7722,11.05,267.6754
283.6695,11.04358,267.7704
283.5677,11.05,267.8647
283.4652,11.05,267.9595
283.3625,11.04626,268.0546
283.2602,11.05,268.1492
283.1576,11.04528,268.2442
283.0557,11.04611,268.3385
282.9535,11.05,268.4331
282.8509,11.05,268.5281
282.7481,11.05,268.6231
282.6454,11.04667,268.7182
282.5434,11.05,268.8127
282.4407,11.05,268.9077
282.338,11.04999,269.0027
282.2353,11.05,269.0978
282.1325,11.04772,269.1929
282.0304,11.04885,269.2874
281.9278,11.05,269.3824
281.8251,11.05,269.4774
281.7224,11.05,269.5725
281.6196,11.04856,269.6676
281.5172,11.05,269.7623
281.4146,11.05,269.8574
281.3118,11.05,269.9525
281.2091,11.04716,270.0475
281.1067,11.04921,270.1423
281.0042,11.04998,270.2372
280.9015,11.05,270.3322
280.7987,11.05,270.4273
280.696,11.05,270.5224
280.5933,11.04963,270.6175
280.4907,11.05,270.7125
280.3879,11.05,270.8075
280.2852,11.05,270.9026
280.1825,11.05,270.9977
280.0797,11.04197,271.0927
279.9775,11.05,271.1873
279.8752,11.05,271.282
279.7725,11.05,271.3771
279.6698,11.05,271.4722
279.567,11.05,271.5673
279.4643,11.05,271.6623
279.3616,11.05,271.7574
279.2589,11.05,271.8525
279.1562,11.05,271.9475
279.0534,11.04412,272.0426
278.9507,11.05,272.1377
278.8482,11.05,272.2325
278.7455,11.05,272.3276
278.6428,11.05,272.4227
278.54,11.05,272.5177
278.4373,11.05,272.6128
278.3346,11.05,272.7079
278.2319,11.05,272.803
278.1292,11.05,272.898
278.0264,11.04913,272.9931
277.9238,11.04018,273.0881
277.8219,11.05,273.1823
277.7197,11.05,273.2767
277.6168,11.05,273.3717
277.5138,11.05,273.4664
277.4107,11.05,273.5611
277.3075,11.05,273.6556
277.2041,11.05,273.75
277.1006,11.05,273.8443
276.9969,11.05,273.9382
276.8929,11.04872,274.0319
276.7889,11.05,274.1253
276.6845,11.05,274.2186
276.58,11.05,274.3116
276.4749,11.05,274.4041
276.3696,11.05,274.4963
276.2641,11.05,274.5883
276.1582,11.05,274.6799
276.0518,11.04663,274.7708
275.9455,11.05,274.8611
275.8385,11.04198,274.9512
275.7323,11.04797,275.0402
275.6252,11.05,275.1292
275.5168,11.05,275.2176
275.4079,11.05,275.3056
275.2986,11.04438,275.3931
275.19,11.05,275.4795
275.0801,11.04189,275.5657
274.9704,11.05,275.6511
274.8594,11.05,275.7355
274.7476,11.04674,275.8197
274.6361,11.05,275.9028
274.5234,11.05,275.9856
274.4096,11.04431,276.0672
274.2959,11.05,276.1477
274.1814,11.04865,276.2278
274.0665,11.04443,276.307
273.9517,11.05,276.3855
273.8356,11.05,276.4633
273.7183,11.05,276.5396
273.6004,11.04987,276.6151
273.482,11.05,276.6897
273.363,11.05,276.7634
273.2435,11.05,276.8363
273.1228,11.05,276.9072
273.0016,11.05,276.9772
272.8798,11.04732,277.0463
272.7576,11.05,277.1142
272.6348,11.05,277.1811
272.5107,11.05,277.246
272.386,11.05,277.3097
272.2609,11.04216,277.3723
272.1365,11.05,277.4337
272.0107,11.04986,277.4938
271.8832,11.05,277.5517
271.7552,11.05,277.6083
271.6266,11.04914,277.6637
271.4977,11.05,277.7177
271.3681,11.05,277.7704
271.2373,11.05,277.8205
271.1061,11.05,277.8692
270.9743,11.05,277.9164
270.842,11.04086,277.9623
270.7104,11.04995,278.0061
270.5774,11.0472,278.0473
270.4432,11.0404,278.0871
270.3088,11.05,278.1253
270.1744,11.05,278.1618
270.0389,11.0481,278.1969
269.9032,11.05,278.2292
269.7665,11.05,278.2593
269.6294,11.05,278.2877
269.4919,11.05,278.3143
269.3542,11.05,278.3392
269.2158,11.05,278.3605
269.0771,11.04249,278.38
268.9394,11.05,278.3986
268.8008,11.05,278.4143
268.6614,11.05,278.4281
268.5218,11.05,278.438
268.382,11.04743,278.446
268.2426,11.05,278.452
268.1027,11.05,278.456
267.9627,11.05,278.4579
267.8227,11.05,278.4557
267.6828,11.05,278.4515
267.5429,11.05,278.4451
267.4031,11.0493,278.4366
267.2636,11.05,278.4259
267.1245,11.05,278.4109
266.9855,11.05,278.3936
266.8469,11.05,278.3741
266.7086,11.05,278.3524
266.5706,11.05,278.3285
266.4331,11.05,278.3023
266.2961,11.05,278.2734
266.1592,11.04546,278.2442
266.0227,11.04936,278.2151
265.8861,11.05,278.1859
265.7492,11.05,278.1567
265.6123,11.05,278.1274
265.4754,11.05,278.0982
265.3385,11.04401,278.069
265.2017,11.04802,278.0398
265.0649,11.04456,278.0106
264.9289,11.04826,277.9815
264.7923,11.05,277.9524
264.6554,11.05,277.9231
264.5185,11.05,277.8939
264.3816,11.05,277.8647
264.2447,11.05,277.8354
264.1078,11.05,277.8062
263.9708,11.05,277.7769
263.8339,11.05,277.7477
263.697,11.04971,277.7185
263.5601,11.05,277.6893
263.4232,11.05,277.66
263.2863,11.05,277.6308
263.1494,11.05,277.6016
263.0125,11.04981,277.5723
262.8756,11.05,277.5431
262.7387,11.05,277.5139
262.6018,11.05,277.4846
262.4649,11.05,277.4554
262.328,11.04393,277.4262
262.1917,11.05,277.3971
262.0551,11.04619,277.3679
261.9189,11.05,277.3388
261.7822,11.05,277.3096
261.6453,11.05,277.2804
261.5083,11.05,277.2512
261.3714,11.05,277.2219
261.2345,11.05,277.1927
261.0976,11.04728,277.1635
260.961,11.05,277.1343
260.8241,11.05,277.1051
260.6872,11.04275,277.0758
260.5504,11.04727,277.0466
260.4137,11.04962,277.0175
260.2768,11.05,276.9882
260.1399,11.05,276.959
260.003,11.04999,276.9297
259.8661,11.04926,276.9005
259.7293,11.05,276.8713
259.5924,11.05,276.8421
259.4554,11.05,276.8128
259.3185,11.05,276.7836
259.1816,11.05,276.7544
259.0447,11.04749,276.7251
258.9084,11.05,276.696
258.7715,11.05,276.6668
258.6346,11.04999,276.6376
258.4977,11.04227,276.6083
258.3615,11.05,276.5793
258.2251,11.05,276.5501
258.0882,11.04016,276.5209
257.9524,11.05,276.4919
257.8163,11.05,276.4628
257.6794,11.05,276.4336
257.5424,11.05,276.4044
257.4055,11.05,276.3752
257.2686,11.04625,276.3459
257.1321,11.05,276.3168
256.9953,11.05,276.2876
256.8583,11.05,276.2586
256.7213,11.05,276.2297
256.5844,11.05,276.2009
256.4473,11.05,276.1722
256.3102,11.05,276.1437
256.1731,11.05,276.1156
256.0359,11.04838,276.0877
255.8991,11.04546,276.0601
255.7619,11.04866,276.0327
255.6246,11.04996,276.0057
255.4872,11.05,275.9792
255.3497,11.05,275.953
255.2121,11.05,275.9273
255.0744,11.04303,275.9019
254.9376,11.05,275.8768
254.8002,11.0483,275.8523
254.6624,11.05,275.8287
254.5243,11.05,275.8055
254.3862,11.05,275.7828
254.2479,11.05,275.7607
254.1096,11.05,275.7391
253.9711,11.05,275.7187
253.8325,11.05,275.6989
253.6938,11.05,275.6797
253.5551,11.04291,275.6611
253.4171,11.05,275.6433
253.2785,11.05,275.6269
253.1394,11.05,275.6112
253.0002,11.05,275.5962
252.8609,11.05,275.582
252.7216,11.05,275.5686
252.5821,11.05,275.5568
252.4425,11.04326,275.5459
252.3038,11.05,275.5359
252.1645,11.05,275.5268
252.0247,11.04924,275.5186
251.8851,11.05,275.5123
251.7452,11.05,275.507
251.6053,11.05,275.5027
251.4653,11.04928,275.4994
251.3255,11.05,275.4965
251.1855,11.05,275.4936
251.0455,11.0474,275.4907
250.9061,11.05,275.4879
250.7662,11.05,275.485
250.6263,11.05,275.4821
250.4863,11.05,275.4792
250.3463,11.05,275.4763
250.2063,11.05,275.4735
250.0664,11.04446,275.4706
249.9272,11.05,275.4677
249.7875,11.05,275.4649
249.6476,11.05,275.462
249.5076,11.05,275.4591
249.3676,11.04506,275.4562
249.2284,11.05,275.4534
249.0887,11.04005,275.4505
248.95,11.05,275.4477
248.8109,11.05,275.4448
248.6709,11.05,275.4419
248.5309,11.05,275.4391
248.391,11.04872,275.4362
248.2512,11.05,275.4333
248.1112,11.05,275.4304
247.9713,11.05,275.4276
247.8313,11.05,275.4247
247.6913,11.05,275.4218
247.5514,11.05,275.4189
247.4114,11.04999,275.416
247.2714,11.05,275.4132
247.1315,11.05,275.4103
246.9915,11.05,275.4074
246.8515,11.05,275.4045
246.7115,11.05,275.4017
246.5716,11.05,275.3988
246.4316,11.05,275.3959
246.2916,11.04352,275.393
246.1526,11.05,275.3902
246.013,11.04979,275.3873
245.8731,11.05,275.3844
245.7331,11.05,275.3816
245.5932,11.05,275.3787
245.4532,11.05,275.3758
245.3132,11.04777,275.3729
245.1736,11.05,275.3701
245.0337,11.04858,275.3672
244.8941,11.05,275.3643
244.7542,11.05,275.3615
244.6142,11.05,275.3586
244.4743,11.05,275.3557
244.3343,11.04979,275.3528
244.1944,11.05,275.3499
244.0544,11.04629,275.3471
243.9151,11.05,275.3442
243.7752,11.05,275.3413
243.6353,11.05,275.3384
243.4953,11.05,275.3356
243.3553,11.05,275.3327
243.2153,11.04172,275.3298
243.0764,11.04263,275.327
242.9382,11.05,275.3241
242.7987,11.05,275.3213
242.6587,11.05,275.3184
242.5187,11.05,275.3155
242.3788,11.05,275.3126
242.2388,11.04684,275.3098
242.0993,11.05,275.3069
241.9594,11.05,275.304
241.8195,11.05,275.3011
241.6795,11.05,275.2983
241.5395,11.05,275.2954
241.3996,11.05,275.2925
241.2596,11.04944,275.2896
241.1197,11.05,275.2868
240.9798,11.05,275.2839
240.8398,11.05,275.281
240.6998,11.05,275.2781
240.5598,11.05,275.2753
240.4199,11.05,275.2724
240.2799,11.05,275.2695
240.1399,11.05,275.2666
240,11.05,275.2637
239.86,11.05,275.2607
239.72,11.05,275.2576
239.58,11.05,275.2545
239.4401,11.05,275.2512
239.3121,11.05,275.248
239.1962,11.0485,275.2451
239.0921,11.05,275.2423
239,11.05,275.2397
238.92,11.05,275.2374
238.8519,11.05,275.2352
238.7958,11.05,275.2333
238.7517,11.05,275.2317
238.7197,11.05,275.2304
238.6958,11.05,275.2293
238.6828,11.05,275.2287
238.6736,11.05,275.2282
238.6674,11.05,275.2278
238.6638,11.05,275.2276
238.6635,11.05,275.2276
238.6635,11.05,275.2276
238.6635,11.05,275.2276
238.6635,11.05,275.2276
238.6635,11.05,275.2276
238.6635,11.05,275.2276
238.6635,11.05,275.2276
238.6635,11.05,275.2276
238.6635,11.05,275.2276
238.6635,11.05,275.2276
238.6635,11.05,275.2276
238.6635,11.05,275.2276
238.6635,11.05,275.2276
238.6635,11.05,275.2276
238.6635,11.05,275.2276
238.6635,11.05,275.2276
238.6635,11.05,275.2276
238.6635,11.05,275.2276
238.6635,11.05,275.2276
238.6635,11.05,275.2276
238.6635,11.05,275.2276
238.6635,11.05,275.2276
238.6635,11.05,275.2276
238.6635,11.05,275.2276
238.6635,11.05,275.2276
238.6635,11.05,275.2276
238.6635,11.05,275.2276
238.6635,11.05,275.2276
238.6635,11.05,275.2276
238.6635,11.05,275.2276
238.6635,11.05,275.2276
238.6635,11.05,275.2276
238.6635,11.05,275.2276
238.6635,11.05,275.2276
238.6635,11.05,275.2276
238.6635,11.05,275.2276
238.6635,11.05,275.2276
238.6635,11.05,275.2276
238.6635,11.05,275.2276
238.6635,11.05,275.2276
238.6631,11.05,275.2274
238.6605,11.05,275.2263
238.6558,11.05,275.2241
238.6485,11.05,275.2206
238.6363,11.05,275.2146
238.621,11.05,275.2069
238.5954,11.05,275.1932
238.5641,11.05,275.176
238.5286,11.05,275.1559
238.4851,11.05,275.1306
238.4345,11.05,275.1003
238.3743,11.04502,275.0629
238.3063,11.04953,275.0193
238.229,11.05,274.9683
238.1425,11.05,274.9097
238.0468,11.04725,274.8432
237.9444,11.05,274.7695
237.8349,11.05,274.6863
237.7251,11.05,274.5995
237.6165,11.05,274.5111
237.5092,11.05,274.4213
237.4044,11.05,274.3284
237.301,11.05,274.2341
237.199,11.05,274.1382
237.0984,11.0479,274.0409
237.0008,11.05,273.9411
236.9032,11.05,273.8409
236.8086,11.05,273.7376
236.7156,11.05,273.633
236.6243,11.05,273.5269
236.5347,11.05,273.4194
236.4467,11.05,273.3105
236.3624,11.05,273.1989
236.2798,11.04069,273.0858
236.1986,11.05,272.9729
236.1202,11.05,272.8578
236.0434,11.04764,272.7408
235.9707,11.05,272.6215
235.8995,11.05,272.5011
235.8293,11.05,272.38
235.7597,11.05,272.2586
235.69,11.05,272.1372
235.6204,11.04969,272.0158
235.5508,11.05,271.8945
235.4812,11.05,271.773
235.4116,11.05,271.6516
235.342,11.05,271.5302
235.2724,11.05,271.4088
235.2027,11.04549,271.2874
235.1332,11.04932,271.1661
235.0636,11.04236,271.0448
234.9945,11.05,270.9243
234.9251,11.05,270.8033
234.8555,11.05,270.6819
234.7859,11.05,270.5605
234.7162,11.05,270.4391
234.6466,11.05,270.3177
234.577,11.05,270.1963
234.5074,11.04293,270.0749
234.4382,11.05,269.9542
234.3688,11.05,269.8332
234.2991,11.05,269.7118
234.2295,11.05,269.5904
234.1599,11.05,269.469
234.0903,11.05,269.3475
234.0206,11.04947,269.2261
233.951,11.05,269.1048
233.8814,11.04345,268.9834
233.8119,11.04842,268.8621
233.7424,11.05,268.7409
233.6728,11.05,268.6195
233.6031,11.05,268.4981
233.5335,11.05,268.3767
233.4639,11.05,268.2553
233.3943,11.05,268.1339
233.3247,11.0498,268.0125
233.2551,11.05,267.8911
233.1855,11.05,267.7697
233.1158,11.05,267.6483
233.0462,11.04732,267.5269
232.9767,11.05,267.4057
232.9071,11.05,267.2844
232.8375,11.05,267.163
232.7679,11.04783,267.0416
232.6985,11.05,266.9206
232.6289,11.05,266.7992
232.5592,11.04112,266.6778
232.4897,11.0472,266.5565
232.4203,11.04986,266.4355
232.3507,11.05,266.3141
232.2811,11.05,266.1927
232.2115,11.04359,266.0713
232.1422,11.05,265.9506
232.0728,11.04333,265.8295
232.0034,11.04999,265.7085
231.934,11.05,265.5875
231.8643,11.05,265.466
231.7947,11.05,265.3446
231.7251,11.05,265.2232
231.6555,11.05,265.1018
231.5859,11.05,264.9804
231.5163,11.05,264.859
231.4466,11.05,264.7376
231.377,11.05,264.6162
231.3074,11.05,264.4948
231.2378,11.05,264.3734
231.1681,11.04558,264.252
231.0986,11.04936,264.1307
231.029,11.04884,264.0094
230.9595,11.05,263.8882
230.8899,11.05,263.7668
230.8203,11.05,263.6454
230.7506,11.05,263.524
230.681,11.05,263.4026
230.6114,11.05,263.2812
230.5418,11.05,263.1598
230.4722,11.04816,263.0384
230.4027,11.05,262.9173
230.3331,11.05,262.796
230.2635,11.05,262.6745
230.1939,11.05,262.5531
230.1243,11.05,262.4317
230.0546,11.04625,262.3103
229.9852,11.05,262.1892
229.9156,11.0442,262.0679
229.8464,11.0436,261.9471
229.7768,11.04849,261.8259
229.7073,11.05,261.7047
229.6377,11.05,261.5833
229.5681,11.05,261.4619
229.4985,11.05,261.3405
229.4288,11.05,261.2191
229.3592,11.05,261.0977
229.2896,11.05,260.9763
229.22,11.05,260.8549
229.1504,11.05,260.7335
229.0807,11.04176,260.6121
229.0114,11.04984,260.4911
228.942,11.05,260.3701
228.8724,11.05,260.2487
228.8028,11.05,260.1273
228.7332,11.04996,260.006
228.6635,11.05,259.8846
228.5939,11.05,259.7632
228.5243,11.04128,259.6418
228.4548,11.04729,259.5205
228.3853,11.04988,259.3994
228.3158,11.05,259.2781
228.2461,11.05,259.1567
228.1765,11.04844,259.0352
228.1072,11.05,258.9141
228.0378,11.04821,258.7927
227.9736,11.05,258.6802
227.9154,11.05,258.5781
227.8632,11.05,258.4863
227.817,11.05,258.4049
227.7769,11.05,258.3339
227.7428,11.05,258.2733
227.7146,11.05,258.2231
227.6925,11.05,258.1833
227.6758,11.05,258.1533
227.6651,11.05,258.1337
227.6569,11.05,258.1185
227.6507,11.05,258.1071
227.6468,11.05,258.0998
227.6442,11.05,258.0951
227.6428,11.05,258.0924
227.6427,11.05,258.0921
227.6427,11.05,258.0921
227.6427,11.05,258.0921
227.6427,11.05,258.0921
227.6427,11.05,258.0921
227.6427,11.05,258.0921
227.6427,11.05,258.0921
227.6427,11.05,258.0921
227.6427,11.05,258.0921
227.6427,11.05,258.0921
227.6427,11.05,258.0921
227.6427,11.05,258.0921
227.6427,11.05,258.0921
227.6427,11.05,258.0921
227.6427,11.05,258.0921
227.6427,11.05,258.0921
227.6427,11.05,258.0921
227.6427,11.05,258.0921
227.6427,11.05,258.0921
227.6427,11.05,258.0921
227.6427,11.05,258.0921
227.6427,11.05,258.0921
227.6427,11.05,258.0921
227.6427,11.05,258.0921
227.6427,11.05,258.0921
227.6427,11.05,258.0921
227.6427,11.05,258.0921
227.6427,11.05,258.0921
227.6427,11.05,258.0921
227.6427,11.05,258.0921
227.6427,11.05,258.0921
227.6427,11.05,258.0921
227.6427,11.05,258.0921
227.6427,11.05,258.0921
227.6427,11.05,258.0921
227.6427,11.05,258.0921
227.6427,11.05,258.0921
227.6425,11.05,258.0916
227.6423,11.05,258.0903
227.6417,11.04046,258.0869
227.6407,11.04181,258.0805
227.6391,11.04401,258.0689
227.6371,11.04646,258.0531
227.6345,11.04879,258.0311
227.6313,11.05,257.998
227.6279,11.05,257.9565
227.6243,11.05,257.9063
227.6207,11.05,257.8476
227.6173,11.05,257.7775
227.6143,11.04566,257.6974
227.6121,11.05,257.6075
227.611,11.05,257.5058
227.6112,11.05,257.3922
227.6128,11.05,257.2667
227.6173,11.05,257.1295
227.6261,11.05,256.9898
227.6367,11.05,256.8503
227.6491,11.04761,256.7109
227.6631,11.05,256.5721
227.6792,11.05,256.4331
227.6973,11.05,256.2944
227.7193,11.05,256.1562
227.7432,11.04958,256.0182
227.769,11.0421,255.8809
227.7955,11.05,255.7444
227.8273,11.05,255.6086
227.8611,11.05,255.4728
227.897,11.05,255.3376
227.9349,11.05,255.2029
227.977,11.04326,255.0694
228.0196,11.04952,254.9371
228.0657,11.04457,254.8053
228.1139,11.05,254.6741
228.1642,11.05,254.5438
228.2188,11.05,254.415
228.2756,11.04992,254.287
228.3338,11.05,254.1598
228.393,11.04864,254.033
228.4524,11.05,253.9067
228.5119,11.05,253.78
228.5714,11.04578,253.6534
228.6306,11.05,253.5273
228.6901,11.05,253.4008
228.7496,11.05,253.2741
228.8091,11.05,253.1475
228.8687,11.04946,253.0208
228.9281,11.05,252.8943
228.9876,11.05,252.7676
229.0471,11.04721,252.641
229.1066,11.05,252.5145
229.1661,11.05,252.3879
229.2256,11.04921,252.2612
229.285,11.05,252.1348
229.3445,11.04992,252.0081
229.4038,11.05,251.8813
229.463,11.05,251.7546
229.5222,11.04297,251.6277
229.5809,11.05,251.5017
229.6395,11.05,251.3751
229.698,11.05,251.2479
229.7563,11.05,251.1207
229.8144,11.05,250.9934
229.8722,11.05,250.866
229.9298,11.05,250.7384
229.9871,11.05,250.6107
230.0441,11.04756,250.4829
230.1004,11.05,250.3549
230.1563,11.04689,250.2267
230.2118,11.05,250.0989
230.2669,11.05,249.9703
230.3217,11.05,249.8416
230.3756,11.05,249.7124
230.429,11.05,249.5831
230.4819,11.05,249.4535
230.5343,11.05,249.3237
230.5862,11.05,249.1938
230.6369,11.04495,249.0633
230.6871,11.05,248.9335
230.7366,11.04725,248.8028
230.785,11.05,248.6721
230.8326,11.05,248.5406
230.8795,11.05,248.4088
230.9257,11.05,248.2767
230.9711,11.05,248.1443
231.0151,11.04955,248.0114
231.0582,11.04574,247.8783
231.1005,11.05,247.7451
231.1419,11.05,247.6115
231.1825,11.05,247.4776
231.2213,11.04061,247.3432
231.2596,11.05,247.2096
231.2963,11.04284,247.0753
231.3325,11.05,246.9416
231.3674,11.05,246.8065
231.4014,11.05,246.6707
231.4333,11.04355,246.5345
231.4646,11.05,246.3988
231.4942,11.05,246.2625
231.5229,11.05,246.1255
231.5504,11.05,245.9883
231.5755,11.05,245.8506
231.5994,11.04189,245.7127
231.6226,11.05,245.5756
231.644,11.05,245.4378
231.6642,11.05,245.2993
231.683,11.05,245.1607
231.6992,11.04941,245.0217
231.7147,11.05,244.8828
231.7299,11.04988,244.7437
231.7452,11.05,244.6046
231.7605,11.05,244.4655
231.7758,11.05,244.3264
231.7911,11.05,244.1873
231.8064,11.04708,244.0482
231.8216,11.04511,243.9097
231.8368,11.05,243.7715
231.852,11.05,243.6326
231.8673,11.05,243.4935
231.8826,11.05,243.3544
231.8979,11.05,243.2153
231.9131,11.04267,243.0762
231.9283,11.04994,242.9381
231.9435,11.05,242.7994
231.9588,11.05,242.6603
231.9741,11.05,242.5212
231.9894,11.05,242.3821
232.0047,11.04997,242.243
232.0199,11.0495,242.1039
232.0352,11.04845,241.9649
232.0505,11.0468,241.8258
232.0658,11.04455,241.6867
232.0811,11.0417,241.5476
232.0964,11.05,241.4085
232.1118,11.05,241.27
232.1272,11.04999,241.131
232.143,11.05,240.9919
232.1588,11.05,240.8529
232.1748,11.05,240.7139
232.191,11.05,240.5749
232.2074,11.05,240.4359
232.2243,11.04668,240.297
232.2413,11.05,240.1586
232.2587,11.04951,240.0198
232.2764,11.05,239.8812
232.2944,11.05,239.7424
232.3131,11.05,239.6037
232.3322,11.05,239.4651
232.3518,11.05,239.3265
232.3717,11.05,239.188
232.3921,11.04691,239.0496
232.4129,11.05,238.9118
232.4347,11.05,238.7737
232.4571,11.05,238.6355
232.48,11.04981,238.4975
232.5034,11.05,238.3596
232.5275,11.05,238.2217
232.5527,11.04106,238.0841
232.578,11.05,237.9475
232.6044,11.05,237.8108
232.6317,11.0489,237.6736
232.6603,11.05,237.5368
232.6897,11.05,237.4
232.7198,11.05,237.2634
232.7507,11.05,237.1269
232.7824,11.05,236.9906
232.8158,11.04905,236.8547
232.8499,11.05,236.7192
232.885,11.05,236.5837
232.921,11.05,236.4485
232.9578,11.05,236.3135
232.9966,11.05,236.179
233.0362,11.04582,236.0448
233.0766,11.0426,235.9112
233.1182,11.05,235.7778
233.1607,11.05,235.645
233.2054,11.05,235.5124
233.2512,11.05,235.3801
233.2981,11.05,235.2483
233.3461,11.05,235.1168
233.3951,11.05,234.9858
233.4465,11.05,234.8556
233.499,11.05,234.7258
233.5526,11.04879,234.5966
233.6073,11.05,234.4682
233.6646,11.05,234.3405
233.7218,11.05,234.2128
233.7816,11.0406,234.0862
233.8413,11.04098,233.9608
233.9017,11.05,233.8364
233.9648,11.05,233.7124
234.0309,11.0488,233.589
234.0983,11.05,233.4664
234.167,11.05,233.3445
234.237,11.05,233.2233
234.3084,11.05,233.103
234.3825,11.05,232.9842
234.4579,11.05,232.8663
234.5347,11.05,232.7493
234.6129,11.04974,232.6332
234.6924,11.05,232.5181
234.7747,11.05,232.405
234.8585,11.05,232.2928
234.9436,11.05,232.1817
235.0301,11.04237,232.0717
235.1174,11.05,231.9628
235.2064,11.05,231.8554
235.2986,11.05,231.75
235.3921,11.05,231.6459
235.487,11.04803,231.5431
235.5827,11.05,231.4416
235.6818,11.05,231.3428
235.7823,11.05,231.2454
235.8842,11.05,231.1494
235.9875,11.04601,231.0549
236.0912,11.05,230.9617
236.1984,11.05,230.8719
236.3071,11.05,230.7837
236.4171,11.05,230.6971
236.5284,11.04558,230.6122
236.6398,11.05,230.5286
236.7535,11.05,230.4473
236.8699,11.05,230.3696
236.9876,11.05,230.2937
237.1064,11.0419,230.2197
237.2249,11.05,230.147
237.3456,11.04248,230.0772
237.4679,11.04987,230.0102
237.592,11.05,229.9466
237.7177,11.05,229.8848
237.8443,11.05,229.8252
237.972,11.05,229.7678
238.1017,11.05,229.7149
238.2322,11.05,229.6644
238.3636,11.05,229.6161
238.4959,11.04653,229.5703
238.6282,11.05,229.5261
238.7627,11.05,229.4876
238.898,11.05,229.4516
239.0339,11.04856,229.4181
239.17,11.05,229.3873
239.3071,11.04831,229.3591
239.4448,11.05,229.3357
239.5834,11.05,229.3154
239.7223,11.05,229.2979
239.8615,11.05,229.2831
240.0012,11.05,229.2739
240.1411,11.05,229.2675
240.281,11.05,229.2639
240.4211,11.05,229.2633
240.5611,11.05,229.2655
240.701,11.05,229.2706
240.8405,11.05,229.2816
240.9799,11.05,229.295
241.1191,11.05,229.3103
241.2581,11.04704,229.3268
241.3967,11.05,229.3439
241.5356,11.05,229.361
241.6745,11.05,229.3781
241.8135,11.05,229.3952
241.9524,11.05,229.4123
242.0914,11.05,229.4295
242.2303,11.05,229.4466
242.3693,11.04439,229.4637
242.5078,11.05,229.4808
242.6464,11.05,229.4979
242.7854,11.05,229.515
242.9243,11.05,229.5321
243.0633,11.04496,229.5493
243.2011,11.05,229.5662
243.3398,11.05,229.5833
243.4788,11.04064,229.6005
243.6171,11.05,229.6175
243.7553,11.05,229.6345
243.8942,11.05,229.6517
244.0332,11.04862,229.6688
244.1717,11.05,229.6859
244.3106,11.05,229.703
244.4496,11.05,229.7201
244.5885,11.05,229.7372
244.7275,11.04955,229.7543
244.8663,11.05,229.7715
245.0053,11.04996,229.7886
245.1442,11.05,229.8057
245.2832,11.05,229.8228
245.4221,11.05,229.84
245.5611,11.05,229.8571
245.7,11.05,229.8742
245.839,11.04828,229.8913
245.9777,11.05,229.9084
246.1166,11.05,229.9256
246.2556,11.05,229.9427
246.3945,11.05,229.9598
246.5335,11.05,229.9769
246.6724,11.05,229.9941
246.8114,11.04984,230.0112
246.9503,11.04619,230.0282
247.0889,11.04745,230.0451
247.2279,11.04517,230.062
247.3669,11.04219,230.0787
247.5058,11.05,230.0952
247.6444,11.05,230.1114
247.7834,11.05,230.1274
247.9226,11.05,230.1432
248.0617,11.04521,230.1587
248.1997,11.05,230.174
248.3388,11.05,230.1887
248.478,11.05,230.2031
248.6173,11.05,230.2171
248.7566,11.05,230.2308
248.896,11.05,230.2441
249.0354,11.04843,230.257
249.1744,11.04437,230.269
249.3132,11.05,230.2806
249.4525,11.05,230.2917
249.5921,11.05,230.3022
249.7318,11.05,230.3117
249.8715,11.05,230.3206
250.0112,11.04984,230.3289
250.151,11.05,230.3366
250.2908,11.04824,230.3437
250.4304,11.05,230.3495
250.5703,11.05,230.3546
250.7102,11.05,230.3589
250.8502,11.05,230.3626
250.9901,11.05,230.3655
251.1301,11.05,230.3676
251.2701,11.04396,230.3681
251.4095,11.05,230.3681
251.5492,11.05,230.3669
251.6892,11.05,230.3649
251.8292,11.05,230.3619
251.9691,11.05,230.3571
252.109,11.05,230.3513
252.2488,11.04423,230.3446
252.388,11.05,230.3373
252.5275,11.05,230.3286
252.6671,11.05,230.3177
252.8065,11.05,230.3058
252.9459,11.05,230.2928
253.0852,11.04082,230.2786
253.223,11.04895,230.2641
253.3611,11.05,230.2466
253.4998,11.05,230.2278
253.6384,11.05,230.2077
253.7768,11.05,230.1865
253.9148,11.05,230.1628
254.0525,11.04654,230.1377
254.1891,11.05,230.1118
254.3263,11.04106,230.0841
254.4631,11.04618,230.0551
254.5995,11.04923,230.0248
254.7354,11.05,229.9918
254.8711,11.04533,229.9573
255.006,11.04996,229.9221
255.1407,11.05,229.8848
255.2752,11.05,229.846
255.4088,11.05,229.8042
255.542,11.05,229.761
255.6746,11.04892,229.7162
255.8065,11.05,229.67
255.938,11.05,229.6222
256.0686,11.04407,229.5718
256.1981,11.05,229.5215
256.3282,11.05,229.4708
256.4586,11.05,229.42
256.5891,11.05,229.3691
256.7195,11.05,229.3183
256.8499,11.05,229.2674
256.9804,11.05,229.2166
257.1108,11.04811,229.1657
257.2408,11.05,229.1151
257.3712,11.04481,229.0642
257.5014,11.04977,229.0134
257.6317,11.05,228.9627
257.7621,11.05,228.9118
257.8925,11.05,228.861
258.0229,11.04934,228.8102
258.1532,11.05,228.7594
258.2836,11.05,228.7085
258.4141,11.05,228.6577
258.5445,11.04756,228.6068
258.6745,11.05,228.5562
258.8048,11.05,228.5054
258.9353,11.05,228.4545
259.0657,11.04457,228.4037
259.1951,11.05,228.3532
259.3253,11.05,228.3025
259.4557,11.05,228.2516
259.5862,11.05,228.2008
259.7166,11.05,228.1499
259.847,11.05,228.0991
259.9774,11.04644,228.0483
260.1075,11.05,227.9976
260.2378,11.05,227.9468
260.3682,11.05,227.8959
260.4987,11.05,227.8451
260.6291,11.05,227.7942
260.7595,11.05,227.7434
260.89,11.05,227.6926
261.0204,11.04948,227.6417
261.1507,11.05,227.5909
261.2811,11.05,227.5401
261.4115,11.04621,227.4892
261.5414,11.05,227.4386
261.6717,11.05,227.3878
261.8022,11.05,227.3371
261.9327,11.05,227.2863
262.0632,11.04498,227.2358
262.1928,11.05,227.1857
262.3232,11.05,227.1355
262.4539,11.04079,227.0854
262.5844,11.04842,227.0355
262.7148,11.05,226.9861
262.8458,11.04479,226.9368
262.9761,11.05,226.8878
263.1071,11.05,226.8391
263.2384,11.05,226.7906
263.37,11.05,226.7427
263.5016,11.05,226.6951
263.6335,11.04987,226.6479
263.7654,11.05,226.6012
263.8974,11.05,226.5547
264.0298,11.04889,226.5092
264.162,11.05,226.4643
264.2947,11.04012,226.4197
264.4265,11.05,226.3757
264.559,11.05,226.3329
264.6924,11.05,226.2905
264.826,11.05,226.2486
264.9598,11.05,226.2074
265.0938,11.04665,226.1668
265.2274,11.05,226.1272
265.3619,11.04008,226.0885
265.4964,11.04678,226.0507
265.631,11.04977,226.0136
265.7661,11.05,225.9772
265.9014,11.049,225.9415
266.037,11.04829,225.9075
266.1724,11.05,225.8744
266.3086,11.05,225.842
266.445,11.05,225.8105
266.5816,11.05,225.7799
266.7187,11.04934,225.7511
266.8557,11.05,225.7234
266.9931,11.05,225.6965
267.1307,11.05,225.6707
267.2685,11.05,225.646
267.4066,11.05,225.6233
267.545,11.04798,225.6017
267.6831,11.05,225.5812
267.8217,11.05,225.5619
267.9605,11.05,225.5437
268.0996,11.05,225.5279
268.2389,11.05,225.5133
268.3782,11.04063,225.4999
268.5168,11.05,225.4872
268.6557,11.05,225.4777
268.7955,11.05,225.4695
268.9353,11.05,225.4627
269.0752,11.04286,225.4572
269.2138,11.05,225.4525
269.3534,11.04397,225.4512
269.4926,11.05,225.4508
269.6323,11.05,225.4525
269.7723,11.05,225.4556
269.9122,11.05,225.4602
270.0521,11.0466,225.4664
270.1909,11.05,225.4751
270.3304,11.05,225.4859
270.4698,11.04949,225.4984
270.609,11.05,225.5125
270.7481,11.05,225.5283
270.8868,11.05,225.5473
271.0253,11.0492,225.5681
271.1632,11.05,225.5906
271.3011,11.05,225.6148
271.4387,11.05,225.6408
271.5755,11.04434,225.6703
271.7117,11.05,225.7011
271.8475,11.05,225.7341
271.983,11.05,225.7691
272.1176,11.05,225.8077
272.2516,11.05,225.8482
272.3851,11.05,225.8905
272.5179,11.05,225.9347
272.6501,11.05,225.9808
272.7809,11.04882,226.0308
272.9109,11.04138,226.0826
273.0398,11.04802,226.1362
273.1678,11.04967,226.1908
273.2954,11.05,226.2485
