285.4883,11.05,255.7737
285.5013,11.05,255.913
285.5139,11.04656,256.0524
285.5262,11.05,256.1908
285.5381,11.05,256.3301
285.5497,11.05,256.4696
285.5604,11.04851,256.6091
285.5706,11.05,256.7485
285.5804,11.05,256.888
285.5898,11.04904,257.0276
285.5986,11.05,257.167
285.6063,11.05,257.3067
285.6135,11.05,257.4465
285.6201,11.05,257.5862
285.6261,11.0437,257.726
285.6314,11.05,257.865
285.6354,11.04997,258.0045
285.6388,11.05,258.1444
285.6414,11.05,258.2843
285.6433,11.05,258.4242
285.6445,11.05,258.5641
285.644,11.04774,258.7041
285.6428,11.05,258.8436
285.6408,11.05,258.9835
285.6378,11.05,259.1234
285.6341,11.05,259.2633
285.6285,11.05,259.4031
285.6219,11.05,259.5429
285.6145,11.04709,259.6826
285.606,11.05,259.8217
285.5972,11.05,259.9613
285.5883,11.05,260.101
285.5795,11.05,260.2406
285.5706,11.05,260.3803
285.5618,11.05,260.52
285.5529,11.04282,260.6596
285.5441,11.05,260.7982
285.5353,11.05,260.9374
285.5264,11.04251,261.0771
285.5176,11.05,261.2154
285.5088,11.05,261.3546
285.5,11.05,261.4942
285.4911,11.05,261.6339
285.4822,11.05,261.7735
285.4734,11.05,261.9132
285.4645,11.0465,262.0528
285.4557,11.05,262.1915
285.4469,11.05,262.3311
285.438,11.04933,262.4707
285.4292,11.05,262.6103
285.4203,11.05,262.7499
285.4113,11.05,262.8896
285.4023,11.04893,263.0292
285.3932,11.05,263.1685
285.3839,11.05,263.3081
285.3745,11.04663,263.4477
285.3649,11.05,263.5867
285.355,11.05,263.7262
285.3448,11.05,263.8657
285.3344,11.04997,264.0052
285.3237,11.05,264.1448
285.3124,11.05,264.2842
285.3008,11.04045,264.4237
285.2891,11.05,264.562
285.2769,11.05,264.7006
285.2642,11.05,264.8399
285.2511,11.05,264.9792
285.2371,11.05,265.1185
285.2227,11.04923,265.2577
285.2078,11.05,265.3967
285.1924,11.05,265.5357
285.1758,11.05,265.6747
285.1588,11.05,265.8136
285.1412,11.05,265.9524
285.1229,11.05,266.0912
285.104,11.05,266.2298
285.0839,11.04111,266.3683
285.063,11.045,266.5066
285.0415,11.04784,266.6447
285.0192,11.04954,266.7827
284.9962,11.05,266.9207
284.9724,11.04471,267.0587
284.9477,11.05,267.1953
284.9216,11.05,267.3325
284.8945,11.05,267.4698
284.8666,11.05,267.6069
284.837,11.05,267.7437
284.8064,11.04658,267.8802
284.7751,11.04969,268.0158
284.7427,11.05,268.1517
284.7093,11.05,268.2876
284.6748,11.05,268.4232
284.6384,11.05,268.5583
284.6009,11.04465,268.6932
284.5629,11.05,268.8268
284.5233,11.05,268.9608
284.4826,11.05,269.0946
284.4397,11.05,269.2278
284.3956,11.05,269.3607
284.3504,11.05,269.4931
284.304,11.05,269.6251
284.2564,11.05,269.7567
284.2063,11.05,269.8874
284.1551,11.04961,270.0176
284.1026,11.04875,270.1472
284.049,11.04699,270.2761
283.994,11.05,270.4046
283.9427,11.05,270.5218
283.8952,11.05,270.6276
283.8517,11.05,270.722
283.8123,11.05,270.8052
283.7772,11.0437,270.8772
283.7466,11.05,270.9382
283.7207,11.05,270.9884
283.6996,11.04904,271.0277
283.6835,11.04604,271.0561
283.6714,11.04258,271.0767
283.6645,11.04027,271.0877
283.6595,11.05,271.0955
283.6579,11.05,271.0979
283.6559,11.05,271.1009
283.655,11.05,271.1021
283.655,11.05,271.1021
283.655,11.05,271.1021
283.655,11.05,271.1021
283.655,11.05,271.1021
283.655,11.05,271.1021
283.655,11.05,271.1021
283.655,11.05,271.1021
283.655,11.05,271.1021
283.655,11.05,271.1021
283.655,11.05,271.1021
283.655,11.05,271.1021
283.655,11.05,271.1021
283.655,11.05,271.1021
283.655,11.05,271.1021
283.655,11.05,271.1021
283.655,11.05,271.1021
283.655,11.05,271.1021
283.655,11.05,271.1021
283.655,11.05,271.1021
283.655,11.05,271.1021
283.655,11.05,271.1021
283.655,11.05,271.1021
283.655,11.05,271.1021
283.655,11.05,271.1021
283.655,11.05,271.1021
283.655,11.05,271.1021
283.655,11.05,271.1021
283.655,11.05,271.1021
283.655,11.05,271.1021
283.655,11.05,271.1021
283.655,11.05,271.1021
283.655,11.05,271.1021
283.655,11.05,271.1021
283.655,11.05,271.1021
283.655,11.05,271.1021
283.655,11.05,271.1021
283.655,11.05,271.1021
283.655,11.05,271.1021
283.655,11.05,271.1021
283.655,11.05,271.1021
283.655,11.05,271.1021
283.655,11.05,271.1021
283.655,11.05,271.1021
283.655,11.05,271.1021
283.655,11.05,271.1021
283.655,11.05,271.1021
283.655,11.05,271.1021
283.655,11.05,271.1021
283.655,11.05,271.1021
283.655,11.05,271.1021
283.655,11.05,271.1021
283.655,11.05,271.1021
283.655,11.05,271.1021
283.655,11.05,271.1021
283.655,11.05,271.1021
283.655,11.05,271.1021
283.655,11.05,271.1021
283.655,11.05,271.1021
283.655,11.05,271.1021
283.655,11.05,271.1021
283.655,11.05,271.1021
283.655,11.05,271.1021
283.655,11.05,271.1021
283.655,11.05,271.1021
283.655,11.05,271.1021
283.655,11.05,271.1021
283.655,11.05,271.1021
283.655,11.05,271.1021
283.655,11.05,271.1021
283.655,11.05,271.1021
283.655,11.05,271.1021
283.655,11.05,271.1021
283.655,11.05,271.1021
283.655,11.05,271.1021
283.655,11.05,271.1021
283.655,11.05,271.1021
283.655,11.05,271.1021
283.655,11.05,271.1021
283.655,11.05,271.1021
283.655,11.05,271.1021
283.655,11.05,271.1021
283.655,11.05,271.1021
283.655,11.05,271.1021
283.655,11.05,271.1021
283.655,11.05,271.1021
283.655,11.05,271.1021
283.655,11.05,271.1021
283.655,11.05,271.1021
283.655,11.05,271.1021
283.655,11.05,271.1021
283.655,11.05,271.1021
283.655,11.05,271.1021
283.655,11.05,271.1021
283.655,11.05,271.1021
283.655,11.05,271.1021
283.655,11.05,271.1021
283.655,11.05,271.1021
283.655,11.05,271.1021
283.655,11.05,271.1021
283.655,11.05,271.1021
283.655,11.05,271.1021
283.655,11.05,271.1021
283.655,11.05,271.1021
283.655,11.05,271.1021
283.655,11.05,271.1021
283.655,11.05,271.1021
283.655,11.05,271.1021
283.655,11.05,271.1021
283.655,11.05,271.1021
283.655,11.05,271.1021
283.655,11.05,271.1021
283.655,11.05,271.1021
283.655,11.05,271.1021
283.655,11.05,271.1021
283.655,11.05,271.1021
283.655,11.05,271.1021
283.655,11.05,271.1021
283.655,11.05,271.1021
283.655,11.05,271.1021
283.655,11.05,271.1021
283.655,11.05,271.1021
283.655,11.05,271.1021
283.655,11.05,271.1021
283.655,11.05,271.1021
283.655,11.05,271.1021
283.655,11.05,271.1021
283.655,11.05,271.1021
283.655,11.05,271.1021
283.655,11.05,271.1021
283.655,11.05,271.1021
283.655,11.05,271.1021
283.655,11.05,271.1021
283.655,11.05,271.1021
283.655,11.05,271.1021
283.655,11.05,271.1021
283.655,11.05,271.1021
283.655,11.05,271.1021
283.655,11.05,271.1021
283.655,11.05,271.1021
283.655,11.05,271.1021
283.655,11.05,271.1021
283.655,11.05,271.1021
283.655,11.05,271.1021
283.655,11.05,271.1021
283.655,11.05,271.1021
283.655,11.05,271.1021
283.655,11.05,271.1021
283.655,11.05,271.1021
283.655,11.05,271.1021
283.655,11.05,271.1021
283.655,11.05,271.1021
283.655,11.05,271.1021
283.655,11.05,271.1021
283.655,11.05,271.1021
283.655,11.05,271.1021
283.655,11.05,271.1021
283.655,11.05,271.1021
283.655,11.05,271.1021
283.655,11.05,271.1021
283.655,11.05,271.1021
283.655,11.05,271.1021
283.655,11.05,271.1021
283.655,11.05,271.1021
283.655,11.05,271.1021
283.655,11.05,271.1021
283.655,11.05,271.1021
283.655,11.05,271.1021
283.655,11.05,271.1021
283.655,11.05,271.1021
283.655,11.05,271.1021
283.655,11.05,271.1021
283.655,11.05,271.1021
283.655,11.05,271.1021
283.655,11.05,271.1021
283.655,11.05,271.1021
283.655,11.05,271.1021
283.655,11.05,271.1021
283.655,11.05,271.1021
283.655,11.05,271.1021
283.655,11.05,271.1021
283.655,11.05,271.1021
283.655,11.05,271.1021
283.655,11.05,271.1021
283.655,11.05,271.1021
283.655,11.05,271.1021
283.655,11.05,271.1021
283.655,11.05,271.1021
283.655,11.05,271.1021
283.655,11.05,271.1021
283.655,11.05,271.1021
283.655,11.05,271.1021
283.655,11.05,271.1021
283.655,11.05,271.1021
283.655,11.05,271.1021
283.655,11.05,271.1021
283.655,11.05,271.1021
283.655,11.05,271.1021
283.655,11.05,271.1021
283.655,11.05,271.1021
283.655,11.05,271.1021
283.655,11.05,271.1021
283.655,11.05,271.1021
283.655,11.05,271.1021
283.655,11.05,271.1021
283.655,11.05,271.1021
283.655,11.05,271.1021
283.655,11.05,271.1021
283.655,11.05,271.1021
283.655,11.05,271.1021
283.655,11.05,271.1021
283.655,11.05,271.1021
283.655,11.05,271.1021
283.655,11.05,271.1021
283.655,11.05,271.1021
283.655,11.05,271.1021
283.655,11.05,271.1021
283.655,11.05,271.1021
283.655,11.05,271.1021
283.655,11.05,271.1021
283.655,11.05,271.1021
283.655,11.05,271.1021
283.655,11.05,271.1021
283.655,11.05,271.1021
283.655,11.05,271.1021
283.655,11.05,271.1021
283.655,11.05,271.1021
283.655,11.05,271.1021
283.655,11.05,271.1021
283.655,11.05,271.1021
283.655,11.05,271.1021
283.655,11.05,271.1021
283.655,11.05,271.1021
283.655,11.05,271.1021
283.655,11.05,271.1021
283.655,11.05,271.1021
283.655,11.05,271.1021
283.655,11.05,271.1021
283.655,11.05,271.1021
283.655,11.05,271.1021
283.655,11.05,271.1021
283.655,11.05,271.1021
283.655,11.05,271.1021
283.655,11.05,271.1021
283.6547,11.05,271.1021
283.6535,11.05,271.1024
283.6501,11.05,271.1031
283.6415,11.05,271.1051
283.6292,11.05,271.1081
283.6115,11.05,271.1126
283.5888,11.05,271.1183
283.5607,11.05,271.1254
283.5209,11.05,271.1354
283.472,11.05,271.1476
283.4151,11.05,271.162
283.3469,11.05,271.1791
283.2693,11.05,271.1986
283.18,11.04895,271.2211
283.0796,11.042,271.2463
282.9722,11.05,271.2733
282.8535,11.05,271.3032
282.7233,11.05,271.3359
282.5875,11.05,271.3701
282.4518,11.05,271.4042
282.316,11.04053,271.4384
282.1815,11.05,271.4722
282.0464,11.04729,271.5061
281.9115,11.05,271.5401
281.7758,11.05,271.5742
281.64,11.05,271.6084
281.5042,11.05,271.6425
281.3685,11.05,271.6766
281.2327,11.05,271.7108
281.0969,11.05,271.7449
280.9612,11.05,271.7791
280.8254,11.05,271.8132
280.6896,11.05,271.8474
280.5538,11.05,271.8815
280.4181,11.05,271.9156
280.2823,11.05,271.9498
280.1465,11.05,271.9839
280.0108,11.04945,272.0181
279.875,11.04658,272.0522
279.7393,11.04057,272.0863
279.6037,11.05,272.1204
279.4687,11.05,272.1544
279.3329,11.05,272.1885
279.1971,11.04959,272.2227
279.0615,11.04525,272.2568
278.9265,11.05,272.2907
278.7909,11.05,272.3248
278.6551,11.05,272.359
278.5193,11.05,272.3931
278.3836,11.04881,272.4272
278.2481,11.05,272.4613
278.1123,11.05,272.4955
277.9766,11.05,272.5296
277.8408,11.05,272.5638
277.705,11.05,272.5979
277.5693,11.04753,272.632
277.4341,11.05,272.666
277.2984,11.05,272.7002
277.1626,11.05,272.7343
277.0268,11.0491,272.7684
276.8913,11.05,272.8025
276.7556,11.04587,272.8366
276.6207,11.05,272.8706
276.4851,11.05,272.9047
276.3493,11.05,272.9388
276.2136,11.05,272.973
276.0778,11.0423,273.0071
275.9429,11.04394,273.041
275.8087,11.04295,273.0748
275.6731,11.05,273.1089
275.5378,11.05,273.1429
275.402,11.05,273.177
275.2662,11.05,273.2112
275.1305,11.04167,273.2453
274.9959,11.05,273.2792
274.8607,11.05,273.3132
274.725,11.05,273.3475
274.5893,11.05,273.3818
274.4536,11.05,273.4164
274.318,11.05,273.4511
274.1824,11.05,273.486
274.0468,11.04725,273.521
273.9119,11.05,273.5561
273.7766,11.05,273.5917
273.6413,11.05,273.6277
273.5061,11.05,273.6639
273.3709,11.05,273.7004
273.2358,11.05,273.7373
273.1009,11.05,273.7745
272.9661,11.05,273.8124
272.8315,11.04977,273.8507
272.697,11.05,273.8894
272.5626,11.05,273.9285
272.4283,11.05,273.9681
272.2943,11.04991,274.0087
272.1605,11.0469,274.0497
272.0269,11.0491,274.0913
271.8937,11.05,274.1334
271.7604,11.05,274.1761
271.6274,11.05,274.2199
271.4947,11.05,274.2644
271.3622,11.05,274.3096
271.2299,11.04003,274.3554
271.099,11.05,274.4011
270.9683,11.05,274.4487
270.837,11.05,274.4973
270.706,11.05,274.5466
270.5753,11.04971,274.5967
270.4453,11.05,274.6484
270.3155,11.05,274.7009
270.186,11.05,274.7542
270.057,11.04592,274.8084
269.9287,11.05,274.8628
269.8005,11.04117,274.9187
269.6738,11.05,274.975
269.5473,11.04861,275.0334
269.4207,11.05,275.0929
269.2946,11.05,275.1535
269.1693,11.04864,275.216
269.0449,11.04747,275.2793
268.9211,11.05,275.3434
268.7975,11.05,275.4089
268.6744,11.05,275.4755
268.5518,11.05,275.5432
268.4305,11.05,275.613
268.3098,11.05,275.6839
268.1897,11.05,275.7559
268.0704,11.04376,275.829
267.952,11.05,275.9023
267.8351,11.05,275.9787
267.7186,11.04601,276.0563
267.6033,11.05,276.135
267.4886,11.05,276.2149
267.3745,11.05,276.2961
267.2623,11.04128,276.3797
267.1516,11.05,276.4631
267.0417,11.04782,276.5487
266.9324,11.05,276.6355
266.824,11.05,276.7239
266.7176,11.04404,276.8148
266.6127,11.05,276.9057
266.5086,11.05,276.9989
266.4055,11.05,277.0935
266.3035,11.05,277.1894
266.2039,11.04559,277.2877
266.1059,11.05,277.3862
266.0089,11.0499,277.4869
265.9131,11.05,277.5889
265.8187,11.05,277.6922
265.727,11.04684,277.7979
265.6371,11.05,277.904
265.5483,11.04982,278.0121
265.4605,11.05,278.1211
265.3733,11.05,278.2305
265.286,11.04818,278.34
265.1992,11.05,278.4489
265.1119,11.05,278.5584
265.0247,11.04924,278.6678
264.9375,11.05,278.7772
264.8503,11.04918,278.8866
264.7632,11.05,278.9958
264.676,11.05,279.1053
264.5887,11.05,279.2148
264.5015,11.05,279.3242
264.4143,11.04977,279.4336
264.3271,11.05,279.543
264.2399,11.05,279.6525
264.1526,11.05,279.7619
264.0654,11.04462,279.8714
263.9785,11.05,279.9804
263.8914,11.05,280.0897
263.8041,11.05,280.1991
263.7169,11.05,280.3086
263.6296,11.05,280.418
263.5424,11.05,280.5275
263.4552,11.05,280.6369
263.368,11.05,280.7464
263.2807,11.05,280.8558
263.1935,11.05,280.9653
263.1062,11.04296,281.0747
263.0197,11.04952,281.1833
262.9327,11.05,281.2924
262.8455,11.05,281.4019
262.7582,11.05,281.5113
262.671,11.05,281.6208
262.5837,11.05,281.7302
262.4965,11.05,281.8397
262.4093,11.05,281.9491
262.3221,11.04569,282.0585
262.2354,11.05,282.1673
262.1482,11.05,282.2766
262.061,11.04533,282.386
261.974,11.05,282.4952
261.8869,11.05,282.6045
261.7997,11.05,282.7139
261.7124,11.04223,282.8234
261.626,11.05,282.9318
261.5391,11.04791,283.0408
261.4521,11.05,283.1499
261.3649,11.05,283.2593
261.2777,11.04478,283.3688
261.1912,11.05,283.4773
261.1041,11.05,283.5866
261.0168,11.04965,283.696
260.9297,11.05,283.8054
260.8424,11.0467,283.9149
260.7557,11.0493,284.0236
260.6686,11.05,284.1329
260.5814,11.05,284.2423
260.4942,11.05,284.3518
260.4069,11.04815,284.4612
260.3201,11.05,284.5702
260.2328,11.05,284.6796
260.1456,11.05,284.7891
260.0584,11.04572,284.8985
259.9714,11.04918,285.0076
259.8844,11.05,285.1168
259.7971,11.05,285.2262
259.7099,11.05,285.3357
259.6227,11.05,285.4451
259.5355,11.04977,285.5546
259.4483,11.05,285.664
259.361,11.05,285.7734
259.2737,11.05,285.8828
259.1863,11.05,285.9921
259.0988,11.05,286.1013
259.0112,11.04984,286.2105
258.9236,11.05,286.3196
258.8357,11.05,286.4286
258.7476,11.05,286.5373
258.6593,11.05,286.6459
258.5708,11.05,286.7543
258.4821,11.05,286.8626
258.3932,11.05,286.9706
258.3038,11.04225,287.0783
258.2149,11.05,287.185
258.1252,11.05,287.2918
258.035,11.04847,287.3988
257.9445,11.05,287.5053
257.8533,11.05,287.6115
257.7617,11.05,287.7173
257.6697,11.05,287.8228
257.5774,11.05,287.9279
257.4846,11.04866,288.0327
257.3912,11.05,288.1366
257.2971,11.05,288.2403
257.2027,11.05,288.3435
257.1077,11.05,288.4464
257.0123,11.04981,288.5488
256.9159,11.05,288.6502
256.8189,11.05,288.7511
256.7214,11.05,288.8516
256.6234,11.05,288.9515
256.5249,11.04675,289.0509
256.4255,11.05,289.1487
256.3253,11.05,289.2463
256.2244,11.04107,289.3433
256.1243,11.05,289.4391
256.0227,11.04936,289.5343
255.9194,11.05,289.6286
255.8154,11.05,289.7223
255.7107,11.04311,289.8152
255.6066,11.05,289.9069
255.5009,11.05,289.998
255.3935,11.04025,290.0878
255.2864,11.05,290.1763
255.1783,11.0454,290.2639
255.0701,11.04381,290.3506
254.9613,11.05,290.4366
254.85,11.05,290.5209
254.7376,11.05,290.6044
254.6246,11.04756,290.687
254.5115,11.05,290.7681
254.397,11.05,290.8486
254.281,11.05,290.9269
254.1643,11.04998,291.0042
254.0468,11.04725,291.0804
253.9292,11.05,291.1554
253.8103,11.05,291.2292
253.6899,11.05,291.3006
253.5688,11.05,291.3708
253.4469,11.05,291.4396
253.3243,11.05,291.5072
253.201,11.05,291.5735
253.0763,11.04266,291.637
252.952,11.05,291.6995
252.8262,11.05,291.76
252.6994,11.04092,291.8192
252.5735,11.05,291.8772
252.4453,11.05,291.9316
252.3158,11.05,291.9848
252.1856,11.04835,292.0363
252.0549,11.04622,292.0863
251.9244,11.05,292.135
251.7919,11.05,292.1799
251.6588,11.05,292.2231
251.5251,11.05,292.2646
251.3908,11.05,292.3044
251.256,11.04533,292.3423
251.1214,11.05,292.3769
250.9853,11.05,292.4092
250.8487,11.05,292.4396
250.7116,11.05,292.4681
250.5741,11.05,292.4947
250.436,11.04585,292.5172
250.2984,11.05,292.5376
250.1597,11.05,292.556
250.0207,11.04947,292.5724
249.8816,11.05,292.5867
249.7419,11.05,292.5966
249.6021,11.05,292.6045
249.4622,11.05,292.6101
249.3223,11.05,292.6135
249.1823,11.05,292.6146
249.0423,11.04776,292.6135
248.9028,11.05,292.6092
248.7631,11.05,292.6012
248.6235,11.05,292.5908
248.4841,11.04443,292.5781
248.3456,11.05,292.5631
248.2073,11.05,292.5432
248.069,11.044,292.5209
247.9318,11.05,292.4977
247.7948,11.05,292.4706
247.658,11.05,292.441
247.5223,11.05,292.4064
247.3873,11.05,292.3694
247.253,11.04629,292.3298
247.1197,11.05,292.2878
246.9871,11.05,292.2433
246.8561,11.05,292.1938
246.7262,11.05,292.1417
246.5972,11.04039,292.0872
246.4694,11.0488,292.0309
246.3434,11.05,291.9716
246.2191,11.05,291.9071
246.0962,11.05,291.8401
245.9747,11.05,291.7705
245.8546,11.05,291.6986
245.7361,11.05,291.6241
245.6207,11.05,291.5449
245.507,11.05,291.4632
245.3951,11.05,291.3791
245.2849,11.04996,291.2927
245.1767,11.04954,291.2039
245.0724,11.0434,291.1106
244.9696,11.04862,291.0164
244.8696,11.04849,290.9188
244.7717,11.04861,290.8188
244.676,11.04897,290.7166
244.5851,11.04961,290.6102
244.4965,11.04998,290.5018
244.4105,11.05,290.3913
244.327,11.05,290.279
244.2462,11.05,290.1647
244.1708,11.04725,290.0468
244.0976,11.05,289.928
244.0279,11.04902,289.8067
243.9611,11.05,289.6838
243.8973,11.05,289.5593
243.8376,11.05,289.4327
243.7792,11.05,289.3055
243.7217,11.05,289.1779
243.6643,11.04683,289.0503
243.6072,11.05,288.9231
243.5499,11.05,288.7955
243.4926,11.05,288.6678
243.4353,11.04306,288.5402
243.3781,11.04925,288.4128
243.3209,11.05,288.2854
243.2636,11.05,288.1578
243.2062,11.04886,288.0301
243.149,11.05,287.9027
243.0917,11.05,287.7751
243.0344,11.04852,287.6474
242.9771,11.05,287.5198
242.9198,11.05,287.3922
242.8624,11.05,287.2645
242.8051,11.05,287.1369
242.7478,11.04989,287.0092
242.6905,11.05,286.8816
242.6331,11.04078,286.7539
242.576,11.0484,286.6265
242.5189,11.05,286.4994
242.4615,11.05,286.3717
242.4042,11.05,286.2441
242.3469,11.05,286.1164
242.2896,11.05,285.9887
242.2322,11.05,285.8611
242.1749,11.05,285.7334
242.1176,11.05,285.6057
242.0602,11.04544,285.4781
242.003,11.04999,285.3506
241.9458,11.05,285.2231
241.8884,11.05,285.0955
241.831,11.05,284.9679
241.7735,11.0472,284.8403
241.7159,11.05,284.7129
241.6582,11.05,284.5854
241.6003,11.05,284.458
241.5421,11.05,284.3307
241.4838,11.05,284.2036
241.4252,11.04263,284.0764
241.3669,11.05,283.9502
241.3081,11.05,283.8237
241.2485,11.05,283.6971
241.1886,11.05,283.5706
241.1284,11.05,283.4443
241.0679,11.04419,283.3181
241.0072,11.04994,283.1923
240.9457,11.04061,283.0669
240.884,11.0479,282.9419
240.8218,11.05,282.8171
240.7589,11.05,282.6921
240.6956,11.05,282.5673
240.6313,11.05,282.443
240.5664,11.05,282.319
240.5011,11.05,282.1953
240.4352,11.04351,282.0718
240.3694,11.05,281.9491
240.302,11.05,281.8269
240.2338,11.05,281.7047
240.1649,11.05,281.5829
240.0954,11.05,281.4614
240.0253,11.0492,281.3403
239.9538,11.05,281.22
239.8817,11.05,281.1001
239.8087,11.05,280.9807
239.7351,11.05,280.8617
239.6607,11.04574,280.7431
239.5848,11.04896,280.6256
239.5082,11.05,280.5086
239.4307,11.05,280.3921
239.3524,11.05,280.2761
239.2732,11.05,280.1607
239.1924,11.0473,280.0464
239.1111,11.05,279.933
239.0286,11.04898,279.8201
238.9452,11.05,279.7078
238.8608,11.05,279.5962
238.7746,11.05,279.4859
238.6875,11.05,279.3763
238.5995,11.05,279.2675
238.5105,11.05,279.1595
238.4205,11.04657,279.0523
238.3295,11.05,278.9466
238.2366,11.05,278.842
238.1428,11.05,278.7382
238.0479,11.04712,278.6353
237.9528,11.05,278.5331
237.8573,11.05,278.4308
237.7617,11.05,278.3286
237.6662,11.05,278.2263
237.5706,11.05,278.1241
237.475,11.0494,278.0218
237.3795,11.05,277.9196
237.284,11.05,277.8174
237.1884,11.05,277.7151
237.0928,11.05,277.6129
236.9972,11.05,277.5106
236.9017,11.05,277.4084
236.8061,11.05,277.3061
236.7105,11.05,277.2039
236.615,11.05,277.1016
236.5194,11.05,276.9993
236.4238,11.05,276.8971
236.3282,11.05,276.7948
236.2327,11.05,276.6926
236.1371,11.05,276.5903
236.0415,11.04784,276.488
235.9462,11.05,276.386
235.8507,11.05,276.2838
235.7551,11.05,276.1815
235.6595,11.04206,276.0793
235.5644,11.05,275.9776
235.4692,11.05,275.8757
235.3737,11.05,275.7734
235.2781,11.05,275.6712
235.1825,11.05,275.5689
235.087,11.04043,275.4667
234.9919,11.05,275.365
234.8969,11.05,275.2633
234.8013,11.05,275.161
234.7057,11.04566,275.0587
234.6105,11.05,274.9568
234.515,11.05,274.8547
234.4194,11.05,274.7525
234.3239,11.05,274.6502
234.2283,11.05,274.5479
234.1327,11.05,274.4457
234.0372,11.04827,274.3434
233.9418,11.05,274.2414
233.8462,11.05,274.1391
233.7507,11.0483,274.0369
233.6553,11.05,273.9348
233.5597,11.05,273.8326
233.4641,11.05,273.7304
233.3685,11.05,273.6282
233.2727,11.05,273.5261
233.1769,11.05,273.4241
233.081,11.04172,273.3222
232.9854,11.05,273.2208
232.8899,11.05,273.1194
232.7939,11.04962,273.0175
232.6981,11.05,272.9156
232.6023,11.05,272.8135
232.5067,11.05,272.7113
232.4111,11.05,272.609
232.3157,11.05,272.5067
232.2205,11.05,272.404
232.1254,11.05,272.3014
232.0306,11.04883,272.1984
231.9361,11.05,272.0954
231.8417,11.05,271.992
231.7475,11.05,271.8885
231.6539,11.05,271.7845
231.5605,11.04093,271.6802
231.4674,11.04259,271.5757
231.3746,11.04415,271.471
231.2822,11.04559,271.3659
231.19,11.04688,271.2606
231.0987,11.04804,271.1546
231.0077,11.047,271.0483
230.9173,11.04961,270.9421
230.8276,11.04997,270.8348
230.7379,11.05,270.7274
230.649,11.05,270.6192
230.5607,11.05,270.5106
230.4729,11.05,270.4016
230.3856,11.05,270.2922
230.2989,11.05,270.1824
230.2133,11.04352,270.0717
230.1284,11.05,269.9613
230.0443,11.04754,269.8499
229.9607,11.05,269.738
229.8776,11.05,269.6254
229.7959,11.05,269.5118
229.7149,11.05,269.3976
229.6347,11.05,269.283
229.5551,11.05,269.1678
229.4764,11.04659,269.0521
229.399,11.05,268.9361
229.3228,11.05,268.8188
229.2474,11.05,268.701
229.1728,11.05,268.5825
229.0992,11.05,268.4635
229.0274,11.04906,268.3434
228.9566,11.05,268.2227
228.8868,11.05,268.1014
228.818,11.05,267.9796
228.7503,11.0428,267.8571
228.6847,11.0485,267.7337
228.6203,11.05,267.6098
228.5569,11.05,267.485
228.4958,11.05,267.3591
228.4348,11.05,267.2332
228.3761,11.05,267.1061
228.3187,11.05,266.9785
228.2625,11.05,266.8503
228.2077,11.05,266.7216
228.1541,11.05,266.5923
228.1033,11.05,266.4619
228.0538,11.04636,266.331
228.0058,11.04996,266.1997
227.9593,11.0421,266.0678
227.9137,11.04968,265.9362
227.8718,11.05,265.8032
227.8312,11.05,265.6693
227.7922,11.05,265.5349
227.7564,11.05,265.3996
227.7206,11.05,265.2643
227.6881,11.05,265.1282
227.6573,11.05,264.9917
227.6282,11.05,264.8548
227.6008,11.04138,264.7176
227.5746,11.04998,264.5807
227.5527,11.05,264.4431
227.5325,11.05,264.3046
227.5142,11.05,264.1659
227.4978,11.04909,264.0269
227.4833,11.05,263.888
227.4727,11.05,263.7485
227.4641,11.05,263.6088
227.4574,11.04992,263.469
227.4528,11.05,263.3292
227.4502,11.05,263.1893
227.4517,11.04694,263.0493
227.4545,11.05,262.91
227.4603,11.05,262.7703
227.4682,11.05,262.6306
227.4782,11.0499,262.491
227.4927,11.05,262.3518
227.5093,11.05,262.2129
227.5282,11.04306,262.0742
227.5478,11.05,261.9366
227.5711,11.05,261.799
227.599,11.04753,261.6619
227.6286,11.05,261.5256
227.6611,11.05,261.3895
227.696,11.05,261.254
227.7332,11.05,261.119
227.775,11.05,260.9855
227.8192,11.0493,260.8527
227.8657,11.05,260.7209
227.9146,11.05,260.5898
227.9658,11.05,260.4595
228.0218,11.04941,260.3313
228.0802,11.04189,260.2041
228.1407,11.04223,260.0785
228.202,11.05,259.9541
228.2672,11.05,259.8308
228.3373,11.05,259.7097
228.4098,11.05,259.59
228.4846,11.05,259.4716
228.5617,11.05,259.3549
228.6411,11.05,259.2396
228.725,11.05,259.1276
228.8112,11.04963,259.0173
228.8996,11.04995,258.9089
228.9903,11.05,258.8022
229.0831,11.04127,258.6975
229.1783,11.05,258.5963
229.2771,11.05,258.498
229.3784,11.04967,258.4014
229.4817,11.05,258.3071
229.5871,11.05,258.215
229.6964,11.05,258.1275
229.8076,11.04774,258.0425
229.9205,11.04902,257.9601
230.0351,11.04846,257.8802
230.1514,11.05,257.803
230.2714,11.05,257.731
230.3931,11.05,257.6617
230.5163,11.04609,257.5952
230.6397,11.05,257.5305
230.7658,11.05,257.4699
230.8947,11.05,257.4152
231.0248,11.04923,257.3636
231.156,11.05,257.3151
231.2884,11.05,257.2698
231.422,11.05,257.2277
231.5574,11.05,257.1921
231.6936,11.05,257.1599
231.8307,11.05,257.1311
231.9684,11.05,257.1057
232.1067,11.04114,257.0837
232.2458,11.04404,257.0688
232.3853,11.04586,257.0574
232.5251,11.04691,257.0496
232.665,11.04742,257.0454
232.805,11.04705,257.0485
232.9449,11.04232,257.0552
233.084,11.04107,257.0638
233.222,11.04302,257.0744
233.3611,11.05,257.0901
233.4996,11.05,257.1075
233.6383,11.05,257.1266
233.7769,11.05,257.1457
233.9157,11.05,257.1647
234.0544,11.04629,257.1836
234.1921,11.04994,257.2022
234.3308,11.05,257.2207
234.4696,11.05,257.239
234.6084,11.05,257.2572
234.7472,11.05,257.2751
234.8861,11.05,257.2925
235.0251,11.04921,257.3097
235.1638,11.05,257.3265
235.3028,11.04899,257.343
235.4418,11.05,257.3592
235.5809,11.05,257.375
235.72,11.05,257.3901
235.8593,11.05,257.4047
235.9986,11.05,257.4189
236.1379,11.05,257.4327
236.2772,11.05,257.446
236.4167,11.04892,257.4582
236.5561,11.05,257.4699
236.6956,11.05,257.481
236.8352,11.05,257.4916
236.9749,11.05,257.5016
237.1146,11.05,257.5102
237.2544,11.05,257.5182
237.3942,11.05,257.5256
237.534,11.05,257.5322
237.6739,11.05,257.5374
237.8138,11.05,257.5418
237.9538,11.05,257.5454
238.0938,11.05,257.5482
238.2338,11.05,257.5501
238.3738,11.05,257.5504
238.5138,11.04919,257.5497
238.6536,11.05,257.5482
238.7936,11.05,257.5457
238.9335,11.05,257.5423
239.0735,11.0432,257.5369
239.2121,11.05,257.531
239.3515,11.05,257.5236
239.4912,11.04964,257.5151
239.6308,11.05,257.5056
239.7704,11.05,257.4949
239.9098,11.05,257.482
240.0491,11.04698,257.468
240.1874,11.05,257.453
240.3264,11.04233,257.4366
240.4645,11.05,257.4192
240.6027,11.05,257.4005
240.7411,11.05,257.3791
240.8792,11.05,257.3565
241.0172,11.04963,257.3326
241.1545,11.05,257.3061
241.292,11.05,257.2795
241.4289,11.05,257.2502
241.5655,11.05,257.2195
241.7018,11.05,257.1874
241.8373,11.05,257.1525
241.9729,11.05,257.1176
242.1077,11.04197,257.0797
242.2418,11.04795,257.0405
242.3754,11.05,256.9997
242.5083,11.05,256.9559
242.6413,11.05,256.912
242.7731,11.04469,256.8651
242.9041,11.05,256.8176
243.0346,11.0485,256.7676
243.1643,11.05,256.716
243.2937,11.05,256.6628
243.4218,11.05,256.6062
243.5491,11.05,256.5481
243.6757,11.05,256.4883
243.8015,11.05,256.4269
243.9265,11.05,256.3638
244.0497,11.0469,256.2974
244.1714,11.04787,256.2297
244.2922,11.05,256.1603
244.4126,11.05,256.0889
244.5319,11.04969,256.0158
244.6491,11.05,255.9393
244.7652,11.04422,255.8611
244.8801,11.05,255.7826
244.9924,11.05,255.6994
245.1049,11.05,255.6162
245.2148,11.05,255.5295
245.3234,11.04124,255.4412
245.4307,11.05,255.3529
245.5345,11.05,255.26
245.6388,11.05,255.1666
245.7401,11.04383,255.07
245.84,11.05,254.9729
245.9379,11.05,254.8732
246.0325,11.04867,254.7701
246.1271,11.05,254.6671
246.2182,11.05,254.5609
246.3075,11.05,254.4532
246.3949,11.05,254.3438
246.4785,11.05,254.2316
246.5621,11.05,254.1193
246.6416,11.04998,254.0041
246.719,11.05,253.8875
246.7943,11.05,253.7695
246.8674,11.05,253.6501
246.936,11.05,253.5282
247.0024,11.04999,253.4049
247.0664,11.04445,253.2805
247.1279,11.04954,253.1551
247.1869,11.04897,253.0286
247.2436,11.05,252.901
247.2973,11.05,252.7717
247.3502,11.05,252.6422
247.403,11.04242,252.5126
247.4555,11.05,252.3838
247.5081,11.05,252.2547
247.5609,11.05,252.1251
247.6136,11.05,251.9955
247.6664,11.05,251.8659
247.7192,11.04982,251.7363
247.772,11.05,251.6067
247.8248,11.05,251.4771
247.8775,11.05,251.3475
247.9303,11.05,251.2179
247.9831,11.04014,251.0883
248.0355,11.04842,250.9597
248.088,11.04019,250.8307
248.1406,11.05,250.7015
248.1931,11.05,250.5727
248.2459,11.05,250.4431
248.2987,11.04986,250.3135
248.3515,11.05,250.1839
248.4043,11.0463,250.0543
248.4568,11.05,249.9252
248.5096,11.05,249.7957
248.5623,11.04321,249.6661
248.6148,11.05,249.5373
248.6674,11.05,249.4081
248.7202,11.05,249.2785
248.773,11.05,249.1489
248.8258,11.04954,249.0193
248.8786,11.04992,248.8898
248.9313,11.05,248.7602
248.9841,11.05,248.6306
249.0369,11.0483,248.501
249.0897,11.05,248.3715
249.1424,11.04377,248.2419
249.1949,11.05,248.113
249.2476,11.05,247.9837
249.3004,11.05,247.8541
249.3531,11.05,247.7245
249.4059,11.05,247.5949
249.4587,11.04997,247.4653
249.5115,11.05,247.3357
249.5643,11.05,247.2061
249.6171,11.04261,247.0765
249.6695,11.05,246.9477
249.7221,11.04415,246.8186
249.7745,11.05,246.6899
249.8272,11.05,246.5606
249.88,11.05,246.431
249.9328,11.05,246.3014
249.9856,11.05,246.1718
250.0384,11.04592,246.0421
250.091,11.05,245.9128
250.1438,11.05,245.7833
250.1966,11.05,245.6537
250.2494,11.05,245.5241
250.3022,11.04464,245.3945
250.3547,11.05,245.2656
250.4073,11.05,245.1362
250.4601,11.04995,245.0066
250.5129,11.05,244.877
250.5657,11.05,244.7474
250.6185,11.05,244.6178
250.6713,11.05,244.4882
250.7241,11.05,244.3586
250.7769,11.05,244.229
250.8296,11.05,244.0993
250.8824,11.04521,243.9698
250.935,11.05,243.8408
250.9877,11.05,243.7114
251.0405,11.04795,243.5818
251.0932,11.05,243.4523
251.146,11.05,243.3227
251.1988,11.05,243.1931
251.2515,11.04493,243.0635
251.3041,11.05,242.9345
251.3568,11.05,242.8051
251.4095,11.05,242.6755
251.4623,11.04561,242.5459
251.5149,11.05,242.4169
251.5676,11.05,242.2875
251.6204,11.05,242.1579
251.6732,11.049,242.0283
251.7259,11.05,241.8989
251.7786,11.05,241.7693
251.8314,11.05,241.6397
251.8842,11.05,241.5101
251.9371,11.05,241.3805
251.9901,11.05,241.251
252.0431,11.04767,241.1215
252.0963,11.05,240.9922
252.1496,11.05,240.8628
252.2031,11.05,240.7335
252.2569,11.05,240.6043
252.3109,11.05,240.4753
252.3652,11.05,240.3463
252.4197,11.05,240.2174
252.4745,11.04007,240.0886
252.5291,11.05,239.9609
252.5844,11.05,239.8333
252.6404,11.04739,239.705
252.6965,11.05,239.5774
252.7532,11.05,239.4495
252.8108,11.05,239.3219
252.8687,11.05,239.1946
252.9272,11.04428,239.0674
252.9855,11.05,238.941
253.0447,11.04749,238.8145
253.1045,11.05,238.6882
253.1654,11.05,238.5622
253.2269,11.05,238.4365
253.2889,11.04969,238.3111
253.3515,11.05,238.186
253.4153,11.04525,238.0614
253.4789,11.05,237.9375
253.5439,11.05,237.8138
253.6097,11.04592,237.6903
253.6756,11.05,237.5676
253.7434,11.05,237.4453
253.812,11.05,237.3233
253.8814,11.05,237.2018
253.9516,11.04178,237.0807
254.0216,11.04942,236.9605
254.0938,11.05,236.8413
254.1671,11.05,236.7221
254.2413,11.05,236.6034
254.3163,11.05,236.4853
254.3922,11.05,236.3676
254.4698,11.05,236.2512
254.5474,11.05,236.1347
254.6269,11.04952,236.0195
254.7072,11.05,235.905
254.7885,11.05,235.7911
254.8716,11.05,235.6785
254.9548,11.05,235.566
255.04,11.048,235.4549
255.1259,11.05,235.3447
255.213,11.04969,235.2352
255.3021,11.05,235.1274
255.3922,11.04948,235.0203
255.4833,11.05,234.9142
255.5755,11.05,234.8089
255.6687,11.0492,234.7045
255.7639,11.05,234.6022
255.8603,11.05,234.5007
255.9577,11.05,234.4002
256.0562,11.04603,234.3008
256.1554,11.04858,234.2029
256.2567,11.05,234.1071
256.3584,11.04985,234.011
256.4622,11.05,233.9172
256.5672,11.05,233.8245
256.6732,11.04775,233.7331
256.7803,11.05,233.6439
256.8885,11.05,233.555
256.9987,11.05,233.4688
257.1101,11.05,233.384
257.2225,11.04617,233.3006
257.3354,11.05,233.219
257.4509,11.05,233.1401
257.5674,11.04508,233.0625
257.6841,11.05,232.9859
257.8014,11.04258,232.9098
257.9179,11.05,232.8342
258.0349,11.04848,232.7582
258.152,11.05,232.6822
258.2694,11.05,232.606
258.3868,11.05,232.5298
258.5042,11.05,232.4536
258.6216,11.05,232.3774
258.7391,11.05,232.3011
258.8565,11.05,232.2249
258.9739,11.05,232.1487
259.0913,11.04337,232.0725
259.2083,11.05,231.9966
259.3254,11.05,231.9206
259.4429,11.05,231.8443
259.5603,11.05,231.7681
259.6777,11.04987,231.6919
259.7951,11.05,231.6157
259.9125,11.05,231.5395
260.0299,11.04888,231.4633
260.1471,11.05,231.3873
260.2645,11.04865,231.3111
260.3816,11.05,231.2351
260.499,11.05,231.1589
260.6164,11.04137,231.0827
260.7334,11.04994,231.0067
260.8503,11.04592,230.9309
260.9668,11.05,230.8552
261.0841,11.04105,230.7791
261.2004,11.05,230.7036
261.3173,11.05,230.6277
261.4347,11.04138,230.5515
261.5513,11.05,230.4759
261.6683,11.05,230.4003
261.7859,11.05,230.3243
261.9035,11.05,230.2484
262.0213,11.04943,230.1729
262.139,11.05,230.0973
262.257,11.04939,230.0221
262.3752,11.05,229.947
262.4934,11.05,229.8721
262.612,11.05,229.7977
262.7306,11.05,229.7233
262.8495,11.05,229.6494
262.9685,11.05,229.5759
263.0878,11.04025,229.5026
263.2061,11.05,229.4302
263.3253,11.04931,229.3584
263.4453,11.05,229.2867
263.5656,11.05,229.2152
263.6862,11.05,229.1442
263.8072,11.04317,229.0736
263.9281,11.04639,229.0039
264.0488,11.04702,228.9352
264.17,11.05,228.8668
264.2922,11.05,228.7988
264.4148,11.05,228.7312
264.5378,11.05,228.6642
264.6613,11.05,228.5984
264.7852,11.05,228.5333
264.9095,11.05,228.4688
265.0341,11.04855,228.405
265.159,11.05,228.3427
265.2846,11.05,228.281
265.4107,11.05,228.2201
265.5371,11.05,228.1599
265.6638,11.05,228.1005
265.7914,11.04771,228.0428
265.9192,11.0472,227.986
266.0468,11.04725,227.93
266.1747,11.05,227.875
266.3037,11.05,227.8208
266.4336,11.05,227.7685
266.5638,11.05,227.7172
266.6945,11.05,227.6669
266.8255,11.05,227.6177
266.9569,11.05,227.5694
267.0891,11.05,227.5234
267.2217,11.05,227.4785
267.3547,11.04598,227.4346
267.4873,11.05,227.3917
267.6209,11.05,227.3503
267.7553,11.05,227.3113
267.8901,11.05,227.2735
268.0253,11.0492,227.237
268.1606,11.04893,227.2019
268.2962,11.05,227.1681
268.4326,11.05,227.137
268.5695,11.05,227.1073
268.7066,11.04213,227.0789
268.8439,11.0466,227.052
268.9813,11.04867,227.0267
269.1193,11.04998,227.0043
269.2577,11.05,226.9833
269.3963,11.05,226.964
269.5352,11.05,226.9462
269.6743,11.05,226.93
269.8137,11.04326,226.9171
269.9525,11.05,226.9051
270.0918,11.05,226.8955
270.2316,11.05,226.8876
270.3714,11.05,226.8815
270.5114,11.05,226.8789
270.6514,11.05,226.878
270.7914,11.04517,226.879
270.9309,11.05,226.8812
271.0706,11.04372,226.8858
271.2091,11.05,226.8926
271.3484,11.05,226.903
271.4879,11.05,226.9152
271.6272,11.05,226.9295
271.7662,11.05,226.9456
271.9048,11.04767,226.9658
272.0428,11.04771,226.9879
272.1801,11.04983,227.0117
272.3176,11.0482,227.0379
272.4547,11.04448,227.0662
272.5907,11.05,227.0987
272.7262,11.05,227.1331
272.8613,11.05,227.1698
272.9958,11.05,227.2086
273.1297,11.04093,227.2495
273.2622,11.0494,227.2932
273.3934,11.05,227.3403
273.5244,11.05,227.3899
273.6544,11.05,227.4415
273.7837,11.05,227.4954
273.911,11.05,227.5536
274.0373,11.04825,227.614
274.1622,11.05,227.6763
274.2863,11.05,227.741
274.4092,11.05,227.8079
274.5298,11.05,227.8792
274.649,11.05,227.9526
274.7668,11.04901,228.0281
274.8832,11.05,228.1058
274.9982,11.05,228.1856
275.1101,11.05,228.2697
275.2204,11.05,228.3559
275.329,11.04162,228.4442
275.4359,11.04388,228.5345
275.541,11.04537,228.6269
275.6425,11.0459,228.7233
275.742,11.04601,228.8217
275.8396,11.04572,228.9221
275.9355,11.04507,229.024
276.0298,11.04889,229.1275
276.1206,11.04193,229.2336
276.2098,11.05,229.3415
276.2968,11.05,229.4504
276.3753,11.05,229.5509
276.4451,11.05,229.6431
276.5066,11.05,229.7267
276.56,11.05,229.8013
276.6059,11.05,229.8667
276.6445,11.05,229.9225
276.6761,11.05,229.9685
276.7008,11.04997,230.0047
276.7188,11.0488,230.031
276.7306,11.04708,230.0482
276.7396,11.04524,230.0615
276.7463,11.04358,230.0714
276.7493,11.04276,230.0758
276.7523,11.04189,230.0802
276.7529,11.04171,230.081
276.753,11.04168,230.0812
276.753,11.04168,230.0812
276.753,11.04168,230.0812
276.753,11.04168,230.0812
276.753,11.04168,230.0812
276.753,11.04168,230.0812
276.753,11.04168,230.0812
276.753,11.04168,230.0812
276.753,11.04168,230.0812
276.753,11.04168,230.0812
276.753,11.04168,230.0812
276.753,11.04168,230.0812
276.753,11.04168,230.0812
276.753,11.04168,230.0812
276.753,11.04168,230.0812
276.753,11.04168,230.0812
276.753,11.04168,230.0812
276.753,11.04168,230.0812
276.753,11.04168,230.0812
276.753,11.04168,230.0812
276.753,11.04168,230.0812
276.753,11.04168,230.0812
276.753,11.04168,230.0812
276.753,11.04168,230.0812
276.753,11.04168,230.0812
276.753,11.04168,230.0812
276.753,11.04168,230.0812
276.753,11.04168,230.0812
276.753,11.04168,230.0812
276.753,11.04168,230.0812
276.753,11.04168,230.0812
276.753,11.04168,230.0812
276.753,11.04168,230.0812
276.753,11.04168,230.0812
276.753,11.04168,230.0812
276.753,11.04168,230.0812
276.753,11.04168,230.0812
276.753,11.04168,230.0812
276.753,11.04168,230.0812
