282.107,11.05,253.5481
282.0548,11.04623,253.4183
282.0026,11.04999,253.2886
281.9504,11.05,253.1589
281.8982,11.04894,253.029
281.8461,11.04821,252.8995
281.7939,11.05,252.7697
281.7417,11.05,252.6399
281.6895,11.05,252.5101
281.6372,11.05,252.3803
281.585,11.05,252.2504
281.5328,11.05,252.1206
281.4806,11.05,251.9908
281.4283,11.05,251.8609
281.3761,11.05,251.7311
281.3239,11.05,251.6013
281.2717,11.05,251.4714
281.2194,11.04056,251.3416
281.1674,11.04875,251.2121
281.1154,11.04132,251.0829
281.0636,11.04491,250.9543
281.0115,11.04983,250.8248
280.9594,11.05,250.6952
280.9072,11.05,250.5654
280.8549,11.05,250.4355
280.8027,11.05,250.3057
280.7505,11.05,250.1759
280.6983,11.04734,250.046
280.6462,11.05,249.9167
280.594,11.05,249.7869
280.5418,11.04161,249.6571
280.4897,11.0491,249.5276
280.4377,11.05,249.3982
280.3855,11.05,249.2684
280.3332,11.05,249.1386
280.281,11.0499,249.0087
280.2288,11.05,248.8789
280.1766,11.05,248.7491
280.1243,11.05,248.6193
280.0721,11.04345,248.4894
280.02,11.0495,248.3598
279.9679,11.05,248.2303
279.9156,11.05,248.1005
279.8634,11.04275,247.9707
279.8113,11.04945,247.8411
279.7592,11.05,247.7117
279.707,11.05,247.5818
279.6548,11.05,247.452
279.6026,11.05,247.3222
279.5504,11.05,247.1924
279.4981,11.04508,247.0625
279.4462,11.05,246.9333
279.394,11.05,246.8037
279.3418,11.05,246.6739
279.2896,11.05,246.544
279.2373,11.05,246.4142
279.1851,11.04379,246.2844
279.133,11.0497,246.1548
279.0809,11.04092,246.0253
279.029,11.04895,245.8962
278.977,11.05,245.7669
278.9247,11.05,245.6371
278.8725,11.05,245.5072
278.8203,11.05,245.3774
278.768,11.05,245.2476
278.7158,11.05,245.1178
278.6636,11.05,244.9879
278.6114,11.05,244.8581
278.5591,11.05,244.7283
278.5069,11.04473,244.5984
278.4548,11.04988,244.4688
278.4026,11.05,244.3392
278.3504,11.05,244.2094
278.2982,11.04201,244.0795
278.2463,11.05,243.9506
278.1943,11.05,243.8213
278.1421,11.05,243.6914
278.0898,11.05,243.5616
278.0376,11.04823,243.4318
277.9854,11.05,243.302
277.9332,11.05,243.1722
277.881,11.04775,243.0424
277.8289,11.04556,242.913
277.7768,11.04997,242.7834
277.7246,11.05,242.6537
277.6724,11.05,242.5239
277.6202,11.05,242.394
277.568,11.05,242.2642
277.5157,11.05,242.1344
277.4635,11.04997,242.0045
277.4113,11.05,241.8747
277.359,11.05,241.7449
277.3068,11.05,241.6151
277.2546,11.05,241.4852
277.2024,11.05,241.3554
277.1501,11.04643,241.2256
277.098,11.05,241.0959
277.0458,11.04737,240.9662
276.9936,11.05,240.8364
276.9414,11.05,240.7067
276.8892,11.05,240.5768
276.8369,11.05,240.447
276.7847,11.05,240.3172
276.7325,11.05,240.1873
276.6803,11.04585,240.0575
276.6283,11.05,239.9283
276.5761,11.05,239.7986
276.5239,11.05,239.6687
276.4717,11.04716,239.5389
276.4195,11.05,239.4092
276.3673,11.05,239.2794
276.3151,11.05,239.1496
276.2628,11.04951,239.0198
276.2107,11.05,238.8901
276.1584,11.05,238.7602
276.1062,11.05,238.6304
276.054,11.04634,238.5006
276.0018,11.05,238.3709
275.9496,11.05,238.2412
275.8974,11.05,238.1113
275.8452,11.05,237.9815
275.793,11.04784,237.8517
275.7408,11.05,237.722
275.6886,11.05,237.5922
275.6364,11.05,237.4623
275.5841,11.05,237.3325
275.5319,11.05,237.2027
275.4797,11.04331,237.0728
275.4278,11.05,236.9438
275.3757,11.05,236.8143
275.3235,11.05,236.6845
275.2712,11.05,236.5546
275.219,11.05,236.4248
275.1668,11.05,236.295
275.1145,11.0484,236.1651
275.0623,11.04352,236.0354
275.0104,11.04987,235.9062
274.9583,11.05,235.7767
274.9061,11.05,235.6469
274.8539,11.05,235.5171
274.8016,11.05,235.3872
274.7494,11.05,235.2574
274.6972,11.05,235.1276
274.6449,11.05,234.9977
274.5927,11.05,234.8679
274.5405,11.05,234.7381
274.4883,11.0409,234.6082
274.4362,11.04887,234.4787
274.3842,11.05,234.3495
274.3319,11.05,234.2196
274.2797,11.05,234.0898
274.2275,11.05,233.96
274.1753,11.05,233.8301
274.123,11.05,233.7003
274.0708,11.04368,233.5705
274.0187,11.04956,233.4409
273.9666,11.05,233.3114
273.9143,11.05,233.1815
273.8621,11.04665,233.0517
273.8101,11.04204,232.9224
273.7581,11.04924,232.793
273.706,11.05,232.6636
273.6538,11.05,232.5338
273.6016,11.05,232.4039
273.5493,11.05,232.2741
273.4971,11.05,232.1443
273.4449,11.04974,232.0145
273.3927,11.05,231.8847
273.3405,11.05,231.7549
273.2882,11.05,231.625
273.236,11.05,231.4952
273.1838,11.05,231.3654
273.1315,11.04318,231.2355
273.0794,11.04203,231.106
273.0273,11.04906,230.9765
272.9753,11.05,230.8471
272.9231,11.05,230.7173
272.8708,11.05,230.5874
272.8186,11.05,230.4576
272.7664,11.05,230.3278
272.7142,11.05,230.1979
272.6664,11.04207,230.0792
272.6221,11.05,229.9691
272.5821,11.05,229.8697
272.5465,11.05,229.7814
272.5154,11.05,229.7043
272.4888,11.05,229.6383
272.4666,11.04138,229.5834
272.4487,11.04483,229.5393
272.4352,11.04683,229.5062
272.4261,11.04788,229.4843
272.4196,11.04851,229.4684
272.416,11.0488,229.4599
272.4137,11.04897,229.4544
272.4123,11.04906,229.451
272.4118,11.0491,229.4498
272.4116,11.0491,229.4494
272.4116,11.0491,229.4494
272.4116,11.0491,229.4494
272.4116,11.0491,229.4494
272.4116,11.0491,229.4494
272.4116,11.0491,229.4494
272.4116,11.0491,229.4494
272.4116,11.0491,229.4494
272.4116,11.0491,229.4494
272.4116,11.0491,229.4494
272.4116,11.0491,229.4494
272.4116,11.0491,229.4494
272.4116,11.0491,229.4494
272.4116,11.0491,229.4494
272.4116,11.0491,229.4494
272.4116,11.0491,229.4494
272.4116,11.0491,229.4494
272.4116,11.0491,229.4494
272.4116,11.0491,229.4494
272.4116,11.0491,229.4494
272.4116,11.0491,229.4494
272.4116,11.0491,229.4494
272.4116,11.0491,229.4494
272.4116,11.0491,229.4494
272.4116,11.0491,229.4494
272.4116,11.0491,229.4494
272.4116,11.0491,229.4494
272.4116,11.0491,229.4494
272.4116,11.0491,229.4494
272.4116,11.0491,229.4494
272.4116,11.0491,229.4494
272.4116,11.0491,229.4494
272.4116,11.0491,229.4494
272.4116,11.0491,229.4494
272.4116,11.0491,229.4494
272.4116,11.0491,229.4494
272.4116,11.0491,229.4494
272.4116,11.0491,229.4494
272.4116,11.0491,229.4494
272.4116,11.0491,229.4494
272.4116,11.0491,229.4494
272.4116,11.0491,229.4494
272.4116,11.0491,229.4494
272.4116,11.0491,229.4494
272.4116,11.0491,229.4494
272.4116,11.0491,229.4494
272.4116,11.0491,229.4494
272.4116,11.0491,229.4494
272.4116,11.0491,229.4494
272.4116,11.0491,229.4494
272.4116,11.0491,229.4494
272.4116,11.0491,229.4494
272.4116,11.0491,229.4494
272.4116,11.0491,229.4494
272.4116,11.0491,229.4494
272.4116,11.0491,229.4494
272.4116,11.0491,229.4494
272.4116,11.0491,229.4494
272.4116,11.0491,229.4494
272.4116,11.0491,229.4494
272.4116,11.0491,229.4494
272.4116,11.0491,229.4494
272.4116,11.0491,229.4494
272.4116,11.0491,229.4494
272.4116,11.0491,229.4494
272.4116,11.0491,229.4494
272.4116,11.0491,229.4494
272.4116,11.0491,229.4494
272.4116,11.0491,229.4494
272.4116,11.0491,229.4494
272.4116,11.0491,229.4494
272.4116,11.0491,229.4494
272.4116,11.0491,229.4494
272.4116,11.0491,229.4494
272.4116,11.0491,229.4494
272.4116,11.0491,229.4494
272.4116,11.0491,229.4494
272.4116,11.0491,229.4494
272.4116,11.0491,229.4494
272.4116,11.0491,229.4494
272.4116,11.0491,229.4494
272.4116,11.0491,229.4494
272.4116,11.0491,229.4494
272.4116,11.0491,229.4494
272.4116,11.0491,229.4494
272.4116,11.0491,229.4494
272.4116,11.0491,229.4494
272.4116,11.0491,229.4494
272.4116,11.0491,229.4494
272.4116,11.0491,229.4494
272.4116,11.0491,229.4494
272.4116,11.0491,229.4494
272.4116,11.0491,229.4494
272.4116,11.0491,229.4494
272.4116,11.0491,229.4494
272.4116,11.0491,229.4494
272.4116,11.0491,229.4494
272.4116,11.0491,229.4494
272.4116,11.0491,229.4494
272.4116,11.0491,229.4494
272.4116,11.0491,229.4494
272.4116,11.0491,229.4494
272.4116,11.0491,229.4494
272.4116,11.0491,229.4494
272.4116,11.0491,229.4494
272.4116,11.0491,229.4494
272.4116,11.0491,229.4494
272.4116,11.0491,229.4494
272.4116,11.0491,229.4494
272.4116,11.0491,229.4494
272.4116,11.0491,229.4494
272.4116,11.0491,229.4494
272.4116,11.0491,229.4494
272.4116,11.0491,229.4494
272.4116,11.0491,229.4494
272.4116,11.0491,229.4494
272.4116,11.0491,229.4494
272.4116,11.0491,229.4494
272.4116,11.0491,229.4494
272.4116,11.0491,229.4494
272.4116,11.0491,229.4494
272.4116,11.0491,229.4494
272.4116,11.0491,229.4494
272.4116,11.0491,229.4494
272.4116,11.0491,229.4494
272.4116,11.0491,229.4494
272.4116,11.0491,229.4494
272.4116,11.0491,229.4494
272.4116,11.0491,229.4494
272.4116,11.0491,229.4494
272.4116,11.0491,229.4494
272.4116,11.0491,229.4494
272.4116,11.0491,229.4494
272.4116,11.0491,229.4494
272.4116,11.0491,229.4494
272.4116,11.0491,229.4494
272.4116,11.0491,229.4494
272.4116,11.0491,229.4494
272.4116,11.0491,229.4494
272.4116,11.0491,229.4494
272.4116,11.0491,229.4494
272.4116,11.0491,229.4494
272.4116,11.0491,229.4494
272.4116,11.0491,229.4494
272.4116,11.0491,229.4494
272.4116,11.0491,229.4494
272.4116,11.0491,229.4494
272.4116,11.0491,229.4494
272.4116,11.0491,229.4494
272.4116,11.0491,229.4494
272.4116,11.0491,229.4494
272.4116,11.0491,229.4494
272.4116,11.0491,229.4494
272.4116,11.0491,229.4494
272.4116,11.0491,229.4494
272.4116,11.0491,229.4494
272.4116,11.0491,229.4494
272.4116,11.0491,229.4494
272.4116,11.0491,229.4494
272.4116,11.0491,229.4494
272.4116,11.0491,229.4494
272.4116,11.0491,229.4494
272.4116,11.0491,229.4494
272.4116,11.0491,229.4494
272.4116,11.0491,229.4494
272.4116,11.0491,229.4494
272.4116,11.0491,229.4494
272.4116,11.0491,229.4494
272.4116,11.0491,229.4494
272.4116,11.0491,229.4494
272.4116,11.0491,229.4494
272.4116,11.0491,229.4494
272.4116,11.0491,229.4494
272.4116,11.0491,229.4494
272.4116,11.0491,229.4494
272.4116,11.0491,229.4494
272.4116,11.0491,229.4494
272.4116,11.0491,229.4494
272.4116,11.0491,229.4494
272.4116,11.0491,229.4494
272.4116,11.0491,229.4494
272.4116,11.0491,229.4494
272.4116,11.0491,229.4494
272.4116,11.0491,229.4494
272.4116,11.0491,229.4494
272.4116,11.0491,229.4494
272.4116,11.0491,229.4494
272.4116,11.0491,229.4494
272.4116,11.0491,229.4494
272.4116,11.0491,229.4494
272.4116,11.0491,229.4494
272.4116,11.0491,229.4494
272.4116,11.0491,229.4494
272.4116,11.0491,229.4494
272.4116,11.0491,229.4494
272.4116,11.0491,229.4494
272.4116,11.0491,229.4494
272.4116,11.0491,229.4494
272.4116,11.0491,229.4494
272.4116,11.0491,229.4494
272.4116,11.0491,229.4494
272.4116,11.0491,229.4494
272.4116,11.0491,229.4494
272.4116,11.0491,229.4494
272.4116,11.0491,229.4494
272.4116,11.0491,229.4494
272.4116,11.0491,229.4494
272.4116,11.0491,229.4494
272.4116,11.0491,229.4494
272.4116,11.0491,229.4494
272.4116,11.0491,229.4494
272.4116,11.0491,229.4494
272.4116,11.0491,229.4494
272.4116,11.0491,229.4494
272.4116,11.0491,229.4494
272.4116,11.0491,229.4494
272.4116,11.0491,229.4494
272.4116,11.0491,229.4494
272.4116,11.0491,229.4494
272.4116,11.0491,229.4494
272.4116,11.0491,229.4494
272.4116,11.0491,229.4494
272.4116,11.0491,229.4494
272.4116,11.0491,229.4494
272.4116,11.0491,229.4494
272.4116,11.0491,229.4494
272.4116,11.0491,229.4494
272.4116,11.0491,229.4494
272.4116,11.0491,229.4494
272.4116,11.0491,229.4494
272.4116,11.0491,229.4494
272.4116,11.0491,229.4494
272.4116,11.0491,229.4494
272.4116,11.0491,229.4494
272.4116,11.0491,229.4494
272.4116,11.0491,229.4494
272.4116,11.0491,229.4494
272.4116,11.0491,229.4494
272.4116,11.0491,229.4494
272.4116,11.0491,229.4494
272.4116,11.0491,229.4494
272.4116,11.0491,229.4494
272.4116,11.0491,229.4494
272.4116,11.0491,229.4494
272.4116,11.0491,229.4494
272.4116,11.0491,229.4494
272.4116,11.0491,229.4494
272.4116,11.0491,229.4494
272.4116,11.0491,229.4494
272.4116,11.0491,229.4494
272.4116,11.0491,229.4494
272.4116,11.0491,229.4494
272.4116,11.0491,229.4494
272.4116,11.0491,229.4494
272.4116,11.0491,229.4494
272.4116,11.0491,229.4494
272.4116,11.0491,229.4494
272.4116,11.0491,229.4494
272.4116,11.0491,229.4494
272.4116,11.0491,229.4494
272.4116,11.0491,229.4494
272.4116,11.0491,229.4494
272.4116,11.0491,229.4494
272.4116,11.0491,229.4494
272.4116,11.0491,229.4494
272.4116,11.0491,229.4494
272.4116,11.0491,229.4494
272.4116,11.0491,229.4494
272.4116,11.0491,229.4494
272.4116,11.0491,229.4494
272.4116,11.0491,229.4494
272.4116,11.0491,229.4494
272.4116,11.0491,229.4494
272.4116,11.0491,229.4494
272.4116,11.0491,229.4494
272.4116,11.0491,229.4494
272.4116,11.0491,229.4494
272.4116,11.0491,229.4494
272.4116,11.0491,229.4494
272.4116,11.0491,229.4494
272.4116,11.0491,229.4494
272.4116,11.0491,229.4494
272.4116,11.0491,229.4494
272.4116,11.0491,229.4494
272.4116,11.0491,229.4494
272.4116,11.0491,229.4494
272.4116,11.0491,229.4494
272.4116,11.0491,229.4494
272.4116,11.0491,229.4494
272.4116,11.0491,229.4494
272.4116,11.0491,229.4494
272.4116,11.0491,229.4494
272.4116,11.0491,229.4494
272.4116,11.0491,229.4494
272.4116,11.0491,229.4494
272.4116,11.0491,229.4494
272.4116,11.0491,229.4494
272.4116,11.0491,229.4494
272.4116,11.0491,229.4494
272.4116,11.0491,229.4494
272.4116,11.0491,229.4494
272.4116,11.0491,229.4494
272.4116,11.0491,229.4494
272.4113,11.04909,229.4495
272.4101,11.04901,229.4499
272.4073,11.04883,229.4506
272.4024,11.04846,229.452
272.3914,11.04746,229.4551
272.3753,11.04554,229.4596
272.3542,11.0422,229.4654
272.3279,11.05,229.4727
272.2981,11.05,229.481
272.2589,11.05,229.4919
272.2082,11.05,229.5061
272.1459,11.05,229.5234
272.0721,11.04345,229.5439
271.993,11.05,229.5659
271.9044,11.05,229.5906
271.8043,11.05,229.6184
271.6926,11.05,229.6495
271.5693,11.04173,229.6838
271.441,11.05,229.7195
271.3067,11.05,229.7569
271.1718,11.05,229.7944
271.037,11.04829,229.8319
270.9026,11.05,229.8693
270.7677,11.05,229.9068
270.6328,11.05,229.9444
270.498,11.05,229.9819
270.3631,11.04953,230.0194
270.2282,11.04593,230.0569
270.0934,11.05,230.0945
269.9587,11.05,230.1319
269.8239,11.05,230.1695
269.689,11.05,230.207
269.5541,11.05,230.2445
269.4192,11.05,230.282
269.2844,11.04922,230.3196
269.1497,11.05,230.357
269.0148,11.04973,230.3946
268.88,11.05,230.4321
268.7451,11.05,230.4696
268.6103,11.05,230.5071
268.4754,11.04699,230.5446
268.3412,11.05,230.582
268.2065,11.05,230.6195
268.0716,11.04354,230.657
267.9376,11.05,230.6943
267.803,11.05,230.7317
267.6682,11.04356,230.7692
267.5344,11.05,230.8065
267.3998,11.05,230.8439
267.265,11.05,230.8814
267.1301,11.05,230.9189
266.9952,11.05,230.9565
266.8604,11.05,230.994
266.7255,11.04876,231.0315
266.5906,11.044,231.069
266.4559,11.05,231.1065
266.3214,11.05,231.144
266.1865,11.05,231.1815
266.0516,11.04666,231.219
265.9173,11.05,231.2564
265.7825,11.05,231.2939
265.6477,11.05,231.3314
265.5128,11.05,231.3689
265.3779,11.04949,231.4065
265.2432,11.05,231.444
265.1083,11.05,231.4815
264.9734,11.05,231.519
264.8386,11.05,231.5565
264.7037,11.05,231.5941
264.5688,11.04753,231.6316
264.4345,11.05,231.6689
264.2997,11.05,231.7065
264.1649,11.05,231.744
264.03,11.04888,231.7815
263.8954,11.05,231.8189
263.7606,11.04421,231.8565
263.6268,11.05,231.8937
263.4922,11.05,231.9312
263.3573,11.05,231.9687
263.2224,11.04995,232.0062
263.0876,11.0403,232.0437
262.9537,11.04172,232.081
262.8191,11.05,232.1184
262.6848,11.05,232.1558
262.5499,11.05,232.1933
262.415,11.05,232.2309
262.2801,11.05,232.2684
262.1453,11.05,232.3059
262.0104,11.04986,232.3434
261.8755,11.05,232.3809
261.7407,11.05,232.4185
261.6058,11.05,232.456
261.4709,11.04968,232.4935
261.3362,11.05,232.531
261.2013,11.05,232.5685
261.0664,11.04445,232.6061
260.9323,11.05,232.6434
260.7977,11.05,232.6808
260.6628,11.04807,232.7184
260.5284,11.05,232.7558
260.3936,11.05,232.7933
260.2587,11.05,232.8308
260.1238,11.05,232.8683
259.989,11.05,232.9059
259.8541,11.04499,232.9434
259.7202,11.05,232.9806
259.5855,11.04959,233.0181
259.4507,11.04611,233.0556
259.3159,11.05,233.0931
259.1812,11.05,233.1306
259.0463,11.04731,233.1681
258.912,11.05,233.2055
258.7771,11.05,233.243
258.6423,11.05,233.2805
258.5074,11.05,233.3181
258.3725,11.05,233.3556
258.2376,11.05,233.3931
258.1028,11.05,233.4306
257.9679,11.05,233.4682
257.833,11.05,233.5057
257.6982,11.05,233.5432
257.5633,11.04981,233.5807
257.4285,11.05,233.6183
257.2936,11.05,233.6559
257.1588,11.05,233.6935
257.024,11.04928,233.7314
256.8895,11.05,233.7693
256.7548,11.04827,233.8074
256.6205,11.05,233.8455
256.4859,11.05,233.8839
256.3514,11.05,233.9228
256.217,11.05,233.9618
256.0826,11.04137,234.0012
255.9493,11.04479,234.0403
255.8168,11.04203,234.0795
255.6831,11.05,234.1199
255.5497,11.05,234.1607
255.4159,11.05,234.202
255.2823,11.05,234.2436
255.1488,11.05,234.2857
255.0155,11.0497,234.3286
254.8825,11.05,234.372
254.7496,11.05,234.4159
254.6168,11.05,234.4603
254.4842,11.04972,234.5053
254.3521,11.05,234.5513
254.2201,11.05,234.5979
254.0883,11.04014,234.6451
253.9576,11.05,234.6922
253.827,11.05,234.7403
253.6959,11.0445,234.7894
253.5662,11.05,234.8391
253.4362,11.05,234.8902
253.3061,11.05,234.9421
253.1764,11.05,234.9947
253.0473,11.04418,235.0488
252.9188,11.05,235.1037
252.7906,11.05,235.1593
252.6626,11.05,235.2159
252.5349,11.05,235.2733
252.4076,11.05,235.3315
252.2811,11.0423,235.3916
252.1561,11.05,235.4515
252.0309,11.0488,235.5132
251.9061,11.05,235.5758
251.7815,11.05,235.6395
251.6578,11.0486,235.7052
251.5351,11.05,235.7716
251.4126,11.05,235.8392
251.2906,11.05,235.9079
251.1698,11.05,235.9786
251.0496,11.0437,236.0504
250.9302,11.05,236.1232
250.8116,11.05,236.197
250.6934,11.05,236.272
250.5759,11.05,236.3481
250.4599,11.05,236.4264
250.3447,11.05,236.5059
250.2302,11.05,236.5865
250.1166,11.05,236.6683
250.0038,11.04998,236.7512
249.8928,11.05,236.8364
249.7827,11.05,236.9228
249.6735,11.04986,237.0104
249.5653,11.05,237.0992
249.458,11.05,237.1892
249.3529,11.05,237.2816
249.2488,11.05,237.3751
249.1458,11.05,237.4699
249.0439,11.04758,237.5659
248.9434,11.05,237.6628
248.8451,11.05,237.7623
248.7476,11.04162,237.8628
248.6512,11.05,237.9624
248.5546,11.04505,238.0627
248.458,11.05,238.1629
248.3611,11.05,238.2635
248.264,11.04366,238.3643
248.1677,11.05,238.4642
248.0709,11.04367,238.5648
247.9743,11.05,238.6651
247.8774,11.05,238.7656
247.7803,11.04534,238.8664
247.6839,11.05,238.9664
247.587,11.04434,239.0671
247.4905,11.05,239.1672
247.3936,11.05,239.2678
247.2965,11.04674,239.3686
247.2,11.05,239.4687
247.103,11.05,239.5694
247.0059,11.04996,239.6702
246.9088,11.05,239.771
246.8116,11.04773,239.8718
246.715,11.05,239.9721
246.618,11.04331,240.0728
246.5215,11.05,240.1729
246.4247,11.05,240.2735
246.3276,11.04864,240.3742
246.2308,11.05,240.4747
246.1337,11.05,240.5755
246.0366,11.04832,240.6763
245.9397,11.05,240.7769
245.8426,11.04923,240.8777
245.7457,11.05,240.9783
245.6485,11.0421,241.0791
245.5522,11.05,241.1791
245.4554,11.05,241.2795
245.3583,11.0497,241.3803
245.2613,11.05,241.481
245.1642,11.05,241.5818
245.0671,11.04434,241.6826
244.9703,11.05,241.7831
244.8734,11.04993,241.8837
244.7763,11.05,241.9844
244.6792,11.04082,242.0852
244.5829,11.05,242.1852
244.4863,11.05,242.2855
244.3892,11.05,242.3863
244.2921,11.05,242.4871
244.1949,11.05,242.5879
244.0978,11.05,242.6887
244.0007,11.05,242.7895
243.9036,11.05,242.8903
243.8065,11.05,242.9911
243.7094,11.05,243.0919
243.6123,11.05,243.1927
243.5152,11.05,243.2935
243.4181,11.05,243.3943
243.321,11.05,243.4951
243.2238,11.05,243.5959
243.1267,11.05,243.6967
243.0296,11.0489,243.7975
242.9326,11.05,243.8981
242.8355,11.05,243.9989
242.7384,11.05,244.0997
242.6413,11.05,244.2005
242.5442,11.05,244.3013
242.4471,11.05,244.4021
242.35,11.05,244.5029
242.2529,11.05,244.6037
242.1558,11.05,244.7045
242.0587,11.04568,244.8053
241.9619,11.05,244.9057
241.8649,11.04995,245.0064
241.7678,11.05,245.1072
241.6707,11.05,245.208
241.5735,11.05,245.3088
241.4764,11.05,245.4096
241.3793,11.05,245.5104
241.2822,11.05,245.6112
241.1851,11.05,245.712
241.088,11.0402,245.8128
240.9914,11.05,245.9131
240.8949,11.04114,246.0133
240.7991,11.05,246.1127
240.7024,11.05,246.213
240.6053,11.05,246.3138
240.5082,11.05,246.4146
240.4111,11.04314,246.5154
240.3149,11.05,246.6153
240.218,11.05,246.7158
240.1208,11.05,246.8165
240.0236,11.04931,246.9171
239.9263,11.04475,247.0176
239.8297,11.05,247.1173
239.7324,11.05,247.2175
239.6346,11.05,247.3176
239.5366,11.05,247.4176
239.4386,11.04609,247.5175
239.341,11.05,247.6165
239.2427,11.05,247.7159
239.1438,11.05,247.8149
239.0447,11.0475,247.9137
238.9456,11.04723,248.0121
238.8466,11.05,248.1099
238.7468,11.05,248.2079
238.6463,11.05,248.3053
238.5455,11.05,248.4024
238.4444,11.04811,248.4992
238.3433,11.05,248.5952
238.2415,11.05,248.6912
238.139,11.05,248.7865
238.036,11.04837,248.8813
237.9329,11.04886,248.9755
237.8294,11.04397,249.0692
237.7259,11.05,249.1621
237.6211,11.05,249.2543
237.5156,11.05,249.3463
237.4188,11.04992,249.43
237.3307,11.05,249.5056
237.2513,11.05,249.5729
237.1807,11.05,249.6321
237.119,11.05,249.6832
237.0663,11.04446,249.7263
237.0216,11.04942,249.7625
236.9858,11.05,249.7909
236.9592,11.05,249.8115
236.9413,11.05,249.825
236.9284,11.05,249.8346
236.9188,11.05,249.8416
236.9121,11.05,249.8465
236.9096,11.05,249.8482
236.9087,11.05,249.8488
236.9085,11.05,249.849
236.9085,11.05,249.849
236.9085,11.05,249.849
236.9085,11.05,249.849
236.9085,11.05,249.849
236.9085,11.05,249.849
236.9085,11.05,249.849
236.9085,11.05,249.849
236.9085,11.05,249.849
236.9085,11.05,249.849
236.9085,11.05,249.849
236.9085,11.05,249.849
236.9085,11.05,249.849
236.9085,11.05,249.849
236.9085,11.05,249.849
236.9085,11.05,249.849
236.9085,11.05,249.849
236.9085,11.05,249.849
236.9085,11.05,249.849
236.9085,11.05,249.849
236.9085,11.05,249.849
236.9085,11.05,249.849
236.9085,11.05,249.849
236.9085,11.05,249.849
236.9085,11.05,249.849
236.9085,11.05,249.849
236.9085,11.05,249.849
236.9085,11.05,249.849
236.9085,11.05,249.849
236.9085,11.05,249.849
236.9085,11.05,249.849
236.9085,11.05,249.849
236.9085,11.05,249.849
236.9085,11.05,249.849
236.9085,11.05,249.849
236.9085,11.05,249.849
236.9082,11.05,249.849
236.907,11.05,249.8492
236.9042,11.05,249.8498
236.8954,11.05,249.8515
236.8832,11.05,249.8539
236.8666,11.05,249.8571
236.8451,11.04984,249.8613
236.8181,11.04853,249.8665
236.7794,11.04436,249.8741
236.73,11.05,249.8837
236.6732,11.05,249.8947
236.6068,11.05,249.9076
236.5309,11.05,249.9224
236.4432,11.05,249.9395
236.3437,11.05,249.9588
236.2324,11.05,249.9805
236.1094,11.04998,250.0044
235.9746,11.04802,250.0306
235.8376,11.04588,250.0573
235.7002,11.04108,250.084
235.5629,11.05,250.1107
235.4261,11.05,250.1373
235.2887,11.05,250.164
235.1513,11.04902,250.1908
235.0141,11.04975,250.2174
234.8767,11.05,250.2442
234.7393,11.05,250.2709
234.6019,11.05,250.2976
234.4645,11.05,250.3243
234.327,11.04964,250.3511
234.1897,11.05,250.3778
234.0523,11.04657,250.4045
233.9155,11.05,250.4311
233.7782,11.05,250.4578
233.6407,11.05,250.4846
233.5033,11.04996,250.5113
233.3659,11.05,250.538
233.2285,11.05,250.5647
233.091,11.05,250.5915
232.9536,11.05,250.6182
232.8162,11.05,250.6449
232.6788,11.05,250.6717
232.5414,11.05,250.6984
232.4039,11.05,250.7251
232.2665,11.05,250.7519
232.1291,11.05,250.7786
231.9917,11.05,250.8053
231.8542,11.05,250.832
231.7168,11.05,250.8588
231.5794,11.05,250.8855
231.442,11.05,250.9122
231.3046,11.05,250.939
231.1671,11.05,250.9657
231.0297,11.04889,250.9924
230.8926,11.04954,251.0191
230.7552,11.04737,251.0458
230.6178,11.04337,251.0725
230.4805,11.05,251.0993
230.3434,11.05,251.1259
230.206,11.05,251.1526
230.0686,11.04407,251.1794
229.932,11.05,251.2059
229.7949,11.05,251.2326
229.6575,11.05,251.2593
229.52,11.05,251.2861
229.3826,11.05,251.3128
229.2452,11.0444,251.3396
229.1088,11.05,251.3661
228.9717,11.05,251.393
228.8343,11.05,251.42
228.697,11.05,251.4472
228.5597,11.05,251.4745
228.4224,11.04603,251.5019
228.2861,11.05,251.5296
228.149,11.05,251.5576
228.0119,11.04982,251.5859
227.8749,11.05,251.6144
227.7379,11.05,251.6432
227.6011,11.04678,251.6727
227.465,11.05,251.7023
227.3284,11.05,251.7324
227.1918,11.05,251.763
227.0552,11.04617,251.7939
226.9194,11.05,251.8251
226.7833,11.04657,251.8573
226.648,11.05,251.8898
226.5121,11.05,251.923
226.3762,11.05,251.9567
226.2406,11.05,251.9915
226.1052,11.0491,252.0269
225.9699,11.04389,252.0628
225.8356,11.05,252.0992
225.701,11.05,252.1363
225.5664,11.05,252.1748
225.432,11.05,252.214
225.2978,11.05,252.2539
225.1638,11.05,252.2945
225.0301,11.04887,252.3359
224.8971,11.05,252.3787
224.7641,11.05,252.4223
224.6314,11.05,252.4669
224.4989,11.04989,252.5122
224.3668,11.05,252.5584
224.2353,11.05,252.6063
224.1041,11.05,252.6551
223.9732,11.05,252.7049
223.8427,11.05,252.7555
223.7126,11.04437,252.8071
223.5839,11.05,252.8593
223.4546,11.05,252.9122
223.325,11.05,252.9652
223.1954,11.04959,253.0182
223.0659,11.04454,253.0712
222.937,11.05,253.1239
222.8077,11.05,253.1769
222.6782,11.05,253.2301
222.5488,11.05,253.2834
222.4193,11.05,253.3368
222.2901,11.04365,253.3904
222.1619,11.05,253.4438
222.0331,11.04863,253.4977
221.9044,11.05,253.5517
221.7754,11.05,253.6062
221.6466,11.04987,253.6611
221.518,11.05,253.7163
221.3895,11.05,253.7719
221.2612,11.05,253.8277
221.1329,11.05,253.8839
221.005,11.04997,253.9408
220.8773,11.04078,253.9981
220.7509,11.0462,254.055
220.6241,11.05,254.1128
220.497,11.05,254.1713
220.3703,11.05,254.2308
220.2439,11.04862,254.2908
220.118,11.05,254.3512
219.992,11.05,254.4122
219.8663,11.05,254.4738
219.7412,11.05,254.5365
219.627,11.05,254.5944
219.5237,11.04035,254.6472
219.4286,11.05,254.6962
219.3432,11.05,254.7407
219.2687,11.05,254.7801
219.205,11.05,254.8142
219.152,11.05,254.843
219.1098,11.05,254.8664
219.0782,11.04228,254.8844
219.056,11.04607,254.8973
219.0416,11.04783,254.9059
219.0318,11.04874,254.9119
219.0248,11.04923,254.9161
219.0204,11.04948,254.9189
219.0192,11.04954,254.9196
219.0189,11.04955,254.9199
219.0189,11.04955,254.9199
219.0189,11.04955,254.9199
219.0189,11.04955,254.9199
219.0189,11.04955,254.9199
219.0189,11.04955,254.9199
219.0189,11.04955,254.9199
219.0189,11.04955,254.9199
219.0189,11.04955,254.9199
219.0189,11.04955,254.9199
219.0189,11.04955,254.9199
219.0189,11.04955,254.9199
219.0189,11.04955,254.9199
219.0189,11.04955,254.9199
219.0189,11.04955,254.9199
219.0189,11.04955,254.9199
219.0189,11.04955,254.9199
219.0189,11.04955,254.9199
219.0189,11.04955,254.9199
219.0189,11.04955,254.9199
219.0189,11.04955,254.9199
219.0189,11.04955,254.9199
219.0189,11.04955,254.9199
219.0189,11.04955,254.9199
219.0189,11.04955,254.9199
219.0189,11.04955,254.9199
219.0189,11.04955,254.9199
219.0189,11.04955,254.9199
219.0189,11.04955,254.9199
219.0189,11.04955,254.9199
219.0189,11.04955,254.9199
219.0189,11.04955,254.9199
219.0189,11.04955,254.9199
219.0189,11.04955,254.9199
219.0189,11.04955,254.9199
219.0189,11.04955,254.9199
219.0189,11.04955,254.9199
219.0189,11.04955,254.9199
219.0189,11.04955,254.9199
219.0189,11.04955,254.9199
219.0189,11.04955,254.9199
219.0189,11.04955,254.9199
219.0189,11.04955,254.9199
219.0189,11.04955,254.9199
219.0189,11.04955,254.9199
219.019,11.04955,254.9196
219.0195,11.04953,254.9184
219.0204,11.04948,254.9157
219.0221,11.04939,254.9109
219.0254,11.04919,254.8999
219.03,11.04887,254.8837
219.0358,11.04839,254.8627
219.0429,11.04769,254.8362
219.0515,11.04667,254.8037
219.0619,11.04518,254.7645
219.0754,11.04283,254.7138
219.0919,11.05,254.6515
219.1111,11.05,254.5793
219.1333,11.05,254.4956
219.1585,11.05,254.4006
219.1868,11.04275,254.294
219.2172,11.05,254.1791
219.2506,11.04642,254.0534
219.2851,11.05,253.9232
219.3209,11.05,253.7881
219.3568,11.05,253.6528
219.3927,11.04014,253.5175
219.4283,11.05,253.3832
219.464,11.05,253.2488
219.4999,11.05,253.1135
219.5358,11.05,252.9782
219.5716,11.05,252.843
219.6075,11.04367,252.7077
219.6432,11.05,252.5732
219.679,11.05,252.4383
219.7149,11.05,252.303
219.7507,11.05,252.1677
219.7866,11.04868,252.0325
219.8224,11.04645,251.8976
219.8581,11.05,251.7631
219.8939,11.05,251.6279
219.9298,11.05,251.4926
219.9657,11.05,251.3574
219.9985,11.05,251.2337
220.0282,11.049,251.1217
220.0548,11.04566,251.0212
220.0784,11.04224,250.9322
220.0989,11.05,250.8547
220.1164,11.05,250.7881
220.1309,11.05,250.7332
220.1422,11.05,250.6898
220.1505,11.05,250.658
220.156,11.05,250.6363
220.1603,11.05,250.6194
220.1632,11.05,250.608
220.1645,11.05,250.6028
220.1653,11.05,250.5998
220.1656,11.05,250.5984
220.1657,11.05,250.598
220.1657,11.05,250.598
220.1657,11.05,250.598
220.1657,11.05,250.598
220.1657,11.05,250.598
220.1657,11.05,250.598
220.1657,11.05,250.598
220.1657,11.05,250.598
220.1657,11.05,250.598
220.1657,11.05,250.598
220.1657,11.05,250.598
220.1657,11.05,250.598
220.1657,11.05,250.598
220.1657,11.05,250.598
220.1657,11.05,250.598
220.1657,11.05,250.598
220.1657,11.05,250.598
220.1657,11.05,250.598
220.1657,11.05,250.598
220.1657,11.05,250.598
220.1657,11.05,250.598
220.1657,11.05,250.598
220.1657,11.05,250.598
220.1657,11.05,250.598
220.1657,11.05,250.598
220.1657,11.05,250.598
220.1657,11.05,250.598
220.1657,11.05,250.598
220.1657,11.05,250.598
220.1657,11.05,250.598
220.1657,11.05,250.598
220.1657,11.05,250.598
220.1657,11.05,250.598
220.1657,11.05,250.598
220.1657,11.05,250.598
220.1657,11.05,250.598
220.1657,11.05,250.598
220.1657,11.05,250.598
220.1657,11.05,250.598
220.1657,11.05,250.598
220.1657,11.05,250.598
220.1657,11.05,250.598
220.1657,11.05,250.598
220.1657,11.05,250.598
220.1657,11.05,250.598
220.1657,11.05,250.598
220.1657,11.05,250.598
220.1657,11.05,250.598
220.1657,11.05,250.598
220.1657,11.05,250.598
220.1657,11.05,250.598
220.1657,11.05,250.598
220.1657,11.05,250.598
220.1657,11.05,250.598
220.1657,11.05,250.598
220.1659,11.05,250.5988
220.1663,11.05,250.6004
220.168,11.05,250.606
220.1706,11.05,250.6145
220.1745,11.05,250.6265
220.1803,11.05,250.6438
220.1879,11.05,250.6659
220.1996,11.05,250.6994
220.2137,11.05,250.7397
220.2303,11.05,250.7873
220.2505,11.05,250.845
220.2737,11.05,250.9115
220.3008,11.05,250.9892
220.332,11.04227,251.0783
220.3659,11.05,251.1755
220.4037,11.05,251.2836
220.4454,11.05,251.403
220.4911,11.04886,251.5337
220.5372,11.05,251.6658
220.5833,11.05,251.7979
220.6295,11.05,251.93
220.6756,11.04515,252.0621
220.7214,11.05,252.1932
220.7675,11.05,252.3251
220.8137,11.05,252.4572
220.8598,11.05,252.5893
220.906,11.05,252.7215
220.9521,11.05,252.8536
220.9983,11.05,252.9857
221.0444,11.04753,253.1178
221.0905,11.05,253.2498
221.1367,11.05,253.3819
221.1828,11.05,253.514
221.229,11.05,253.6461
221.2751,11.05,253.7782
221.3213,11.05,253.9103
221.3674,11.04774,254.0424
221.4134,11.05,254.1739
221.4595,11.05,254.306
221.5056,11.05,254.4381
221.5518,11.04979,254.5702
221.5979,11.04313,254.7023
221.644,11.05,254.834
221.69,11.05,254.9657
221.7361,11.05,255.0979
221.7823,11.05,255.23
221.8284,11.05,255.3621
221.8746,11.05,255.4942
221.9207,11.05,255.6263
221.9669,11.05,255.7584
222.013,11.04979,255.8905
222.0592,11.04495,256.0226
222.1051,11.0485,256.1541
222.1512,11.05,256.286
222.1973,11.05,256.4181
222.2435,11.05,256.5502
222.2896,11.05,256.6823
222.3358,11.05,256.8144
222.3819,11.05,256.9465
222.4281,11.04219,257.0786
222.4738,11.05,257.2095
222.5198,11.05,257.3412
222.5659,11.05,257.4733
222.6121,11.05,257.6054
222.6582,11.04605,257.7375
222.7043,11.05,257.8694
222.7504,11.05,258.0013
222.7965,11.05,258.1335
222.8427,11.05,258.2656
222.8888,11.05,258.3977
222.935,11.05,258.5298
222.9812,11.05,258.6619
223.0274,11.04906,258.794
223.0737,11.04314,258.926
223.1201,11.04581,259.0578
223.1663,11.04968,259.189
223.2129,11.04267,259.3207
223.2598,11.05,259.4521
223.3068,11.05,259.5834
223.3542,11.05,259.7151
223.4019,11.05,259.8467
223.4497,11.05,259.9782
223.4982,11.05,260.1095
223.5469,11.05,260.2407
223.596,11.05,260.3717
223.6454,11.05,260.5027
223.6951,11.05,260.6335
223.7457,11.04979,260.7639
223.7966,11.04399,260.8943
223.8479,11.04927,261.0241
223.8995,11.05,261.1537
223.9518,11.05,261.2835
224.0051,11.04997,261.4129
224.059,11.04563,261.5421
224.1133,11.05,261.6708
224.1681,11.05,261.7994
224.2236,11.05,261.9279
224.2804,11.04609,262.0558
224.3373,11.05,262.1826
224.3952,11.05,262.3098
224.4539,11.05,262.4369
224.5132,11.04841,262.5636
224.574,11.04155,262.6897
224.6353,11.05,262.8151
224.6973,11.05,262.9399
224.7603,11.04471,263.0648
224.8235,11.05,263.1886
224.8887,11.05,263.3121
224.955,11.05,263.4354
225.022,11.04939,263.5582
225.0899,11.05,263.6805
225.1587,11.05,263.8024
225.2284,11.05,263.9238
225.2998,11.04756,264.0441
225.3719,11.05,264.1634
225.4453,11.05,264.2825
225.5195,11.05,264.4012
225.5958,11.05,264.5185
225.673,11.05,264.6353
225.7512,11.05,264.7513
225.8304,11.04918,264.8667
225.9107,11.04687,264.9814
225.9919,11.05,265.0952
226.0753,11.04286,265.2076
226.1591,11.05,265.3185
226.2444,11.05,265.429
226.3309,11.05,265.539
226.4186,11.05,265.6481
226.5085,11.05,265.7554
226.5994,11.05,265.8618
226.6915,11.05,265.9673
226.7846,11.04352,266.0717
226.8781,11.05,266.1746
226.9744,11.05,266.2756
227.072,11.04346,266.3759
227.17,11.05,266.4745
227.2697,11.05,266.5723
227.3708,11.05,266.6691
227.4741,11.05,266.7635
227.5786,11.05,266.8567
227.6842,11.05,266.9485
227.7909,11.04808,267.0391
227.8985,11.05,267.1282
228.0086,11.04991,267.2146
228.1198,11.05,267.2997
228.2321,11.05,267.3832
228.3455,11.04093,267.4653
228.4599,11.04536,267.5458
228.5763,11.04863,267.6231
228.6939,11.04998,267.6988
228.8127,11.05,267.7729
228.9324,11.05,267.8454
229.0532,11.04644,267.9161
229.1748,11.05,267.9838
229.2975,11.04672,268.0511
229.42,11.05,268.1182
229.5427,11.05,268.1854
229.6655,11.05,268.2526
229.7883,11.05,268.3198
229.9111,11.05,268.3871
230.0339,11.04856,268.4543
230.1563,11.05,268.5213
230.2791,11.05,268.5885
230.4019,11.05,268.6558
230.5247,11.05,268.723
230.6474,11.05,268.7903
230.7702,11.04521,268.8575
230.8928,11.04936,268.9248
231.0153,11.04971,268.9922
231.1378,11.04551,269.0598
231.2504,11.05,269.122
231.3529,11.05,269.1787
231.4449,11.05,269.2298
231.5263,11.05,269.2751
231.5971,11.05,269.3148
231.6574,11.05,269.3487
231.7072,11.05,269.3768
231.7465,11.05,269.3991
231.7753,11.05,269.4156
231.7946,11.05,269.4268
231.8096,11.05,269.4356
231.8208,11.05,269.4422
231.8279,11.05,269.4464
231.8306,11.05,269.448
231.8318,11.05,269.4487
231.8321,11.05,269.4489
231.8321,11.05,269.4489
231.8321,11.05,269.4489
231.8321,11.05,269.4489
231.8321,11.05,269.4489
231.8321,11.05,269.4489
231.8321,11.05,269.4489
231.8321,11.05,269.4489
231.8321,11.05,269.4489
231.8321,11.05,269.4489
231.8321,11.05,269.4489
231.8321,11.05,269.4489
231.8321,11.05,269.4489
231.8321,11.05,269.4489
231.8321,11.05,269.4489
231.8325,11.05,269.4492
231.8338,11.05,269.4502
231.8366,11.05,269.4523
231.8435,11.05,269.4578
231.8534,11.05,269.4656
231.8665,11.05,269.4762
231.8846,11.05,269.491
231.9069,11.05,269.5095
231.938,11.05,269.5362
231.976,11.05,269.5692
232.0199,11.04951,269.6081
232.0721,11.04346,269.6551
232.1307,11.05,269.7087
232.1971,11.05,269.7708
232.2716,11.05,269.8417
232.3541,11.05,269.9216
232.4444,11.04986,270.0105
232.5421,11.05,270.1086
232.6408,11.05,270.2079
232.7394,11.05,270.3072
232.8381,11.05,270.4065
232.9368,11.05,270.5058
233.0354,11.04843,270.6051
233.1339,11.05,270.7042
233.2325,11.05,270.8035
233.3312,11.05,270.9027
233.4298,11.04999,271.002
233.5285,11.05,271.1013
233.6271,11.05,271.2006
233.7258,11.05,271.2999
233.8244,11.05,271.3992
233.9231,11.05,271.4985
234.0218,11.04941,271.5977
234.1203,11.05,271.697
234.219,11.05,271.7963
234.3177,11.05,271.8955
234.4163,11.05,271.9948
234.515,11.05,272.0941
234.6136,11.05,272.1934
234.7123,11.05,272.2927
234.8109,11.05,272.392
234.9096,11.05,272.4913
235.0082,11.04992,272.5905
235.1069,11.05,272.6898
235.2055,11.05,272.7891
235.3042,11.05,272.8884
235.4028,11.05,272.9877
235.5014,11.04042,273.087
235.5992,11.05,273.1856
235.6971,11.05,273.2846
235.7954,11.05,273.3842
235.8936,11.05,273.4839
235.9917,11.05,273.5837
236.0896,11.05,273.6838
236.1873,11.05,273.7841
236.2848,11.05,273.8845
236.3821,11.05,273.9851
236.4792,11.04067,274.0859
236.5752,11.05,274.1862
236.671,11.05,274.2871
236.7672,11.05,274.3889
236.863,11.05,274.4909
236.9585,11.05,274.5932
237.0534,11.04642,274.6961
237.1476,11.05,274.7989
237.2417,11.05,274.9023
237.3355,11.04995,275.0062
237.4289,11.05,275.1105
237.5214,11.05,275.2155
237.6135,11.05,275.3208
237.7052,11.05,275.4266
237.7964,11.05,275.5328
237.887,11.05,275.6394
237.9766,11.05,275.7469
238.0657,11.04456,275.8549
238.1537,11.05,275.9628
238.2415,11.04356,276.0715
238.3283,11.05,276.1799
238.4146,11.05,276.2896
238.5011,11.05,276.3997
238.5876,11.05,276.5097
238.6741,11.05,276.6197
238.7606,11.05,276.7297
238.8471,11.05,276.8397
238.9337,11.04984,276.9497
239.0202,11.045,277.0598
239.106,11.04752,277.1689
239.1925,11.04531,277.2788
239.279,11.04238,277.3889
239.3655,11.05,277.4988
239.4517,11.05,277.6085
239.5382,11.05,277.7185
239.6247,11.05,277.8285
239.7112,11.05,277.9385
239.7977,11.04705,278.0485
239.8839,11.05,278.1581
239.9704,11.05,278.268
240.0569,11.04594,278.378
240.1431,11.05,278.4876
240.2295,11.05,278.5975
240.316,11.05,278.7076
240.4025,11.05,278.8176
240.489,11.05,278.9276
240.5756,11.04823,279.0376
240.6618,11.05,279.1473
240.7484,11.05,279.2573
240.8349,11.05,279.3673
240.9214,11.05,279.4774
241.0079,11.04992,279.5874
241.0944,11.05,279.6974
241.1809,11.05,279.8074
241.2674,11.05,279.9174
241.354,11.04906,280.0274
241.4404,11.05,280.1373
241.5269,11.05,280.2473
241.6134,11.05,280.3573
241.6999,11.05,280.4673
241.7864,11.05,280.5774
241.8729,11.05,280.6874
241.9595,11.05,280.7974
242.046,11.04735,280.9074
242.1323,11.04963,281.0172
242.2187,11.05,281.1271
242.3052,11.05,281.2371
242.3918,11.05,281.3471
242.4783,11.05,281.4571
242.5648,11.05,281.5671
242.6513,11.04958,281.6772
242.7378,11.04847,281.7872
242.8243,11.04667,281.8972
242.9108,11.04416,282.0072
242.9973,11.05,282.1172
243.0837,11.04115,282.227
243.1696,11.05,282.3362
243.2556,11.05,282.4456
243.3422,11.05,282.5557
