241.8307,11.04986,244.0107
241.7291,11.05,244.107
241.6275,11.05,244.2032
241.526,11.05,244.2995
241.4244,11.05,244.3958
241.3228,11.05,244.4921
241.2212,11.05,244.5884
241.1196,11.05,244.6847
241.0181,11.04959,244.781
240.9165,11.05,244.8773
240.815,11.05,244.9736
240.7134,11.04385,245.0699
240.6125,11.05,245.1655
240.5111,11.05,245.2616
240.4096,11.05,245.3579
240.308,11.05,245.4542
240.2064,11.05,245.5505
240.1048,11.05,245.6468
240.0033,11.04999,245.7431
239.9017,11.05,245.8394
239.8001,11.05,245.9357
239.6985,11.04872,246.032
239.5971,11.05,246.1281
239.4955,11.05,246.2244
239.394,11.05,246.3207
239.2924,11.04017,246.417
239.1919,11.05,246.5123
239.0909,11.05,246.608
238.9893,11.05,246.7043
238.8878,11.05,246.8006
238.7862,11.04226,246.8969
238.6856,11.05,246.9923
238.5844,11.04015,247.0882
238.4837,11.05,247.1837
238.3828,11.05,247.2794
238.2812,11.04438,247.3757
238.1805,11.05,247.4712
238.0791,11.04211,247.5672
237.9781,11.05,247.6629
237.8768,11.05,247.7588
237.7751,11.04599,247.8549
237.674,11.05,247.9503
237.5722,11.04734,248.0461
237.4704,11.05,248.1416
237.3683,11.05,248.2372
237.2659,11.04721,248.3327
237.1639,11.05,248.4273
237.0611,11.0453,248.5222
236.9586,11.05,248.6167
236.8555,11.05,248.7111
236.7521,11.04822,248.8054
236.6486,11.05,248.8987
236.5445,11.05,248.9922
236.44,11.04078,249.0854
236.3361,11.05,249.1776
236.2317,11.0491,249.2697
236.1262,11.05,249.3613
236.0202,11.04949,249.4527
235.914,11.05,249.5437
235.8073,11.05,249.6343
235.7003,11.04963,249.7245
235.5925,11.05,249.8136
235.4843,11.05,249.9024
235.3757,11.05,249.9907
235.2666,11.04224,250.0784
235.1579,11.04997,250.1651
235.0479,11.04712,250.2508
234.9376,11.05,250.3361
234.8264,11.05,250.4209
234.7146,11.05,250.5051
234.6023,11.05,250.5887
234.489,11.05,250.6709
234.3752,11.05,250.7525
234.2609,11.05,250.8333
234.1461,11.05,250.9133
234.0307,11.04882,250.9926
233.9145,11.04381,251.0701
233.798,11.05,251.1466
233.6807,11.05,251.2224
233.5626,11.05,251.2975
233.4439,11.05,251.3717
233.3241,11.04089,251.4441
233.2052,11.05,251.5153
233.0848,11.04091,251.5853
232.9648,11.05,251.6547
232.8432,11.05,251.7227
232.7199,11.04701,251.789
232.5968,11.05,251.8539
232.4724,11.05,251.9179
232.3474,11.05,251.9808
232.2218,11.04773,252.0426
232.0951,11.04997,252.1019
231.9678,11.05,252.16
231.8399,11.05,252.2168
231.7116,11.05,252.2729
231.5833,11.05,252.3289
231.4549,11.05,252.3848
231.3266,11.04178,252.4407
231.1995,11.05,252.4961
231.0717,11.04353,252.5518
230.9444,11.05,252.6073
230.8164,11.05,252.663
230.688,11.0494,252.7189
230.5599,11.05,252.7748
230.4315,11.05,252.8307
230.3032,11.05,252.8866
230.1749,11.05,252.9426
230.0465,11.04729,252.9985
229.9187,11.04631,253.0542
229.7905,11.05,253.11
229.6623,11.05,253.1659
229.534,11.05,253.2218
229.4056,11.05,253.2777
229.2773,11.04801,253.3337
229.1495,11.05,253.3894
229.0212,11.04944,253.4453
228.893,11.05,253.5011
228.7646,11.05,253.557
228.6363,11.05,253.613
228.508,11.05,253.6689
228.3797,11.05,253.7249
228.2514,11.05,253.781
228.1232,11.05,253.8372
227.9951,11.05,253.8935
227.867,11.04567,253.95
227.7399,11.04995,254.0061
227.6121,11.045,254.063
227.4846,11.05,254.1201
227.3571,11.05,254.1774
227.2295,11.04998,254.235
227.1021,11.05,254.2929
226.9749,11.05,254.3514
226.8478,11.05,254.4102
226.7209,11.05,254.4693
226.5942,11.05,254.5288
226.4677,11.04075,254.5886
226.3426,11.05,254.6483
226.2173,11.05,254.709
226.0915,11.05,254.7705
225.966,11.05,254.8325
225.8407,11.04816,254.8949
225.7164,11.05,254.9581
225.5919,11.04939,255.0221
225.4677,11.04052,255.0865
225.3444,11.05,255.1513
225.2214,11.05,255.2166
225.0984,11.05,255.2834
224.9758,11.05,255.3509
224.8535,11.05,255.419
224.7316,11.05,255.4878
224.61,11.05,255.5573
224.4992,11.04057,255.6213
224.3978,11.05,255.6805
224.3064,11.05,255.7343
224.2257,11.05,255.7825
224.1556,11.05,255.825
224.0959,11.05,255.8617
224.0468,11.04726,255.8926
224.0076,11.04993,255.9175
223.9788,11.05,255.9364
223.9601,11.05,255.9491
223.9496,11.04997,255.9565
223.9421,11.04976,255.9618
223.9378,11.04954,255.965
223.9353,11.04938,255.9668
223.9342,11.0493,255.9676
223.9342,11.0493,255.9676
223.9342,11.0493,255.9676
223.9342,11.0493,255.9676
223.9342,11.0493,255.9676
223.9342,11.0493,255.9676
223.9342,11.0493,255.9676
223.9342,11.0493,255.9676
223.9342,11.0493,255.9676
223.9342,11.0493,255.9676
223.9342,11.0493,255.9676
223.9342,11.0493,255.9676
223.9342,11.0493,255.9676
223.9342,11.0493,255.9676
223.9342,11.0493,255.9676
223.9342,11.0493,255.9676
223.9342,11.0493,255.9676
223.9342,11.0493,255.9676
223.9342,11.0493,255.9676
223.9342,11.0493,255.9676
223.9342,11.0493,255.9676
223.9342,11.0493,255.9676
223.9342,11.0493,255.9676
223.9342,11.0493,255.9676
223.9342,11.0493,255.9676
223.9342,11.0493,255.9676
223.9342,11.0493,255.9676
223.9342,11.0493,255.9676
223.9342,11.0493,255.9676
223.9342,11.0493,255.9676
223.9342,11.0493,255.9676
223.9342,11.0493,255.9676
223.9342,11.0493,255.9676
223.9342,11.0493,255.9676
223.9342,11.0493,255.9676
223.9342,11.0493,255.9676
223.9342,11.0493,255.9676
223.9342,11.0493,255.9676
223.9342,11.0493,255.9676
223.9342,11.0493,255.9676
223.9342,11.0493,255.9676
223.9342,11.0493,255.9676
223.9342,11.0493,255.9676
223.9342,11.0493,255.9676
223.9342,11.0493,255.9676
223.9342,11.0493,255.9676
223.9342,11.0493,255.9676
223.9342,11.0493,255.9676
223.9342,11.0493,255.9676
223.9342,11.0493,255.9676
223.9342,11.0493,255.9676
223.9342,11.0493,255.9676
223.9342,11.0493,255.9676
223.9342,11.0493,255.9676
223.9342,11.0493,255.9676
223.9342,11.0493,255.9676
223.9342,11.0493,255.9676
223.9342,11.0493,255.9676
223.9342,11.0493,255.9676
223.9342,11.0493,255.9676
223.9342,11.0493,255.9676
223.9342,11.0493,255.9676
223.9342,11.0493,255.9676
223.9342,11.0493,255.9676
223.9342,11.0493,255.9676
223.9342,11.0493,255.9676
223.9342,11.0493,255.9676
223.9342,11.0493,255.9676
223.9342,11.0493,255.9676
223.9342,11.0493,255.9676
223.9341,11.04931,255.9673
223.9337,11.04935,255.9661
223.9318,11.04948,255.9605
223.9286,11.04965,255.9522
223.9239,11.04983,255.9405
223.9173,11.04996,255.9249
223.9077,11.05,255.9036
223.8927,11.05,255.8717
223.8743,11.05,255.8331
223.8527,11.05,255.7876
223.8275,11.05,255.7346
223.7973,11.05,255.6711
223.7619,11.05,255.5968
223.7215,11.05,255.5117
223.6758,11.05,255.4157
223.625,11.05,255.3089
223.5691,11.05,255.1913
223.509,11.0447,255.0649
223.4492,11.05,254.9391
223.3892,11.05,254.813
223.3291,11.05,254.6866
223.269,11.05,254.5602
223.2089,11.05,254.4338
223.1488,11.05,254.3075
223.0887,11.04005,254.1811
223.0287,11.04515,254.0551
222.9693,11.05,253.93
222.9093,11.05,253.8038
222.8492,11.05,253.6775
222.789,11.05,253.5511
222.7289,11.05,253.4247
222.6688,11.05,253.2983
222.6087,11.05,253.1719
222.5486,11.0474,253.0456
222.4887,11.05,252.9196
222.4287,11.05,252.7933
222.3686,11.05,252.6669
222.3085,11.05,252.5405
222.2484,11.05,252.4142
222.1882,11.04376,252.2878
222.1282,11.0493,252.1616
222.0683,11.04253,252.0355
222.0085,11.04991,251.9099
221.9486,11.05,251.784
221.8885,11.05,251.6576
221.8284,11.05,251.5312
221.7683,11.05,251.4048
221.7081,11.05,251.2785
221.6478,11.05,251.1522
221.5874,11.04916,251.026
221.5314,11.05,250.909
221.4804,11.05,250.8029
221.4346,11.05,250.7076
221.3938,11.05,250.6232
221.3582,11.05,250.5497
221.3276,11.05,250.487
221.3023,11.05,250.4352
221.2821,11.04207,250.3941
221.2668,11.04412,250.3634
221.2568,11.04527,250.3435
221.2489,11.04607,250.328
221.2436,11.04657,250.3175
221.2411,11.04678,250.3128
221.2397,11.0469,250.31
221.2392,11.04693,250.3091
221.2391,11.04694,250.3089
221.2391,11.04694,250.3089
221.2391,11.04694,250.3089
221.2391,11.04694,250.3089
221.2391,11.04694,250.3089
221.2391,11.04694,250.3089
221.2391,11.04694,250.3089
221.2391,11.04694,250.3089
221.2391,11.04694,250.3089
221.2391,11.04694,250.3089
221.2391,11.04694,250.3089
221.2391,11.04694,250.3089
221.2391,11.04694,250.3089
221.2391,11.04694,250.3089
221.2391,11.04694,250.3089
221.2391,11.04694,250.3089
221.2391,11.04694,250.3089
221.2391,11.04694,250.3089
221.2391,11.04694,250.3089
221.2391,11.04694,250.3089
221.2391,11.04694,250.3089
221.2391,11.04694,250.3089
221.2391,11.04694,250.3089
221.2391,11.04694,250.3089
221.2391,11.04694,250.3089
221.2391,11.04694,250.3089
221.2391,11.04694,250.3089
221.2391,11.04694,250.3089
221.2391,11.04694,250.3089
221.2391,11.04694,250.3089
221.2391,11.04694,250.3089
221.2391,11.04694,250.3089
221.2391,11.04694,250.3089
221.2391,11.04694,250.3089
221.2391,11.04694,250.3089
221.2391,11.04694,250.3089
221.2391,11.04694,250.3089
221.2391,11.04694,250.3089
221.2391,11.04694,250.3089
221.2391,11.04694,250.3089
221.2391,11.04694,250.3089
221.2391,11.04694,250.3089
221.2391,11.04694,250.3089
221.2391,11.04694,250.3089
221.2391,11.04694,250.3089
221.2391,11.04694,250.3089
221.2391,11.04694,250.3089
221.2391,11.04694,250.3089
221.2391,11.04694,250.3089
221.2391,11.04694,250.3089
221.2391,11.04694,250.3089
221.2391,11.04694,250.3089
221.2391,11.04694,250.3089
221.2391,11.04694,250.3089
221.2391,11.04694,250.3089
221.2391,11.04694,250.3089
221.2391,11.04694,250.3089
221.2391,11.04694,250.3089
221.2391,11.04694,250.3089
221.2391,11.04694,250.3089
221.2391,11.04694,250.3089
221.2391,11.04694,250.3089
221.2391,11.04694,250.3089
221.2391,11.04694,250.3089
221.2391,11.04694,250.3089
221.2391,11.04694,250.3089
221.2391,11.04694,250.3089
221.2391,11.04694,250.3089
221.2391,11.04694,250.3089
221.2391,11.04694,250.3089
221.2391,11.04694,250.3089
221.2391,11.04694,250.3089
221.2391,11.04694,250.3089
221.2391,11.04694,250.3089
221.2391,11.04694,250.3089
221.2391,11.04694,250.3089
221.2391,11.04694,250.3089
221.2391,11.04694,250.3089
221.2391,11.04694,250.3089
221.2391,11.04694,250.3089
221.2391,11.04694,250.3089
221.2391,11.04694,250.3089
221.2391,11.04694,250.3089
221.2391,11.04694,250.3089
221.2391,11.04694,250.3089
221.2391,11.04694,250.3089
221.2391,11.04694,250.3089
221.2391,11.04694,250.3089
221.2391,11.04694,250.3089
221.2391,11.04694,250.3089
221.2391,11.04694,250.3089
221.2391,11.04694,250.3089
221.2391,11.04694,250.3089
221.2391,11.04694,250.3089
221.2391,11.04694,250.3089
221.2391,11.04694,250.3089
221.2391,11.04694,250.3089
221.2391,11.04694,250.3089
221.2391,11.04694,250.3089
221.2391,11.04694,250.3089
221.2391,11.04694,250.3089
221.2391,11.04694,250.3089
221.2391,11.04694,250.3089
221.2391,11.04694,250.3089
221.2391,11.04694,250.3089
221.2391,11.04694,250.3089
221.2391,11.04694,250.3089
221.2391,11.04694,250.3089
221.2391,11.04694,250.3089
221.2391,11.04694,250.3089
221.2391,11.04694,250.3089
221.2391,11.04694,250.3089
221.2391,11.04694,250.3089
221.2391,11.04694,250.3089
221.2391,11.04694,250.3089
221.2391,11.04694,250.3089
221.2391,11.04694,250.3089
221.2391,11.04694,250.3089
221.2391,11.04694,250.3089
221.2391,11.04694,250.3089
221.2391,11.04694,250.3089
221.2391,11.04694,250.3089
221.2391,11.04694,250.3089
221.2391,11.04694,250.3089
221.2391,11.04694,250.3089
221.2391,11.04694,250.3089
221.2391,11.04694,250.3089
221.2391,11.04694,250.3089
221.2391,11.04694,250.3089
221.2391,11.04694,250.3089
221.2391,11.04694,250.3089
221.2391,11.04694,250.3089
221.2391,11.04694,250.3089
221.2391,11.04694,250.3089
221.2391,11.04694,250.3089
221.2391,11.04694,250.3089
221.2391,11.04694,250.3089
221.2391,11.04694,250.3089
221.2391,11.04694,250.3089
221.2391,11.04694,250.3089
221.2391,11.04694,250.3089
221.2391,11.04694,250.3089
221.2391,11.04694,250.3089
221.2391,11.04694,250.3089
221.2391,11.04694,250.3089
221.2391,11.04694,250.3089
221.2391,11.04694,250.3089
221.2391,11.04694,250.3089
221.2391,11.04694,250.3089
221.2391,11.04694,250.3089
221.2391,11.04694,250.3089
221.2391,11.04694,250.3089
221.2391,11.04694,250.3089
221.2391,11.04694,250.3089
221.2391,11.04694,250.3089
221.2391,11.04694,250.3089
221.2393,11.04694,250.3092
221.2401,11.04692,250.3102
221.2435,11.0468,250.3149
221.2486,11.0466,250.3222
221.2557,11.04628,250.3327
221.265,11.0458,250.3468
221.2776,11.04503,250.3666
221.2958,11.04356,250.3969
221.3172,11.04141,250.4338
221.3418,11.05,250.4777
221.3699,11.05,250.5296
221.4024,11.05,250.5918
221.4389,11.05,250.6654
221.4793,11.05,250.7504
221.5233,11.05,250.8468
221.5707,11.05,250.9547
221.6211,11.04306,251.0742
221.6705,11.05,251.1989
221.7186,11.05,251.3298
221.7664,11.05,251.4614
221.8142,11.05,251.5929
221.862,11.05,251.7244
221.9098,11.05,251.8559
221.9576,11.04944,251.9875
222.0054,11.04996,252.119
222.0532,11.04645,252.2505
222.1009,11.05,252.3819
222.1487,11.05,252.5133
222.1965,11.05,252.6448
222.2443,11.05,252.7764
222.2921,11.05,252.9079
222.3399,11.04805,253.0394
222.3875,11.05,253.1704
222.4352,11.05,253.3019
222.483,11.05,253.4334
222.5308,11.04927,253.5649
222.5786,11.04123,253.6964
222.6262,11.05,253.8275
222.6738,11.05,253.9584
222.7216,11.05,254.0899
222.7694,11.05,254.2214
222.8172,11.05,254.3529
222.865,11.05,254.4845
222.9128,11.05,254.616
222.9606,11.05,254.7475
223.0084,11.04991,254.879
223.0563,11.04588,255.0105
223.1041,11.04912,255.1416
223.1522,11.04078,255.2729
223.2002,11.05,255.4038
223.2483,11.05,255.5344
223.2968,11.05,255.6657
223.3456,11.05,255.7968
223.3947,11.05,255.9279
223.444,11.04564,256.0589
223.4932,11.05,256.1888
223.5429,11.05,256.3194
223.5933,11.05,256.45
223.6441,11.05,256.5804
223.6952,11.04985,256.7107
223.7466,11.04441,256.8408
223.7983,11.05,256.9705
223.8509,11.05,257.0999
223.9039,11.05,257.2294
223.9575,11.05,257.3587
224.0115,11.04984,257.4879
224.0659,11.04453,257.6167
224.1214,11.05,257.7449
224.1773,11.05,257.8729
224.2339,11.05,258.0009
224.2912,11.05,258.1286
224.349,11.05,258.2561
224.408,11.05,258.383
224.4677,11.0489,258.5095
224.528,11.04268,258.6357
224.5889,11.05,258.7614
224.6505,11.05,258.8866
224.7136,11.04983,259.0115
224.7775,11.05,259.136
224.8422,11.05,259.2601
224.907,11.05,259.3842
224.9718,11.05,259.5082
225.0366,11.04833,259.6322
225.1013,11.05,259.7562
225.166,11.05,259.8802
225.2308,11.04998,260.0043
225.2956,11.05,260.1283
225.3604,11.05,260.2524
225.4252,11.05,260.3764
225.4899,11.04993,260.5005
225.5547,11.04694,260.6245
225.6194,11.05,260.7485
225.6842,11.05,260.8725
225.749,11.05,260.9966
225.8138,11.05,261.1206
225.8785,11.05,261.2447
225.9433,11.05,261.3687
226.0081,11.04992,261.4927
226.0729,11.04329,261.6168
226.1376,11.05,261.7403
226.2024,11.05,261.864
226.2674,11.05,261.9879
226.3326,11.05,262.1117
226.398,11.05,262.2354
226.4636,11.05,262.359
226.5294,11.05,262.4826
226.5954,11.04993,262.606
226.6618,11.04715,262.7292
226.7284,11.04031,262.8522
226.7952,11.05,262.9748
226.8621,11.05,263.0969
226.9296,11.05,263.2195
226.9978,11.05,263.3417
227.0663,11.04446,263.4637
227.135,11.05,263.5851
227.2042,11.05,263.7065
227.2739,11.05,263.8278
227.3445,11.05,263.9486
227.4155,11.04397,264.0692
227.4864,11.05,264.1887
227.5582,11.05,264.3084
227.6307,11.05,264.4281
227.7038,11.05,264.5475
227.7779,11.05,264.6662
227.8526,11.05,264.7846
227.9279,11.05,264.9026
228.0037,11.04948,265.0201
228.0808,11.04176,265.1368
228.1581,11.04439,265.2524
228.2364,11.05,265.3683
228.3154,11.05,265.4835
228.3952,11.05,265.5985
228.4764,11.05,265.7125
228.5583,11.05,265.8259
228.641,11.05,265.9389
228.7244,11.0467,266.0512
228.8082,11.05,266.1624
228.8939,11.05,266.273
228.9805,11.05,266.383
229.0679,11.0442,266.4923
229.1556,11.05,266.6003
229.2445,11.05,266.7081
229.3344,11.05,266.8154
229.426,11.05,266.9212
229.5185,11.04914,267.0262
229.6118,11.05,267.1304
229.706,11.05,267.2338
229.8021,11.05,267.3356
229.8991,11.05,267.4365
229.997,11.05,267.5365
230.0959,11.05,267.6357
230.1956,11.05,267.7338
230.2973,11.05,267.83
230.3999,11.05,267.9252
230.5035,11.04953,268.0194
230.6079,11.05,268.1125
230.7134,11.05,268.2045
230.8208,11.05,268.2943
230.9291,11.05,268.3829
231.0385,11.04815,268.4703
231.1484,11.05,268.5563
231.2596,11.05,268.6413
231.3728,11.05,268.7237
231.4865,11.05,268.8053
231.6004,11.05,268.8867
231.7143,11.05,268.968
231.8282,11.04694,269.0494
231.9418,11.05,269.1306
232.0556,11.04611,269.2119
232.1688,11.04028,269.2928
232.2827,11.04474,269.3741
232.3964,11.04782,269.4553
232.5102,11.04956,269.5367
232.6241,11.05,269.618
232.738,11.05,269.6994
232.8519,11.05,269.7807
232.9658,11.05,269.8621
233.0797,11.04199,269.9435
233.1926,11.04927,270.0242
233.3061,11.05,270.1052
233.4199,11.05,270.1866
233.5338,11.05,270.2681
233.6475,11.05,270.3496
233.7612,11.05,270.4314
233.8748,11.05,270.5132
233.9882,11.05,270.5951
234.1016,11.05,270.6772
234.2149,11.05,270.7595
234.3278,11.05,270.8421
234.4407,11.05,270.925
234.5533,11.04992,271.0081
234.6658,11.05,271.0914
234.7781,11.05,271.175
234.8899,11.05,271.2591
235.0016,11.05,271.3436
235.1129,11.05,271.4283
235.2241,11.05,271.5135
235.3349,11.05,271.5989
235.4452,11.05,271.6852
235.5551,11.05,271.7718
235.6648,11.05,271.8588
235.774,11.05,271.9463
235.883,11.04854,272.0342
235.991,11.05,272.1229
236.0987,11.04187,272.2122
236.2061,11.04421,272.302
236.313,11.04605,272.3923
236.4194,11.04745,272.4832
236.5249,11.04842,272.5751
236.6299,11.04911,272.6676
236.7345,11.04957,272.7607
236.8385,11.04984,272.8544
236.9419,11.04997,272.9487
237.0442,11.04509,273.0442
237.1453,11.05,273.1394
237.2462,11.05,273.2361
237.3467,11.05,273.3335
237.4465,11.05,273.4316
237.5449,11.05,273.5312
237.6427,11.05,273.6313
237.7397,11.05,273.7323
237.8359,11.05,273.8339
237.9314,11.04999,273.9362
238.0253,11.04719,274.04
238.1178,11.04957,274.1439
238.21,11.04904,274.2492
238.3013,11.04817,274.3553
238.3917,11.04689,274.4621
238.4803,11.04488,274.5705
238.5678,11.04211,274.6797
238.6544,11.05,274.7896
238.7397,11.05,274.8999
238.8242,11.04984,275.0114
238.9066,11.05,275.1245
238.9879,11.05,275.2384
239.0686,11.04407,275.3528
239.1488,11.05,275.4667
239.2291,11.05,275.5809
239.3096,11.05,275.6954
239.3902,11.05,275.8099
239.4707,11.05,275.9244
239.5512,11.04811,276.0388
239.6315,11.05,276.153
239.712,11.05,276.2674
239.7925,11.05,276.3819
239.873,11.05,276.4964
239.9535,11.05,276.6108
240.034,11.04855,276.7253
240.1145,11.05,276.8397
240.195,11.05,276.9541
240.2755,11.04408,277.0686
240.3554,11.05,277.1822
240.4358,11.05,277.2964
240.5163,11.05,277.4109
240.5968,11.05,277.5254
240.6773,11.05,277.6399
240.7578,11.05,277.7543
240.8384,11.04942,277.8688
240.9189,11.0474,277.9833
240.9994,11.05,278.0977
241.0799,11.04195,278.2122
241.1599,11.05,278.3259
241.2401,11.05,278.4399
241.3206,11.05,278.5544
241.4011,11.05,278.6689
241.4816,11.05,278.7833
241.5621,11.05,278.8978
241.6427,11.04981,279.0123
241.7232,11.05,279.1267
241.8037,11.05,279.2412
241.8842,11.05,279.3557
241.9647,11.05,279.4701
242.0452,11.04743,279.5846
242.1256,11.05,279.6989
242.2061,11.05,279.8133
242.2866,11.05,279.9277
242.3671,11.04777,280.0422
242.4473,11.05,280.1563
242.5278,11.05,280.2707
242.6084,11.05,280.3852
242.6889,11.05,280.4997
242.7694,11.05,280.6141
242.8499,11.05,280.7286
242.9304,11.05,280.8431
243.011,11.04985,280.9576
243.0915,11.04346,281.072
243.1713,11.04987,281.1855
243.2516,11.04855,281.2997
243.3321,11.04577,281.4141
243.4126,11.0415,281.5286
243.4931,11.05,281.643
243.5732,11.05,281.7569
243.6537,11.05,281.8714
243.7343,11.05,281.9859
243.8148,11.05,282.1004
243.8953,11.05,282.2148
243.9758,11.05,282.3293
244.0564,11.04601,282.4438
244.1366,11.05,282.5579
244.2171,11.05,282.6722
244.2976,11.05,282.7867
244.3781,11.05,282.9012
244.4586,11.04969,283.0157
244.5391,11.05,283.1301
244.6198,11.05,283.2445
244.7004,11.05,283.3588
244.7812,11.05,283.4731
244.8621,11.05,283.5874
244.9432,11.05,283.7014
245.0244,11.04925,283.8154
245.1058,11.05,283.9291
245.1874,11.0477,284.0428
245.2689,11.05,284.156
245.3511,11.05,284.2692
245.4336,11.05,284.3823
245.5164,11.05,284.4951
245.5994,11.04996,284.6078
245.6827,11.04912,284.7202
245.7667,11.04731,284.8322
245.851,11.04457,284.9439
245.9356,11.04094,285.0553
246.0206,11.04947,285.1665
246.1056,11.05,285.2769
246.1914,11.05,285.3874
246.2781,11.05,285.4973
246.3652,11.05,285.6068
246.4528,11.05,285.716
246.5409,11.05,285.8248
246.6299,11.05,285.9328
246.7195,11.04796,286.0403
246.8093,11.05,286.1471
246.8999,11.05,286.2538
246.9911,11.05,286.3599
247.0835,11.04119,286.4651
247.1756,11.05,286.5691
247.2687,11.05,286.6727
247.3629,11.05,286.7763
247.4577,11.05,286.8792
247.5538,11.05,286.981
247.6505,11.04147,287.0822
247.747,11.05,287.182
247.8447,11.05,287.2814
247.9435,11.05,287.3805
248.0437,11.0476,287.4782
248.1444,11.05,287.5749
248.246,11.05,287.6711
248.3484,11.05,287.7665
248.4516,11.05,287.8611
248.5563,11.05,287.954
248.6617,11.04734,288.0461
248.7677,11.05,288.137
248.8746,11.05,288.2272
248.9824,11.05,288.3165
249.0918,11.05,288.4039
249.2019,11.05,288.4902
249.3129,11.05,288.5756
249.4246,11.05,288.6599
249.5372,11.05,288.7431
249.6506,11.05,288.8252
249.7655,11.05,288.905
249.8813,11.04339,288.9837
249.9978,11.0453,289.0611
250.1148,11.04969,289.1372
250.2329,11.05,289.2121
250.3527,11.05,289.2845
250.4733,11.05,289.3556
250.5947,11.05,289.4253
250.7169,11.05,289.4937
250.8406,11.05,289.5592
250.965,11.05,289.6232
251.0903,11.05,289.6858
251.2163,11.05,289.7468
251.343,11.05,289.8063
251.4704,11.05,289.8643
251.5993,11.05,289.919
251.7289,11.05,289.972
251.8591,11.04931,290.0234
251.9899,11.04314,290.0731
252.1214,11.05,290.121
252.2538,11.05,290.1652
252.3872,11.05,290.2078
252.5211,11.05,290.2485
252.6556,11.05,290.2873
252.7906,11.05,290.3243
252.9267,11.05,290.3573
253.0632,11.04497,290.3884
253.1989,11.05,290.4178
253.3361,11.04254,290.4449
253.4731,11.05,290.4705
253.6111,11.05,290.4912
253.7499,11.05,290.5098
253.8889,11.05,290.5263
254.0282,11.04901,290.5406
254.1673,11.05,290.5527
254.3071,11.05,290.5603
254.4471,11.04112,290.5656
254.5863,11.05,290.5698
254.7256,11.05,290.5705
254.8656,11.05,290.5688
255.0055,11.04996,290.5624
255.1452,11.05,290.5537
255.2848,11.05,290.5425
255.4241,11.04308,290.5288
255.5626,11.05,290.5141
255.7006,11.05,290.4931
255.8387,11.05,290.4696
255.9762,11.05,290.4436
256.1133,11.05,290.4151
256.2498,11.05,290.384
256.3851,11.05,290.3479
256.5196,11.05,290.3092
256.6534,11.05,290.2679
256.7864,11.05,290.2241
256.9185,11.05,290.1777
257.0487,11.04702,290.1262
257.1772,11.04336,290.0726
257.305,11.04966,290.0165
257.4315,11.05,289.9575
257.5572,11.05,289.8958
257.6802,11.05,289.8289
257.8018,11.05,289.7596
257.922,11.05,289.6877
258.0406,11.04794,289.6134
258.1572,11.05,289.5368
258.2708,11.05,289.455
258.3826,11.05,289.3708
258.4926,11.05,289.2842
258.6007,11.05,289.1953
258.7068,11.05,289.1039
258.8087,11.04992,289.008
258.9085,11.05,288.9098
259.006,11.04996,288.8094
259.1012,11.05,288.7068
259.1941,11.05,288.602
259.282,11.05,288.4931
259.3673,11.04986,288.3821
259.45,11.05,288.2693
259.5301,11.05,288.1544
259.6074,11.04821,288.0378
259.6798,11.05,287.9184
259.7485,11.04856,287.7965
259.811,11.05,287.6814
259.8659,11.05,287.5756
259.9134,11.05,287.4792
259.9537,11.05,287.3924
259.9871,11.05,287.3155
260.014,11.04976,287.2486
260.0346,11.0485,287.192
260.0497,11.0469,287.1461
260.0598,11.0455,287.1111
260.0655,11.0446,287.0871
260.0687,11.04406,287.0714
260.071,11.04364,287.0586
260.0725,11.04012,287.0504
260.0731,11.0404,287.0474
260.0733,11.04052,287.0461
260.0734,11.04055,287.0457
260.0734,11.04055,287.0457
260.0734,11.04055,287.0457
260.0734,11.04055,287.0457
260.0734,11.04055,287.0457
260.0734,11.04055,287.0457
260.0734,11.04055,287.0457
260.0734,11.04055,287.0457
260.0734,11.04055,287.0457
260.0734,11.04055,287.0457
260.0734,11.04055,287.0457
260.0734,11.04055,287.0457
260.0734,11.04055,287.0457
260.0734,11.04055,287.0457
260.0734,11.04055,287.0457
260.0734,11.04055,287.0457
260.0734,11.04055,287.0457
260.0734,11.04055,287.0457
260.0734,11.04055,287.0457
260.0734,11.04055,287.0457
260.0734,11.04055,287.0457
260.0734,11.04055,287.0457
260.0734,11.04055,287.0457
260.0734,11.04055,287.0457
260.0734,11.04055,287.0457
260.0734,11.04055,287.0457
260.0734,11.04055,287.0457
260.0734,11.04055,287.0457
260.0734,11.04055,287.0457
260.0734,11.04055,287.0457
260.0733,11.04051,287.0462
260.073,11.04036,287.0478
260.0724,11.04005,287.0512
260.0709,11.04367,287.0599
260.069,11.044,287.0704
260.0659,11.04454,287.0884
260.0618,11.04519,287.1114
260.0568,11.04595,287.14
260.0497,11.0469,287.1805
260.041,11.04789,287.2301
260.0305,11.04884,287.2903
260.0183,11.04958,287.3596
260.0045,11.04998,287.4384
259.9886,11.05,287.5289
259.9706,11.05,287.6313
259.9506,11.05,287.7455
259.9284,11.05,287.8716
259.9043,11.04303,288.0094
259.8803,11.05,288.1461
259.8562,11.05,288.2836
259.832,11.05,288.4214
259.8078,11.05,288.5592
259.7836,11.05,288.6971
259.7594,11.04643,288.8349
259.7354,11.05,288.9719
259.7113,11.05,289.1096
259.6893,11.05,289.2356
259.6695,11.05,289.3497
259.6518,11.05,289.452
259.6361,11.05,289.5424
259.6227,11.05,289.6211
259.6113,11.04631,289.688
259.6021,11.05,289.7431
259.5948,11.05,289.7866
259.5897,11.05,289.8182
259.5861,11.05,289.8405
259.5834,11.05,289.8576
259.5814,11.05,289.8705
259.5805,11.05,289.8766
259.5801,11.05,289.8796
259.5799,11.05,289.881
259.5798,11.05,289.8813
259.5798,11.05,289.8813
259.5798,11.05,289.8813
259.5798,11.05,289.8813
259.5798,11.05,289.8813
259.5798,11.05,289.8813
259.5798,11.05,289.8813
259.5798,11.05,289.8813
259.5798,11.05,289.8813
259.5798,11.05,289.8813
259.5798,11.05,289.8813
259.5798,11.05,289.8813
259.5798,11.05,289.8813
259.5798,11.05,289.8813
259.5798,11.05,289.8813
259.5798,11.05,289.8813
259.5798,11.05,289.8813
259.5798,11.05,289.8813
259.5798,11.05,289.8813
259.5798,11.05,289.8813
259.5798,11.05,289.8813
259.5798,11.05,289.8813
259.5798,11.05,289.8813
259.5798,11.05,289.8813
259.5798,11.05,289.8813
259.5798,11.05,289.8813
259.5798,11.05,289.8813
259.5798,11.05,289.8813
259.5798,11.05,289.8813
259.5798,11.05,289.8813
259.5798,11.05,289.8813
259.5798,11.05,289.8813
259.5798,11.05,289.8813
259.5798,11.05,289.8813
259.5798,11.05,289.8813
259.5798,11.05,289.8813
259.5798,11.05,289.8813
259.5798,11.05,289.8813
259.5798,11.05,289.8813
259.5798,11.05,289.8813
259.5798,11.05,289.8813
259.5798,11.05,289.8813
259.5798,11.05,289.8813
259.5798,11.05,289.8813
259.5798,11.05,289.8813
259.5798,11.05,289.8813
259.5798,11.05,289.8813
259.5798,11.05,289.8813
259.5798,11.05,289.8813
259.5798,11.05,289.8813
259.5798,11.05,289.8813
259.5798,11.05,289.8813
259.5798,11.05,289.8813
259.5798,11.05,289.8813
259.5798,11.05,289.8813
259.5798,11.05,289.8813
259.5798,11.05,289.8813
259.5798,11.05,289.8813
259.5798,11.05,289.8813
259.5798,11.05,289.8813
259.5798,11.05,289.8813
259.5798,11.05,289.8813
259.5798,11.05,289.8813
259.5798,11.05,289.8813
259.5798,11.05,289.8813
259.5798,11.05,289.8813
259.5798,11.05,289.8813
259.5798,11.05,289.8813
259.5798,11.05,289.8813
259.5798,11.05,289.8813
259.5798,11.05,289.8813
259.5798,11.05,289.8813
259.5798,11.05,289.8813
259.5798,11.05,289.8813
259.5798,11.05,289.8813
259.5798,11.05,289.8813
259.5798,11.05,289.8813
259.5798,11.05,289.8813
259.5798,11.05,289.8813
259.5798,11.05,289.8813
259.5798,11.05,289.8813
259.5798,11.05,289.8813
259.5798,11.05,289.8813
259.5798,11.05,289.8813
259.5798,11.05,289.8813
259.5798,11.05,289.8813
259.5798,11.05,289.8813
259.5798,11.05,289.8813
259.5798,11.05,289.8813
259.5798,11.05,289.8813
259.5798,11.05,289.8813
259.5798,11.05,289.8813
259.5798,11.05,289.8813
259.5798,11.05,289.8813
259.5798,11.05,289.8813
259.5798,11.05,289.8813
259.5798,11.05,289.8813
259.5798,11.05,289.8813
259.5798,11.05,289.8813
259.5798,11.05,289.8813
259.5798,11.05,289.8813
259.5798,11.05,289.8813
259.5798,11.05,289.8813
259.5798,11.05,289.8813
259.5798,11.05,289.8813
259.5798,11.05,289.8813
259.5798,11.05,289.8813
259.5798,11.05,289.8813
259.5798,11.05,289.8813
259.5798,11.05,289.8813
259.5798,11.05,289.8813
259.5798,11.05,289.8813
259.5798,11.05,289.8813
259.5798,11.05,289.8813
259.5798,11.05,289.8813
259.5798,11.05,289.8813
259.5798,11.05,289.8813
259.5798,11.05,289.8813
259.5798,11.05,289.8813
259.5798,11.05,289.8813
259.5798,11.05,289.8813
259.5798,11.05,289.8813
259.5798,11.05,289.8813
259.5798,11.05,289.8813
259.5798,11.05,289.8813
259.5798,11.05,289.8813
259.5798,11.05,289.8813
259.5798,11.05,289.8813
259.5798,11.05,289.8813
259.5798,11.05,289.8813
259.5798,11.05,289.8813
259.5798,11.05,289.8813
259.5798,11.05,289.8813
259.5798,11.05,289.8813
259.5798,11.05,289.8813
259.5798,11.05,289.8813
259.5798,11.05,289.8813
259.5798,11.05,289.8813
259.5798,11.05,289.8813
259.5798,11.05,289.8813
259.5798,11.05,289.8813
259.5798,11.05,289.8813
259.5798,11.05,289.8813
259.5798,11.05,289.8813
259.5798,11.05,289.8813
259.5798,11.05,289.8813
259.5798,11.05,289.8813
259.5798,11.05,289.8813
259.5798,11.05,289.8813
259.5798,11.05,289.8813
259.5798,11.05,289.8813
259.5797,11.05,289.881
259.5795,11.05,289.8798
259.5784,11.05,289.8748
259.5769,11.05,289.867
259.5748,11.05,289.8557
259.5718,11.05,289.839
259.5679,11.05,289.8174
259.5619,11.05,289.7842
259.5547,11.05,289.7443
259.5457,11.05,289.6946
259.5353,11.04347,289.6371
259.5231,11.04865,289.5696
259.5088,11.05,289.4903
259.4923,11.05,289.3993
259.4737,11.05,289.2965
259.453,11.05,289.1819
259.4301,11.04614,289.0554
259.4064,11.05,288.9241
259.3815,11.05,288.7865
259.3566,11.05,288.6488
259.3317,11.05,288.5111
259.3068,11.04722,288.3734
259.282,11.05,288.236
259.2571,11.05,288.0984
259.2322,11.05,287.9607
259.2073,11.05,287.823
259.1825,11.05,287.6853
259.1578,11.05,287.5475
259.1332,11.05,287.4098
259.1087,11.05,287.272
259.0844,11.04099,287.1342
259.0602,11.04544,286.9964
259.0365,11.04833,286.8587
259.013,11.04979,286.7209
258.9897,11.05,286.5829
258.9666,11.05,286.4449
258.9439,11.05,286.3068
258.9217,11.05,286.1686
258.8999,11.04884,286.0304
258.8786,11.04988,285.8925
258.8575,11.05,285.7542
258.8369,11.05,285.6158
258.8172,11.05,285.4773
258.7979,11.05,285.3387
258.7791,11.05,285.2
258.7608,11.04528,285.0612
258.7431,11.05,284.9232
258.7264,11.04789,284.7845
258.7104,11.05,284.6457
258.6949,11.05,284.5067
258.6801,11.05,284.3675
258.6666,11.05,284.2282
258.6538,11.05,284.0889
258.6417,11.05,283.9495
258.6303,11.05,283.81
258.6197,11.04839,283.6705
258.6107,11.05,283.5311
258.6025,11.05,283.3914
258.5951,11.05,283.2516
258.5885,11.05,283.1119
258.5829,11.05,282.972
258.5781,11.05,282.8322
258.5743,11.04119,282.6923
258.5714,11.05,282.5531
258.5705,11.05,282.4138
258.5705,11.05,282.2739
258.5726,11.05,282.134
258.5758,11.05,281.9941
258.58,11.05,281.8542
258.5854,11.05,281.7144
258.5919,11.05,281.5746
258.6006,11.05,281.435
258.6094,11.05,281.2953
258.6206,11.05,281.1558
258.633,11.04966,281.0164
258.6466,11.05,280.8773
258.6628,11.04642,280.7383
258.6789,11.05,280.5997
258.6976,11.05,280.4612
258.7177,11.05,280.3227
258.7392,11.05,280.1844
258.7634,11.04728,280.0466
258.7885,11.04074,279.9095
258.8142,11.05,279.7732
258.8425,11.05,279.6369
258.8725,11.05,279.5002
258.9054,11.05,279.3642
258.9383,11.05,279.2282
258.9742,11.05,279.0929
259.0117,11.04983,278.9581
259.0507,11.04677,278.8237
259.0913,11.05,278.6898
259.1334,11.05,278.5565
259.1788,11.05,278.4241
259.2258,11.04723,278.2923
259.2737,11.05,278.1614
259.324,11.04881,278.0308
259.3758,11.05,277.9012
259.431,11.05,277.7726
259.488,11.05,277.6448
259.5466,11.05,277.5177
259.6086,11.05,277.3922
259.6707,11.05,277.2668
259.7362,11.05,277.1431
259.8034,11.04948,277.0203
259.8722,11.04956,276.8987
259.9445,11.05,276.779
260.0169,11.04964,276.6592
260.0928,11.05,276.5416
260.1704,11.05,276.4251
260.2498,11.04774,276.3098
260.3301,11.05,276.1959
260.4129,11.04128,276.0831
260.4967,11.05,275.9721
260.5844,11.05,275.8638
260.6741,11.04575,275.7563
260.7651,11.05,275.6509
260.8581,11.05,275.5465
260.9547,11.05,275.4452
261.0529,11.04649,275.3454
261.1523,11.04426,275.2478
261.252,11.05,275.1513
261.3549,11.04594,275.0569
261.4599,11.05,274.965
261.5677,11.05,274.876
261.6772,11.04215,274.7887
261.7871,11.05,274.7036
261.8992,11.05,274.6206
262.0146,11.04973,274.5415
262.1315,11.05,274.4645
262.2498,11.05,274.3896
262.3695,11.05,274.317
262.4918,11.05,274.249
262.6154,11.05,274.1832
262.7403,11.05,274.1199
262.8663,11.04563,274.059
262.9943,11.04996,274.0027
263.1225,11.05,273.9468
263.2529,11.05,273.8961
263.3844,11.05,273.8479
263.5168,11.05,273.8025
263.6501,11.04243,273.7597
263.783,11.05,273.7184
263.9182,11.05,273.6841
264.0547,11.04625,273.6525
264.1906,11.05,273.6235
264.3282,11.05,273.5978
264.4667,11.04219,273.5779
264.6048,11.05,273.5596
264.7435,11.05,273.5453
264.883,11.05,273.5328
265.0225,11.04937,273.5215
265.1619,11.05,273.511
265.3015,11.05,273.5005
265.4411,11.04851,273.49
265.5804,11.05,273.4795
265.72,11.05,273.4689
265.8596,11.05,273.4584
265.9992,11.05,273.4478
266.1388,11.05,273.4373
266.2784,11.05,273.4268
266.418,11.05,273.4162
266.5576,11.05,273.4057
266.6972,11.05,273.3951
266.8368,11.05,273.3845
266.9644,11.05,273.3748
267.0801,11.0419,273.3659
267.1866,11.05,273.3577
267.2815,11.04703,273.3503
267.3651,11.05,273.3437
267.4368,11.05,273.338
267.4965,11.05,273.3331
267.5443,11.05,273.3291
267.58,11.05,273.326
267.6039,11.05,273.3239
267.6212,11.05,273.3223
267.633,11.05,273.3212
267.6412,11.05,273.3204
267.6442,11.05,273.3201
267.6456,11.05,273.3199
267.646,11.05,273.3199
267.646,11.05,273.3199
267.646,11.05,273.3199
267.646,11.05,273.3199
267.646,11.05,273.3199
267.646,11.05,273.3199
267.646,11.05,273.3199
267.646,11.05,273.3199
267.646,11.05,273.3199
267.646,11.05,273.3199
267.646,11.05,273.3199
267.646,11.05,273.3199
267.646,11.05,273.3199
267.646,11.05,273.3199
267.646,11.05,273.3199
267.6465,11.05,273.3198
267.6481,11.05,273.3195
267.6538,11.05,273.3183
267.6625,11.05,273.3164
267.6747,11.05,273.3137
267.6925,11.05,273.3096
267.7152,11.05,273.3042
267.7495,11.05,273.2957
267.7907,11.05,273.285
267.8393,11.05,273.272
267.8983,11.05,273.2559
267.966,11.05,273.2368
268.045,11.04746,273.2136
268.1343,11.04829,273.1866
268.2339,11.05,273.1556
268.3447,11.05,273.1202
268.4665,11.04187,273.0803
268.5949,11.0484,273.0358
268.726,11.05,272.988
268.8571,11.0458,272.9388
268.9873,11.05,272.8893
269.1173,11.05,272.8378
269.2465,11.05,272.7838
269.3751,11.05,272.7285
269.5032,11.05,272.6719
269.6307,11.05,272.6141
269.7576,11.05,272.555
269.8832,11.05,272.4933
270.0082,11.04992,272.4302
270.1324,11.05,272.3658
270.256,11.04879,272.3
270.3785,11.05,272.2331
270.4998,11.05,272.1632
270.6203,11.05,272.0919
270.74,11.04953,272.0193
270.8587,11.04529,271.9453
270.9765,11.05,271.8709
271.0923,11.05,271.7927
271.2074,11.05,271.713
271.3214,11.05,271.6318
271.4344,11.04168,271.5492
271.5462,11.05,271.4666
271.6555,11.05,271.3801
271.7644,11.05,271.2922
271.8729,11.05,271.2038
271.9814,11.05,271.1154
272.0899,11.04909,271.0269
272.1984,11.05,270.9386
272.3069,11.05,270.8502
272.4154,11.05,270.7618
272.5239,11.05,270.6734
272.6324,11.05,270.585
272.7409,11.05,270.4966
272.8495,11.05,270.4081
272.9579,11.05,270.3197
273.0665,11.04444,270.2313
273.1742,11.05,270.1435
273.2825,11.04617,270.0552
273.3907,11.05,269.9671
273.4991,11.05,269.8787
273.6075,11.05,269.7902
273.7159,11.05,269.7017
273.8241,11.05,269.6129
273.9324,11.05,269.5241
274.0404,11.04795,269.4352
274.148,11.05,269.3463
274.2558,11.05,269.257
274.3633,11.05,269.1674
274.4708,11.04237,269.0778
274.5776,11.05,268.9883
274.6842,11.05,268.8983
274.7909,11.04982,268.8077
274.8972,11.05,268.7166
275.0032,11.04999,268.6253
275.1089,11.05,268.5336
275.2144,11.05,268.4416
275.3196,11.04945,268.3492
275.424,11.05,268.2562
275.5285,11.05,268.1631
275.6324,11.04395,268.0693
275.7356,11.05,267.9756
275.8384,11.04886,267.8811
275.9404,11.05,267.7858
276.0427,11.04772,267.6902
276.1438,11.05,267.594
276.2447,11.05,267.4971
276.3451,11.04814,267.3996
276.4444,11.05,267.3016
276.5432,11.05,267.2026
276.6416,11.05,267.103
276.7394,11.04999,267.0028
276.8365,11.0473,266.9021
276.9326,11.05,266.8011
277.0278,11.04903,266.6986
277.1224,11.05,266.5956
277.2164,11.05,266.4919
277.3097,11.04619,266.3876
277.4018,11.05,266.2831
277.4928,11.05,266.1769
277.5831,11.04383,266.07
277.6725,11.05,265.9632
277.761,11.04442,265.8552
277.8487,11.05,265.7474
277.9355,11.05,265.6379
278.0207,11.04946,265.5269
278.1049,11.05,265.4152
278.1883,11.04172,265.3028
278.2703,11.05,265.1906
278.3513,11.04248,265.0772
278.4311,11.05,264.9636
278.5091,11.05,264.848
278.5862,11.05,264.7312
278.6612,11.05,264.613
278.7361,11.05,264.4948
278.8087,11.05,264.3751
278.8801,11.05,264.2547
278.9502,11.05,264.1336
279.0191,11.04937,264.0118
279.0854,11.04077,263.8885
279.1501,11.05,263.7652
279.2134,11.05,263.6412
279.2756,11.05,263.5158
279.3364,11.04822,263.3898
279.3946,11.05,263.263
279.451,11.05,263.1349
279.506,11.04995,263.0062
279.5593,11.05,262.8769
279.6095,11.05,262.7462
279.6598,11.05,262.6156
279.7067,11.05,262.4838
279.752,11.05,262.3513
279.7955,11.05,262.2184
279.8374,11.04091,262.0848
279.8776,11.04654,261.9519
279.9138,11.05,261.8179
279.9485,11.05,261.6824
279.9813,11.05,261.5464
280.0122,11.04981,261.4099
280.0392,11.04807,261.2726
280.0644,11.04479,261.1349
280.0875,11.04032,260.9969
280.1086,11.05,260.8587
280.1275,11.05,260.7208
280.1425,11.05,260.5817
280.1553,11.05,260.4423
280.1659,11.05,260.3028
280.1745,11.05,260.1631
280.1808,11.04932,260.0233
280.1827,11.05,259.8836
280.1824,11.05,259.7437
280.1798,11.05,259.6038
280.175,11.05,259.4639
280.1684,11.05,259.3241
280.1607,11.04965,259.1844
280.1527,11.04749,259.0447
280.1447,11.05,258.9056
280.1367,11.05,258.766
280.1286,11.05,258.6263
280.1206,11.05,258.4866
280.1125,11.05,258.3469
280.1045,11.04336,258.2072
280.0965,11.04417,258.068
280.0885,11.04008,257.9296
280.0805,11.04182,257.7899
280.0724,11.04338,257.6503
280.0644,11.04478,257.5106
280.0564,11.04601,257.3709
280.0483,11.04707,257.2312
280.0403,11.04797,257.0916
280.0323,11.0487,256.9518
