-0.0124876,-0.5820758,0.008940712,0.8129895
-0.0124876,-0.5820758,0.008940712,0.8129895
-0.0124876,-0.5820758,0.008940712,0.8129895
-0.0124876,-0.5820758,0.008940712,0.8129895
-0.0124876,-0.5820758,0.008940712,0.8129895
-0.0124876,-0.5820758,0.008940712,0.8129895
-0.0124876,-0.5820758,0.008940712,0.8129895
-0.0124876,-0.5820758,0.008940712,0.8129895
-0.0124876,-0.5820758,0.008940712,0.8129895
-0.0124876,-0.5820758,0.008940712,0.8129895
-0.0124876,-0.5820758,0.008940712,0.8129895
-0.0124876,-0.5820758,0.008940712,0.8129895
-0.0124876,-0.5820758,0.008940712,0.8129895
-0.0124876,-0.5820758,0.008940712,0.8129895
-0.0124876,-0.5820758,0.008940712,0.8129895
-0.0124876,-0.5820758,0.008940712,0.8129895
-0.0124876,-0.5820758,0.008940712,0.8129895
-0.0124876,-0.5820758,0.008940712,0.8129895
-0.0124876,-0.5820758,0.008940712,0.8129895
-0.0124876,-0.5820758,0.008940712,0.8129895
-0.0124876,-0.5820758,0.008940712,0.8129895
-0.0124876,-0.5820758,0.008940712,0.8129895
-0.0124876,-0.5820758,0.008940712,0.8129895
-0.0124876,-0.5820758,0.008940712,0.8129895
-0.0124876,-0.5820758,0.008940712,0.8129895
-0.0124876,-0.5820758,0.008940712,0.8129895
-0.0124876,-0.5820758,0.008940712,0.8129895
-0.0124876,-0.5820758,0.008940712,0.8129895
-0.0124876,-0.5820758,0.008940712,0.8129895
-0.0124876,-0.5820758,0.008940712,0.8129895
-0.0124876,-0.5820758,0.008940712,0.8129895
-0.0124876,-0.5820758,0.008940712,0.8129895
-0.0124876,-0.5820758,0.008940712,0.8129895
-0.0124876,-0.5820758,0.008940712,0.8129895
-0.0124876,-0.5820758,0.008940712,0.8129895
-0.0124876,-0.5820758,0.008940712,0.8129895
-0.0124876,-0.5820758,0.008940712,0.8129895
-0.0124876,-0.5820758,0.008940712,0.8129895
-0.0124876,-0.5820758,0.008940712,0.8129895
-0.0124876,-0.5820758,0.008940712,0.8129895
-0.0124876,-0.5820758,0.008940712,0.8129895
-0.0124876,-0.5820758,0.008940712,0.8129895
-0.0124876,-0.5820758,0.008940712,0.8129895
-0.0124876,-0.5820758,0.008940712,0.8129895
-0.0124876,-0.5820758,0.008940712,0.8129895
-0.0124876,-0.5820758,0.008940712,0.8129895
-0.0124876,-0.5820758,0.008940712,0.8129895
-0.0124876,-0.5820758,0.008940712,0.8129895
-0.0124876,-0.5820758,0.008940712,0.8129895
-0.0124876,-0.5820758,0.008940712,0.8129895
-0.0124876,-0.5820758,0.008940712,0.8129895
-0.0124876,-0.5820758,0.008940712,0.8129895
-0.0124876,-0.5820758,0.008940712,0.8129895
-0.0124876,-0.5820758,0.008940712,0.8129895
-0.0124876,-0.5820758,0.008940712,0.8129895
-0.0124876,-0.5820758,0.008940712,0.8129895
-0.0124876,-0.5820758,0.008940712,0.8129895
-0.0124876,-0.5820758,0.008940712,0.8129895
-0.0124876,-0.5820758,0.008940712,0.8129895
-0.0124876,-0.5820758,0.008940712,0.8129895
-0.0124876,-0.5820758,0.008940712,0.8129895
-0.0124876,-0.5820758,0.008940712,0.8129895
-0.0124876,-0.5820758,0.008940712,0.8129895
-0.0124876,-0.5820758,0.008940712,0.8129895
-0.0124876,-0.5820758,0.008940712,0.8129895
-0.0124876,-0.5820758,0.008940712,0.8129895
-0.0124876,-0.5820758,0.008940712,0.8129895
-0.0124876,-0.5820758,0.008940712,0.8129895
-0.0124876,-0.5820758,0.008940712,0.8129895
-0.0124876,-0.5820758,0.008940712,0.8129895
-0.0124876,-0.5820758,0.008940712,0.8129895
-0.0124876,-0.5820758,0.008940712,0.8129895
-0.0124876,-0.5820758,0.008940712,0.8129895
-0.0124876,-0.5820758,0.008940712,0.8129895
-0.0124876,-0.5820758,0.008940712,0.8129895
-0.0124876,-0.5820758,0.008940712,0.8129895
-0.0124876,-0.5820758,0.008940712,0.8129895
-0.0124876,-0.5820758,0.008940712,0.8129895
-0.0124876,-0.5820758,0.008940712,0.8129895
-0.0124876,-0.5820758,0.008940712,0.8129895
-0.0124876,-0.5820758,0.008940712,0.8129895
-0.0124876,-0.5820758,0.008940712,0.8129895
-0.0124876,-0.5820758,0.008940712,0.8129895
-0.0124876,-0.5820758,0.008940712,0.8129895
-0.0124876,-0.5820758,0.008940712,0.8129895
-0.0124876,-0.5820758,0.008940712,0.8129895
-0.0124876,-0.5820758,0.008940712,0.8129895
-0.0124876,-0.5820758,0.008940712,0.8129895
-0.0124876,-0.5820758,0.008940712,0.8129895
-0.0124876,-0.5820758,0.008940712,0.8129895
-0.0124876,-0.5820758,0.008940712,0.8129895
-0.0124876,-0.5820758,0.008940712,0.8129895
-0.0124876,-0.5820758,0.008940712,0.8129895
-0.0124876,-0.5820758,0.008940712,0.8129895
-0.0124876,-0.5820758,0.008940712,0.8129895
-0.0124876,-0.5820758,0.008940712,0.8129895
-0.0124876,-0.5820758,0.008940712,0.8129895
-0.0124876,-0.5820758,0.008940712,0.8129895
-0.0124876,-0.5820758,0.008940712,0.8129895
-0.0124876,-0.5820758,0.008940712,0.8129895
-0.0124876,-0.5820758,0.008940712,0.8129895
-0.0124876,-0.5820758,0.008940712,0.8129895
-0.0124876,-0.5820758,0.008940712,0.8129895
-0.0124876,-0.5820758,0.008940712,0.8129895
-0.0124876,-0.5820758,0.008940712,0.8129895
-0.0124876,-0.5820758,0.008940712,0.8129895
-0.0124876,-0.5820758,0.008940712,0.8129895
-0.0124876,-0.5820758,0.008940712,0.8129895
-0.0124876,-0.5820758,0.008940712,0.8129895
-0.0124876,-0.5820758,0.008940712,0.8129895
-0.0124876,-0.5820758,0.008940712,0.8129895
-0.0124876,-0.5820758,0.008940712,0.8129895
-0.0124876,-0.5820758,0.008940712,0.8129895
-0.0124876,-0.5820758,0.008940712,0.8129895
-0.0124876,-0.5820758,0.008940712,0.8129895
-0.0124876,-0.5820758,0.008940712,0.8129895
-0.0124876,-0.5820758,0.008940712,0.8129895
-0.0124876,-0.5820758,0.008940712,0.8129895
-0.0124876,-0.5820758,0.008940712,0.8129895
-0.0124876,-0.5820758,0.008940712,0.8129895
-0.0124876,-0.5820758,0.008940712,0.8129895
-0.0124876,-0.5820758,0.008940712,0.8129895
-0.0124876,-0.5820758,0.008940712,0.8129895
-0.0124876,-0.5820758,0.008940712,0.8129895
-0.0124876,-0.5820758,0.008940712,0.8129895
-0.0124876,-0.5820758,0.008940712,0.8129895
-0.0124876,-0.5820758,0.008940712,0.8129895
-0.01248821,-0.58202,0.008939854,0.8130295
-0.01248945,-0.5819072,0.008938121,0.8131102
-0.01249132,-0.5817375,0.008935516,0.8132315
-0.01249398,-0.5814957,0.008931801,0.8134046
-0.01249725,-0.5811974,0.008927219,0.8136176
-0.01250565,-0.5804313,0.00891545,0.8141645
-0.01251077,-0.5799635,0.008908265,0.8144978
-0.01251668,-0.5794226,0.008899956,0.8148826
-0.01252321,-0.5788245,0.008890769,0.8153076
-0.01253034,-0.5781699,0.008880715,0.8157719
-0.01254644,-0.5766879,0.008857951,0.8168201
-0.01255539,-0.5758619,0.008845264,0.8174027
-0.01256511,-0.5749621,0.008831442,0.8180359
-0.01257542,-0.5740063,0.008816759,0.818707
-0.01258633,-0.5729912,0.008801167,0.8194176
-0.01260993,-0.5707877,0.008767322,0.820954
-0.01262261,-0.569599,0.008749062,0.8217793
-0.01263604,-0.5683351,0.00872965,0.8226538
-0.01265005,-0.5670131,0.008709344,0.8235655
-0.01266462,-0.5656325,0.008688137,0.8245144
-0.01269546,-0.562695,0.008643017,0.8265219
-0.01271171,-0.5611371,0.008619088,0.8275804
-0.0127287,-0.559503,0.008593989,0.8286861
-0.01274623,-0.5578092,0.008567972,0.8298271
-0.01276429,-0.5560558,0.008541039,0.8310031
-0.01280203,-0.5523666,0.008484373,0.8334599
-0.01282185,-0.5504142,0.008454385,0.8347505
-0.01284218,-0.5484015,0.00842347,0.8360741
-0.01286302,-0.5463269,0.008391603,0.8374312
-0.01288437,-0.5441909,0.008358795,0.8388208
-0.01292853,-0.539733,0.008290322,0.8416961
-0.01295149,-0.537395,0.00825441,0.8431908
-0.01297492,-0.5349941,0.008217531,0.8447163
-0.01299881,-0.5325306,0.008179692,0.8462715
-0.01302316,-0.5300031,0.008140869,0.8478567
-0.0130732,-0.5247554,0.008060264,0.8511146
-0.01309887,-0.5220354,0.008018484,0.8527856
-0.01312511,-0.519234,0.007975455,0.8544942
-0.01315176,-0.5163677,0.007931429,0.8562293
-0.01317882,-0.5134358,0.007886395,0.8579906
-0.01323408,-0.5073751,0.007793301,0.8615885
-0.01326243,-0.5042279,0.00774496,0.8634341
-0.01329114,-0.5010141,0.007695594,0.8653029
-0.01332018,-0.4977336,0.007645206,0.8671941
-0.01334956,-0.4943859,0.007593785,0.8691069
-0.01337927,-0.4909702,0.00754132,0.871041
-0.01343991,-0.4838992,0.007432709,0.874989
-0.01347067,-0.4802601,0.007376812,0.8769917
-0.01350171,-0.4765519,0.007319853,0.8790122
-0.01353301,-0.4727738,0.007261821,0.88105
-0.01359635,-0.4650071,0.007142524,0.8851737
-0.01362851,-0.4609997,0.00708097,0.8872674
-0.01366088,-0.4569213,0.007018325,0.8893746
-0.01369343,-0.4527724,0.006954599,0.8914939
-0.01372617,-0.4485506,0.006889752,0.8936255
-0.01379214,-0.4398898,0.00675672,0.8979205
-0.01382547,-0.4354329,0.006688261,0.9000903
-0.01385891,-0.4309037,0.006618693,0.9022673
-0.01389246,-0.4263,0.00654798,0.9044515
-0.0139261,-0.4216228,0.006476137,0.9066413
-0.01399358,-0.412044,0.006329006,0.9110346
-0.01402751,-0.4071243,0.006253439,0.9132437
-0.01406147,-0.4021285,0.006176703,0.9154545
-0.01409542,-0.3970578,0.006098818,0.9176651
-0.01412937,-0.3919108,0.006019759,0.9198751
-0.01416328,-0.3866878,0.005939534,0.9220828
-0.01423116,-0.3759747,0.005774979,0.9265027
-0.01426498,-0.3705026,0.005690928,0.9287045
-0.0142987,-0.3649531,0.005605686,0.9308993
-0.01433228,-0.3593254,0.005519245,0.933086
-0.014399,-0.3478357,0.005342762,0.9374298
-0.01443219,-0.3419558,0.005252446,0.9395906
-0.01446518,-0.3359972,0.005160922,0.9417378
-0.01449793,-0.3299585,0.005068168,0.9438705
-0.01453045,-0.3238399,0.004974185,0.9459873
-0.01459463,-0.3113657,0.00478258,0.9501661
-0.01462636,-0.3049899,0.004684648,0.9522318
-0.01465775,-0.298534,0.004585485,0.9542754
-0.01468878,-0.2919982,0.004485094,0.9562955
-0.01471943,-0.2853819,0.004383467,0.9582908
-0.01474967,-0.2786853,0.004280606,0.9602597
-0.014809,-0.2650128,0.004070596,0.9641225
-0.01483796,-0.2580563,0.003963744,0.9660078
-0.01486642,-0.2510194,0.003855656,0.9678602
-0.01489434,-0.2439019,0.003746331,0.9696783
-0.01494852,-0.2294248,0.003523962,0.9732052
-0.01497478,-0.2220461,0.003410624,0.9749152
-0.01500042,-0.2145873,0.003296057,0.9765841
-0.01502539,-0.207048,0.003180251,0.9782103
-0.01504969,-0.1994283,0.003063213,0.9797921
-0.01509614,-0.1839477,0.002825429,0.982816
-0.01511075,-0.1787901,0.002746208,0.9837674
-0.01511946,-0.1756419,0.002697852,0.9843343
-0.01512242,-0.1745586,0.002681212,0.9845271
-0.01512242,-0.1745586,0.002681212,0.9845271
-0.01512242,-0.1745586,0.002681212,0.9845271
-0.01512242,-0.1745586,0.002681212,0.9845271
-0.01512242,-0.1745586,0.002681212,0.9845271
-0.01512242,-0.1745586,0.002681212,0.9845271
-0.01512242,-0.1745586,0.002681212,0.9845271
-0.01512242,-0.1745586,0.002681212,0.9845271
-0.01512242,-0.1745586,0.002681212,0.9845271
-0.01512242,-0.1745586,0.002681212,0.9845271
-0.01512242,-0.1745586,0.002681212,0.9845271
-0.01512242,-0.1745586,0.002681212,0.9845271
-0.01512242,-0.1745586,0.002681212,0.9845271
-0.01512242,-0.1745586,0.002681212,0.9845271
-0.01512242,-0.1745586,0.002681212,0.9845271
-0.01512242,-0.1745586,0.002681212,0.9845271
-0.01512242,-0.1745586,0.002681212,0.9845271
-0.01512242,-0.1745586,0.002681212,0.9845271
-0.01512242,-0.1745586,0.002681212,0.9845271
-0.01512242,-0.1745586,0.002681212,0.9845271
-0.01512242,-0.1745586,0.002681212,0.9845271
-0.01512242,-0.1745586,0.002681212,0.9845271
-0.01512242,-0.1745586,0.002681212,0.9845271
-0.01512242,-0.1745586,0.002681212,0.9845271
-0.01512242,-0.1745586,0.002681212,0.9845271
-0.01512242,-0.1745586,0.002681212,0.9845271
-0.01512242,-0.1745586,0.002681212,0.9845271
-0.01512242,-0.1745586,0.002681212,0.9845271
-0.01512242,-0.1745586,0.002681212,0.9845271
-0.01512242,-0.1745586,0.002681212,0.9845271
-0.01512242,-0.1745586,0.002681212,0.9845271
-0.01512242,-0.1745586,0.002681212,0.9845271
-0.01512242,-0.1745586,0.002681212,0.9845271
-0.01512242,-0.1745586,0.002681212,0.9845271
-0.01512242,-0.1745586,0.002681212,0.9845271
-0.01512242,-0.1745586,0.002681212,0.9845271
-0.01512242,-0.1745586,0.002681212,0.9845271
-0.01512242,-0.1745586,0.002681212,0.9845271
-0.01512242,-0.1745586,0.002681212,0.9845271
-0.01512242,-0.1745586,0.002681212,0.9845271
-0.01512242,-0.1745586,0.002681212,0.9845271
-0.01512242,-0.1745586,0.002681212,0.9845271
-0.01512242,-0.1745586,0.002681212,0.9845271
-0.01512242,-0.1745586,0.002681212,0.9845271
-0.01512242,-0.1745586,0.002681212,0.9845271
-0.01512242,-0.1745586,0.002681212,0.9845271
-0.01512242,-0.1745586,0.002681212,0.9845271
-0.01512242,-0.1745586,0.002681212,0.9845271
-0.01512242,-0.1745586,0.002681212,0.9845271
-0.01512242,-0.1745586,0.002681212,0.9845271
-0.01512242,-0.1745586,0.002681212,0.9845271
-0.01512242,-0.1745586,0.002681212,0.9845271
-0.01512242,-0.1745586,0.002681212,0.9845271
-0.01512242,-0.1745586,0.002681212,0.9845271
-0.01512242,-0.1745586,0.002681212,0.9845271
-0.01512242,-0.1745586,0.002681212,0.9845271
-0.01512242,-0.1745586,0.002681212,0.9845271
-0.01512242,-0.1745586,0.002681212,0.9845271
-0.01512242,-0.1745586,0.002681212,0.9845271
-0.01512242,-0.1745586,0.002681212,0.9845271
-0.01512242,-0.1745586,0.002681212,0.9845271
-0.01512242,-0.1745586,0.002681212,0.9845271
-0.01512242,-0.1745586,0.002681212,0.9845271
-0.01512242,-0.1745586,0.002681212,0.9845271
-0.01512242,-0.1745586,0.002681212,0.9845271
-0.01512242,-0.1745586,0.002681212,0.9845271
-0.01512242,-0.1745586,0.002681212,0.9845271
-0.01512242,-0.1745586,0.002681212,0.9845271
-0.01512242,-0.1745586,0.002681212,0.9845271
-0.01512242,-0.1745586,0.002681212,0.9845271
-0.01512242,-0.1745586,0.002681212,0.9845271
-0.01512242,-0.1745586,0.002681212,0.9845271
-0.01512242,-0.1745586,0.002681212,0.9845271
-0.01512242,-0.1745586,0.002681212,0.9845271
-0.01512242,-0.1745586,0.002681212,0.9845271
-0.01512242,-0.1745586,0.002681212,0.9845271
-0.01512242,-0.1745586,0.002681212,0.9845271
-0.01512242,-0.1745586,0.002681212,0.9845271
-0.01512242,-0.1745586,0.002681212,0.9845271
-0.01512242,-0.1745586,0.002681212,0.9845271
-0.01512242,-0.1745586,0.002681212,0.9845271
-0.01512242,-0.1745586,0.002681212,0.9845271
-0.01512242,-0.1745586,0.002681212,0.9845271
-0.01512242,-0.1745586,0.002681212,0.9845271
-0.01512242,-0.1745586,0.002681212,0.9845271
-0.01512242,-0.1745586,0.002681212,0.9845271
-0.01512242,-0.1745586,0.002681212,0.9845271
-0.01512242,-0.1745586,0.002681212,0.9845271
-0.01512242,-0.1745586,0.002681212,0.9845271
-0.01512242,-0.1745586,0.002681212,0.9845271
-0.01512242,-0.1745586,0.002681212,0.9845271
-0.01512242,-0.1745586,0.002681212,0.9845271
-0.01512242,-0.1745586,0.002681212,0.9845271
-0.01512242,-0.1745586,0.002681212,0.9845271
-0.01512242,-0.1745586,0.002681212,0.9845271
-0.01512242,-0.1745586,0.002681212,0.9845271
-0.01512242,-0.1745586,0.002681212,0.9845271
-0.01512242,-0.1745586,0.002681212,0.9845271
-0.01512242,-0.1745586,0.002681212,0.9845271
-0.01512242,-0.1745586,0.002681212,0.9845271
-0.01512242,-0.1745586,0.002681212,0.9845271
-0.01512242,-0.1745586,0.002681212,0.9845271
-0.01512242,-0.1745586,0.002681212,0.9845271
-0.01512242,-0.1745586,0.002681212,0.9845271
-0.01512242,-0.1745586,0.002681212,0.9845271
-0.01512242,-0.1745586,0.002681212,0.9845271
-0.01512242,-0.1745586,0.002681212,0.9845271
-0.01512242,-0.1745586,0.002681212,0.9845271
-0.01512242,-0.1745586,0.002681212,0.9845271
-0.01512242,-0.1745586,0.002681212,0.9845271
-0.01512242,-0.1745586,0.002681212,0.9845271
-0.01512242,-0.1745586,0.002681212,0.9845271
-0.01512242,-0.1745586,0.002681212,0.9845271
-0.01512242,-0.1745586,0.002681212,0.9845271
-0.01512242,-0.1745586,0.002681212,0.9845271
-0.01512242,-0.1745586,0.002681212,0.9845271
-0.01512242,-0.1745586,0.002681212,0.9845271
-0.01512242,-0.1745586,0.002681212,0.9845271
-0.01512242,-0.1745586,0.002681212,0.9845271
-0.01512242,-0.1745586,0.002681212,0.9845271
-0.01512242,-0.1745586,0.002681212,0.9845271
-0.01512242,-0.1745586,0.002681212,0.9845271
-0.01512242,-0.1745586,0.002681212,0.9845271
-0.01512242,-0.1745586,0.002681212,0.9845271
-0.0151226,-0.1744911,0.002680175,0.984539
-0.01512302,-0.1743372,0.002677811,0.9845662
-0.01512362,-0.1741147,0.002674394,0.9846056
-0.01512442,-0.1738222,0.002669901,0.9846573
-0.01512655,-0.173033,0.002657779,0.9847963
-0.01512795,-0.1725162,0.002649841,0.9848869
-0.01512952,-0.1719306,0.002640845,0.9849893
-0.01513127,-0.171276,0.002630792,0.9851034
-0.0151332,-0.1705534,0.002619691,0.9852288
-0.01513756,-0.1689027,0.002594338,0.985513
-0.01514,-0.1679745,0.00258008,0.9856717
-0.01514265,-0.1669582,0.002564469,0.9858444
-0.01514546,-0.1658748,0.002547828,0.9860272
-0.01514843,-0.1647215,0.002530114,0.9862206
-0.01515482,-0.162209,0.002491522,0.9866369
-0.01515829,-0.1608299,0.002470338,0.9868627
-0.0151619,-0.1593823,0.002448102,0.9870975
-0.01516564,-0.1578655,0.002424804,0.9873412
-0.01516952,-0.1562798,0.002400448,0.9875934
-0.01517764,-0.1529021,0.002348566,0.988122
-0.01518192,-0.1510899,0.002320731,0.9884008
-0.01518631,-0.1492095,0.002291847,0.9886864
-0.0151908,-0.1472588,0.002261885,0.9889788
-0.01519538,-0.1452402,0.002230878,0.9892772
-0.01520482,-0.1409919,0.002165624,0.9898916
-0.01520966,-0.1387619,0.002131372,0.9902067
-0.0152146,-0.1364449,0.002095783,0.9905286
-0.01521961,-0.1340586,0.002059128,0.9908544
-0.01522466,-0.1316024,0.002021401,0.9911836
-0.0152349,-0.1264804,0.001942727,0.9918503
-0.0152401,-0.1237959,0.001901494,0.9921888
-0.01524532,-0.1210409,0.001859175,0.9925287
-0.01525055,-0.1182166,0.001815795,0.9928691
-0.01525578,-0.1153222,0.001771336,0.9932094
-0.015261,-0.112358,0.001725806,0.9935491
-0.01527143,-0.1061817,0.001630937,0.9942281
-0.01527659,-0.1029876,0.001581876,0.9945641
-0.01528169,-0.09972336,0.001531737,0.9948967
-0.01528674,-0.09638908,0.001480522,0.9952253
-0.01529661,-0.0895093,0.001374848,0.9958676
-0.01530143,-0.08594467,0.001320095,0.9961815
-0.01530614,-0.08230955,0.001264259,0.9964885
-0.01531074,-0.07860599,0.001207372,0.9967875
-0.0153152,-0.07483057,0.001149382,0.9970781
-0.01531952,-0.07098466,0.001090308,0.9973592
-0.01532771,-0.06304196,0.0009683075,0.9978927
-0.01533154,-0.05896572,0.0009056962,0.9981419
-0.01533517,-0.05481865,0.0008419968,0.9983782
-0.01533859,-0.05060207,0.0007772297,0.9986008
-0.01534474,-0.04195803,0.0006444567,0.9990013
-0.01534746,-0.03751092,0.0005761487,0.9991782
-0.01534991,-0.03299393,0.0005067674,0.9993376
-0.01535207,-0.02840649,0.000436304,0.9994785
-0.01535394,-0.02374932,0.0003647694,0.9995999
-0.01535549,-0.01902231,0.0002921622,0.9997011
-0.0153576,-0.009318257,0.0001431071,0.9998387
-0.01535812,-0.004361324,6.696826E-05,0.9998726
-0.01535827,0.0006644733,-1.02284E-05,0.9998819
-0.01535801,0.005760442,-8.850289E-05,0.9998655
-0.01535735,0.01092498,-0.0001678307,0.9998224
-0.01535472,0.02149875,-0.0003302445,0.9996509
-0.01535271,0.02689006,-0.0004130554,0.9995204
-0.01535023,0.03234985,-0.0004969183,0.9993587
-0.01534724,0.03787841,-0.0005818373,0.9991643
-0.01534374,0.04347427,-0.0006677902,0.9989365
-0.01533509,0.05490959,-0.0008434377,0.9983733
-0.01532992,0.06072867,-0.0009328192,0.9980362
-0.01532415,0.06661393,-0.001023217,0.9976606
-0.01531777,0.07256697,-0.001114656,0.9972453
-0.01531076,0.07858656,-0.001207118,0.996789
-0.01529472,0.09086528,-0.00139572,0.9957448
-0.01528567,0.09710268,-0.001491527,0.9951559
-0.01527592,0.1034055,-0.001588339,0.9945207
-0.01526543,0.1097725,-0.001686137,0.9938381
-0.0152542,0.1162044,-0.001784931,0.9931066
-0.01522932,0.1292992,-0.001986068,0.9914867
-0.01521566,0.1359415,-0.002088094,0.9905978
-0.01520117,0.1426463,-0.00219108,0.9896546
-0.01518583,0.1494133,-0.002295022,0.9886556
-0.01516961,0.156242,-0.002399911,0.9875994
-0.01513434,0.1701206,-0.002613087,0.9853035
-0.0151153,0.1771501,-0.002721061,0.984064
-0.0150953,0.1842389,-0.002829946,0.9827615
-0.0150743,0.191386,-0.002939725,0.9813947
-0.0150523,0.1985907,-0.003050389,0.9799622
-0.01500504,0.2132096,-0.003274937,0.9768858
-0.01497981,0.2206037,-0.003388511,0.9752427
-0.01495347,0.2280524,-0.003502924,0.9735278
-0.014926,0.2355549,-0.003618162,0.9717398
-0.01489739,0.2431105,-0.003734218,0.9698771
-0.01483648,0.2584164,-0.003969317,0.9659116
-0.01480421,0.2661447,-0.004088025,0.9638107
-0.0147707,0.2739232,-0.004207504,0.961629
-0.01473592,0.2817513,-0.004327744,0.9593646
-0.01469985,0.2896267,-0.004448711,0.9570165
-0.01462358,0.3055543,-0.004693361,0.9520508
-0.01458341,0.3135858,-0.004816724,0.9494357
-0.01454186,0.3216606,-0.004940754,0.9467305
-0.01449889,0.3297779,-0.005065437,0.9439336
-0.0144544,0.3379544,-0.005191028,0.9410372
-0.01436103,0.3544257,-0.005444028,0.9349581
-0.0143121,0.3627178,-0.005571396,0.9317725
-0.01426164,0.3710456,-0.005699311,0.9284877
-0.01420964,0.3794074,-0.00582775,0.9251023
-0.01415596,0.3878204,-0.005956973,0.9216071
-0.01404377,0.4047392,-0.006216848,0.9143032
-0.01398522,0.4132424,-0.006347458,0.9104916
-0.01392501,0.4217724,-0.006478478,0.9065716
-0.01386298,0.4303458,-0.006610168,0.9025335
-0.01379937,0.4389255,-0.006741952,0.8983922
-0.01366666,0.4561852,-0.007007062,0.8897523
-0.01359765,0.4648442,-0.007140064,0.8852593
-0.01352684,0.4735194,-0.007273315,0.8806495
-0.01347013,0.4803232,-0.007377822,0.8769571
-0.01343254,0.4847646,-0.007446042,0.8745098
-0.01340364,0.4881437,-0.007497946,0.8726282
-0.01340364,0.4881437,-0.007497946,0.8726282
-0.01340364,0.4881437,-0.007497946,0.8726282
-0.01340364,0.4881437,-0.007497946,0.8726282
-0.01340364,0.4881437,-0.007497946,0.8726282
-0.01340364,0.4881437,-0.007497946,0.8726282
-0.01340364,0.4881437,-0.007497946,0.8726282
-0.01340364,0.4881437,-0.007497946,0.8726282
-0.01340364,0.4881437,-0.007497946,0.8726282
-0.01340364,0.4881437,-0.007497946,0.8726282
-0.01340364,0.4881437,-0.007497946,0.8726282
-0.01340364,0.4881437,-0.007497946,0.8726282
-0.01340364,0.4881437,-0.007497946,0.8726282
-0.01340364,0.4881437,-0.007497946,0.8726282
-0.01340364,0.4881437,-0.007497946,0.8726282
-0.01340364,0.4881437,-0.007497946,0.8726282
-0.01340416,0.488083,-0.007497013,0.8726621
-0.0134052,0.487962,-0.007495154,0.8727298
-0.0134069,0.4877632,-0.007492101,0.8728409
-0.01340913,0.4875036,-0.007488113,0.8729859
-0.01341514,0.4868022,-0.007477339,0.8733772
-0.01341892,0.4863603,-0.007470552,0.8736234
-0.01342322,0.4858578,-0.007462833,0.873903
-0.01342817,0.4852772,-0.007453916,0.8742255
-0.01343363,0.4846363,-0.007444072,0.8745809
-0.01344608,0.4831707,-0.007421561,0.8753914
-0.01345307,0.4823456,-0.007408886,0.8758464
-0.01346055,0.4814596,-0.007395278,0.8763337
-0.01346854,0.4805116,-0.007380717,0.8768539
-0.01347717,0.4794853,-0.007364952,0.8774156
-0.01349589,0.4772484,-0.007330594,0.8786343
-0.01350598,0.4760369,-0.007311984,0.8792912
-0.01351656,0.4747633,-0.007292422,0.8799796
-0.01352775,0.4734102,-0.00727164,0.8807082
-0.0135394,0.4719958,-0.007249914,0.881467
-0.01356412,0.4689782,-0.007203564,0.8830762
-0.01357717,0.4673748,-0.007178935,0.8839259
-0.01359067,0.4657089,-0.007153346,0.8848047
-0.01360476,0.4639622,-0.007126518,0.8857219
-0.01361929,0.4621522,-0.007098716,0.8866676
-0.01364963,0.4583424,-0.007040197,0.888643
-0.01366543,0.4563416,-0.007009465,0.8896722
-0.01368166,0.4542763,-0.006977741,0.8907285
-0.0136983,0.4521463,-0.006945025,0.8918116
-0.01371547,0.4499337,-0.006911039,0.8929299
-0.01375099,0.4453151,-0.006840096,0.8952423
-0.01376932,0.4429079,-0.006803121,0.8964356
-0.01378816,0.4404174,-0.006764868,0.8976617
-0.01380735,0.4378613,-0.006725606,0.8989114
-0.0138269,0.4352389,-0.006685326,0.900184
-0.01386701,0.4297963,-0.006601726,0.9027953
-0.01388756,0.426974,-0.006558376,0.9041335
-0.01390856,0.4240671,-0.006513726,0.9055005
-0.01392987,0.4210928,-0.006468041,0.9068875
-0.01395147,0.418051,-0.006421318,0.9082937
-0.01399552,0.4117632,-0.006324736,0.9111615
-0.01401794,0.4085171,-0.006274876,0.9126215
-0.01404062,0.4052024,-0.006223963,0.9140979
-0.01406366,0.4018026,-0.006171741,0.9155976
-0.01408693,0.398332,-0.006118432,0.9171128
-0.01413413,0.3911817,-0.006008602,0.9201853
-0.01415802,0.3875017,-0.005952077,0.9217411
-0.01418211,0.38375,-0.00589445,0.9233094
-0.01420648,0.3799107,-0.005835479,0.9248957
-0.014231,0.3760006,-0.005775419,0.9264922
-0.01428046,0.3679667,-0.005652017,0.9297122
-0.01430537,0.3638423,-0.005588667,0.931334
-0.01433039,0.359646,-0.005524211,0.9329625
-0.0143556,0.3553587,-0.005458358,0.9346039
-0.01438088,0.350999,-0.005391393,0.9362499
-0.0144316,0.3420616,-0.005254114,0.939552
-0.01445701,0.3374831,-0.005183788,0.9412063
-0.01448243,0.3328314,-0.005112336,0.9428613
-0.01450795,0.3280876,-0.005039471,0.9445225
-0.01453345,0.3232693,-0.004965462,0.9461824
-0.01458431,0.3134107,-0.004814032,0.9494935
-0.01460964,0.3083689,-0.00473659,0.9511429
-0.01462487,0.3052945,-0.004689367,0.9521341
-0.01462775,0.3047093,-0.004680378,0.9523216
-0.01462775,0.3047093,-0.004680378,0.9523216
-0.01462775,0.3047093,-0.004680378,0.9523216
-0.01462775,0.3047093,-0.004680378,0.9523216
-0.01462775,0.3047093,-0.004680378,0.9523216
-0.01462775,0.3047093,-0.004680378,0.9523216
-0.01462775,0.3047093,-0.004680378,0.9523216
-0.01462775,0.3047093,-0.004680378,0.9523216
-0.01462775,0.3047093,-0.004680378,0.9523216
-0.01462775,0.3047093,-0.004680378,0.9523216
-0.01462775,0.3047093,-0.004680378,0.9523216
-0.01462775,0.3047093,-0.004680378,0.9523216
-0.01462775,0.3047093,-0.004680378,0.9523216
-0.01462775,0.3047093,-0.004680378,0.9523216
-0.01462775,0.3047093,-0.004680378,0.9523216
-0.01462775,0.3047093,-0.004680378,0.9523216
-0.01462775,0.3047093,-0.004680378,0.9523216
-0.01462775,0.3047093,-0.004680378,0.9523216
-0.01462775,0.3047093,-0.004680378,0.9523216
-0.01462775,0.3047093,-0.004680378,0.9523216
-0.01462775,0.3047093,-0.004680378,0.9523216
-0.01462775,0.3047093,-0.004680378,0.9523216
-0.01462775,0.3047093,-0.004680378,0.9523216
-0.01462775,0.3047093,-0.004680378,0.9523216
-0.01462775,0.3047093,-0.004680378,0.9523216
-0.01462775,0.3047093,-0.004680378,0.9523216
-0.01462775,0.3047093,-0.004680378,0.9523216
-0.01462775,0.3047093,-0.004680378,0.9523216
-0.01462775,0.3047093,-0.004680378,0.9523216
-0.01462775,0.3047093,-0.004680378,0.9523216
-0.01462775,0.3047093,-0.004680378,0.9523216
-0.01462775,0.3047093,-0.004680378,0.9523216
-0.01462775,0.3047093,-0.004680378,0.9523216
-0.01462775,0.3047093,-0.004680378,0.9523216
-0.01462775,0.3047093,-0.004680378,0.9523216
-0.01462775,0.3047093,-0.004680378,0.9523216
-0.01462775,0.3047093,-0.004680378,0.9523216
-0.01462775,0.3047093,-0.004680378,0.9523216
-0.01462775,0.3047093,-0.004680378,0.9523216
-0.01462775,0.3047093,-0.004680378,0.9523216
-0.01462775,0.3047093,-0.004680378,0.9523216
-0.01462775,0.3047093,-0.004680378,0.9523216
-0.01462775,0.3047093,-0.004680378,0.9523216
-0.01462775,0.3047093,-0.004680378,0.9523216
-0.01462775,0.3047093,-0.004680378,0.9523216
-0.01462775,0.3047093,-0.004680378,0.9523216
-0.01462775,0.3047093,-0.004680378,0.9523216
-0.01462775,0.3047093,-0.004680378,0.9523216
-0.01462775,0.3047093,-0.004680378,0.9523216
-0.01462775,0.3047093,-0.004680378,0.9523216
-0.01462775,0.3047093,-0.004680378,0.9523216
-0.01462775,0.3047093,-0.004680378,0.9523216
-0.01462775,0.3047093,-0.004680378,0.9523216
-0.01462775,0.3047093,-0.004680378,0.9523216
-0.01462775,0.3047093,-0.004680378,0.9523216
-0.01462775,0.3047093,-0.004680378,0.9523216
-0.01462775,0.3047093,-0.004680378,0.9523216
-0.01462775,0.3047093,-0.004680378,0.9523216
-0.01462775,0.3047093,-0.004680378,0.9523216
-0.01462775,0.3047093,-0.004680378,0.9523216
-0.01462775,0.3047093,-0.004680378,0.9523216
-0.01462775,0.3047093,-0.004680378,0.9523216
-0.01462775,0.3047093,-0.004680378,0.9523216
-0.01462775,0.3047093,-0.004680378,0.9523216
-0.01462775,0.3047093,-0.004680378,0.9523216
-0.01462775,0.3047093,-0.004680378,0.9523216
-0.01462775,0.3047093,-0.004680378,0.9523216
-0.01462775,0.3047093,-0.004680378,0.9523216
-0.01462775,0.3047093,-0.004680378,0.9523216
-0.01462775,0.3047093,-0.004680378,0.9523216
-0.01462775,0.3047093,-0.004680378,0.9523216
-0.01462775,0.3047093,-0.004680378,0.9523216
-0.01462775,0.3047093,-0.004680378,0.9523216
-0.01462775,0.3047093,-0.004680378,0.9523216
-0.01462775,0.3047093,-0.004680378,0.9523216
-0.01462775,0.3047093,-0.004680378,0.9523216
-0.01462775,0.3047093,-0.004680378,0.9523216
-0.01462775,0.3047093,-0.004680378,0.9523216
-0.01462775,0.3047093,-0.004680378,0.9523216
-0.01462775,0.3047093,-0.004680378,0.9523216
-0.01462775,0.3047093,-0.004680378,0.9523216
-0.01462775,0.3047093,-0.004680378,0.9523216
-0.01462775,0.3047093,-0.004680378,0.9523216
-0.01462775,0.3047093,-0.004680378,0.9523216
-0.01462775,0.3047093,-0.004680378,0.9523216
-0.01462775,0.3047093,-0.004680378,0.9523216
-0.01462742,0.3047762,-0.004681406,0.9523002
-0.01462676,0.3049095,-0.004683453,0.9522575
-0.01462431,0.3054083,-0.004691114,0.9520977
-0.01462258,0.3057584,-0.004696493,0.9519853
-0.01462052,0.3061748,-0.004702888,0.9518514
-0.01461814,0.3066564,-0.004710285,0.9516964
-0.01461534,0.3072228,-0.004718985,0.9515137
-0.01460871,0.3085549,-0.004739446,0.9510826
-0.0146049,0.3093198,-0.004751195,0.9508341
-0.01460074,0.3101506,-0.004763956,0.9505634
-0.01459624,0.3110467,-0.004777721,0.9502706
-0.0145914,0.3120084,-0.004792492,0.9499552
-0.01458047,0.3141657,-0.004825628,0.949244
-0.01457448,0.3153426,-0.004843706,0.9488537
-0.01456812,0.3165853,-0.004862794,0.9484398
-0.0145614,0.3178931,-0.004882883,0.9480022
-0.01455431,0.3192663,-0.004903974,0.9475406
-0.01453881,0.3222447,-0.004949724,0.9465318
-0.01453049,0.3238316,-0.004974098,0.9459901
-0.01452179,0.3254823,-0.004999454,0.9454234
-0.01451269,0.3271978,-0.005025804,0.9448311
-0.0145031,0.3289951,-0.00505341,0.9442068
-0.01448268,0.3327852,-0.005111626,0.9428776
-0.01447185,0.3347775,-0.005142228,0.9421721
-0.01446059,0.3368322,-0.005173788,0.9414394
-0.0144489,0.3389519,-0.005206346,0.9406784
-0.01443667,0.3411534,-0.005240163,0.9398822
-0.01441087,0.3457461,-0.005310706,0.9382024
-0.01439728,0.3481371,-0.005347433,0.9373178
-0.01438324,0.3505897,-0.005385104,0.9364032
-0.01436871,0.353105,-0.00542374,0.9354576
-0.0143536,0.3557004,-0.005463605,0.9344739
-0.01432188,0.3610788,-0.005546218,0.9324089
-0.01430526,0.3638605,-0.005588945,0.9313269
-0.01428812,0.3667035,-0.005632613,0.9302112
-0.01427046,0.3696076,-0.00567722,0.9290611
-0.01425214,0.3725906,-0.005723041,0.9278688
-0.01421386,0.378738,-0.005817466,0.9253764
-0.01419387,0.3819021,-0.005866067,0.9240752
-0.0141733,0.3851264,-0.005915592,0.922736
-0.01415215,0.388409,-0.005966014,0.9213591
-0.01413029,0.3917682,-0.00601761,0.9199358
-0.01408472,0.3986629,-0.006123515,0.9169689
-0.01406099,0.4021975,-0.006177807,0.9154241
-0.01403662,0.4057896,-0.006232981,0.9138376
-0.0140116,0.4094387,-0.006289031,0.9122083
-0.0139859,0.413146,-0.006345975,0.9105353
-0.01393223,0.4207609,-0.006462941,0.9070415
-0.01390435,0.4246517,-0.006522703,0.9052266
-0.01387576,0.428598,-0.006583319,0.9033648
-0.01384644,0.4325983,-0.006644764,0.901456
-0.01381625,0.4366698,-0.006707302,0.8994908
-0.0137536,0.4449735,-0.006834848,0.8954121
-0.01372111,0.4492043,-0.006899834,0.8932971
-0.01368784,0.4534862,-0.006965604,0.891131
-0.01365376,0.4578204,-0.007032177,0.8889121
-0.01361873,0.462222,-0.007099786,0.8866313
-0.01354615,0.4711746,-0.007237299,0.8819063
-0.01350858,0.4757245,-0.007307186,0.8794603
-0.01347014,0.4803226,-0.007377814,0.8769575
-0.0134308,0.4849687,-0.007449178,0.8743967
-0.01339042,0.4896787,-0.007521524,0.8717678
-0.01330689,0.4992364,-0.007668332,0.8663297
-0.01326372,0.5040827,-0.007742772,0.8635188
-0.01321959,0.5089725,-0.007817878,0.8606458
-0.01317433,0.5139226,-0.007893912,0.857699
-0.01312808,0.518915,-0.007970596,0.8546879
-0.01303254,0.5290232,-0.008125858,0.8484683
-0.01298323,0.5341379,-0.00820442,0.8452579
-0.01293287,0.5392911,-0.008283573,0.8419794
-0.01288145,0.5444825,-0.008363314,0.8386316
-0.01282878,0.5497276,-0.00844388,0.8352029
-0.01272015,0.5603252,-0.008606659,0.8281304
-0.01266415,0.5656759,-0.008688846,0.8244847
-0.01260701,0.5710597,-0.008771542,0.8207648
-0.01254855,0.576492,-0.008854982,0.8169585
-0.01248891,0.5819554,-0.008938901,0.8130757
-0.01236606,0.5929703,-0.009108091,0.8050779
-0.01230281,0.5985208,-0.009193346,0.8009601
-0.01223814,0.6041142,-0.009279261,0.7967498
-0.01217223,0.6097323,-0.009365556,0.7924587
-0.01210505,0.6153752,-0.009452231,0.7880848
-0.01196684,0.626728,-0.009626612,0.7790868
-0.01189578,0.6324356,-0.009714282,0.7744607
-0.0118234,0.6381624,-0.009802246,0.7697486
-0.01174949,0.6439225,-0.009890722,0.7649366
-0.01167422,0.6496991,-0.00997945,0.7600364
-0.01151956,0.6612961,-0.01015758,0.7499678
-0.01144015,0.6671137,-0.01024694,0.7447976
-0.01135932,0.6729423,-0.01033647,0.7395355
-0.01127687,0.678795,-0.01042636,0.7341673
-0.01119297,0.6846553,-0.01051638,0.7287052
-0.0110208,0.6963929,-0.01069667,0.7174964
-0.0109325,0.7022675,-0.01078691,0.7117475
-0.0108427,0.7081437,-0.01087716,0.7059014
-0.01075117,0.714034,-0.01096764,0.6999426
-0.01065813,0.7199219,-0.01105808,0.6938852
-0.01046744,0.7316846,-0.01123875,0.6814705
-0.01036975,0.7375566,-0.01132895,0.6751107
-0.0102705,0.7434198,-0.01141901,0.6686488
-0.01016944,0.7492851,-0.0115091,0.6620695
-0.01006679,0.7551377,-0.01159899,0.6553864
-0.009856656,0.7667968,-0.01177808,0.6417062
-0.009749141,0.7726007,-0.01186723,0.6347065
-0.009640001,0.7783836,-0.01195605,0.6276011
-0.009528977,0.7841566,-0.01204473,0.620373
-0.009416311,0.7899041,-0.01213301,0.613038
-0.009185941,0.801319,-0.01230834,0.5980401
-0.009068234,0.8069816,-0.01239532,0.590377
-0.008948827,0.8126117,-0.0124818,0.5826032
-0.008827488,0.8182176,-0.01256791,0.5747035
-0.008704446,0.8237859,-0.01265344,0.5666931
-0.008453205,0.8348018,-0.01282264,0.5503364
-0.008324999,0.8402448,-0.01290625,0.5419897
-0.008194818,0.8456515,-0.01298929,0.5335144
-0.008062899,0.8510094,-0.01307159,0.5249259
-0.007929237,0.8563159,-0.0131531,0.516224
-0.007656682,0.8667653,-0.0133136,0.4984797
-0.007517778,0.8719037,-0.01339253,0.4894366
-0.007377126,0.876981,-0.01347052,0.4802796
-0.007234479,0.8820034,-0.01354766,0.4709927
-0.007090062,0.8869601,-0.0136238,0.4615907
-0.006795993,0.8966638,-0.01377285,0.4424457
-0.006646054,0.9014148,-0.01384582,0.4326841
-0.006494636,0.9060807,-0.01391749,0.4228262
-0.006341197,0.9106756,-0.01398807,0.4128368
-0.006186022,0.9151881,-0.01405738,0.4027343
-0.005870441,0.9239566,-0.01419207,0.3821888
-0.005709788,0.928214,-0.01425746,0.3717297
-0.00554769,0.932371,-0.01432131,0.3611765
-0.005383602,0.9364392,-0.0143838,0.3504938
-0.005217809,0.9404085,-0.01444477,0.3397
-0.004881135,0.9480397,-0.01456199,0.3177812
-0.004709993,0.9517019,-0.01461824,0.3066393
-0.004537183,0.9552537,-0.01467279,0.2953887
-0.004362715,0.9586924,-0.01472561,0.2840302
-0.00418662,0.9620146,-0.01477664,0.2725658
-0.00382954,0.9682997,-0.01487318,0.2493185
-0.00364831,0.9712613,-0.01491867,0.2375197
-0.003465499,0.9740948,-0.01496219,0.225618
-0.003281124,0.9767973,-0.01500371,0.2136146
-0.003095223,0.9793656,-0.01504315,0.2015117
-0.002718841,0.9840896,-0.01511571,0.1770078
-0.002528424,0.986239,-0.01514873,0.164611
-0.002336257,0.9882458,-0.01517955,0.1521002
-0.002142655,0.9901035,-0.01520809,0.1394959
-0.001947653,0.9918093,-0.01523429,0.1268006
-0.001553523,0.9947535,-0.01527951,0.1011412
-0.001354159,0.9959878,-0.01529847,0.08816189
-0.001153538,0.9970577,-0.01531491,0.07510068
-0.000951634,0.9979607,-0.01532878,0.06195599
-0.0007484941,0.9986939,-0.01534004,0.04873082
-0.0003386598,0.999639,-0.01535455,0.02204907
-0.0001317274,0.9998453,-0.01535772,0.008577005
7.629169E-05,0.9998698,-0.0153581,-0.004965821
0.0002853634,0.9997095,-0.01535564,-0.01857717
0.000495449,0.9993617,-0.01535029,-0.03225453
0.0009185042,0.9980924,-0.0153308,-0.05979702
0.001131692,0.997164,-0.01531653,-0.07367637
0.001345711,0.9960365,-0.01529921,-0.08760979
0.001560531,0.9947072,-0.0152788,-0.1015954
0.001776108,0.9931736,-0.01525524,-0.1156302
0.001992383,0.991433,-0.0152285,-0.1297106
0.002427166,0.987317,-0.01516528,-0.1580166
0.002645554,0.9849362,-0.01512871,-0.1722345
0.002864419,0.9823381,-0.0150888,-0.1864834
0.003083745,0.9795196,-0.01504551,-0.2007623
0.003523539,0.9732124,-0.01494863,-0.2293946
0.003744165,0.9697145,-0.0148949,-0.2437582
0.003964999,0.9659866,-0.01483764,-0.2581354
0.004154365,0.9626076,-0.01478574,-0.2704638
0.004312247,0.9596602,-0.01474047,-0.2807425
0.004439069,0.9572062,-0.01470278,-0.2889991
0.00458344,0.9543179,-0.01465841,-0.2983982
0.004609443,0.9537869,-0.01465026,-0.3000911
0.004609443,0.9537869,-0.01465026,-0.3000911
0.004609443,0.9537869,-0.01465026,-0.3000911
0.004609443,0.9537869,-0.01465026,-0.3000911
0.004609443,0.9537869,-0.01465026,-0.3000911
0.004609443,0.9537869,-0.01465026,-0.3000911
0.004609443,0.9537869,-0.01465026,-0.3000911
0.004609443,0.9537869,-0.01465026,-0.3000911
0.004609443,0.9537869,-0.01465026,-0.3000911
0.004609443,0.9537869,-0.01465026,-0.3000911
0.004609443,0.9537869,-0.01465026,-0.3000911
0.004609443,0.9537869,-0.01465026,-0.3000911
0.004609443,0.9537869,-0.01465026,-0.3000911
0.004609443,0.9537869,-0.01465026,-0.3000911
0.004609443,0.9537869,-0.01465026,-0.3000911
0.004609443,0.9537869,-0.01465026,-0.3000911
0.004609443,0.9537869,-0.01465026,-0.3000911
0.004609443,0.9537869,-0.01465026,-0.3000911
0.004609443,0.9537869,-0.01465026,-0.3000911
0.004609443,0.9537869,-0.01465026,-0.3000911
0.004609443,0.9537869,-0.01465026,-0.3000911
0.004609443,0.9537869,-0.01465026,-0.3000911
0.004609443,0.9537869,-0.01465026,-0.3000911
0.004609443,0.9537869,-0.01465026,-0.3000911
0.004609443,0.9537869,-0.01465026,-0.3000911
0.004609443,0.9537869,-0.01465026,-0.3000911
0.004609443,0.9537869,-0.01465026,-0.3000911
0.004609443,0.9537869,-0.01465026,-0.3000911
0.004609443,0.9537869,-0.01465026,-0.3000911
0.004609443,0.9537869,-0.01465026,-0.3000911
0.004609443,0.9537869,-0.01465026,-0.3000911
0.004609443,0.9537869,-0.01465026,-0.3000911
0.004609443,0.9537869,-0.01465026,-0.3000911
0.004609443,0.9537869,-0.01465026,-0.3000911
0.004609443,0.9537869,-0.01465026,-0.3000911
0.004609443,0.9537869,-0.01465026,-0.3000911
0.004609443,0.9537869,-0.01465026,-0.3000911
0.004609443,0.9537869,-0.01465026,-0.3000911
0.004609443,0.9537869,-0.01465026,-0.3000911
0.004609443,0.9537869,-0.01465026,-0.3000911
0.004609443,0.9537869,-0.01465026,-0.3000911
0.004609443,0.9537869,-0.01465026,-0.3000911
0.004609443,0.9537869,-0.01465026,-0.3000911
0.004609443,0.9537869,-0.01465026,-0.3000911
0.004609443,0.9537869,-0.01465026,-0.3000911
0.004609443,0.9537869,-0.01465026,-0.3000911
0.004609443,0.9537869,-0.01465026,-0.3000911
0.004609443,0.9537869,-0.01465026,-0.3000911
0.004609443,0.9537869,-0.01465026,-0.3000911
0.004608449,0.9538073,-0.01465057,-0.3000264
0.004606416,0.953849,-0.01465121,-0.299894
0.004603365,0.9539113,-0.01465217,-0.2996954
0.00459929,0.9539946,-0.01465345,-0.2994301
0.004594205,0.9540985,-0.01465504,-0.2990991
0.0045804,0.9543798,-0.01465936,-0.2982003
0.004571969,0.9545511,-0.014662,-0.2976514
0.004562512,0.9547429,-0.01466494,-0.2970357
0.004552038,0.9549548,-0.0146682,-0.2963538
0.004540259,0.9551923,-0.01467185,-0.295587
0.004513629,0.9557271,-0.01468006,-0.2938533
0.004498795,0.9560236,-0.01468461,-0.2928875
0.004482926,0.9563395,-0.01468947,-0.2918544
0.004466032,0.9566743,-0.01469461,-0.2907546
0.004447818,0.9570341,-0.01470013,-0.2895687
0.004408299,0.9578087,-0.01471203,-0.2869959
0.004386996,0.9582232,-0.0147184,-0.285609
0.004364667,0.9586553,-0.01472504,-0.2841552
0.004341017,0.9591103,-0.01473203,-0.2826156
0.00431635,0.959582,-0.01473927,-0.2810097
0.004263884,0.9605758,-0.01475454,-0.277594
0.004236073,0.9610972,-0.01476255,-0.2757834
0.004207231,0.961634,-0.01477079,-0.2739056
0.004177044,0.9621915,-0.01477935,-0.2719403
0.004145818,0.9627638,-0.01478814,-0.2699074
0.004080222,0.9639509,-0.01480638,-0.2656368
0.004045849,0.9645647,-0.01481581,-0.263399
0.00401043,0.9651915,-0.01482543,-0.2610931
0.003973663,0.9658358,-0.01483533,-0.2586994
0.003935843,0.966492,-0.01484541,-0.2562372
0.003857032,0.9678376,-0.01486608,-0.2511063
0.003816041,0.9685261,-0.01487665,-0.2484376
0.003773981,0.9692245,-0.01488738,-0.2456994
0.003730561,0.9699367,-0.01489832,-0.2428725
0.003686077,0.9706572,-0.01490939,-0.2399765
0.003593895,0.9721213,-0.01493188,-0.2339751
0.003546194,0.9728635,-0.01494328,-0.2308696
0.003497432,0.9736114,-0.01495476,-0.227695
0.003447292,0.974369,-0.0149664,-0.2244307
0.003396094,0.9751308,-0.0149781,-0.2210975
0.003290404,0.9766654,-0.01500167,-0.2142167
0.003235938,0.9774364,-0.01501352,-0.2106708
0.003180375,0.9782091,-0.01502538,-0.2070534
0.003123441,0.9789863,-0.01503732,-0.2033467
0.003065411,0.9797634,-0.01504926,-0.1995688
0.002946081,0.9813139,-0.01507307,-0.1918
0.002884775,0.9820855,-0.01508493,-0.1878087
0.002822378,0.9828537,-0.01509673,-0.1837465
0.002758572,0.9836212,-0.01510852,-0.1795924
0.002693676,0.9843832,-0.01512022,-0.1753674
0.002560583,0.9858876,-0.01514333,-0.1667026
0.002492385,0.9866281,-0.0151547,-0.1622626
0.002423086,0.9873595,-0.01516594,-0.157751
0.002352374,0.988084,-0.01517706,-0.1531474
0.00228056,0.9887974,-0.01518802,-0.1484721
0.002133609,0.9901867,-0.01520936,-0.138905
0.002058475,0.9908605,-0.01521971,-0.1340134
0.001982231,0.9915192,-0.01522983,-0.1290497
0.001904577,0.9921641,-0.01523974,-0.1239942
0.00182581,0.9927915,-0.01524937,-0.1188661
0.001664977,0.9939892,-0.01526777,-0.1083952
0.001582895,0.9945575,-0.0152765,-0.1030514
0.001499703,0.9951038,-0.01528489,-0.09763529
0.001415096,0.9956288,-0.01529296,-0.09212705
0.001329394,0.9961294,-0.01530065,-0.08654757
0.001154702,0.9970521,-0.01531482,-0.07517441
0.001065691,0.9974722,-0.01532127,-0.06937947
0.0009752795,0.9978641,-0.01532729,-0.06349336
0.0008837726,0.9982253,-0.01533284,-0.05753591
0.0007911629,0.9985546,-0.0153379,-0.05150668
0.000602678,0.999112,-0.01534646,-0.0392356
0.0005067898,0.9993377,-0.01534992,-0.03299292
0.0004098318,0.9995261,-0.01535282,-0.02668059
0.0003114941,0.9996763,-0.01535513,-0.02027844
0.000212062,0.9997867,-0.01535682,-0.01380504
9.98318E-06,0.9998819,-0.01535828,-0.0006489448
-9.265036E-05,0.9998639,-0.01535801,0.006032884
-0.0001963466,0.9998004,-0.01535703,0.0127839
-0.0002588377,0.9997401,-0.0153561,0.0168523
-0.0002889535,0.9997051,-0.01535557,0.01881295
-0.0002889535,0.9997051,-0.01535557,0.01881295
-0.0002889535,0.9997051,-0.01535557,0.01881295
-0.0002889535,0.9997051,-0.01535557,0.01881295
-0.0002889535,0.9997051,-0.01535557,0.01881295
-0.0002889535,0.9997051,-0.01535557,0.01881295
-0.0002889535,0.9997051,-0.01535557,0.01881295
-0.0002889535,0.9997051,-0.01535557,0.01881295
-0.0002889535,0.9997051,-0.01535557,0.01881295
-0.0002889535,0.9997051,-0.01535557,0.01881295
-0.0002889535,0.9997051,-0.01535557,0.01881295
-0.0002889535,0.9997051,-0.01535557,0.01881295
-0.0002889535,0.9997051,-0.01535557,0.01881295
-0.0002889535,0.9997051,-0.01535557,0.01881295
-0.0002889535,0.9997051,-0.01535557,0.01881295
-0.0002889535,0.9997051,-0.01535557,0.01881295
-0.0002878849,0.9997064,-0.01535559,0.01874339
-0.0002854517,0.9997094,-0.01535563,0.01858497
-0.0002822501,0.9997132,-0.01535569,0.01837654
-0.0002776839,0.9997186,-0.01535577,0.01807926
-0.0002720557,0.9997252,-0.01535587,0.01771285
-0.0002575828,0.9997414,-0.01535612,0.01677061
-0.0002487499,0.9997509,-0.01535627,0.01619555
-0.0002385422,0.9997615,-0.01535643,0.01553099
-0.0002272774,0.9997725,-0.0153566,0.01479761
-0.0002149423,0.9997841,-0.01535678,0.01399455
-0.0001870693,0.9998079,-0.01535715,0.01217991
-0.0001715307,0.9998197,-0.01535733,0.01116829
-0.00015463,0.9998314,-0.01535751,0.01006799
-0.000136665,0.9998425,-0.01535768,0.0088984
-0.000117631,0.9998528,-0.01535783,0.007659213
-7.635493E-05,0.9998698,-0.0153581,0.004971987
-5.411822E-05,0.9998759,-0.01535819,0.003524293
-3.051433E-05,0.9998801,-0.01535825,0.001987592
-5.845134E-06,0.999882,-0.01535828,0.0003815339
1.987846E-05,0.9998813,-0.01535827,-0.001293169
7.453993E-05,0.9998703,-0.0153581,-0.004851837
0.0001037764,0.9998593,-0.01535793,-0.006755241
0.0001340531,0.999844,-0.0153577,-0.008726369
0.0001654334,0.9998241,-0.01535739,-0.01076934
0.0001978641,0.9997991,-0.01535701,-0.01288071
0.0002659183,0.9997323,-0.01535598,-0.01731129
0.0003018531,0.999689,-0.01535532,-0.01965078
0.0003388487,0.9996387,-0.01535455,-0.02205933
0.0003769121,0.999581,-0.01535366,-0.0245374
0.0004160328,0.9995152,-0.01535265,-0.02708431
0.0004974745,0.9993575,-0.01535023,-0.03238647
0.0005397939,0.9992644,-0.01534879,-0.03514162
0.0005834666,0.9991603,-0.0153472,-0.03798488
0.0006282065,0.9990453,-0.01534543,-0.04089762
0.000673999,0.9989188,-0.01534349,-0.04387888
0.0007208509,0.9987801,-0.01534136,-0.04692912
0.0008183304,0.9984618,-0.01533647,-0.0532754
0.000868668,0.9982815,-0.0153337,-0.05655256
0.0009200492,0.9980865,-0.0153307,-0.05989767
0.000972482,0.9978756,-0.01532746,-0.06331125
0.001025972,0.9976486,-0.01532398,-0.06679364
0.001136706,0.9971398,-0.01531616,-0.07400286
0.001193645,0.9968578,-0.01531183,-0.07770982
0.001251637,0.9965563,-0.0153072,-0.08148526
0.001310674,0.9962344,-0.01530225,-0.0853288
0.001370748,0.9958917,-0.01529699,-0.08923987
0.001494622,0.9951361,-0.01528538,-0.09730453
0.001558128,0.9947232,-0.01527904,-0.101439
0.001622654,0.9942859,-0.01527232,-0.1056399
0.001688197,0.9938232,-0.01526522,-0.109907
0.0018224,0.9928181,-0.01524978,-0.1186441
0.001891328,0.9922715,-0.01524138,-0.1231316
0.001961258,0.9916959,-0.01523254,-0.1276843
0.002032216,0.9910902,-0.01522324,-0.1323039
0.002104196,0.9904534,-0.01521345,-0.1369901
0.002177183,0.9897845,-0.01520318,-0.1417419
0.002326744,0.9883412,-0.01518101,-0.1514789
0.002403031,0.9875672,-0.01516912,-0.1564454
0.002480297,0.9867572,-0.01515668,-0.1614757
0.002558556,0.9859099,-0.01514367,-0.1665706
0.00263781,0.9850243,-0.01513006,-0.1717304
0.002799827,0.9831271,-0.01510092,-0.1822783
0.002882295,0.9821165,-0.0150854,-0.1876473
0.002965707,0.9810633,-0.01506922,-0.1930777
0.003050082,0.9799662,-0.01505237,-0.1985708
0.003221672,0.9776362,-0.01501658,-0.209742
0.003309175,0.9763966,-0.01499754,-0.2154388
0.0033976,0.9751085,-0.01497775,-0.2211956
0.00348694,0.9737709,-0.01495721,-0.227012
0.003577199,0.9723823,-0.01493588,-0.2328881
0.003668366,0.9709415,-0.01491375,-0.2388235
0.003853975,0.9678893,-0.01486686,-0.2509074
0.0039481,0.96628,-0.01484214,-0.2570352
0.00404309,0.9646138,-0.01481655,-0.2632194
0.004138933,0.9628894,-0.01479006,-0.2694592
0.0043332,0.9592602,-0.01473432,-0.2821067
0.004431857,0.9573478,-0.01470494,-0.2885296
0.004531337,0.9553719,-0.01467459,-0.2950062
0.004631624,0.9533314,-0.01464325,-0.3015352
0.004732716,0.9512246,-0.01461089,-0.3081167
0.004937238,0.9468082,-0.01454305,-0.3214319
0.005040935,0.9444894,-0.01450744,-0.328183
0.00514538,0.9420992,-0.01447072,-0.3349827
0.005250557,0.9396363,-0.01443289,-0.3418302
0.005356456,0.9370995,-0.01439393,-0.3487246
0.005570636,0.9317917,-0.0143124,-0.3626685
0.005678904,0.9290174,-0.01426979,-0.3697172
0.005787824,0.926164,-0.01422596,-0.3768083
0.005897393,0.9232297,-0.01418088,-0.3839417
0.006007583,0.9202134,-0.01413455,-0.3911154
0.006118393,0.9171138,-0.01408694,-0.3983296
0.00634234,0.9106427,-0.01398755,-0.4129094
0.006455163,0.9072763,-0.01393584,-0.4202547
0.006568533,0.9038209,-0.01388276,-0.4276355
0.006682418,0.9002755,-0.01382831,-0.4350498
0.006796818,0.8966382,-0.01377244,-0.4424977
0.006998386,0.8900416,-0.01367111,-0.4556205
0.007055821,0.8881176,-0.01364156,-0.4593598
0.007084777,0.88714,-0.01362654,-0.4612449
0.007085357,0.8871204,-0.01362624,-0.4612827
0.007085357,0.8871204,-0.01362624,-0.4612827
0.007085357,0.8871204,-0.01362624,-0.4612827
0.007085357,0.8871204,-0.01362624,-0.4612827
0.007085357,0.8871204,-0.01362624,-0.4612827
0.007085357,0.8871204,-0.01362624,-0.4612827
0.007085357,0.8871204,-0.01362624,-0.4612827
0.007085357,0.8871204,-0.01362624,-0.4612827
0.007085357,0.8871204,-0.01362624,-0.4612827
0.007085357,0.8871204,-0.01362624,-0.4612827
0.007085357,0.8871204,-0.01362624,-0.4612827
0.007085357,0.8871204,-0.01362624,-0.4612827
0.007085357,0.8871204,-0.01362624,-0.4612827
0.007085357,0.8871204,-0.01362624,-0.4612827
0.007085357,0.8871204,-0.01362624,-0.4612827
0.007085357,0.8871204,-0.01362624,-0.4612827
0.007085357,0.8871204,-0.01362624,-0.4612827
0.007085357,0.8871204,-0.01362624,-0.4612827
0.007085357,0.8871204,-0.01362624,-0.4612827
0.007085357,0.8871204,-0.01362624,-0.4612827
0.007084161,0.8871609,-0.01362687,-0.4612047
0.007082042,0.8872326,-0.01362797,-0.4610668
0.007074906,0.8874738,-0.01363167,-0.4606023
0.007069922,0.8876421,-0.01363426,-0.4602778
0.007063987,0.8878424,-0.01363733,-0.4598914
0.007057107,0.8880742,-0.01364089,-0.4594435
0.007049275,0.8883379,-0.01364494,-0.4589336
0.007030217,0.8889777,-0.01365477,-0.4576929
0.007019262,0.8893445,-0.01366041,-0.4569797
0.007007357,0.8897424,-0.01366652,-0.4562046
0.006994498,0.8901712,-0.0136731,-0.4553674
0.006980414,0.8906396,-0.0136803,-0.4544505
0.006949386,0.8916674,-0.01369609,-0.4524305
0.006932423,0.8922269,-0.01370468,-0.4513261
0.006914495,0.8928164,-0.01371374,-0.450159
0.006895328,0.8934444,-0.01372338,-0.4489112
0.006875228,0.8941008,-0.01373346,-0.4476025
0.006832056,0.8955023,-0.01375499,-0.4447919
0.006809012,0.8962459,-0.01376641,-0.4432916
0.006784992,0.8970177,-0.01377827,-0.4417278
0.006759727,0.8978257,-0.01379068,-0.440083
0.006733497,0.8986608,-0.01380351,-0.4383753
0.006678045,0.9004129,-0.01383042,-0.4347652
0.006648832,0.9013287,-0.01384448,-0.4328633
0.006618631,0.9022704,-0.01385895,-0.4308971
0.006587164,0.9032459,-0.01387393,-0.4288485
0.0065547,0.9042463,-0.0138893,-0.4267349
0.006486766,0.9063204,-0.01392116,-0.4223121
0.006451282,0.9073933,-0.01393764,-0.420002
0.00641479,0.9084892,-0.01395447,-0.4176263
0.006377288,0.9096075,-0.01397165,-0.4151847
0.006338488,0.9107562,-0.01398929,-0.4126587
0.006257854,0.9131166,-0.01402555,-0.4074092
0.006215985,0.9143279,-0.01404416,-0.4046833
0.006173078,0.9155592,-0.01406307,-0.4018899
0.006128864,0.9168174,-0.01408239,-0.3990114
0.006083605,0.9180941,-0.01410201,-0.3960649
0.005989977,0.9206998,-0.01414203,-0.3899694
0.005941575,0.9220281,-0.01416243,-0.3868182
0.005892118,0.9233724,-0.01418308,-0.3835984
0.005841358,0.9247383,-0.01420406,-0.3802937
0.005789504,0.9261193,-0.01422527,-0.3769178
0.005682603,0.9289215,-0.01426832,-0.3699581
0.005627546,0.9303411,-0.01429012,-0.3663737
0.005571407,0.9317721,-0.0143121,-0.3627188
0.005513903,0.9332209,-0.01433435,-0.3589751
0.005455317,0.9346791,-0.01435675,-0.3551609
0.005334866,0.9376212,-0.01440194,-0.3473191
0.005272996,0.9391035,-0.01442471,-0.3432911
0.005209742,0.9405986,-0.01444768,-0.339173
0.005145404,0.9420986,-0.01447072,-0.3349844
0.005079944,0.9436031,-0.01449382,-0.3307227
0.004945692,0.9466211,-0.01454018,-0.3219824
0.004876885,0.948133,-0.0145634,-0.3175027
0.004806955,0.9496454,-0.01458663,-0.31295
0.004735611,0.9511635,-0.01460995,-0.3083053
0.00466314,0.9526799,-0.01463325,-0.3035872
0.004514804,0.9557036,-0.01467969,-0.2939299
0.004438924,0.957209,-0.01470281,-0.2889899
0.00436162,0.958714,-0.01472593,-0.2839571
0.004283167,0.960212,-0.01474894,-0.2788495
0.004203561,0.9617019,-0.01477183,-0.2736668
0.004040916,0.9646524,-0.01481714,-0.2630781
0.003957862,0.9661106,-0.01483954,-0.2576709
0.003873361,0.9675612,-0.01486182,-0.2521696
0.003787697,0.9689975,-0.01488389,-0.2465926
0.003700885,0.9704183,-0.01490571,-0.2409408
0.003523774,0.9732087,-0.01494857,-0.2294102
0.003433466,0.9745759,-0.01496957,-0.2235308
0.003341988,0.9759228,-0.01499026,-0.2175752
0.003249048,0.9772521,-0.01501068,-0.2115245
0.003154947,0.9785581,-0.01503074,-0.2053982
0.002963223,0.981095,-0.01506971,-0.1929162
0.002865612,0.9823233,-0.01508857,-0.1865613
0.002766534,0.9835264,-0.01510705,-0.180111
0.002666282,0.9846993,-0.01512507,-0.1735842
0.002564859,0.9858405,-0.0151426,-0.1669812
0.002358523,0.9880219,-0.0151761,-0.1535479
0.002253606,0.9890593,-0.01519204,-0.1467174
0.00214749,0.9900594,-0.0152074,-0.1398089
0.002039945,0.9910229,-0.0152222,-0.1328073
0.001931243,0.9919456,-0.01523637,-0.1257304
0.001710371,0.9936625,-0.01526275,-0.1113508
0.001597911,0.9944557,-0.01527493,-0.1040292
0.001484595,0.9951998,-0.01528636,-0.0966519
0.001369833,0.9958972,-0.01529707,-0.08918043
0.001253931,0.9965441,-0.01530701,-0.08163477
0.001018727,0.9976801,-0.01532446,-0.06632212
0.0008994307,0.998166,-0.01533192,-0.05855549
0.0007787233,0.998596,-0.01533852,-0.05069698
0.0006568937,0.9989671,-0.01534422,-0.04276541
0.0005339577,0.9992777,-0.015349,-0.03476182
0.0002848016,0.9997102,-0.01535564,-0.01854081
0.000158594,0.9998288,-0.01535746,-0.01032421
3.099962E-05,0.9998801,-0.01535825,-0.002017338
-9.766325E-05,0.9998619,-0.01535797,0.006359101
-0.0002273679,0.9997725,-0.0153566,0.01480336
-0.0004899467,0.9993731,-0.01535046,0.03189824
-0.0006227878,0.9990596,-0.01534565,0.04054669
-0.0007151415,0.9987975,-0.01534162,0.04655927
-0.0007749461,0.9986084,-0.01533872,0.05045278
-0.0008029656,0.9985145,-0.01533727,0.05227695
-0.0008040387,0.9985109,-0.01533722,0.05234681
-0.0008064706,0.9985026,-0.01533709,0.05250514
-0.0008099662,0.9984906,-0.01533691,0.05273272
-0.0008145296,0.9984749,-0.01533666,0.05302981
-0.000820155,0.9984553,-0.01533636,0.05339605
-0.0008201551,0.9984553,-0.01533636,0.05339605
-0.0008201551,0.9984553,-0.01533636,0.05339605
-0.0008201551,0.9984553,-0.01533636,0.05339605
-0.0008201551,0.9984553,-0.01533636,0.05339605
-0.0008201551,0.9984553,-0.01533636,0.05339605
-0.0008201551,0.9984553,-0.01533636,0.05339605
-0.0008201551,0.9984553,-0.01533636,0.05339605
-0.0008201551,0.9984553,-0.01533636,0.05339605
-0.0008201551,0.9984553,-0.01533636,0.05339605
-0.0008201551,0.9984553,-0.01533636,0.05339605
-0.0008201551,0.9984553,-0.01533636,0.05339605
-0.0008201551,0.9984553,-0.01533636,0.05339605
-0.0008201551,0.9984553,-0.01533636,0.05339605
-0.0008201551,0.9984553,-0.01533636,0.05339605
-0.0008201551,0.9984553,-0.01533636,0.05339605
-0.0008201551,0.9984553,-0.01533636,0.05339605
-0.0008201551,0.9984553,-0.01533636,0.05339605
-0.0008201551,0.9984553,-0.01533636,0.05339605
-0.0008201551,0.9984553,-0.01533636,0.05339605
-0.0008201551,0.9984553,-0.01533636,0.05339605
-0.0008201551,0.9984553,-0.01533636,0.05339605
-0.0008201551,0.9984553,-0.01533636,0.05339605
-0.0008201551,0.9984553,-0.01533636,0.05339605
-0.0008201551,0.9984553,-0.01533636,0.05339605
-0.0008201551,0.9984553,-0.01533636,0.05339605
-0.0008201551,0.9984553,-0.01533636,0.05339605
-0.0008201551,0.9984553,-0.01533636,0.05339605
-0.0008201551,0.9984553,-0.01533636,0.05339605
-0.000821212,0.9984517,-0.01533631,0.05346486
-0.0008233364,0.9984443,-0.01533619,0.05360317
-0.0008307791,0.998418,-0.01533579,0.05408772
-0.0008363858,0.9983982,-0.01533549,0.05445274
-0.0008430476,0.9983745,-0.01533512,0.05488645
-0.0008507996,0.9983467,-0.01533469,0.05539113
-0.0008596153,0.9983147,-0.0153342,0.05596507
-0.0008804363,0.9982377,-0.01533302,0.05732058
-0.0008927434,0.9981914,-0.01533231,0.05812182
-0.0009061262,0.9981402,-0.01533152,0.05899309
-0.0009205721,0.9980842,-0.01533066,0.05993358
-0.0009360762,0.9980231,-0.01532972,0.06094295
-0.000952648,0.9979566,-0.0153287,0.06202184
-0.0009895528,0.9978044,-0.01532636,0.06442448
-0.001009602,0.9977193,-0.01532506,0.06572974
-0.00103073,0.9976277,-0.01532365,0.06710524
-0.001052903,0.9975296,-0.01532214,0.06854879
-0.00107614,0.9974245,-0.01532053,0.07006165
-0.001126359,0.9971895,-0.01531692,0.07333107
-0.001153078,0.99706,-0.01531493,0.07507058
-0.001180858,0.9969221,-0.01531281,0.07687918
-0.001209685,0.9967756,-0.01531056,0.07875594
-0.00127054,0.9964547,-0.01530563,0.08271779
-0.001302861,0.9962778,-0.01530292,0.08482205
-0.001336228,0.9960905,-0.01530004,0.08699434
-0.001370647,0.9958922,-0.01529699,0.08923517
-0.001406127,0.9956825,-0.01529377,0.09154507
-0.001442658,0.995461,-0.01529037,0.09392335
-0.001519482,0.9949764,-0.01528293,0.09892491
-0.00155947,0.9947141,-0.0152789,0.1015282
-0.001600514,0.9944378,-0.01527465,0.1042004
-0.001642607,0.9941468,-0.01527018,0.1069408
-0.001729941,0.9935187,-0.01526054,0.1126266
-0.001775464,0.9931782,-0.01525531,0.1155903
-0.001822033,0.9928207,-0.01524981,0.1186221
-0.00186964,0.9924455,-0.01524405,0.1217215
-0.001918296,0.9920518,-0.015238,0.1248892
-0.002018742,0.9912067,-0.01522502,0.1314286
-0.002070798,0.9907514,-0.01521803,0.1348176
-0.002123895,0.9902749,-0.01521071,0.1382745
-0.002178024,0.9897764,-0.01520305,0.1417984
-0.002233177,0.9892553,-0.01519505,0.1453892
-0.002289351,0.988711,-0.01518669,0.1490463
-0.002405361,0.9875429,-0.01516875,0.156599
-0.002464895,0.9869205,-0.01515919,0.1604748
-0.002525432,0.9862715,-0.01514922,0.1644161
-0.002586995,0.985595,-0.01513883,0.1684241
-0.002649558,0.9848903,-0.015128,0.1724971
-0.002778271,0.9833859,-0.0151049,0.1808768
-0.002811641,0.9829838,-0.01509872,0.1830493
-0.002813424,0.9829621,-0.01509839,0.1831654
-0.002813424,0.9829621,-0.01509839,0.1831654
-0.002813424,0.9829621,-0.01509839,0.1831654
-0.002813424,0.9829621,-0.01509839,0.1831654
-0.002813424,0.9829621,-0.01509839,0.1831654
-0.002813424,0.9829621,-0.01509839,0.1831654
-0.002813424,0.9829621,-0.01509839,0.1831654
-0.002813424,0.9829621,-0.01509839,0.1831654
-0.002813424,0.9829621,-0.01509839,0.1831654
-0.002813424,0.9829621,-0.01509839,0.1831654
-0.002813424,0.9829621,-0.01509839,0.1831654
-0.002813424,0.9829621,-0.01509839,0.1831654
-0.002813424,0.9829621,-0.01509839,0.1831654
-0.002813424,0.9829621,-0.01509839,0.1831654
-0.002813424,0.9829621,-0.01509839,0.1831654
-0.002813424,0.9829621,-0.01509839,0.1831654
-0.002813424,0.9829621,-0.01509839,0.1831654
-0.002813424,0.9829621,-0.01509839,0.1831654
-0.002813424,0.9829621,-0.01509839,0.1831654
-0.002813424,0.9829621,-0.01509839,0.1831654
-0.002813424,0.9829621,-0.01509839,0.1831654
-0.002813424,0.9829621,-0.01509839,0.1831654
-0.002813424,0.9829621,-0.01509839,0.1831654
-0.002813424,0.9829621,-0.01509839,0.1831654
-0.002813424,0.9829621,-0.01509839,0.1831654
-0.002813424,0.9829621,-0.01509839,0.1831654
-0.002813424,0.9829621,-0.01509839,0.1831654
-0.002813424,0.9829621,-0.01509839,0.1831654
-0.002813424,0.9829621,-0.01509839,0.1831654
-0.002813424,0.9829621,-0.01509839,0.1831654
-0.002813424,0.9829621,-0.01509839,0.1831654
-0.002813424,0.9829621,-0.01509839,0.1831654
-0.002813424,0.9829621,-0.01509839,0.1831654
-0.002813424,0.9829621,-0.01509839,0.1831654
-0.002813424,0.9829621,-0.01509839,0.1831654
-0.002813424,0.9829621,-0.01509839,0.1831654
-0.002813424,0.9829621,-0.01509839,0.1831654
-0.002813424,0.9829621,-0.01509839,0.1831654
-0.002813424,0.9829621,-0.01509839,0.1831654
-0.002813424,0.9829621,-0.01509839,0.1831654
-0.002813424,0.9829621,-0.01509839,0.1831654
-0.002813424,0.9829621,-0.01509839,0.1831654
-0.002813424,0.9829621,-0.01509839,0.1831654
-0.002813424,0.9829621,-0.01509839,0.1831654
-0.002813424,0.9829621,-0.01509839,0.1831654
-0.002813424,0.9829621,-0.01509839,0.1831654
-0.002813424,0.9829621,-0.01509839,0.1831654
-0.002813424,0.9829621,-0.01509839,0.1831654
-0.002813424,0.9829621,-0.01509839,0.1831654
-0.002813424,0.9829621,-0.01509839,0.1831654
-0.002813424,0.9829621,-0.01509839,0.1831654
-0.002813424,0.9829621,-0.01509839,0.1831654
-0.002813424,0.9829621,-0.01509839,0.1831654
-0.002813424,0.9829621,-0.01509839,0.1831654
-0.002813424,0.9829621,-0.01509839,0.1831654
-0.002813424,0.9829621,-0.01509839,0.1831654
-0.002813424,0.9829621,-0.01509839,0.1831654
-0.002813424,0.9829621,-0.01509839,0.1831654
-0.002813424,0.9829621,-0.01509839,0.1831654
-0.002813424,0.9829621,-0.01509839,0.1831654
-0.002813424,0.9829621,-0.01509839,0.1831654
-0.002813424,0.9829621,-0.01509839,0.1831654
-0.002813424,0.9829621,-0.01509839,0.1831654
-0.002813424,0.9829621,-0.01509839,0.1831654
-0.002813424,0.9829621,-0.01509839,0.1831654
-0.002813424,0.9829621,-0.01509839,0.1831654
-0.002813424,0.9829621,-0.01509839,0.1831654
-0.002813424,0.9829621,-0.01509839,0.1831654
-0.002813424,0.9829621,-0.01509839,0.1831654
-0.002813424,0.9829621,-0.01509839,0.1831654
-0.002813424,0.9829621,-0.01509839,0.1831654
-0.002813424,0.9829621,-0.01509839,0.1831654
-0.002813424,0.9829621,-0.01509839,0.1831654
-0.002813424,0.9829621,-0.01509839,0.1831654
-0.002813424,0.9829621,-0.01509839,0.1831654
-0.002813424,0.9829621,-0.01509839,0.1831654
-0.002813424,0.9829621,-0.01509839,0.1831654
-0.002813424,0.9829621,-0.01509839,0.1831654
-0.002813424,0.9829621,-0.01509839,0.1831654
-0.002813424,0.9829621,-0.01509839,0.1831654
-0.002813424,0.9829621,-0.01509839,0.1831654
-0.002813424,0.9829621,-0.01509839,0.1831654
-0.002813424,0.9829621,-0.01509839,0.1831654
-0.002813424,0.9829621,-0.01509839,0.1831654
-0.002813424,0.9829621,-0.01509839,0.1831654
-0.002813424,0.9829621,-0.01509839,0.1831654
-0.002813424,0.9829621,-0.01509839,0.1831654
-0.002813424,0.9829621,-0.01509839,0.1831654
-0.002813424,0.9829621,-0.01509839,0.1831654
-0.002813424,0.9829621,-0.01509839,0.1831654
-0.002813424,0.9829621,-0.01509839,0.1831654
-0.002813424,0.9829621,-0.01509839,0.1831654
-0.002813424,0.9829621,-0.01509839,0.1831654
-0.002813424,0.9829621,-0.01509839,0.1831654
-0.002813424,0.9829621,-0.01509839,0.1831654
-0.002813424,0.9829621,-0.01509839,0.1831654
-0.002813424,0.9829621,-0.01509839,0.1831654
-0.002813424,0.9829621,-0.01509839,0.1831654
-0.002813424,0.9829621,-0.01509839,0.1831654
-0.002813424,0.9829621,-0.01509839,0.1831654
-0.002813424,0.9829621,-0.01509839,0.1831654
-0.002813424,0.9829621,-0.01509839,0.1831654
-0.002813424,0.9829621,-0.01509839,0.1831654
-0.002813424,0.9829621,-0.01509839,0.1831654
-0.002813424,0.9829621,-0.01509839,0.1831654
-0.002813424,0.9829621,-0.01509839,0.1831654
-0.002813424,0.9829621,-0.01509839,0.1831654
-0.002813424,0.9829621,-0.01509839,0.1831654
-0.002813424,0.9829621,-0.01509839,0.1831654
-0.002813424,0.9829621,-0.01509839,0.1831654
-0.002813424,0.9829621,-0.01509839,0.1831654
-0.002813424,0.9829621,-0.01509839,0.1831654
-0.002813424,0.9829621,-0.01509839,0.1831654
-0.002813424,0.9829621,-0.01509839,0.1831654
-0.002813424,0.9829621,-0.01509839,0.1831654
-0.002813424,0.9829621,-0.01509839,0.1831654
-0.002813424,0.9829621,-0.01509839,0.1831654
-0.002813424,0.9829621,-0.01509839,0.1831654
-0.002813424,0.9829621,-0.01509839,0.1831654
-0.002813424,0.9829621,-0.01509839,0.1831654
-0.002813424,0.9829621,-0.01509839,0.1831654
-0.002813424,0.9829621,-0.01509839,0.1831654
-0.002813424,0.9829621,-0.01509839,0.1831654
-0.002813424,0.9829621,-0.01509839,0.1831654
-0.002813424,0.9829621,-0.01509839,0.1831654
-0.002813424,0.9829621,-0.01509839,0.1831654
-0.002813424,0.9829621,-0.01509839,0.1831654
-0.002813424,0.9829621,-0.01509839,0.1831654
-0.002813424,0.9829621,-0.01509839,0.1831654
-0.002813424,0.9829621,-0.01509839,0.1831654
-0.002813424,0.9829621,-0.01509839,0.1831654
-0.002813424,0.9829621,-0.01509839,0.1831654
-0.002813424,0.9829621,-0.01509839,0.1831654
-0.002813424,0.9829621,-0.01509839,0.1831654
-0.002813424,0.9829621,-0.01509839,0.1831654
-0.002813424,0.9829621,-0.01509839,0.1831654
-0.002813424,0.9829621,-0.01509839,0.1831654
-0.002813424,0.9829621,-0.01509839,0.1831654
-0.002813424,0.9829621,-0.01509839,0.1831654
-0.002813424,0.9829621,-0.01509839,0.1831654
-0.002813424,0.9829621,-0.01509839,0.1831654
-0.002813424,0.9829621,-0.01509839,0.1831654
-0.002813424,0.9829621,-0.01509839,0.1831654
-0.002813424,0.9829621,-0.01509839,0.1831654
-0.002813424,0.9829621,-0.01509839,0.1831654
-0.002813424,0.9829621,-0.01509839,0.1831654
-0.002813424,0.9829621,-0.01509839,0.1831654
-0.002813424,0.9829621,-0.01509839,0.1831654
-0.002813424,0.9829621,-0.01509839,0.1831654
-0.002813424,0.9829621,-0.01509839,0.1831654
-0.002813424,0.9829621,-0.01509839,0.1831654
-0.002812384,0.9829748,-0.01509858,0.1830977
-0.002810303,0.983,-0.01509897,0.1829622
-0.002807169,0.9830379,-0.01509955,0.1827582
-0.002797159,0.9831589,-0.01510141,0.1821065
-0.002790575,0.9832382,-0.01510263,0.1816779
-0.002782939,0.98333,-0.01510404,0.1811807
-0.002774258,0.9834339,-0.01510563,0.1806156
-0.002764521,0.9835501,-0.01510742,0.1799816
-0.002741342,0.983825,-0.01511164,0.1784726
-0.00272816,0.9839804,-0.01511403,0.1776144
-0.002713927,0.9841472,-0.01511659,0.1766878
-0.002682318,0.9845144,-0.01512223,0.1746299
-0.002664929,0.9847145,-0.01512531,0.1734978
-0.002646184,0.9849287,-0.0151286,0.1722774
-0.002626383,0.9851534,-0.01513205,0.1709883
-0.002605536,0.985388,-0.01513565,0.169631
-0.002583625,0.9856325,-0.0151394,0.1682046
-0.002536635,0.9861497,-0.01514735,0.1651454
-0.002511259,0.9864249,-0.01515158,0.1634933
-0.002484824,0.9867086,-0.01515593,0.1617722
-0.002457333,0.9870004,-0.01516042,0.1599825
-0.002399153,0.9876069,-0.01516973,0.1561948
-0.002399153,0.9876069,-0.01516973,0.1561948
-0.00233614,0.988247,-0.01517956,0.1520923
-0.002303024,0.9885764,-0.01518463,0.1499364
-0.002268843,0.9889114,-0.01518977,0.1477111
-0.002233607,0.9892512,-0.01519499,0.1454171
-0.002197299,0.9895958,-0.01520028,0.1430532
-0.002120869,0.9903024,-0.01521114,0.1380774
-0.002081054,0.9906603,-0.01521663,0.1354853
-0.002040159,0.9910208,-0.01522217,0.1328229
-0.001998191,0.9913832,-0.01522774,0.1300906
-0.001954858,0.9917493,-0.01523336,0.1272695
-0.001864991,0.9924826,-0.01524463,0.1214188
-0.001818434,0.9928488,-0.01525025,0.1183878
-0.001770798,0.9932135,-0.01525585,0.1152864
-0.001722087,0.9935765,-0.01526143,0.1121152
-0.001672297,0.993937,-0.01526696,0.1088737
-0.001568879,0.9946514,-0.01527794,0.1021408
-0.001515547,0.9950019,-0.01528332,0.09866867
-0.001461149,0.9953467,-0.01528862,0.09512714
-0.001405667,0.9956853,-0.01529382,0.09151503
-0.001349099,0.9960169,-0.01529891,0.08783223
-0.001232129,0.9966592,-0.01530878,0.08021705
-0.001172016,0.9969664,-0.0153135,0.07630345
-0.001110823,0.9972633,-0.01531806,0.07231959
-0.001048553,0.997549,-0.01532245,0.06826557
-0.0009204823,0.9980845,-0.01533067,0.05992768
-0.0008546677,0.9983326,-0.01533448,0.0556429
-0.000787768,0.9985659,-0.01533806,0.05128748
-0.0007197962,0.9987833,-0.0153414,0.04686226
-0.000580596,0.9991673,-0.0153473,0.0377998
-0.000580596,0.9991673,-0.0153473,0.0377998
-0.0004365015,0.9994782,-0.01535208,0.02841871
-0.000362827,0.999603,-0.015354,0.02362222
-0.0002880797,0.9997061,-0.01535558,0.01875589
-0.0001353743,0.9998432,-0.01535769,0.008814192
-0.0001353743,0.9998432,-0.01535769,0.008814192
2.221534E-05,0.999881,-0.01535827,-0.001445491
0.0001026158,0.9998598,-0.01535794,-0.006679862
0.0001840757,0.9998103,-0.01535718,-0.01198321
0.0002665988,0.9997315,-0.01535597,-0.01735578
0.0003504829,0.9996217,-0.01535428,-0.02281694
0.0005214128,0.9993057,-0.01534943,-0.03394513
0.0006084486,0.9990972,-0.01534623,-0.03961149
0.0006965326,0.9988533,-0.01534248,-0.04534608
0.0007856584,0.998573,-0.01533818,-0.05114851
0.000876123,0.9982539,-0.01533327,-0.05703809
0.001060158,0.9974971,-0.01532165,-0.06901944
0.001153715,0.997057,-0.01531489,-0.07511041
0.001248301,0.9965739,-0.01530747,-0.08126828
0.001440786,0.9954727,-0.01529055,-0.09379981
0.001440786,0.9954727,-0.01529055,-0.09379981
0.001637591,0.9941821,-0.01527073,-0.1066125
0.001737488,0.9934631,-0.01525969,-0.1131162
0.001838382,0.9926932,-0.01524786,-0.1196848
0.001940538,0.9918687,-0.0152352,-0.1263355
0.002043668,0.9909904,-0.0152217,-0.1330497
0.002252805,0.989067,-0.01519216,-0.1466653
0.0023588,0.988019,-0.01517607,-0.1535659
0.002465724,0.986912,-0.01515906,-0.1605271
0.002573579,0.9857442,-0.01514112,-0.1675489
0.002682645,0.9845109,-0.01512218,-0.1746495
0.00290349,0.9818518,-0.01508133,-0.1890273
0.003015255,0.9804229,-0.01505939,-0.1963037
0.003127905,0.9789259,-0.01503639,-0.2036376
0.003241711,0.9773554,-0.01501227,-0.2110468
0.003356368,0.9757135,-0.01498705,-0.2185114
0.003588212,0.9722102,-0.01493324,-0.2336053
0.003705368,0.9703458,-0.0149046,-0.2412326
0.003823329,0.9684043,-0.01487478,-0.2489123
0.003942368,0.9663791,-0.01484367,-0.2566622
0.004182736,0.9620867,-0.01477774,-0.2723111
0.004304055,0.959816,-0.01474286,-0.2802094
0.004426115,0.9574603,-0.01470668,-0.288156
0.004548886,0.9550183,-0.01466917,-0.2961488
0.004672642,0.9524826,-0.01463022,-0.3042058
0.004797073,0.9498572,-0.01458989,-0.3123067
0.005047894,0.9443317,-0.01450502,-0.3286361
0.005174259,0.9414284,-0.01446042,-0.336863
0.005301221,0.9384297,-0.01441436,-0.3451287
0.005428806,0.935333,-0.0143668,-0.353435
0.005557211,0.9321314,-0.01431762,-0.3617946
0.005815634,0.9254252,-0.01421461,-0.3786189
