253.5144,11.05,285.2193
253.4788,11.05,285.3297
253.4471,11.05,285.4286
253.4191,11.04407,285.5161
253.3948,11.05,285.5927
253.3741,11.05,285.6582
253.3572,11.05,285.7124
253.3441,11.05,285.7552
253.3335,11.05,285.7899
253.3265,11.05,285.8131
253.3215,11.05,285.8298
253.3179,11.05,285.8422
253.3153,11.05,285.8511
253.3136,11.05,285.857
253.3133,11.05,285.8584
253.3132,11.05,285.8587
253.3132,11.05,285.8587
253.3132,11.05,285.8587
253.3132,11.05,285.8587
253.3132,11.05,285.8587
253.3132,11.05,285.8587
253.3132,11.05,285.8587
253.3132,11.05,285.8587
253.3132,11.05,285.8587
253.3132,11.05,285.8587
253.3132,11.05,285.8587
253.3132,11.05,285.8587
253.3132,11.05,285.8587
253.3132,11.05,285.8587
253.3132,11.05,285.8587
253.3132,11.05,285.8587
253.3132,11.05,285.8587
253.3132,11.05,285.8587
253.3132,11.05,285.8587
253.3132,11.05,285.8587
253.3132,11.05,285.8587
253.3132,11.05,285.8587
253.3132,11.05,285.8587
253.3132,11.05,285.8587
253.3132,11.05,285.8587
253.3132,11.05,285.8587
253.3132,11.05,285.8587
253.3132,11.05,285.8587
253.3132,11.05,285.8587
253.3132,11.05,285.8587
253.3132,11.05,285.8587
253.3132,11.05,285.8587
253.3132,11.05,285.8587
253.3132,11.05,285.8587
253.3132,11.05,285.8587
253.3132,11.05,285.8587
253.3132,11.05,285.8587
253.3132,11.05,285.8587
253.3132,11.05,285.8587
253.3132,11.05,285.8587
253.3132,11.05,285.8587
253.3132,11.05,285.8587
253.3132,11.05,285.8587
253.3132,11.05,285.8587
253.3132,11.05,285.8587
253.3132,11.05,285.8587
253.3132,11.05,285.8587
253.3132,11.05,285.8587
253.3132,11.05,285.8587
253.3132,11.05,285.8587
253.3132,11.05,285.8587
253.3132,11.05,285.8587
253.3132,11.05,285.8587
253.3132,11.05,285.8587
253.3132,11.05,285.8587
253.3132,11.05,285.8587
253.3132,11.05,285.8587
253.3132,11.05,285.8587
253.3132,11.05,285.8587
253.3132,11.05,285.8587
253.3132,11.05,285.8587
253.3132,11.05,285.8587
253.3132,11.05,285.8587
253.3132,11.05,285.8587
253.3132,11.05,285.8587
253.3132,11.05,285.8587
253.3132,11.05,285.8587
253.3132,11.05,285.8587
253.3132,11.05,285.8587
253.3132,11.05,285.8587
253.3132,11.05,285.8587
253.3132,11.05,285.8587
253.3132,11.05,285.8587
253.3132,11.05,285.8587
253.3132,11.05,285.8587
253.3132,11.05,285.8587
253.3132,11.05,285.8587
253.3132,11.05,285.8587
253.3132,11.05,285.8587
253.3132,11.05,285.8587
253.3132,11.05,285.8587
253.3132,11.05,285.8587
253.3132,11.05,285.8587
253.3132,11.05,285.8587
253.3132,11.05,285.8587
253.3132,11.05,285.8587
253.3132,11.05,285.8587
253.3132,11.05,285.8587
253.3132,11.05,285.8587
253.3132,11.05,285.8587
253.3132,11.05,285.8587
253.3132,11.05,285.8587
253.3132,11.05,285.8587
253.3132,11.05,285.8587
253.3132,11.05,285.8587
253.3132,11.05,285.8587
253.3132,11.05,285.8587
253.3132,11.05,285.8587
253.3132,11.05,285.8587
253.3132,11.05,285.8587
253.3132,11.05,285.8587
253.3132,11.05,285.8587
253.3132,11.05,285.8587
253.3132,11.05,285.8587
253.3132,11.05,285.8587
253.3132,11.05,285.8587
253.3132,11.05,285.8587
253.3132,11.05,285.8587
253.3132,11.05,285.8587
253.3132,11.05,285.8587
253.3132,11.05,285.8587
253.3132,11.05,285.8587
253.3132,11.05,285.8587
253.3132,11.05,285.8587
253.3132,11.05,285.8587
253.3132,11.05,285.8587
253.3132,11.05,285.8587
253.3132,11.05,285.8587
253.3132,11.05,285.8587
253.3132,11.05,285.8587
253.3132,11.05,285.8587
253.3132,11.05,285.8587
253.3132,11.05,285.8587
253.3132,11.05,285.8587
253.3132,11.05,285.8587
253.3132,11.05,285.8587
253.3132,11.05,285.8587
253.3132,11.05,285.8587
253.3132,11.05,285.8587
253.3132,11.05,285.8587
253.3132,11.05,285.8587
253.3132,11.05,285.8587
253.3132,11.05,285.8587
253.3132,11.05,285.8587
253.3132,11.05,285.8587
253.3132,11.05,285.8587
253.3132,11.05,285.8587
253.3132,11.05,285.8587
253.3132,11.05,285.8587
253.3132,11.05,285.8587
253.3132,11.05,285.8587
253.3132,11.05,285.8587
253.3132,11.05,285.8587
253.3132,11.05,285.8587
253.3132,11.05,285.8587
253.3132,11.05,285.8587
253.3132,11.05,285.8587
253.3132,11.05,285.8587
253.3132,11.05,285.8587
253.3132,11.05,285.8587
253.3132,11.05,285.8587
253.3132,11.05,285.8587
253.3132,11.05,285.8587
253.3132,11.05,285.8587
253.3132,11.05,285.8587
253.3132,11.05,285.8587
253.3132,11.05,285.8587
253.3132,11.05,285.8587
253.3132,11.05,285.8587
253.3132,11.05,285.8587
253.3132,11.05,285.8587
253.3132,11.05,285.8587
253.3132,11.05,285.8587
253.3132,11.05,285.8587
253.3132,11.05,285.8587
253.3132,11.05,285.8587
253.3132,11.05,285.8587
253.3132,11.05,285.8587
253.3132,11.05,285.8587
253.3132,11.05,285.8587
253.3132,11.05,285.8587
253.3132,11.05,285.8587
253.3132,11.05,285.8587
253.3132,11.05,285.8587
253.3132,11.05,285.8587
253.3132,11.05,285.8587
253.3132,11.05,285.8587
253.3132,11.05,285.8587
253.3132,11.05,285.8587
253.3132,11.05,285.8587
253.3132,11.05,285.8587
253.3132,11.05,285.8587
253.3132,11.05,285.8587
253.3132,11.05,285.8587
253.3132,11.05,285.8587
253.3132,11.05,285.8587
253.3132,11.05,285.8587
253.3132,11.05,285.8587
253.3132,11.05,285.8587
253.3132,11.05,285.8587
253.3132,11.05,285.8587
253.3132,11.05,285.8587
253.3132,11.05,285.8587
253.3132,11.05,285.8587
253.3132,11.05,285.8587
253.3132,11.05,285.8587
253.3132,11.05,285.8587
253.3134,11.05,285.8585
253.3141,11.05,285.8575
253.316,11.05,285.8553
253.3219,11.05,285.8486
253.3304,11.05,285.8394
253.3422,11.05,285.8273
253.3576,11.05,285.8118
253.3819,11.05,285.7885
253.4127,11.05,285.7591
253.4492,11.05,285.7244
253.4916,11.05,285.684
253.5406,11.04411,285.6374
253.5935,11.05,285.587
253.6544,11.05,285.5291
253.724,11.05,285.4628
253.8023,11.05,285.3882
253.8893,11.05,285.3055
253.9849,11.05,285.2144
254.0863,11.04058,285.1179
254.1868,11.04939,285.0222
254.2877,11.05,284.9261
254.389,11.05,284.8297
254.4904,11.05,284.7331
254.5918,11.04874,284.6366
254.6929,11.05,284.5404
254.7942,11.05,284.4439
254.8956,11.05,284.3474
254.997,11.05,284.2509
255.0983,11.04803,284.1544
255.1994,11.04574,284.0582
255.3003,11.05,283.9621
255.4015,11.05,283.8657
255.5029,11.05,283.7692
255.6043,11.04706,283.6727
255.7052,11.05,283.5766
255.8065,11.05,283.4801
255.9079,11.05,283.3836
256.0093,11.04989,283.2871
256.1107,11.04598,283.1906
256.2115,11.05,283.0946
256.3128,11.05,282.9982
256.4142,11.05,282.9017
256.5155,11.05,282.8051
256.6169,11.04471,282.7086
256.7177,11.05,282.6127
256.8189,11.05,282.5164
256.9203,11.05,282.4199
257.0217,11.04941,282.3234
257.1231,11.04319,282.2271
257.224,11.05,282.1314
257.3254,11.04842,282.0355
257.427,11.05,281.9395
257.5288,11.05,281.8436
257.631,11.04136,281.7479
257.7324,11.05,281.653
257.8344,11.05,281.5581
257.937,11.05,281.4629
258.0399,11.04801,281.368
258.1429,11.05,281.2737
258.2464,11.05,281.1795
258.3501,11.04074,281.0856
258.4535,11.05,280.9922
258.5572,11.05,280.8994
258.6621,11.05,280.8066
258.7672,11.05,280.7143
258.8727,11.05,280.6223
258.9786,11.05,280.5307
259.0848,11.04091,280.4395
259.1905,11.05,280.3496
259.2973,11.05,280.2601
259.405,11.05,280.1707
259.513,11.04155,280.0818
259.6208,11.05,279.9935
259.7297,11.05,279.9065
259.8395,11.05,279.8197
259.9498,11.05,279.7335
260.0605,11.0454,279.6478
260.1709,11.05,279.5633
260.283,11.05,279.4797
260.3956,11.05,279.3966
260.5088,11.05,279.3142
260.6224,11.05,279.2325
260.7366,11.05,279.1516
260.8519,11.04344,279.0722
260.9671,11.04956,278.9935
261.0831,11.04127,278.916
261.1986,11.05,278.8394
261.3155,11.05,278.7636
261.4341,11.05,278.6892
261.5533,11.04755,278.6158
261.6721,11.05,278.5429
261.7915,11.05,278.4699
261.9109,11.05,278.3969
262.0304,11.04885,278.3238
262.1496,11.04352,278.2509
262.2681,11.05,278.1784
262.3872,11.05,278.1056
262.5067,11.04867,278.0326
262.626,11.05,277.9596
262.7454,11.05,277.8866
262.8648,11.05,277.8136
262.9842,11.05,277.7405
263.1036,11.05,277.6675
263.2231,11.05,277.5945
263.3425,11.05,277.5214
263.4619,11.05,277.4484
263.5813,11.05,277.3754
263.7008,11.05,277.3023
263.8202,11.05,277.2293
263.9396,11.05,277.1563
264.059,11.04562,277.0833
264.1776,11.04986,277.0107
264.2969,11.05,276.9378
264.4163,11.05,276.8648
264.5358,11.05,276.7917
264.6552,11.04747,276.7187
264.7741,11.05,276.646
264.8935,11.05,276.573
265.0129,11.04979,276.4999
265.1323,11.05,276.4269
265.2517,11.04343,276.3539
265.3704,11.05,276.2813
265.4895,11.05,276.2085
265.6089,11.05,276.1355
265.7283,11.0451,276.0624
265.8475,11.05,275.9896
265.9667,11.05,275.9167
266.0861,11.04062,275.8436
266.2044,11.05,275.7713
266.3232,11.05,275.6986
266.4427,11.05,275.6256
266.5621,11.05,275.5526
266.6815,11.05,275.4796
266.8009,11.05,275.4065
266.9203,11.05,275.3335
267.0398,11.04802,275.2605
267.1588,11.04948,275.1877
267.278,11.05,275.1147
267.3975,11.04782,275.0417
267.5167,11.05,274.9688
267.6361,11.05,274.8958
267.7555,11.04716,274.8228
267.8745,11.05,274.75
267.9938,11.05,274.677
268.1132,11.05,274.604
268.2327,11.05,274.531
268.3521,11.04293,274.4579
268.4707,11.05,274.3854
268.5898,11.05,274.3126
268.7092,11.05,274.2396
268.8286,11.05,274.1665
268.948,11.05,274.0935
269.0674,11.04374,274.0205
269.1861,11.05,273.9479
269.3052,11.05,273.8751
269.4247,11.05,273.8021
269.5441,11.05,273.729
269.6635,11.05,273.656
269.7829,11.05,273.583
269.9023,11.05,273.5099
270.0218,11.04941,273.4369
270.1411,11.05,273.364
270.2605,11.04942,273.2909
270.3797,11.05,273.218
270.4992,11.05,273.145
270.6186,11.04348,273.0719
270.7376,11.05,272.9991
270.8568,11.04697,272.9263
270.9756,11.05,272.8536
271.0949,11.05,272.7806
271.2143,11.05,272.7076
271.3336,11.05,272.6344
271.453,11.04261,272.5612
271.5714,11.05,272.4884
271.6902,11.05,272.4152
271.8092,11.05,272.3415
271.9281,11.05,272.2677
272.0469,11.04724,272.1937
272.165,11.05,272.1197
272.2834,11.04745,272.0451
272.4014,11.05,271.9704
272.5195,11.05,271.8953
272.6375,11.05,271.8199
272.7552,11.05,271.7442
272.8726,11.05,271.6679
272.9897,11.05,271.5912
273.1066,11.05,271.5142
273.2232,11.05,271.4368
273.3393,11.04977,271.3586
273.455,11.05,271.28
273.5706,11.05,271.201
273.6858,11.05,271.1215
273.8007,11.04784,271.0415
273.9146,11.04867,270.9607
274.0281,11.04901,270.8795
274.1414,11.05,270.7975
274.2544,11.05,270.715
274.3671,11.05,270.6319
274.4792,11.04702,270.5482
274.5904,11.05,270.4642
274.7012,11.05,270.3787
274.8116,11.05,270.2926
274.9214,11.05,270.2058
275.0307,11.04882,270.1184
275.1388,11.04889,270.0298
275.2463,11.05,269.9405
275.3534,11.05,269.8503
275.4598,11.05,269.7594
275.5657,11.04342,269.6678
275.6703,11.05,269.5762
275.7739,11.05,269.4826
275.877,11.05,269.388
275.9794,11.05,269.2926
276.0811,11.04169,269.1964
276.1809,11.05,269.0998
276.2798,11.05,269.0016
276.3784,11.05,268.9022
276.476,11.05,268.8019
276.5728,11.05,268.7009
276.6679,11.05,268.5981
276.762,11.05,268.4945
276.8551,11.05,268.39
276.9472,11.05,268.2846
277.0374,11.04825,268.1776
277.1263,11.04387,268.0698
277.2143,11.05,267.9619
277.301,11.05,267.8525
277.3868,11.05,267.7419
277.4714,11.05,267.6304
277.5537,11.05,267.5172
277.6347,11.05,267.403
277.7145,11.05,267.2881
277.793,11.05,267.1722
277.8702,11.04614,267.0555
277.9455,11.05,266.9381
278.0186,11.04957,266.8189
278.0902,11.05,266.6987
278.1605,11.05,266.5777
278.2293,11.05,266.4558
278.2951,11.04913,266.3323
278.3592,11.05,266.2082
278.4218,11.04129,266.083
278.4834,11.05,265.9584
278.5425,11.05,265.8323
278.5985,11.04298,265.704
278.6534,11.05,265.5763
278.7058,11.05,265.447
278.7566,11.05,265.3166
278.8056,11.05,265.1854
278.8508,11.04647,265.053
278.8948,11.04958,264.9208
278.9362,11.05,264.7873
278.9756,11.05,264.653
279.0132,11.04978,264.5182
279.0466,11.04727,264.3824
279.078,11.04232,264.246
279.1073,11.05,264.1093
279.1344,11.05,263.9725
279.1594,11.05,263.8348
279.1801,11.05,263.6964
279.1985,11.05,263.5577
279.2148,11.05,263.4187
279.2287,11.04839,263.2794
279.2403,11.05,263.1403
279.2473,11.05,263.0005
279.2519,11.05,262.8607
279.2542,11.05,262.7207
279.254,11.05,262.5808
279.2514,11.05,262.4409
279.2439,11.04795,262.3011
279.2339,11.05,262.1618
279.222,11.04937,262.0224
279.2089,11.05,261.8833
279.1949,11.05,261.7441
279.181,11.05,261.6049
279.1671,11.05,261.4656
279.1531,11.05,261.3264
279.1392,11.04856,261.1871
279.1253,11.0471,261.0481
279.1114,11.05,260.9095
279.0975,11.05,260.7704
279.0836,11.04118,260.6312
279.0696,11.0439,260.4919
279.0557,11.0461,260.3528
279.0418,11.04781,260.2136
279.0278,11.04203,260.0744
279.014,11.04976,259.9362
279.0001,11.05,259.7974
278.9862,11.05,259.6582
278.9723,11.05,259.519
278.9583,11.05,259.3797
278.9444,11.05,259.2405
278.9305,11.05,259.1012
278.9165,11.0487,258.962
278.9026,11.05,258.8229
278.8887,11.05,258.6837
278.8747,11.05,258.5445
278.8608,11.05,258.4052
278.8469,11.05,258.266
278.8329,11.05,258.1267
278.819,11.05,257.9875
278.8051,11.04883,257.8483
278.7911,11.05,257.7092
278.7772,11.05,257.57
278.7633,11.05,257.4307
278.7494,11.05,257.2915
278.7354,11.05,257.1523
278.7215,11.04979,257.013
278.7076,11.05,256.8738
278.6936,11.04895,256.7346
278.6797,11.05,256.5955
278.6658,11.05,256.4563
278.6519,11.05,256.317
278.6379,11.05,256.1778
278.624,11.04814,256.0385
278.6101,11.05,255.8998
278.5962,11.05,255.7606
278.5822,11.04904,255.6214
278.5683,11.05,255.4822
278.5544,11.05,255.343
278.5404,11.05,255.2038
278.5265,11.04476,255.0645
278.5127,11.05,254.9261
278.4987,11.05,254.7871
278.4848,11.05,254.6478
278.4709,11.04911,254.5086
278.457,11.05,254.3695
278.443,11.05,254.2303
278.4291,11.05,254.091
278.4152,11.05,253.9518
278.4012,11.05,253.8125
278.3873,11.05,253.6733
278.3734,11.05,253.5341
278.3594,11.04922,253.3948
278.3455,11.05,253.2557
278.3316,11.05,253.1165
278.3176,11.05,252.9772
278.3037,11.05,252.838
278.2898,11.05,252.6987
278.2758,11.05,252.5595
278.2619,11.05,252.4203
278.248,11.04932,252.281
278.234,11.05,252.1419
278.2201,11.04999,252.0026
278.2062,11.05,251.8634
278.1922,11.05,251.7242
278.1783,11.05,251.5849
278.1644,11.05,251.4457
278.1505,11.05,251.3064
278.1365,11.04941,251.1672
278.1226,11.04902,251.028
278.1087,11.05,250.8891
278.0948,11.05,250.7499
278.0808,11.04175,250.6107
278.0669,11.04437,250.4714
278.0529,11.04648,250.3323
278.039,11.04809,250.1931
278.0251,11.04556,250.0539
278.0112,11.04984,249.9154
277.9973,11.05,249.7763
277.9834,11.05,249.6371
277.9695,11.05,249.4978
277.9555,11.05,249.3586
277.9416,11.05,249.2193
277.9277,11.0419,249.0801
277.9138,11.04951,248.9419
277.9,11.05,248.8032
277.886,11.05,248.664
277.8721,11.05,248.5247
277.8582,11.05,248.3855
277.8442,11.05,248.2462
277.8303,11.05,248.107
277.8163,11.05,247.9678
277.8024,11.04957,247.8285
277.7885,11.05,247.6893
277.7746,11.05,247.5501
277.7606,11.05,247.4109
277.7467,11.05,247.2716
277.7328,11.05,247.1324
277.7188,11.05,246.9931
277.7049,11.05,246.8539
277.6909,11.04965,246.7147
277.677,11.05,246.5755
277.6631,11.05,246.4362
277.6492,11.05,246.297
277.6352,11.05,246.1578
277.6213,11.04957,246.0185
277.6074,11.05,245.8794
277.5934,11.05,245.7402
277.5795,11.04971,245.601
277.5656,11.05,245.4617
277.5516,11.05,245.3225
277.5377,11.05,245.1833
277.5238,11.04757,245.044
277.5099,11.05,244.9053
277.496,11.05,244.7662
277.4821,11.05,244.6269
277.4681,11.04976,244.4877
277.4542,11.05,244.3485
277.4402,11.05,244.2092
277.4263,11.04383,244.07
277.4125,11.05,243.9316
277.3986,11.05,243.7927
277.3846,11.05,243.6535
277.3707,11.05,243.5142
277.3568,11.04979,243.375
277.3428,11.05,243.2358
277.3289,11.05,243.0966
277.3149,11.05,242.9573
277.3008,11.05,242.8181
277.2866,11.05,242.6789
277.2722,11.05,242.5397
277.2578,11.05,242.4005
277.2431,11.04979,242.2613
277.2283,11.05,242.1222
277.213,11.05,241.9831
277.1975,11.05,241.844
277.1818,11.05,241.705
277.1657,11.05,241.566
277.1491,11.05,241.427
277.1321,11.05,241.2881
277.1147,11.04925,241.1493
277.097,11.04986,241.0106
277.0788,11.04216,240.8719
277.0603,11.04543,240.7332
277.0408,11.04791,240.5948
277.0208,11.04946,240.4563
277.0004,11.05,240.3179
276.9794,11.05,240.1796
276.9579,11.04563,240.0413
276.9355,11.05,239.9035
276.9123,11.05,239.7657
276.8884,11.05,239.6278
276.8639,11.05,239.4901
276.8387,11.05,239.3524
276.8121,11.05,239.215
276.7849,11.04237,239.0778
276.7574,11.05,238.9415
276.7288,11.04635,238.8051
276.6994,11.05,238.6687
276.6682,11.05,238.5323
276.6363,11.05,238.3961
276.6034,11.05,238.2601
276.5697,11.05,238.1243
276.5351,11.05,237.9887
276.4987,11.05,237.8535
276.4613,11.05,237.7187
276.4229,11.05,237.5841
276.3836,11.04725,237.4498
276.3434,11.05,237.316
276.3011,11.05,237.1827
276.2577,11.04691,237.0496
276.2138,11.05,236.9173
276.1683,11.05,236.7851
276.1217,11.05,236.6531
276.0728,11.04331,236.522
276.023,11.04934,236.3915
275.972,11.05,236.2616
275.9196,11.05,236.1318
275.8661,11.04999,236.0025
275.8102,11.04743,235.8742
275.7531,11.05,235.7466
275.6947,11.05,235.6194
275.635,11.05,235.4928
275.5741,11.05,235.3668
275.5106,11.05,235.2421
275.4458,11.05,235.1181
275.3797,11.05,234.9947
275.3122,11.05,234.8721
275.2434,11.05,234.7502
275.172,11.05,234.6299
275.0992,11.05,234.5104
275.0249,11.04922,234.3917
274.9494,11.05,234.274
274.8725,11.05,234.1571
274.7927,11.04778,234.042
274.712,11.05,233.9282
274.6295,11.05,233.8152
274.5455,11.05,233.7032
274.4602,11.05,233.5923
274.372,11.04214,233.4836
274.2824,11.04448,233.3761
274.1914,11.04614,233.2698
274.099,11.04729,233.1647
274.0052,11.04531,233.0609
273.9099,11.04848,232.9592
273.8119,11.04859,232.8593
273.7125,11.04853,232.7609
273.6116,11.04829,232.6638
273.5093,11.04783,232.5682
273.4043,11.04681,232.4757
273.298,11.04527,232.3847
273.1902,11.04304,232.2953
273.0812,11.04166,232.2076
272.9722,11.05,232.1212
272.8597,11.0481,232.0389
272.7456,11.05,231.9582
272.63,11.05,231.8792
272.5132,11.05,231.8021
272.3952,11.05,231.7268
272.2747,11.05,231.6554
272.1532,11.05,231.5861
272.0304,11.04884,231.5188
271.9068,11.05,231.4537
271.7819,11.05,231.3905
271.6548,11.05,231.3318
271.5267,11.05,231.2752
271.3977,11.05,231.2209
271.2677,11.05,231.1689
271.1368,11.05,231.1193
271.0042,11.043,231.0744
270.8711,11.04874,231.0318
270.7372,11.05,230.9919
270.6024,11.05,230.9544
270.4668,11.05,230.9195
270.33,11.05,230.8897
270.1926,11.05,230.8626
270.0547,11.04624,230.8381
269.9173,11.05,230.8152
269.7787,11.04981,230.7961
269.6394,11.05,230.7826
269.4998,11.05,230.7718
269.36,11.05,230.7639
269.2201,11.05,230.7588
269.0801,11.0419,230.7566
268.9411,11.05,230.7565
268.8018,11.05,230.763
268.6621,11.04231,230.7725
268.5237,11.05,230.784
268.385,11.05,230.7993
268.2466,11.05,230.8207
268.1088,11.05,230.8452
267.9715,11.05,230.8726
267.8348,11.04708,230.9031
267.6996,11.05,230.9364
267.5653,11.05,230.976
267.4319,11.04957,231.0186
267.2996,11.04482,231.0642
267.1685,11.05,231.1128
267.0386,11.04813,231.1644
266.9109,11.05,231.2206
266.7848,11.05,231.2813
266.6601,11.05,231.345
266.5369,11.05,231.4116
266.4154,11.04729,231.4812
266.2975,11.05,231.5552
266.1814,11.05,231.6333
266.0672,11.04431,231.7144
265.9547,11.05,231.7965
265.8449,11.04909,231.883
265.7396,11.05,231.9748
265.6365,11.04393,232.0694
265.5363,11.05,232.1658
265.4383,11.05,232.2654
265.3427,11.04961,232.3677
265.2527,11.05,232.4747
265.1649,11.05,232.5838
265.0791,11.0421,232.6943
264.9944,11.05,232.805
264.917,11.05,232.9085
264.847,11.04999,233.0025
264.7844,11.04044,233.0869
264.7285,11.05,233.1623
264.6795,11.05,233.2287
264.6376,11.05,233.2854
264.6028,11.05,233.3325
264.5752,11.05,233.3699
264.5547,11.05,233.3977
264.5413,11.05,233.4158
264.531,11.05,233.4298
264.5279,11.05,233.4341
264.5288,11.05,233.4327
264.5309,11.05,233.4299
264.5344,11.05,233.4252
264.5397,11.05,233.418
264.5497,11.05,233.4044
264.5636,11.05,233.3856
264.5809,11.05,233.3621
264.6021,11.05,233.3334
264.6275,11.05,233.2991
264.6599,11.05,233.255
264.6995,11.05,233.2014
264.7462,11.05,233.138
264.8,11.04467,233.0651
264.8575,11.05,232.9871
264.922,11.05,232.8997
264.9937,11.05,232.8026
265.0724,11.04339,232.6958
265.1548,11.05,232.5841
265.2377,11.05,232.4718
265.3208,11.04908,232.3591
265.4037,11.05,232.2468
265.4867,11.05,232.1341
265.5698,11.04942,232.0215
265.6528,11.05,231.909
265.7359,11.04771,231.7963
265.8187,11.05,231.6841
265.9017,11.05,231.5715
265.9848,11.05,231.4589
266.0679,11.0442,231.3463
266.1505,11.0456,231.2342
266.2329,11.05,231.1225
266.3159,11.04987,231.01
266.399,11.05,230.8974
266.4821,11.05,230.7848
266.5651,11.04277,230.6722
266.6476,11.05,230.5603
266.7305,11.05,230.448
266.8135,11.05,230.3354
266.8966,11.05,230.2228
266.9797,11.05,230.1101
267.0628,11.04504,229.9975
267.1455,11.05,229.8854
267.2285,11.05,229.7729
267.3116,11.05,229.6603
267.3946,11.05,229.5476
267.4777,11.05,229.435
267.5608,11.05,229.3224
267.6439,11.05,229.2097
267.727,11.05,229.0971
267.81,11.05,228.9845
267.8931,11.05,228.8718
267.9691,11.05,228.7689
268.0379,11.0482,228.6756
268.0999,11.05,228.5915
268.1548,11.05,228.5171
268.2026,11.05,228.4522
268.2433,11.05,228.3971
268.2768,11.04649,228.3515
268.3043,11.04994,228.314
268.3248,11.05,228.2861
268.3383,11.05,228.2676
268.3484,11.05,228.2537
268.356,11.05,228.2432
268.3614,11.05,228.2358
268.365,11.05,228.2308
268.3658,11.05,228.2297
268.366,11.05,228.2293
268.366,11.05,228.2293
268.366,11.05,228.2293
268.366,11.05,228.2293
268.366,11.05,228.2293
268.366,11.05,228.2293
268.366,11.05,228.2293
268.366,11.05,228.2293
268.366,11.05,228.2293
268.366,11.05,228.2293
268.366,11.05,228.2293
268.366,11.05,228.2293
268.366,11.05,228.2293
268.366,11.05,228.2293
268.366,11.05,228.2293
268.366,11.05,228.2293
268.366,11.05,228.2293
268.366,11.05,228.2293
268.366,11.05,228.2293
268.366,11.05,228.2293
268.366,11.05,228.2293
268.366,11.05,228.2293
268.366,11.05,228.2293
268.366,11.05,228.2293
268.366,11.05,228.2293
268.366,11.05,228.2293
268.366,11.05,228.2293
268.366,11.05,228.2293
268.366,11.05,228.2293
268.366,11.05,228.2293
268.366,11.05,228.2293
268.366,11.05,228.2293
268.366,11.05,228.2293
268.366,11.05,228.2293
268.366,11.05,228.2293
268.366,11.05,228.2293
268.366,11.05,228.2293
268.366,11.05,228.2293
268.366,11.05,228.2293
268.366,11.05,228.2293
268.366,11.05,228.2293
268.366,11.05,228.2293
268.366,11.05,228.2293
268.366,11.05,228.2293
268.366,11.05,228.2293
268.366,11.05,228.2293
268.366,11.05,228.2293
268.366,11.05,228.2293
268.366,11.05,228.2293
268.366,11.05,228.2293
268.366,11.05,228.2293
268.366,11.05,228.2293
268.366,11.05,228.2293
268.366,11.05,228.2293
268.366,11.05,228.2293
268.366,11.05,228.2293
268.366,11.05,228.2293
268.366,11.05,228.2293
268.366,11.05,228.2293
268.366,11.05,228.2293
268.366,11.05,228.2293
268.366,11.05,228.2293
268.366,11.05,228.2293
268.366,11.05,228.2293
268.366,11.05,228.2293
268.366,11.05,228.2293
268.366,11.05,228.2293
268.366,11.05,228.2293
268.366,11.05,228.2293
268.366,11.05,228.2293
268.366,11.05,228.2293
268.366,11.05,228.2293
268.366,11.05,228.2293
268.366,11.05,228.2293
268.366,11.05,228.2293
268.366,11.05,228.2293
268.366,11.05,228.2293
268.366,11.05,228.2293
268.366,11.05,228.2293
268.366,11.05,228.2293
268.366,11.05,228.2293
268.366,11.05,228.2293
268.366,11.05,228.2293
268.366,11.05,228.2293
268.366,11.05,228.2293
268.366,11.05,228.2293
268.366,11.05,228.2293
268.366,11.05,228.2293
268.366,11.05,228.2293
268.366,11.05,228.2293
268.366,11.05,228.2293
268.366,11.05,228.2293
268.366,11.05,228.2293
268.366,11.05,228.2293
268.366,11.05,228.2293
268.366,11.05,228.2293
268.366,11.05,228.2293
268.366,11.05,228.2293
268.366,11.05,228.2293
268.366,11.05,228.2293
268.366,11.05,228.2293
268.366,11.05,228.2293
268.366,11.05,228.2293
268.366,11.05,228.2293
268.366,11.05,228.2293
268.366,11.05,228.2293
268.366,11.05,228.2293
268.366,11.05,228.2293
268.366,11.05,228.2293
268.366,11.05,228.2293
268.366,11.05,228.2293
268.366,11.05,228.2293
268.366,11.05,228.2293
268.366,11.05,228.2293
268.366,11.05,228.2293
268.366,11.05,228.2293
268.366,11.05,228.2293
268.366,11.05,228.2293
268.366,11.05,228.2293
268.366,11.05,228.2293
268.366,11.05,228.2293
268.366,11.05,228.2293
268.366,11.05,228.2293
268.366,11.05,228.2293
268.366,11.05,228.2293
268.366,11.05,228.2293
268.366,11.05,228.2293
268.366,11.05,228.2293
268.366,11.05,228.2293
268.366,11.05,228.2293
268.366,11.05,228.2293
268.366,11.05,228.2293
268.366,11.05,228.2293
268.366,11.05,228.2293
268.366,11.05,228.2293
268.366,11.05,228.2293
268.366,11.05,228.2293
268.366,11.05,228.2293
268.366,11.05,228.2293
268.366,11.05,228.2293
268.366,11.05,228.2293
268.366,11.05,228.2293
268.366,11.05,228.2293
268.366,11.05,228.2293
268.366,11.05,228.2293
268.366,11.05,228.2293
268.366,11.05,228.2293
268.366,11.05,228.2293
268.366,11.05,228.2293
268.366,11.05,228.2293
268.366,11.05,228.2293
268.366,11.05,228.2293
268.366,11.05,228.2293
268.366,11.05,228.2293
268.366,11.05,228.2293
268.366,11.05,228.2293
268.366,11.05,228.2293
268.366,11.05,228.2293
268.366,11.05,228.2293
268.366,11.05,228.2293
268.366,11.05,228.2293
268.366,11.05,228.2293
268.366,11.05,228.2293
268.366,11.05,228.2293
268.366,11.05,228.2293
268.366,11.05,228.2293
268.366,11.05,228.2293
268.366,11.05,228.2293
268.366,11.05,228.2293
268.366,11.05,228.2293
268.366,11.05,228.2293
268.366,11.05,228.2293
268.366,11.05,228.2293
268.366,11.05,228.2293
268.366,11.05,228.2293
268.366,11.05,228.2293
268.366,11.05,228.2293
268.366,11.05,228.2293
268.366,11.05,228.2293
268.366,11.05,228.2293
268.366,11.05,228.2293
268.366,11.05,228.2293
268.366,11.05,228.2293
268.366,11.05,228.2293
268.366,11.05,228.2293
268.366,11.05,228.2293
268.366,11.05,228.2293
268.366,11.05,228.2293
268.366,11.05,228.2293
268.366,11.05,228.2293
268.366,11.05,228.2293
268.366,11.05,228.2293
268.366,11.05,228.2293
268.366,11.05,228.2293
268.366,11.05,228.2293
268.366,11.05,228.2293
268.366,11.05,228.2293
268.366,11.05,228.2293
268.366,11.05,228.2293
268.3657,11.05,228.2294
268.3622,11.05,228.2296
268.3564,11.05,228.23
268.3476,11.05,228.2307
268.3351,11.05,228.2316
268.317,11.05,228.2329
268.2879,11.05,228.235
268.2525,11.05,228.2375
268.21,11.04941,228.2406
268.1575,11.04525,228.2444
268.0994,11.05,228.2486
268.0295,11.04891,228.2537
267.9485,11.05,228.2595
267.8555,11.05,228.2663
267.7506,11.05,228.2738
267.6337,11.05,228.2823
267.5049,11.05,228.2916
267.3652,11.05,228.3017
267.2256,11.04533,228.3118
267.0869,11.04046,228.3218
266.9489,11.05,228.3318
266.81,11.05,228.3418
266.6704,11.05,228.3519
266.5308,11.05,228.362
266.3911,11.05,228.3721
266.2515,11.05,228.3822
266.1118,11.05,228.3923
265.9722,11.05,228.4024
265.8326,11.05,228.4125
265.693,11.05,228.4226
265.5533,11.05,228.4327
265.4137,11.04947,228.4428
265.2741,11.05,228.4529
265.1345,11.05,228.463
264.9949,11.05,228.4731
264.8553,11.05,228.4832
264.7156,11.05,228.4933
264.576,11.05,228.5034
264.4363,11.04626,228.5135
264.2974,11.05,228.5235
264.1579,11.05,228.5336
264.0183,11.04958,228.5437
263.8788,11.05,228.5538
263.7391,11.05,228.5639
263.5995,11.05,228.574
263.4599,11.04024,228.5841
263.3214,11.05,228.5941
263.1826,11.05,228.6043
263.043,11.04768,228.6146
262.9039,11.05,228.625
262.7644,11.05,228.6355
262.6248,11.04971,228.6464
262.4853,11.05,228.6574
262.3457,11.05,228.6687
262.2062,11.05,228.6801
262.0667,11.0444,228.6919
261.928,11.05,228.7038
261.7889,11.05,228.7163
261.6495,11.046,228.7292
261.5109,11.05,228.7424
261.3717,11.05,228.756
261.2325,11.05,228.7704
261.0932,11.05,228.7853
260.9541,11.05,228.8006
260.815,11.05,228.8164
260.6759,11.05,228.8326
260.537,11.05,228.8499
260.3981,11.05,228.8678
260.2594,11.05,228.8862
260.1206,11.05,228.9052
259.982,11.05,228.9248
259.8436,11.04343,228.9457
259.7063,11.05,228.9669
259.5685,11.05,228.9891
259.4304,11.04982,229.0121
259.2922,11.04847,229.035
259.1541,11.04578,229.058
259.0161,11.04141,229.0809
258.878,11.05,229.1038
258.7405,11.05,229.1267
258.6024,11.05,229.1496
258.4643,11.05,229.1726
258.3262,11.05,229.1955
258.1881,11.04942,229.2185
258.0501,11.04685,229.2414
257.9127,11.05,229.2642
257.7747,11.05,229.2872
257.6365,11.05,229.3101
257.4984,11.05,229.3331
257.3603,11.05,229.356
257.2222,11.05,229.379
257.0841,11.04106,229.4019
256.9471,11.05,229.4247
256.8096,11.05,229.4475
256.6715,11.05,229.4705
256.5334,11.05,229.4934
256.3953,11.04074,229.5163
256.2585,11.05,229.5391
256.1211,11.05,229.5619
255.983,11.05,229.5849
255.8448,11.05,229.6078
255.7067,11.05,229.6308
255.5686,11.04545,229.6537
255.4315,11.05,229.6765
255.2935,11.05,229.6994
255.1554,11.05,229.7224
255.0173,11.04962,229.7453
254.8793,11.05,229.7682
254.7412,11.04844,229.7912
254.6035,11.05,229.8141
254.4654,11.05,229.837
254.3273,11.05,229.86
254.1892,11.05,229.8829
254.0511,11.04672,229.9059
253.9136,11.04986,229.9287
253.7756,11.05,229.9516
253.6375,11.05,229.9746
253.4994,11.05,229.9975
253.3613,11.04948,230.0205
253.2232,11.04764,230.0434
253.0851,11.04084,230.0664
252.948,11.05,230.0891
252.8106,11.05,230.112
252.6725,11.05,230.1349
252.5344,11.05,230.1579
252.3963,11.05,230.1808
252.2582,11.05,230.2038
252.1201,11.04283,230.2267
251.9831,11.05,230.2495
251.8454,11.05,230.2723
251.7073,11.05,230.2953
251.5692,11.05,230.3182
251.4311,11.05,230.3412
251.293,11.04683,230.3641
251.1556,11.05,230.387
251.0176,11.04961,230.4099
250.8796,11.05,230.4328
250.7415,11.05,230.4558
250.6034,11.05,230.4787
250.4653,11.04917,230.5017
250.3273,11.05,230.5246
250.1893,11.05,230.5475
250.0511,11.04672,230.5705
249.9137,11.05,230.5933
249.7756,11.05,230.6162
249.6375,11.05,230.6392
249.4994,11.05,230.6621
249.3613,11.05,230.6851
249.2232,11.05,230.708
249.0851,11.04084,230.731
248.9481,11.05,230.7538
248.8107,11.05,230.7766
248.6726,11.05,230.7995
248.5345,11.05,230.8225
248.3964,11.05,230.8454
248.2583,11.05,230.8684
248.1202,11.05,230.8913
247.9821,11.05,230.9143
247.8439,11.04453,230.9372
247.7068,11.05,230.96
247.569,11.05,230.983
247.4309,11.04995,231.0061
247.2929,11.04892,231.0293
247.1548,11.04651,231.0527
247.0169,11.04231,231.0762
246.8789,11.05,231.0998
246.7415,11.05,231.1238
246.6036,11.05,231.148
246.4657,11.05,231.1725
246.3279,11.05,231.1973
246.1902,11.04936,231.2223
246.0527,11.04652,231.2476
245.9157,11.05,231.2731
245.7784,11.05,231.2995
245.6409,11.05,231.3262
245.5036,11.05,231.3533
245.3664,11.04986,231.3812
245.2293,11.05,231.4097
245.0924,11.05,231.4385
244.9555,11.05,231.4679
244.8187,11.05,231.4978
244.6821,11.05,231.5283
244.5457,11.04987,231.5599
244.4095,11.05,231.592
244.2733,11.05,231.6248
244.1374,11.05,231.6582
244.0016,11.05,231.6922
243.8662,11.05,231.7277
243.7309,11.04932,231.7638
243.596,11.05,231.8006
243.4612,11.05,231.8382
243.3265,11.05,231.8766
243.1924,11.05,231.9165
243.0584,11.04571,231.9573
242.9253,11.04666,231.9982
242.7925,11.04799,232.0401
242.6595,11.04121,232.0834
242.5273,11.05,232.1284
242.3957,11.05,232.1742
242.2638,11.05,232.2212
242.1322,11.05,232.2691
242.0011,11.05,232.318
241.8707,11.05,232.3689
241.7406,11.05,232.4208
241.6111,11.05,232.4737
241.4819,11.04868,232.5278
241.3535,11.05,232.5827
241.2258,11.05,232.6399
241.0986,11.05,232.6983
240.9718,11.05,232.7578
240.8457,11.05,232.8184
240.72,11.05,232.8802
240.5956,11.05,232.9443
240.4718,11.04988,233.0096
240.3486,11.04269,233.0761
240.2266,11.05,233.1436
240.1052,11.04276,233.2123
239.9854,11.05,233.2819
239.8662,11.05,233.3543
239.7473,11.05,233.4283
239.6292,11.05,233.5035
239.512,11.0471,233.58
239.397,11.05,233.6583
239.2825,11.05,233.7387
239.1688,11.05,233.8204
239.0561,11.04605,233.9034
238.9444,11.04887,233.9869
238.8348,11.04323,234.0733
238.727,11.05,234.1611
238.6198,11.05,234.2505
238.5134,11.05,234.3415
238.4082,11.04959,234.4338
238.3055,11.05,234.5287
238.204,11.05,234.6251
238.1038,11.05,234.7228
238.0048,11.04997,234.8218
237.9072,11.04986,234.9221
237.8125,11.04921,235.0251
237.7193,11.05,235.1293
237.6274,11.05,235.2349
237.537,11.05,235.3418
237.4482,11.05,235.45
237.3626,11.05,235.5607
237.2787,11.05,235.6727
237.1964,11.05,235.786
237.1159,11.05,235.9005
237.0371,11.04795,236.0161
236.962,11.05,236.1342
236.8887,11.05,236.2534
236.8173,11.05,236.3738
236.7478,11.05,236.4953
236.6804,11.05,236.6179
236.6169,11.05,236.7427
236.5556,11.05,236.8685
236.4963,11.05,236.9953
236.4392,11.05,237.123
236.3843,11.05,237.2518
236.3339,11.04853,237.3823
236.2859,11.05,237.5133
236.24,11.05,237.6456
236.1965,11.05,237.7786
236.1555,11.05,237.9124
236.1192,11.04716,238.0475
236.0855,11.04076,238.1825
236.054,11.04634,238.3187
236.0254,11.04919,238.4553
235.9993,11.05,238.5927
235.9785,11.05,238.7311
235.9597,11.05,238.8698
235.9424,11.04725,239.0087
235.9259,11.05,239.147
235.9095,11.05,239.2859
235.8932,11.05,239.4249
235.8768,11.05,239.5639
235.8604,11.05,239.7029
235.844,11.05,239.8419
235.8277,11.05,239.9808
235.8113,11.05,240.1198
235.7949,11.05,240.2588
235.7786,11.05,240.3978
235.7622,11.05,240.5367
235.7458,11.05,240.6757
235.7294,11.04543,240.8147
235.7132,11.05,240.9527
235.6968,11.05,241.0915
235.6805,11.05,241.2305
235.6641,11.05,241.3695
235.6477,11.05,241.5084
235.6313,11.04984,241.6474
235.615,11.05,241.7864
235.5986,11.05,241.9253
235.5822,11.0448,242.0643
235.566,11.05,242.2021
235.5497,11.05,242.3409
235.5333,11.05,242.4799
235.5169,11.04346,242.6188
235.5007,11.05,242.7568
235.4843,11.05,242.8954
235.468,11.04852,243.0343
235.4516,11.05,243.1728
235.4353,11.05,243.3118
235.4189,11.04937,243.4508
235.4025,11.05,243.5896
235.3862,11.05,243.7286
235.3698,11.05,243.8675
235.3534,11.04995,244.0065
235.3371,11.05,244.1455
235.3207,11.05,244.2845
235.3043,11.04103,244.4234
235.2881,11.05,244.5612
235.2718,11.05,244.6995
235.2554,11.05,244.8385
235.2391,11.05,244.9774
235.2227,11.05,245.1164
235.2063,11.04849,245.2554
235.19,11.05,245.3941
235.1736,11.05,245.533
235.1572,11.05,245.672
235.1409,11.05,245.811
235.1245,11.05,245.9499
235.1081,11.05,246.0889
235.0918,11.05,246.2279
235.0754,11.04283,246.3669
235.059,11.04562,246.5058
235.0426,11.04772,246.6447
235.0263,11.04914,246.7836
235.0099,11.04988,246.9226
234.9935,11.04519,247.0615
234.9773,11.05,247.1994
234.961,11.05,247.3382
234.9446,11.05,247.4771
234.9282,11.05,247.6161
234.9118,11.05,247.7551
234.8955,11.05,247.8941
234.8791,11.04863,248.033
234.8628,11.05,248.1716
234.8464,11.05,248.3105
234.83,11.05,248.4495
234.8137,11.05,248.5885
234.7973,11.05,248.7274
234.7809,11.0454,248.8664
234.7646,11.04998,249.0045
234.7483,11.05,249.1433
234.7319,11.05,249.2822
234.7156,11.05,249.4212
234.6992,11.05,249.5602
234.6828,11.04983,249.6992
234.6664,11.05,249.8381
234.6501,11.05,249.9771
234.6337,11.05,250.116
234.6173,11.05,250.255
234.601,11.05,250.394
234.5846,11.05,250.533
234.5682,11.04322,250.6719
234.552,11.05,250.8099
234.5356,11.05,250.9484
234.5193,11.04033,251.0874
234.5031,11.05,251.2249
234.4868,11.05,251.3631
234.4705,11.04937,251.5021
234.4542,11.05,251.6409
234.4379,11.05,251.7799
234.4218,11.05,251.9189
234.4058,11.04578,252.0579
234.3901,11.05,252.1959
234.3745,11.05,252.3348
234.3591,11.04168,252.4739
234.3439,11.05,252.6119
234.3293,11.05,252.7504
234.3148,11.05,252.8896
234.3006,11.04896,253.0288
234.2867,11.05,253.1677
234.2735,11.0493,253.307
234.2606,11.05,253.4462
234.2482,11.05,253.5856
234.2361,11.05,253.725
234.2245,11.05,253.8645
234.2133,11.04998,254.004
234.2031,11.05,254.1435
234.1934,11.04494,254.2831
234.1842,11.05,254.4218
234.1756,11.05,254.5613
234.1676,11.05,254.701
234.1607,11.05,254.8407
234.1545,11.05,254.9805
234.149,11.05,255.1204
234.1441,11.04148,255.2602
234.1398,11.05,255.399
234.137,11.05,255.5383
234.1351,11.05,255.6782
234.1339,11.05,255.8181
234.1335,11.05,255.9581
234.1339,11.05,256.098
234.136,11.04345,256.2379
234.1389,11.05,256.3769
234.1428,11.05,256.5164
234.1476,11.05,256.6562
234.1533,11.05,256.796
234.161,11.05,256.9358
234.1697,11.04283,257.0754
234.1789,11.04924,257.2137
234.1896,11.05,257.3528
234.2014,11.05,257.4922
234.2154,11.05,257.6315
234.2305,11.05,257.7706
234.2467,11.05,257.9096
234.2641,11.04706,258.0484
234.2825,11.05,258.1863
234.3034,11.04972,258.3246
234.3257,11.05,258.4627
234.3491,11.05,258.6007
234.3738,11.05,258.7384
234.3998,11.05,258.8759
234.4285,11.04979,259.0129
234.4585,11.05,259.1495
234.4898,11.05,259.2859
234.5225,11.05,259.422
234.5566,11.05,259.5577
234.5935,11.0438,259.6927
234.6317,11.05,259.8268
234.6714,11.05,259.9606
234.7127,11.05,260.0944
234.7554,11.05,260.2276
234.8012,11.05,260.3599
234.8484,11.05,260.4916
234.8972,11.05,260.6227
234.9476,11.05,260.7533
234.9995,11.05,260.8833
235.0546,11.04608,261.012
235.111,11.04949,261.1395
235.1692,11.04402,261.2667
235.229,11.05,261.3929
235.2903,11.05,261.5184
235.3551,11.05,261.6425
235.4215,11.05,261.7657
235.4895,11.05,261.888
235.5587,11.04988,262.0097
235.6283,11.05,262.131
235.6979,11.05,262.2524
235.7675,11.05,262.3738
235.8371,11.05,262.4952
235.9068,11.05,262.6166
235.9764,11.05,262.738
236.046,11.04734,262.8594
236.1156,11.05,262.9807
236.1852,11.05,263.102
236.2548,11.05,263.2234
236.3244,11.04974,263.3448
236.394,11.04673,263.4662
236.4636,11.04029,263.5875
236.5331,11.05,263.7087
236.6024,11.05,263.8294
236.672,11.05,263.9508
