226.9042,11.05,273.1958
226.9042,11.05,273.1958
226.9042,11.05,273.1958
226.9042,11.05,273.1958
226.9042,11.05,273.1958
226.9042,11.05,273.1958
226.9042,11.05,273.1958
226.9042,11.05,273.1958
226.9042,11.05,273.1958
226.9042,11.05,273.1958
226.9042,11.05,273.1958
226.9042,11.05,273.1958
226.9042,11.05,273.1958
226.9042,11.05,273.1958
226.9042,11.05,273.1958
226.9042,11.05,273.1958
226.9042,11.05,273.1958
226.9042,11.05,273.1958
226.9042,11.05,273.1958
226.9042,11.05,273.1958
226.9042,11.05,273.1958
226.9042,11.05,273.1958
226.9042,11.05,273.1958
226.9042,11.05,273.1958
226.9042,11.05,273.1958
226.9042,11.05,273.1958
226.9042,11.05,273.1958
226.9042,11.05,273.1958
226.9042,11.05,273.1958
226.9042,11.05,273.1958
226.9042,11.05,273.1958
226.9042,11.05,273.1958
226.904,11.05,273.1955
226.9034,11.05,273.1944
226.9022,11.05,273.1918
226.8984,11.05,273.1837
226.8932,11.05,273.1722
226.8864,11.05,273.1567
226.878,11.05,273.1366
226.8658,11.05,273.1051
226.8509,11.04467,273.0651
226.8344,11.04955,273.019
226.8159,11.05,272.9646
226.795,11.04302,272.9002
226.7726,11.04807,272.828
226.748,11.05,272.744
226.7216,11.05,272.6482
226.6936,11.05,272.5405
226.6644,11.05,272.4209
226.6352,11.05,272.2892
226.6104,11.05,272.1515
226.5877,11.04978,272.0134
226.5672,11.05,271.8751
226.5489,11.05,271.7363
226.5329,11.0474,271.5973
226.521,11.05,271.4582
226.5118,11.05,271.3186
226.505,11.05,271.1788
226.5006,11.0481,271.0389
226.498,11.05,270.8995
226.5008,11.05,270.7596
226.506,11.04183,270.6198
226.5124,11.05,270.4807
226.5226,11.05,270.3417
226.5352,11.05,270.2024
226.5524,11.04493,270.0635
226.5701,11.05,269.9254
226.5893,11.05,269.787
226.6088,11.04901,269.6485
226.6282,11.05,269.5101
226.6477,11.05,269.3716
226.6671,11.05,269.233
226.6866,11.05,269.0944
226.706,11.05,268.9558
226.7255,11.0447,268.8173
226.7449,11.05,268.6793
226.7643,11.05,268.541
226.7838,11.05,268.4024
226.8032,11.05,268.2638
226.8227,11.05,268.1252
226.8421,11.05,267.9867
226.8616,11.05,267.8481
226.8811,11.05,267.7095
226.9005,11.05,267.5709
226.92,11.05,267.4324
226.9395,11.05,267.2938
226.9589,11.05,267.1552
226.9784,11.04908,267.0166
226.9978,11.05,266.8783
227.0173,11.04963,266.7397
227.0367,11.04831,266.6011
227.0562,11.04603,266.4626
227.0757,11.04278,266.324
227.0951,11.04487,266.1855
227.1144,11.04714,266.0478
227.1338,11.05,265.9102
227.1532,11.05,265.7717
227.1727,11.05,265.6331
227.1921,11.05,265.4945
227.2116,11.05,265.3559
227.2311,11.05,265.2173
227.2505,11.04216,265.0788
227.2698,11.05,264.9412
227.2892,11.05,264.8032
227.3087,11.05,264.6646
227.3282,11.05,264.526
227.3476,11.04901,264.3874
227.3671,11.05,264.2491
227.3865,11.05,264.1105
227.406,11.05,263.9719
227.4254,11.05,263.8333
227.4449,11.05,263.6948
227.4643,11.04469,263.5562
227.4837,11.05,263.4182
227.503,11.05,263.2799
227.5221,11.05,263.1413
227.5412,11.04999,263.0026
227.5601,11.05,262.864
227.5788,11.05,262.7253
227.5974,11.05,262.5866
227.6155,11.05,262.4478
227.6334,11.05,262.3091
227.651,11.05,262.1703
227.6684,11.04877,262.0314
227.6854,11.05,261.8929
227.7018,11.0483,261.7539
227.7177,11.05,261.6153
227.7334,11.05,261.4762
227.7486,11.05,261.3371
227.7634,11.05,261.198
227.7773,11.04566,261.0587
227.7908,11.05,260.9202
227.8037,11.05,260.781
227.816,11.05,260.6416
227.8279,11.05,260.5022
227.8385,11.05,260.3626
227.8485,11.05,260.2231
227.8579,11.04119,260.0835
227.867,11.04619,259.9449
227.8751,11.05,259.8061
227.8817,11.05,259.6665
227.8877,11.05,259.5267
227.8929,11.05,259.3868
227.8973,11.05,259.2469
227.9009,11.05,259.1071
227.9029,11.04741,258.9672
227.9041,11.05,258.8276
227.9044,11.05,258.6877
227.9037,11.05,258.5478
227.9021,11.05,258.4079
227.8987,11.05,258.268
227.8942,11.05,258.1281
227.8894,11.04385,257.9883
227.8846,11.05,257.849
227.8798,11.05,257.7094
227.8749,11.05,257.5696
227.8701,11.05,257.4297
227.8653,11.05,257.2899
227.8604,11.05,257.1501
227.8556,11.04987,257.0102
227.8508,11.04976,256.8704
227.8459,11.05,256.7306
227.8411,11.05,256.5907
227.8363,11.05,256.4509
227.8315,11.05,256.311
227.8266,11.05,256.1712
227.8218,11.04877,256.0313
227.817,11.04648,255.8919
227.8121,11.05,255.7526
227.8073,11.05,255.6128
227.8025,11.05,255.473
227.7977,11.05,255.3331
227.7928,11.05,255.1933
227.788,11.04642,255.0534
227.7832,11.05,254.9142
227.7784,11.05,254.7745
227.7735,11.05,254.6346
227.7687,11.05,254.4948
227.7639,11.05,254.3549
227.759,11.05,254.2151
227.7542,11.04286,254.0752
227.7494,11.05,253.9363
227.7446,11.04828,253.7969
227.7397,11.05,253.6573
227.7349,11.05,253.5175
227.7301,11.05,253.3777
227.7253,11.05,253.2378
227.7204,11.05,253.098
227.7156,11.05,252.9581
227.7108,11.04271,252.8183
227.7059,11.05,252.679
227.7011,11.05,252.5396
227.6963,11.05,252.3998
227.6915,11.05,252.2599
227.6866,11.05,252.1201
227.6818,11.05,251.9802
227.677,11.05,251.8404
227.6721,11.0495,251.7005
227.6673,11.05,251.5608
227.6625,11.05,251.4209
227.6576,11.05,251.2811
227.6528,11.05,251.1412
227.648,11.05,251.0014
227.6431,11.05,250.8615
227.6383,11.04563,250.7217
227.6335,11.05,250.5823
227.6286,11.05,250.4426
227.6238,11.05,250.3027
227.619,11.05,250.1629
227.6142,11.04934,250.023
227.6093,11.05,249.8834
227.6045,11.05,249.7436
227.5997,11.04999,249.6037
227.5948,11.05,249.4639
227.59,11.05,249.324
227.5852,11.05,249.1842
227.5803,11.04754,249.0443
227.5755,11.05,248.905
227.5707,11.05,248.7652
227.5659,11.04778,248.6254
227.5611,11.05,248.4859
227.5565,11.05,248.346
227.5519,11.05,248.2062
227.5475,11.04447,248.0663
227.5432,11.05,247.9273
227.5391,11.05,247.7877
227.5354,11.04202,247.6478
227.5318,11.05,247.5086
227.5286,11.05,247.3692
227.5256,11.05,247.2293
227.5229,11.05,247.0894
227.5209,11.05,246.9615
227.5194,11.05,246.8455
227.5184,11.05,246.7416
227.5177,11.05,246.6496
227.5174,11.04829,246.5697
227.5173,11.05,246.5013
227.5175,11.05,246.4449
227.5178,11.05,246.4005
227.5183,11.05,246.3643
227.5188,11.05,246.3347
227.5192,11.05,246.317
227.5196,11.05,246.3042
227.5199,11.05,246.295
227.5201,11.05,246.2889
227.5202,11.05,246.2854
227.5203,11.05,246.285
227.5203,11.05,246.285
227.5203,11.05,246.285
227.5203,11.05,246.285
227.5203,11.05,246.285
227.5203,11.05,246.285
227.5203,11.05,246.285
227.5203,11.05,246.285
227.5203,11.05,246.285
227.5203,11.05,246.285
227.5203,11.05,246.285
227.5203,11.05,246.285
227.5203,11.05,246.285
227.5203,11.05,246.285
227.5203,11.05,246.285
227.5203,11.05,246.285
227.5203,11.05,246.285
227.5203,11.05,246.285
227.5203,11.05,246.285
227.5203,11.05,246.285
227.5203,11.05,246.285
227.5203,11.05,246.285
227.5203,11.05,246.285
227.5203,11.05,246.285
227.5203,11.05,246.285
227.5203,11.05,246.285
227.5203,11.05,246.285
227.5203,11.05,246.285
227.5203,11.05,246.285
227.5203,11.05,246.285
227.5208,11.05,246.2834
227.5219,11.05,246.2802
227.5239,11.05,246.2747
227.527,11.05,246.2664
227.532,11.05,246.2535
227.5409,11.05,246.2319
227.5523,11.05,246.2051
227.5666,11.05,246.1724
227.5842,11.05,246.1336
227.6064,11.04067,246.0859
227.6329,11.04879,246.0311
227.6653,11.05,245.9668
227.7039,11.05,245.8923
227.7492,11.04784,245.8079
227.8,11.05,245.7151
227.8579,11.05,245.6127
227.9238,11.05,245.5013
227.9982,11.05,245.3828
228.0742,11.04305,245.2652
228.1514,11.05,245.1493
228.2319,11.04844,245.0353
228.314,11.05,244.9224
228.3973,11.05,244.81
228.4813,11.05,244.698
228.5654,11.04973,244.5862
228.6495,11.05,244.4744
228.7337,11.05,244.3626
228.8178,11.05,244.2507
228.9019,11.05,244.1389
228.9861,11.04884,244.027
229.07,11.04383,243.9155
229.1537,11.05,243.8042
229.2376,11.05,243.6927
229.3217,11.05,243.5808
229.4059,11.04751,243.469
229.4897,11.05,243.3576
229.5738,11.05,243.2458
229.6579,11.05,243.1339
229.7421,11.04939,243.0221
229.8261,11.04554,242.9103
229.9098,11.05,242.7991
229.9938,11.05,242.6874
230.0779,11.04233,242.5756
230.1615,11.05,242.4645
230.2454,11.04269,242.353
230.3287,11.05,242.2422
230.4126,11.05,242.1307
230.4967,11.04955,242.0189
230.5808,11.05,241.9071
230.6649,11.05,241.7953
230.7491,11.05,241.6834
230.8332,11.05,241.5716
230.9173,11.05,241.4597
231.0015,11.05,241.3479
231.0857,11.04072,241.2361
231.1694,11.05,241.1252
231.2533,11.04975,241.0141
231.3378,11.05,240.9025
231.4223,11.05,240.791
231.5071,11.05,240.6796
231.5921,11.05,240.5685
231.6773,11.05,240.4574
231.7627,11.05,240.3466
231.8483,11.05,240.2359
231.9342,11.05,240.1253
232.0205,11.04918,240.0152
232.1072,11.05,239.9052
232.1941,11.05,239.7955
232.2813,11.05,239.6861
232.3688,11.05,239.5768
232.457,11.04992,239.4682
232.5456,11.05,239.3598
232.6345,11.05,239.2518
232.7239,11.05,239.1441
232.8136,11.04832,239.0367
232.9041,11.04957,238.9303
232.995,11.05,238.8241
233.0865,11.04052,238.7182
233.1777,11.05,238.6134
233.2697,11.05,238.509
233.3633,11.04892,238.4048
233.4571,11.05,238.3015
233.5517,11.05,238.1983
233.6468,11.05,238.0956
233.7425,11.05,237.9935
233.8394,11.04823,237.8925
233.9365,11.05,237.7923
234.0346,11.0485,237.6925
234.1331,11.05,237.5935
234.2325,11.05,237.4949
234.3332,11.04739,237.3977
234.4338,11.05,237.3013
234.5358,11.05,237.2055
234.6385,11.05,237.1104
234.7419,11.04968,237.016
234.8466,11.04632,236.9232
234.9513,11.05,236.8313
235.0574,11.04586,236.7402
235.1637,11.05,236.6505
235.2713,11.05,236.5611
235.3805,11.04455,236.4735
235.4893,11.05,236.3868
235.5998,11.05,236.3013
235.7113,11.05,236.2166
235.8234,11.05,236.1329
235.9372,11.04178,236.0513
236.0504,11.04682,235.9706
236.1634,11.05,235.8916
236.2793,11.05,235.8133
236.3961,11.05,235.7361
236.5145,11.05,235.6614
236.6336,11.05,235.5878
236.7535,11.05,235.5155
236.8741,11.05,235.4445
236.9955,11.05,235.3748
237.1184,11.05,235.3078
237.2421,11.05,235.2421
237.3664,11.05,235.1779
237.4916,11.05,235.1151
237.6174,11.04637,235.0538
237.7445,11.05,234.9955
237.8723,11.04723,234.9388
238.0002,11.05,234.8833
238.1295,11.05,234.8297
238.2594,11.05,234.7777
238.3907,11.05,234.729
238.5226,11.05,234.682
238.6551,11.05,234.6368
238.7882,11.05,234.5933
238.9218,11.05,234.5516
239.0565,11.04598,234.5136
239.1907,11.05,234.4773
239.3263,11.04139,234.4431
239.4613,11.05,234.4099
239.5974,11.05,234.3796
239.7345,11.05,234.3511
239.8722,11.05,234.326
240.01,11.04988,234.3015
240.1478,11.05,234.2772
240.2857,11.05,234.2528
240.4236,11.05,234.2285
240.5614,11.05,234.2041
240.6993,11.05,234.1798
240.8372,11.05,234.1554
240.975,11.05,234.131
241.1129,11.05,234.1066
241.2507,11.04152,234.0819
241.3884,11.04589,234.0572
241.5259,11.04869,234.0323
241.6636,11.04993,234.0073
241.8013,11.05,233.9821
241.9389,11.04981,233.9564
242.0765,11.04262,233.9305
242.2127,11.05,233.9047
242.3497,11.05,233.8784
242.4872,11.05,233.8517
242.6245,11.05,233.8243
242.7617,11.04924,233.7966
242.8986,11.05,233.7685
243.0357,11.0484,233.74
243.1722,11.05,233.7112
243.3089,11.05,233.6813
243.4456,11.05,233.651
243.5822,11.04909,233.6202
243.7184,11.05,233.589
243.8548,11.05,233.5571
243.9908,11.05,233.5242
244.1267,11.05,233.4906
244.2625,11.05,233.4564
244.3981,11.04965,233.4216
244.5334,11.05,233.3862
244.6685,11.05,233.3494
244.8034,11.05,233.3119
244.9381,11.05,233.2737
245.0725,11.04337,233.2347
245.2057,11.05,233.1956
245.3391,11.05,233.1544
245.4726,11.05,233.1123
245.6058,11.04394,233.0694
245.7386,11.04918,233.0256
245.871,11.04237,232.981
246.0025,11.04999,232.9359
246.1337,11.05,232.8887
246.2651,11.05,232.8404
246.3962,11.05,232.7912
246.5268,11.05,232.7409
246.6567,11.04936,232.6887
246.786,11.05,232.6355
246.9151,11.05,232.5813
247.0437,11.04761,232.526
247.1712,11.05,232.4699
247.2983,11.04194,232.4113
247.4244,11.05,232.3528
247.55,11.05,232.2922
247.6756,11.05,232.2303
247.8005,11.05,232.1673
247.9243,11.05,232.1019
248.0475,11.0456,232.0353
248.1697,11.05,231.9677
248.2914,11.05,231.8988
248.4125,11.05,231.8286
248.5322,11.05,231.756
248.6511,11.0494,231.6821
248.769,11.05,231.607
248.8863,11.05,231.5306
249.0027,11.04999,231.4529
249.1174,11.05,231.3726
249.2315,11.04774,231.2916
249.345,11.05,231.2106
249.4589,11.05,231.1292
249.5728,11.04714,231.0478
249.6864,11.05,230.9666
249.8002,11.04546,230.8852
249.9135,11.05,230.8042
250.0272,11.04908,230.723
250.1409,11.05,230.6417
250.2548,11.05,230.5603
250.3686,11.04233,230.4789
250.4817,11.05,230.3981
250.5952,11.05,230.3169
250.7091,11.05,230.2355
250.8229,11.05,230.1541
250.9368,11.04333,230.0728
251.0503,11.04683,229.9916
251.1636,11.05,229.9106
251.2774,11.05,229.8293
251.3913,11.05,229.7479
251.5051,11.05,229.6665
251.619,11.05,229.5851
251.7329,11.05,229.5037
251.8468,11.05,229.4223
251.9606,11.05,229.3409
252.0745,11.043,229.2595
252.1875,11.05,229.1787
252.301,11.05,229.0976
252.4149,11.04967,229.0162
252.5287,11.05,228.9348
252.6426,11.05,228.8534
252.7565,11.04985,228.772
252.8703,11.05,228.6906
252.9842,11.05,228.6092
253.0981,11.05,228.5278
253.212,11.05,228.4464
253.3259,11.04904,228.3651
253.4395,11.05,228.2838
253.5533,11.05,228.2024
253.6672,11.05,228.121
253.7811,11.04803,228.0396
253.8948,11.04747,227.9584
254.0081,11.04992,227.8773
254.1219,11.05,227.796
254.2358,11.05,227.7146
254.3497,11.05,227.6332
254.4636,11.0451,227.5518
254.5768,11.05,227.4708
254.6905,11.05,227.3896
254.8044,11.05,227.3082
254.9183,11.05,227.2268
255.0322,11.04871,227.1454
255.1458,11.04483,227.0641
255.2593,11.05,226.983
255.373,11.05,226.9019
255.487,11.05,226.8207
255.6011,11.05,226.7395
255.7152,11.05,226.6585
255.8295,11.05,226.5776
255.9439,11.05,226.4969
256.0584,11.04571,226.4165
256.1723,11.05,226.3367
256.287,11.05,226.2567
256.4019,11.05,226.1768
256.5172,11.05,226.0975
256.6328,11.04958,226.0184
256.7484,11.05,225.9396
256.8643,11.05,225.8611
256.9804,11.05,225.7829
257.097,11.05,225.7054
257.2138,11.05,225.6283
257.3309,11.05,225.5516
257.4482,11.04954,225.4753
257.5657,11.05,225.3995
257.684,11.05,225.3245
257.8025,11.05,225.25
257.9213,11.05,225.1761
258.0405,11.04795,225.1026
258.1595,11.04888,225.0299
258.2796,11.05,224.9582
258.4001,11.05,224.8871
258.5211,11.05,224.8165
258.6423,11.04315,224.7466
258.763,11.05,224.6774
258.885,11.05,224.6096
259.0078,11.04992,224.5425
259.131,11.05,224.476
259.2547,11.05,224.4103
259.3787,11.05,224.3454
259.5035,11.05,224.2821
259.6288,11.05,224.2197
259.7545,11.05,224.1581
259.8807,11.05,224.0974
260.0072,11.04817,224.0376
260.1346,11.05,223.9796
260.2625,11.05,223.9227
260.3908,11.05,223.8667
260.5196,11.05,223.8117
260.6487,11.0425,223.7578
260.7775,11.05,223.7051
260.9075,11.05,223.6546
261.0384,11.04815,223.605
261.1693,11.05,223.5568
261.301,11.05,223.5095
261.4337,11.0494,223.4647
261.5665,11.05,223.4211
261.7,11.05,223.3788
261.8338,11.05,223.3378
261.968,11.05,223.298
262.1031,11.05,223.261
262.2384,11.05,223.2253
262.3742,11.05,223.191
262.5103,11.05,223.1582
262.6467,11.05,223.1268
262.7838,11.05,223.0983
262.9212,11.04357,223.0714
263.0588,11.04296,223.0461
263.1959,11.0494,223.022
263.3338,11.05,222.9998
263.4725,11.05,222.9809
263.6114,11.05,222.9636
263.7505,11.05,222.948
263.8899,11.04878,222.9341
264.0291,11.04894,222.9219
264.1685,11.05,222.9133
264.3083,11.05,222.9064
264.4482,11.05,222.9013
264.5882,11.05,222.8981
264.7282,11.05,222.8967
264.8682,11.0494,222.8991
265.008,11.04992,222.9034
265.1479,11.05,222.9097
265.2876,11.05,222.9179
265.4273,11.05,222.9281
265.5666,11.05,222.9423
265.7056,11.05,222.9585
265.8445,11.05,222.9767
265.983,11.04988,222.9971
266.1212,11.04953,223.0195
266.259,11.04758,223.0439
266.396,11.04335,223.0726
266.5324,11.05,223.1035
266.6682,11.05,223.1364
266.8037,11.05,223.1715
266.938,11.05,223.211
267.0717,11.04353,223.2527
267.2037,11.04472,223.2953
267.3356,11.04998,223.3413
267.4668,11.05,223.3895
267.5974,11.05,223.44
267.7261,11.05,223.4949
267.8539,11.05,223.5521
267.9807,11.05,223.6115
268.1064,11.05,223.6731
268.231,11.05,223.7369
268.3533,11.05,223.8052
268.4742,11.05,223.8757
268.5939,11.05,223.9483
268.7121,11.04932,224.0232
268.8289,11.05,224.1003
268.9428,11.05,224.1817
269.0551,11.04619,224.2653
269.1651,11.05,224.3506
269.274,11.05,224.4384
269.3813,11.05,224.5283
269.4849,11.05,224.6225
269.5865,11.05,224.7187
269.6863,11.05,224.8169
269.7841,11.05,224.9171
269.8797,11.04954,225.0192
269.971,11.05,225.1252
270.0602,11.04545,225.2331
270.1412,11.05,225.3344
270.2134,11.05,225.4282
270.2767,11.05,225.514
270.3319,11.05,225.5909
270.3794,11.05,225.6587
270.4193,11.05,225.7171
270.4522,11.05,225.7658
270.4782,11.05,225.8046
270.4975,11.05,225.8335
270.5101,11.05,225.8525
270.5198,11.05,225.867
270.527,11.05,225.8778
270.5316,11.05,225.8847
270.5314,11.05,225.8844
270.5307,11.05,225.8833
270.5291,11.05,225.8809
270.5262,11.05,225.8766
270.5212,11.05,225.8692
270.5118,11.05,225.855
270.4997,11.05,225.8368
270.4844,11.05,225.8138
270.4656,11.05,225.7856
270.4419,11.05,225.75
270.4115,11.05,225.7043
270.3745,11.05,225.6487
270.3315,11.05,225.5843
270.2829,11.05,225.5112
270.2276,11.05,225.4282
270.1656,11.05,225.3351
270.097,11.05,225.2321
270.0218,11.04941,225.1191
269.9442,11.04786,225.0027
269.8667,11.04976,224.8862
269.7891,11.05,224.7698
269.7115,11.05,224.6533
269.634,11.05,224.5368
269.5565,11.05,224.4203
269.479,11.05,224.3037
269.4017,11.05,224.187
269.3245,11.04377,224.0703
269.2477,11.05,223.9542
269.1709,11.05,223.8376
269.0941,11.05,223.7206
269.0177,11.04961,223.6033
268.9414,11.05,223.486
268.8719,11.05,223.3786
268.8091,11.05,223.2812
268.753,11.05,223.1937
268.7035,11.05,223.1163
268.6606,11.04701,223.0488
268.6238,11.05,222.9906
268.5936,11.05,222.9422
268.5698,11.05,222.9039
268.5525,11.05,222.8757
268.5409,11.05,222.8565
268.532,11.05,222.8416
268.5253,11.05,222.8305
268.5211,11.05,222.8233
268.5196,11.05,222.8207
268.5189,11.05,222.8194
268.5187,11.05,222.8191
268.5187,11.05,222.8191
268.5187,11.05,222.8191
268.5187,11.05,222.8191
268.5187,11.05,222.8191
268.5187,11.05,222.8191
268.5187,11.05,222.8191
268.5187,11.05,222.8191
268.5187,11.05,222.8191
268.5187,11.05,222.8191
268.5187,11.05,222.8191
268.5187,11.05,222.8191
268.5187,11.05,222.8191
268.5187,11.05,222.8191
268.5187,11.05,222.8191
268.5187,11.05,222.8191
268.5187,11.05,222.8191
268.5187,11.05,222.8191
268.5187,11.05,222.8191
268.5187,11.05,222.8191
268.5187,11.05,222.8191
268.5187,11.05,222.8191
268.5187,11.05,222.8191
268.5187,11.05,222.8191
268.5187,11.05,222.8191
268.5187,11.05,222.8191
268.5187,11.05,222.8191
268.5187,11.05,222.8191
268.5187,11.05,222.8191
268.5187,11.05,222.8191
268.5187,11.05,222.8191
268.5187,11.05,222.8191
268.5187,11.05,222.8191
268.5187,11.05,222.8191
268.5187,11.05,222.8191
268.5187,11.05,222.8191
268.5187,11.05,222.8191
268.5187,11.05,222.8191
268.5187,11.05,222.8191
268.5187,11.05,222.8191
268.5187,11.05,222.8191
268.5187,11.05,222.8191
268.5187,11.05,222.8191
268.5187,11.05,222.8191
268.5187,11.05,222.8191
268.5187,11.05,222.8191
268.5187,11.05,222.8191
268.5187,11.05,222.8191
268.5187,11.05,222.8191
268.5187,11.05,222.8191
268.5187,11.05,222.8191
268.5187,11.05,222.8191
268.5187,11.05,222.8191
268.5187,11.05,222.8191
268.5187,11.05,222.8191
268.5187,11.05,222.8191
268.5187,11.05,222.8191
268.5187,11.05,222.8191
268.5187,11.05,222.8191
268.5187,11.05,222.8191
268.5187,11.05,222.8191
268.5187,11.05,222.8191
268.5187,11.05,222.8191
268.5187,11.05,222.8191
268.5187,11.05,222.8191
268.5187,11.05,222.8191
268.5187,11.05,222.8191
268.5187,11.05,222.8191
268.5187,11.05,222.8191
268.5187,11.05,222.8191
268.5187,11.05,222.8191
268.5187,11.05,222.8191
268.5187,11.05,222.8191
268.5187,11.05,222.8191
268.5187,11.05,222.8191
268.5187,11.05,222.8191
268.5187,11.05,222.8191
268.5187,11.05,222.8191
268.5187,11.05,222.8191
268.5187,11.05,222.8191
268.5187,11.05,222.8191
268.5187,11.05,222.8191
268.5187,11.05,222.8191
268.5187,11.05,222.8191
268.5187,11.05,222.8191
268.5187,11.05,222.8191
268.5187,11.05,222.8191
268.5187,11.05,222.8191
268.5187,11.05,222.8191
268.5187,11.05,222.8191
268.5187,11.05,222.8191
268.5187,11.05,222.8191
268.5187,11.05,222.8191
268.5187,11.05,222.8191
268.5187,11.05,222.8191
268.5187,11.05,222.8191
268.5187,11.05,222.8191
268.5187,11.05,222.8191
268.5187,11.05,222.8191
268.5187,11.05,222.8191
268.5187,11.05,222.8191
268.5187,11.05,222.8191
268.5187,11.05,222.8191
268.5187,11.05,222.8191
268.5187,11.05,222.8191
268.5187,11.05,222.8191
268.5187,11.05,222.8191
268.5187,11.05,222.8191
268.5187,11.05,222.8191
268.5187,11.05,222.8191
268.5187,11.05,222.8191
268.5187,11.05,222.8191
268.5187,11.05,222.8191
268.5187,11.05,222.8191
268.5187,11.05,222.8191
268.5187,11.05,222.8191
268.5187,11.05,222.8191
268.5187,11.05,222.8191
268.5187,11.05,222.8191
268.5187,11.05,222.8191
268.5187,11.05,222.8191
268.5187,11.05,222.8191
268.5187,11.05,222.8191
268.5187,11.05,222.8191
268.5187,11.05,222.8191
268.5187,11.05,222.8191
268.5187,11.05,222.8191
268.5187,11.05,222.8191
268.5187,11.05,222.8191
268.5187,11.05,222.8191
268.5187,11.05,222.8191
268.5187,11.05,222.8191
268.5187,11.05,222.8191
268.5187,11.05,222.8191
268.5187,11.05,222.8191
268.5187,11.05,222.8191
268.5187,11.05,222.8191
268.5187,11.05,222.8191
268.5187,11.05,222.8191
268.5187,11.05,222.8191
268.5187,11.05,222.8191
268.5187,11.05,222.8194
268.5188,11.05,222.8207
268.519,11.05,222.8236
268.52,11.05,222.8324
268.5214,11.05,222.8449
268.5235,11.05,222.8617
268.5265,11.05,222.8833
268.5306,11.05,222.9105
268.5372,11.05,222.9494
268.5464,11.05,222.999
268.5577,11.04599,223.0565
268.5717,11.05,223.1227
268.5884,11.05,223.1978
268.6089,11.05,223.2843
268.6334,11.05,223.3822
268.6622,11.05,223.4912
268.6954,11.05,223.6113
268.7344,11.04996,223.7421
268.7785,11.04416,223.8748
268.8244,11.04994,224.0067
268.872,11.05,224.138
268.9215,11.05,224.2689
268.9728,11.05,224.399
269.0278,11.04903,224.5278
269.0846,11.04095,224.6556
269.143,11.05,224.7822
269.2032,11.05,224.9078
269.2656,11.04863,225.0331
269.3315,11.05,225.1561
269.3994,11.05,225.2785
269.4691,11.05,225.3998
269.5408,11.05,225.52
269.6137,11.04958,225.6395
269.6874,11.04684,225.7585
269.7612,11.04148,225.8773
269.8349,11.05,225.9961
269.9084,11.05,226.1145
269.9821,11.05,226.2335
270.0559,11.04607,226.3524
270.1295,11.05,226.471
270.2032,11.05,226.5898
270.277,11.05,226.7087
270.3507,11.05,226.8277
270.4245,11.05,226.9466
270.4983,11.0446,227.0655
270.5715,11.05,227.1835
270.6452,11.05,227.3023
270.719,11.05,227.4212
270.7928,11.05,227.5401
270.8665,11.05,227.659
270.9403,11.05,227.778
271.0141,11.04975,227.8969
271.0879,11.04023,228.0158
271.1611,11.05,228.1339
271.2345,11.0498,228.2522
271.3083,11.04752,228.3711
271.382,11.04265,228.49
271.4557,11.05,228.6088
271.5293,11.05,228.7273
271.6031,11.05,228.8463
271.6768,11.05,228.9652
271.7506,11.04106,229.0841
271.8237,11.05,229.202
271.8971,11.05,229.3203
271.9709,11.05,229.4392
272.0447,11.04749,229.5582
272.1183,11.05,229.6769
272.1921,11.05,229.7958
272.2659,11.05,229.9147
272.3397,11.04858,230.0336
272.4133,11.05,230.1523
272.487,11.05,230.2712
272.5608,11.05,230.3901
272.6346,11.05,230.509
272.7084,11.05,230.6279
272.7821,11.05,230.7469
272.8559,11.04994,230.8658
272.9297,11.0481,230.9847
273.0034,11.04998,231.1036
273.0772,11.04248,231.2225
273.1506,11.05,231.3408
273.2242,11.05,231.4594
273.2979,11.05,231.5783
273.3717,11.05,231.6972
273.4455,11.05,231.8161
273.5193,11.05,231.9351
273.593,11.04634,232.054
273.6664,11.05,232.1722
273.7401,11.05,232.291
273.8139,11.05,232.4099
273.8876,11.05,232.5288
273.9614,11.05,232.6478
274.0352,11.04845,232.7667
274.1089,11.05,232.8855
274.1827,11.04998,233.0044
274.2564,11.05,233.1233
274.3302,11.05,233.2422
274.404,11.05,233.3612
274.4778,11.05,233.4801
274.5515,11.04859,233.599
274.6253,11.04461,233.7179
274.6991,11.05,233.8368
274.7727,11.05,233.9555
274.8465,11.04302,234.0744
274.9196,11.05,234.1924
274.9932,11.05,234.3109
275.067,11.04435,234.4299
275.1405,11.05,234.5483
275.2141,11.05,234.667
275.2879,11.05,234.7859
275.3617,11.05,234.9049
275.4355,11.04929,235.0238
275.5092,11.05,235.1426
275.5829,11.05,235.2615
275.6567,11.05,235.3804
275.7305,11.05,235.4994
275.8043,11.05,235.6183
275.8781,11.05,235.7372
275.9518,11.05,235.8561
276.0256,11.04918,235.9751
276.0993,11.05,236.0939
276.1731,11.04901,236.2128
276.2469,11.04547,236.3318
276.3206,11.05,236.4506
276.3943,11.05,236.5694
276.4681,11.05,236.6883
276.5419,11.05,236.8072
276.6156,11.05,236.9262
276.6894,11.04745,237.0451
276.7629,11.05,237.1635
276.8366,11.05,237.2824
276.9104,11.05,237.4013
276.9842,11.05,237.5202
277.058,11.04578,237.6391
277.1315,11.05,237.7577
277.2052,11.05,237.8765
277.279,11.05,237.9955
277.3528,11.05,238.1144
277.4266,11.05,238.2333
277.5003,11.05,238.3522
277.5741,11.05,238.4712
277.6479,11.05,238.5901
277.7217,11.05,238.709
277.7955,11.04934,238.8279
277.8692,11.04622,238.9469
277.943,11.04042,239.0657
278.0166,11.04965,239.1844
278.09,11.05,239.3027
278.1638,11.05,239.4216
278.2375,11.05,239.5405
278.3113,11.05,239.6595
278.385,11.05,239.7784
278.4587,11.05,239.8974
278.5322,11.04966,240.0165
278.6056,11.05,240.1356
278.6788,11.05,240.2549
278.752,11.05,240.3742
278.825,11.05,240.4936
278.8976,11.05,240.6132
278.97,11.05,240.733
279.0421,11.04777,240.8529
279.114,11.05,240.9728
279.1856,11.05,241.093
279.2567,11.05,241.2135
279.3274,11.04997,241.3343
279.3979,11.04794,241.4552
279.4679,11.04258,241.5763
279.5375,11.05,241.6976
279.6066,11.05,241.8187
279.675,11.05,241.9408
279.743,11.04499,242.0631
279.8102,11.05,242.1847
279.8772,11.05,242.3074
279.9437,11.05,242.4305
280.0092,11.04989,242.5541
280.0742,11.04307,242.6781
280.1383,11.05,242.8019
280.2018,11.05,242.9261
280.2643,11.04669,243.0514
280.3258,11.05,243.1761
280.3816,11.05,243.2908
280.4316,11.05,243.395
280.4758,11.0499,243.4886
280.5144,11.04795,243.5717
280.5476,11.04415,243.644
280.5753,11.05,243.7056
280.5981,11.05,243.7571
280.6155,11.05,243.7978
280.6295,11.05,243.8312
280.6386,11.05,243.8537
280.645,11.05,243.8698
280.6497,11.05,243.8819
280.6529,11.05,243.8905
280.655,11.05,243.8962
280.6555,11.05,243.8975
280.6556,11.05,243.8979
280.6556,11.05,243.8979
280.6556,11.05,243.8979
280.6556,11.05,243.8979
280.6556,11.05,243.8979
280.6556,11.05,243.8979
280.6556,11.05,243.8979
280.6556,11.05,243.8979
280.6556,11.05,243.8979
280.6556,11.05,243.8979
280.6556,11.05,243.8979
280.6556,11.05,243.8979
280.6556,11.05,243.8979
280.6556,11.05,243.8979
280.6556,11.05,243.8979
280.6556,11.05,243.8979
280.6557,11.05,243.8982
280.6559,11.05,243.8995
280.6562,11.05,243.9023
280.6571,11.05,243.9112
280.6583,11.05,243.9237
280.6597,11.05,243.9406
280.6613,11.05,243.9624
280.663,11.05,243.9915
280.6644,11.04866,244.0327
280.6655,11.0413,244.083
280.666,11.05,244.1417
280.6658,11.05,244.2077
280.6646,11.05,244.2856
280.6619,11.05,244.3754
280.6573,11.05,244.4771
280.6507,11.05,244.5906
280.6418,11.04656,244.7159
280.6299,11.05,244.8503
280.6125,11.05,244.989
280.5932,11.05,245.1276
280.5718,11.05,245.2659
280.5486,11.05,245.4039
280.5233,11.04979,245.5415
280.4939,11.05,245.6783
280.4624,11.05,245.8147
280.429,11.05,245.9506
280.3934,11.04066,246.0859
280.3575,11.05,246.2197
280.3196,11.04928,246.3537
280.2816,11.05,246.4881
280.2435,11.05,246.6228
280.2055,11.05,246.7575
280.1674,11.05,246.8921
280.1293,11.0491,247.0268
280.0913,11.04694,247.1612
280.0535,11.04641,247.2951
280.0154,11.0497,247.4297
279.9774,11.05,247.5643
279.9394,11.05,247.6989
279.9013,11.05,247.8336
279.8632,11.04305,247.9682
279.8255,11.05,248.1018
279.7875,11.05,248.2361
279.7495,11.05,248.3707
279.7114,11.05,248.5054
279.6733,11.05,248.64
279.6353,11.05,248.7747
279.5972,11.05,248.9094
279.5591,11.04757,249.044
279.5213,11.05,249.178
279.4832,11.05,249.3126
279.4452,11.05,249.4473
279.4071,11.05,249.5819
279.369,11.05,249.7166
279.331,11.05,249.8512
279.2929,11.05,249.9859
279.2549,11.05,250.1206
279.2168,11.04908,250.2552
279.1788,11.05,250.3897
279.1407,11.05,250.5243
279.1027,11.05,250.659
279.0646,11.04475,250.7936
279.0266,11.04912,250.9282
278.9886,11.0449,251.0627
278.9508,11.05,251.1962
278.9128,11.05,251.3306
278.8748,11.05,251.4653
278.8367,11.05,251.5999
278.7986,11.05,251.7346
278.7606,11.04255,251.8693
278.7228,11.04999,252.0028
278.6849,11.05,252.137
278.6469,11.05,252.2716
278.6088,11.05,252.4063
278.5707,11.05,252.541
278.5327,11.05,252.6756
278.4946,11.05,252.8103
278.4565,11.05,252.945
278.4185,11.042,253.0796
278.3808,11.05,253.213
278.3429,11.04999,253.3471
278.3048,11.05,253.4818
278.2667,11.05,253.6165
278.2287,11.05,253.7511
278.1906,11.05,253.8858
278.1526,11.04948,254.0204
278.1145,11.04898,254.155
278.0765,11.04261,254.2894
278.0385,11.04814,254.4238
278.0005,11.05,254.5582
277.9625,11.05,254.6928
277.9244,11.05,254.8275
277.8864,11.04639,254.9622
277.8485,11.05,255.096
277.8105,11.05,255.2305
277.7725,11.05,255.3652
277.7344,11.05,255.4998
277.6963,11.05,255.6345
277.6583,11.04224,255.7692
277.6205,11.05,255.9027
277.5826,11.0483,256.0368
277.5447,11.05,256.171
277.5066,11.05,256.3056
277.4686,11.05,256.4403
277.4305,11.05,256.575
277.3924,11.05,256.7096
277.3544,11.05,256.8443
277.3163,11.05,256.9789
277.2783,11.05,257.1136
277.2402,11.04996,257.2483
277.2021,11.05,257.3829
277.1641,11.05,257.5176
277.126,11.05,257.6523
277.088,11.04021,257.7869
277.0499,11.04687,257.9214
277.012,11.04594,258.0556
276.9742,11.05,258.1894
276.9362,11.05,258.3239
276.8981,11.05,258.4586
276.86,11.05,258.5932
276.822,11.05,258.7279
276.7839,11.04612,258.8625
276.7461,11.05,258.9963
276.7081,11.05,259.1308
276.67,11.05,259.2655
276.6319,11.05,259.4002
276.5939,11.05,259.5348
276.5558,11.04184,259.6695
276.5181,11.05,259.8029
276.4802,11.05,259.9371
276.4421,11.04351,260.0717
276.4044,11.05,260.2052
276.3664,11.05,260.3395
276.3284,11.05,260.4742
276.2903,11.05,260.6089
276.2522,11.05,260.7435
276.2142,11.05,260.8782
276.1761,11.04979,261.0128
276.1381,11.04994,261.1475
276.1,11.05,261.2821
276.062,11.04517,261.4168
276.0239,11.04928,261.5513
275.9859,11.05,261.6858
275.9478,11.05,261.8205
275.9098,11.04871,261.9551
275.8718,11.05,262.0895
275.8337,11.05,262.2241
275.7957,11.05,262.3588
275.7576,11.05,262.4935
275.7195,11.05,262.6281
275.6815,11.04585,262.7628
275.6437,11.05,262.8965
275.6057,11.04879,263.031
275.5677,11.05,263.1653
275.5296,11.05,263.3
275.4916,11.05,263.4347
275.4535,11.04153,263.5693
275.4158,11.05,263.7028
275.3779,11.05,263.8369
275.3398,11.05,263.9715
275.3018,11.05,264.1062
275.2637,11.05,264.2408
275.2256,11.05,264.3755
275.1875,11.05,264.5101
275.1493,11.05,264.6447
275.1109,11.05,264.7793
275.0724,11.04339,264.9139
275.0339,11.04564,265.0482
274.9953,11.05,265.1822
274.9598,11.05,265.3047
274.9276,11.05,265.4156
274.8986,11.05,265.515
274.8727,11.05,265.6028
274.8502,11.05,265.6791
274.8308,11.05,265.7438
274.8148,11.05,265.7969
274.8021,11.04917,265.8386
274.7928,11.04638,265.8687
274.7865,11.04342,265.8886
274.7828,11.04135,265.8999
274.7803,11.05,265.9078
274.7795,11.05,265.9102
274.7785,11.05,265.9131
274.778,11.05,265.9145
274.778,11.05,265.9145
274.778,11.05,265.9145
274.778,11.05,265.9145
274.778,11.05,265.9145
274.778,11.05,265.9145
274.778,11.05,265.9145
274.778,11.05,265.9145
274.778,11.05,265.9145
274.778,11.05,265.9145
274.778,11.05,265.9145
274.778,11.05,265.9145
274.7779,11.05,265.9147
274.7774,11.05,265.9159
274.7763,11.05,265.9185
274.7739,11.05,265.9238
274.7686,11.05,265.9352
274.7615,11.05,265.9505
274.752,11.05,265.9702
274.74,11.05,265.9949
274.725,11.04921,266.0251
274.7042,11.04456,266.0658
274.6779,11.05,266.1164
274.647,11.05,266.1759
274.6114,11.05,266.2444
274.5702,11.05,266.3236
274.5235,11.05,266.4135
274.4713,11.04886,266.514
274.4138,11.05,266.6245
274.3509,11.05,266.7457
274.2863,11.05,266.8699
274.2218,11.05,266.994
274.1573,11.05,267.1182
274.0927,11.05,267.2424
274.0282,11.049,267.3666
273.9637,11.05,267.4907
273.8992,11.05,267.6149
273.8346,11.05,267.739
273.7701,11.04454,267.8632
273.7061,11.05,267.9864
273.6417,11.05,268.1104
273.5771,11.05,268.2345
273.5126,11.05,268.3587
273.4481,11.04924,268.4829
273.3836,11.05,268.6069
273.3191,11.05,268.731
273.2545,11.05,268.8552
273.19,11.05,268.9794
273.1255,11.05,269.1036
273.0609,11.04533,269.2278
272.9966,11.05,269.3517
272.9321,11.05,269.4757
272.8676,11.05,269.5999
272.803,11.05,269.7241
272.7385,11.0424,269.8482
272.6746,11.05,269.9713
272.6102,11.05,270.095
272.5457,11.05,270.2192
272.4812,11.05,270.3434
272.4166,11.04838,270.4675
272.3523,11.05,270.5913
272.2878,11.05,270.7154
272.2233,11.05,270.8396
272.1587,11.05,270.9638
272.0942,11.0402,271.088
272.0303,11.04885,271.2109
271.9661,11.05,271.3345
271.9016,11.05,271.4586
271.837,11.05,271.5828
271.7725,11.05,271.707
271.7079,11.04039,271.8312
271.6441,11.05,271.9541
271.5799,11.04241,272.0776
271.5161,11.05,272.2004
271.4518,11.05,272.3241
271.3872,11.04766,272.4483
271.323,11.05,272.5719
271.2586,11.05,272.696
271.1941,11.05,272.8203
271.1298,11.05,272.9445
271.0655,11.0446,273.0688
271.0016,11.05,273.193
270.9378,11.05,273.3173
270.8741,11.05,273.4419
270.8105,11.05,273.5666
270.7472,11.05,273.6913
270.6843,11.05,273.8164
270.6216,11.05,273.9415
270.5593,11.04438,274.0668
270.4976,11.05,274.1912
270.4359,11.05,274.3165
270.3748,11.04713,274.4424
270.3144,11.05,274.5678
270.2541,11.05,274.694
270.1942,11.05,274.8204
270.1347,11.05,274.9471
270.076,11.0427,275.0742
270.0179,11.0496,275.2011
269.9605,11.05,275.3282
269.9034,11.05,275.456
269.8468,11.05,275.584
269.7914,11.05,275.7125
269.7365,11.04308,275.8413
269.6826,11.05,275.9691
269.6291,11.05,276.098
269.5762,11.05,276.2275
269.5247,11.05,276.3576
269.4738,11.04987,276.488
269.4238,11.05,276.6187
269.3745,11.05,276.7496
269.3259,11.05,276.8809
269.279,11.0498,277.0127
269.2329,11.05,277.1448
269.1877,11.04496,277.2773
269.1436,11.05,277.4089
269.1002,11.05,277.5417
269.0587,11.04567,277.6754
269.0182,11.04959,277.8092
268.9787,11.05,277.9433
268.9402,11.04235,278.0779
268.9026,11.05,278.2113
268.8673,11.05,278.3462
268.8331,11.05,278.4819
268.7992,11.05,278.6176
268.7654,11.05,278.7534
268.7315,11.05,278.8892
268.6976,11.04922,279.025
268.6638,11.05,279.1605
268.6299,11.05,279.2963
268.5961,11.05,279.4321
268.5622,11.04998,279.5678
268.5284,11.05,279.7036
268.4945,11.05,279.8394
268.4606,11.05,279.9752
268.4267,11.05,280.111
268.3929,11.05,280.2467
268.359,11.04965,280.3825
268.3252,11.05,280.5182
268.2913,11.05,280.654
268.2574,11.05,280.7898
268.2236,11.05,280.9255
268.1897,11.04527,281.0613
268.1561,11.049,281.196
268.1223,11.05,281.3315
268.0884,11.0401,281.4673
268.0546,11.04625,281.6028
268.0208,11.04946,281.7382
267.987,11.05,281.8739
267.9532,11.048,282.0097
267.9194,11.05,282.145
267.8856,11.05,282.2807
267.8517,11.05,282.4165
267.8178,11.05,282.5523
267.7839,11.05,282.688
267.7501,11.04659,282.8238
267.7164,11.05,282.9588
267.6826,11.05,283.0945
267.6487,11.05,283.2303
267.6148,11.05,283.366
267.581,11.05,283.5018
267.5471,11.04485,283.6376
267.5135,11.05,283.7724
267.4797,11.05,283.9079
267.4458,11.04761,284.0437
267.4121,11.05,284.1788
267.3783,11.05,284.3145
267.3444,11.04293,284.4503
267.3108,11.05,284.5849
267.2771,11.05,284.7203
267.2432,11.05,284.856
267.2093,11.05,284.9919
267.1754,11.05,285.1276
267.1416,11.04062,285.2634
267.108,11.05,285.3979
267.0743,11.04303,285.533
267.0405,11.04794,285.6686
267.0067,11.04994,285.8041
266.9729,11.05,285.9399
266.939,11.04278,286.0757
266.9054,11.05,286.2102
266.8717,11.05,286.3455
266.8378,11.05,286.4813
266.804,11.05,286.6171
266.7701,11.05,286.7529
266.7362,11.05,286.8886
266.7023,11.04925,287.0244
266.6685,11.05,287.16
266.6347,11.05,287.2957
266.6008,11.05,287.4315
266.5669,11.05,287.5673
266.5331,11.05,287.7031
266.4992,11.05,287.8389
266.4653,11.05,287.9746
266.4315,11.05,288.1104
266.3976,11.05,288.2462
266.3637,11.04979,288.382
266.3299,11.05,288.5177
266.296,11.05,288.6535
266.2621,11.05,288.7892
266.2283,11.05,288.925
266.1944,11.04535,289.0608
266.1608,11.04924,289.1956
266.127,11.05,289.331
266.0932,11.05,289.4668
266.0593,11.04558,289.6026
266.0255,11.04919,289.7383
265.9916,11.05,289.8739
265.9577,11.04831,290.0097
265.924,11.05,290.1451
265.8901,11.05,290.2808
265.8563,11.05,290.4166
265.8224,11.05,290.5524
265.7885,11.05,290.6881
265.7545,11.04698,290.8239
265.7206,11.05,290.9589
265.6864,11.05,291.0945
265.6521,11.05,291.2302
265.6207,11.05,291.3542
265.592,11.05,291.4665
265.5663,11.05,291.5672
265.5434,11.04196,291.6562
265.5232,11.05,291.7341
265.5058,11.05,291.8007
265.4914,11.05,291.8556
265.4798,11.05,291.8989
265.4713,11.05,291.9305
265.4657,11.05,291.9507
265.4625,11.05,291.9621
265.4602,11.05,291.97
265.4587,11.05,291.9752
265.4579,11.05,291.9781
265.4576,11.05,291.9791
265.4576,11.05,291.9791
265.4576,11.05,291.9791
265.4576,11.05,291.9791
265.4576,11.05,291.9791
265.4576,11.05,291.9791
265.4576,11.05,291.9791
265.4576,11.05,291.9791
265.4576,11.05,291.9791
265.4576,11.05,291.9791
265.4576,11.05,291.9791
265.4576,11.05,291.9791
265.4576,11.05,291.9791
265.4576,11.05,291.9791
265.4576,11.05,291.9791
265.4576,11.05,291.9791
265.4576,11.05,291.9791
