260.7888,11.05,256.5953
260.8228,11.05,256.4596
260.8568,11.05,256.3238
260.8907,11.05,256.188
260.9245,11.04657,256.0522
260.9581,11.05,255.917
260.9917,11.05,255.7813
261.0251,11.04921,255.6454
261.0583,11.04572,255.5095
261.0914,11.05,255.3736
261.1242,11.04186,255.2377
261.1566,11.05,255.1026
261.1888,11.05,254.967
261.221,11.05,254.8308
261.2532,11.05,254.6946
261.2849,11.05,254.5583
261.3163,11.04297,254.4219
261.3474,11.05,254.2863
261.3779,11.05,254.1502
261.4081,11.04977,254.0135
261.4379,11.05,253.8769
261.4675,11.05,253.7401
261.4967,11.04284,253.6032
261.5255,11.05,253.4671
261.5536,11.05,253.3305
261.5814,11.05,253.1933
261.6086,11.04605,253.056
261.6354,11.05,252.9194
261.6614,11.04081,252.782
261.6872,11.05,252.6455
261.7124,11.05,252.5086
261.737,11.05,252.3708
261.7615,11.05,252.233
261.786,11.05,252.0953
261.8106,11.05,251.9575
261.8351,11.05,251.8197
261.8596,11.05,251.682
261.8842,11.05,251.5442
261.9087,11.05,251.4064
261.9333,11.05,251.2687
261.9578,11.05,251.1309
261.9823,11.04993,250.9931
262.0069,11.04994,250.8554
262.0314,11.04877,250.7176
262.0559,11.04607,250.5798
262.0805,11.04182,250.4421
262.105,11.05,250.3044
262.1294,11.04911,250.1672
262.1539,11.0489,250.0296
262.1784,11.05,249.8922
262.2029,11.05,249.7545
262.2274,11.05,249.6167
262.252,11.05,249.4789
262.2765,11.04738,249.3412
262.301,11.05,249.2039
262.3255,11.04449,249.0661
262.3499,11.05,248.9292
262.3744,11.05,248.7917
262.3989,11.05,248.6539
262.4235,11.04459,248.5162
262.4479,11.05,248.379
262.4724,11.05,248.2415
262.4969,11.05,248.1037
262.5215,11.05,247.966
262.546,11.05,247.8282
262.5705,11.04091,247.6904
262.5949,11.05,247.5535
262.6193,11.05,247.4165
262.6438,11.05,247.2787
262.6684,11.05,247.1409
262.6929,11.04999,247.0032
262.7174,11.05,246.8654
262.742,11.05,246.7276
262.7665,11.05,246.5899
262.791,11.05,246.4521
262.8156,11.05,246.3143
262.8401,11.05,246.1766
262.8647,11.04811,246.0388
262.8891,11.0499,245.9015
262.9136,11.05,245.7638
262.9382,11.05,245.626
262.9627,11.05,245.4883
262.9872,11.05,245.3505
263.0118,11.04983,245.2127
263.0363,11.04123,245.075
263.0607,11.04537,244.938
263.0852,11.04082,244.8004
263.1097,11.05,244.6628
263.1341,11.05,244.5257
263.1587,11.05,244.3879
263.1832,11.04719,244.2502
263.2076,11.05,244.1129
263.2322,11.05,243.9751
263.2567,11.05,243.8374
263.2813,11.05,243.6996
263.3058,11.05,243.5618
263.3303,11.04447,243.4241
263.3547,11.05,243.287
263.3792,11.05,243.1494
263.4038,11.04983,243.0117
263.4283,11.05,242.874
263.4528,11.05,242.7362
263.4774,11.04073,242.5984
263.5017,11.05,242.4615
263.5262,11.05,242.3245
263.5507,11.05,242.1867
263.5752,11.04699,242.049
263.5996,11.05,241.9118
263.6242,11.05,241.7741
263.6487,11.05,241.6363
263.6732,11.05,241.4986
263.6978,11.05,241.3608
263.7223,11.05,241.223
263.7469,11.04081,241.0853
263.7712,11.05,240.9486
263.7956,11.04984,240.8115
263.8201,11.05,240.6738
263.8447,11.05,240.536
263.8692,11.05,240.3982
263.8937,11.05,240.2605
263.9183,11.05,240.1227
263.9428,11.04889,239.9849
263.9673,11.05,239.8474
263.9918,11.05,239.7096
264.0164,11.04967,239.5719
264.0409,11.0479,239.4341
264.0654,11.04461,239.2964
264.09,11.04704,239.1586
264.1144,11.04942,239.0216
264.1389,11.05,238.884
264.1634,11.05,238.7463
264.1879,11.05,238.6085
264.2125,11.05,238.4707
264.237,11.0442,238.333
264.2614,11.05,238.1959
264.2859,11.04571,238.0584
264.3103,11.05,237.9215
264.3348,11.05,237.7838
264.3593,11.05,237.6461
264.3839,11.0402,237.5083
264.4082,11.05,237.3715
264.4326,11.05,237.2345
264.4572,11.05,237.0967
264.4817,11.05,236.959
264.5063,11.05,236.8212
264.5308,11.05,236.6834
264.5553,11.05,236.5457
264.5799,11.05,236.4079
264.6044,11.05,236.2701
264.6289,11.05,236.1323
264.6534,11.05,235.9946
264.678,11.05,235.8568
264.7025,11.04983,235.719
264.7271,11.05,235.5813
264.7516,11.05,235.4435
264.7761,11.05,235.3058
264.8007,11.05,235.168
264.8252,11.04886,235.0302
264.8497,11.04883,234.8928
264.8741,11.05,234.7553
264.8987,11.05,234.6176
264.9232,11.05,234.4798
264.9478,11.05,234.342
264.9723,11.05,234.2043
264.9911,11.04433,234.0665
264.9907,11.05,233.9302
264.9907,11.05,233.7929
264.9991,11.05,233.6542
265.0236,11.0493,233.5165
265.0482,11.04709,233.3787
265.0727,11.04334,233.241
265.0972,11.04998,233.1033
265.1217,11.05,232.9659
265.1462,11.05,232.8281
265.1707,11.05,232.6903
265.1953,11.05,232.5526
265.2198,11.05,232.4148
265.2444,11.04933,232.277
265.2689,11.05,232.1394
265.2934,11.05,232.0016
265.3179,11.05,231.8639
265.3424,11.05,231.7261
265.3668,11.05,231.5883
265.3911,11.04779,231.4505
265.4153,11.05,231.3131
265.4393,11.05,231.1753
265.4631,11.04825,231.0374
265.4868,11.05,230.8999
265.5104,11.05,230.762
265.5338,11.04487,230.6241
265.5568,11.05,230.4867
265.5796,11.05,230.3488
265.602,11.05,230.2107
265.6241,11.04337,230.0725
265.6459,11.05,229.9352
265.6673,11.05,229.7973
265.6885,11.05,229.659
265.7094,11.05,229.5206
265.7298,11.05,229.3822
265.7498,11.05,229.2437
265.7692,11.05,229.1051
265.7882,11.05,228.9665
265.8067,11.04972,228.8278
265.8249,11.05,228.6891
265.8429,11.05,228.5503
265.8604,11.05,228.4115
265.8777,11.05,228.2726
265.8944,11.05,228.1337
265.9104,11.04554,227.9946
265.9258,11.05,227.8561
265.9405,11.05,227.7171
265.9546,11.05,227.5779
265.968,11.05,227.4386
265.9807,11.05,227.2993
265.9925,11.05,227.1598
266.0036,11.04947,227.0203
266.0138,11.04976,226.8809
266.0231,11.04933,226.7413
266.0318,11.04873,226.6016
266.0401,11.04799,226.462
266.0476,11.04715,226.3222
266.0541,11.04632,226.1824
266.0598,11.04321,226.0426
266.0646,11.04474,225.9033
266.0685,11.04408,225.7634
266.0715,11.04355,225.6235
266.0739,11.04312,225.4836
266.0755,11.04282,225.3437
266.0761,11.04269,225.2038
266.0758,11.04276,225.0638
266.0742,11.04306,224.9239
266.0713,11.04359,224.784
266.0674,11.04428,224.6441
266.0625,11.04509,224.5043
266.057,11.04592,224.3645
266.0504,11.04681,224.2247
266.0435,11.04762,224.0849
266.0353,11.04844,223.9452
266.0255,11.04918,223.8056
266.0144,11.04974,223.6662
266.0017,11.05,223.5268
265.9881,11.05,223.3875
265.9736,11.05,223.2484
265.9582,11.05,223.1093
265.9412,11.04947,222.9704
265.9229,11.05,222.8317
265.9033,11.05,222.6932
265.882,11.05,222.5549
265.8594,11.05,222.4167
265.8362,11.05,222.2788
265.8115,11.05,222.141
265.7855,11.04998,222.0035
265.7578,11.04256,221.8664
265.7292,11.05,221.7299
265.6983,11.05,221.5939
265.6658,11.05,221.4577
265.632,11.05,221.322
265.5966,11.05,221.1866
265.5593,11.04665,221.0517
265.5218,11.05,220.9175
265.4827,11.05,220.7832
265.4424,11.05,220.6492
265.4017,11.04184,220.5154
265.3609,11.04972,220.3819
265.3195,11.05,220.2488
265.2773,11.05,220.1154
265.2346,11.05,219.9821
265.1916,11.05,219.849
265.1481,11.05,219.716
265.1042,11.05,219.5831
265.0598,11.0455,219.4504
265.0147,11.04973,219.3181
264.9692,11.05,219.1859
264.9232,11.04637,219.0538
264.8771,11.04872,218.9223
264.8302,11.05,218.7905
264.7824,11.05,218.659
264.7342,11.05,218.5277
264.6855,11.05,218.3965
264.6363,11.05,218.2654
264.5863,11.05,218.1348
264.5362,11.04998,218.0041
264.4852,11.05,217.8738
264.4337,11.05,217.7436
264.3818,11.05,217.6137
264.3293,11.05,217.4839
264.2759,11.04612,217.3546
264.2221,11.04999,217.2256
264.1668,11.05,217.0972
264.1086,11.05,216.97
264.0478,11.04714,216.8439
263.9852,11.05,216.719
263.92,11.05,216.5952
263.8528,11.05,216.4724
263.7842,11.05,216.3504
263.7131,11.05,216.2299
263.6406,11.05,216.1102
263.566,11.05,215.9917
263.4896,11.05,215.8745
263.4102,11.05,215.7593
263.3283,11.05,215.6458
263.2441,11.05,215.534
263.1584,11.05,215.4233
263.0713,11.04359,215.3138
262.9839,11.05,215.2051
262.8933,11.05,215.0989
262.801,11.05,214.9937
262.7064,11.05,214.8906
262.6094,11.05,214.7896
262.5107,11.05,214.6904
262.4106,11.05,214.5926
262.31,11.05,214.4952
262.2068,11.05,214.4007
262.1018,11.05,214.3081
261.9947,11.05,214.218
261.8854,11.05,214.1305
261.7741,11.04739,214.0456
261.6614,11.05,213.9631
261.5478,11.05,213.8815
261.4333,11.05,213.801
261.3164,11.05,213.7239
261.1981,11.05,213.6492
261.0782,11.04228,213.5768
260.9584,11.05,213.5062
260.8362,11.05,213.4389
260.7118,11.05,213.3746
260.5865,11.05,213.3122
260.46,11.05,213.2524
260.3319,11.05,213.1959
260.2029,11.05,213.1414
260.0726,11.04336,213.0904
259.9424,11.04387,213.0411
259.8102,11.05,212.9964
259.6772,11.05,212.9539
259.5434,11.05,212.9127
259.4087,11.05,212.8745
259.2733,11.05,212.8392
259.1368,11.05,212.8077
258.9996,11.05,212.7799
258.8619,11.05,212.7545
258.7236,11.04995,212.7329
258.5848,11.05,212.7145
258.4457,11.05,212.6992
258.3062,11.05,212.6872
258.1665,11.05,212.6783
258.0266,11.04912,212.6735
257.8869,11.05,212.672
257.7469,11.05,212.6737
257.607,11.04677,212.6788
257.4677,11.05,212.6854
257.3282,11.05,212.6963
257.189,11.05,212.7113
257.0503,11.04683,212.7297
256.9124,11.05,212.7505
256.775,11.05,212.7765
256.6381,11.05,212.8058
256.502,11.05,212.8386
256.3667,11.05,212.8747
256.2324,11.05,212.9141
256.0994,11.05,212.9578
255.9678,11.0491,213.0057
255.8377,11.04595,213.0568
255.709,11.05,213.1112
255.5816,11.05,213.1689
255.4556,11.05,213.23
255.3317,11.05,213.2951
255.2091,11.05,213.3626
255.0888,11.04003,213.4341
254.97,11.05,213.5064
254.8543,11.05,213.5837
254.7395,11.05,213.6638
254.6269,11.04089,213.747
254.5157,11.05,213.8296
254.4066,11.05,213.9161
254.2984,11.04997,214.005
254.1926,11.05,214.0965
254.0878,11.04024,214.1894
253.9842,11.05,214.2822
253.882,11.05,214.3766
253.7793,11.05,214.4718
253.6766,11.05,214.5669
253.574,11.04512,214.6621
253.4722,11.05,214.7565
253.3697,11.05,214.8515
253.267,11.05,214.9467
253.1644,11.04781,215.0418
253.062,11.04517,215.1367
252.9599,11.05,215.2314
252.8574,11.05,215.3265
252.7549,11.05,215.4218
252.6524,11.05,215.5171
252.5499,11.04755,215.6125
252.4482,11.05,215.7075
252.346,11.05,215.803
252.2438,11.05,215.8987
252.1418,11.05,215.9946
252.0399,11.048,216.0905
251.9385,11.05,216.1864
251.8369,11.05,216.2827
251.7355,11.05,216.3792
251.6342,11.05,216.4758
251.5332,11.04902,216.5727
251.4326,11.05,216.6696
251.332,11.05,216.7668
251.2315,11.05,216.8643
251.1313,11.05,216.962
251.0314,11.04423,217.06
250.9318,11.05,217.1581
250.8326,11.05,217.2565
250.7336,11.05,217.3554
250.6347,11.05,217.4545
250.5363,11.0498,217.5539
250.4383,11.05,217.6538
250.3406,11.05,217.7541
250.2434,11.05,217.8548
250.1466,11.05,217.9558
250.0502,11.04268,218.0573
249.9541,11.05,218.1591
249.8591,11.05,218.2612
249.7642,11.05,218.3641
249.6698,11.05,218.4674
249.576,11.05,218.5713
249.4826,11.05,218.6756
249.3901,11.05,218.7806
249.2979,11.05,218.886
249.2064,11.05,218.9918
249.1154,11.05,219.0982
249.0251,11.04921,219.2051
248.9356,11.05,219.3126
248.8466,11.05,219.4206
248.7582,11.05,219.5291
248.6705,11.05,219.6382
248.5834,11.05,219.7477
248.4966,11.05,219.8575
248.4107,11.05,219.968
248.3298,11.0431,220.074
248.2545,11.05,220.1733
248.1865,11.04625,220.2638
248.1257,11.05,220.3456
248.0723,11.04341,220.4182
248.0254,11.04919,220.4827
247.9858,11.05,220.5378
247.9534,11.05,220.5834
247.9283,11.05,220.6194
247.9104,11.05,220.6458
247.8996,11.05,220.6625
247.892,11.05,220.6742
247.8871,11.05,220.682
247.8842,11.05,220.6866
247.8828,11.05,220.6888
247.8823,11.05,220.6897
247.8822,11.05,220.6898
247.8822,11.05,220.6898
247.8822,11.05,220.6898
247.8822,11.05,220.6898
247.8822,11.05,220.6898
247.8822,11.05,220.6898
247.8822,11.05,220.6898
247.8822,11.05,220.6898
247.8822,11.05,220.6898
247.8822,11.05,220.6898
247.8822,11.05,220.6898
247.8822,11.05,220.6898
247.8822,11.05,220.6898
247.8822,11.05,220.6898
247.8822,11.05,220.6898
247.8822,11.05,220.6898
247.8822,11.05,220.6898
247.8822,11.05,220.6898
247.8822,11.05,220.6898
247.8822,11.05,220.6898
247.8822,11.05,220.6898
247.8821,11.05,220.6903
247.8816,11.05,220.6919
247.8804,11.05,220.6956
247.8784,11.05,220.7027
247.875,11.05,220.7149
247.8707,11.05,220.7313
247.8649,11.05,220.7539
247.8572,11.05,220.7851
247.848,11.05,220.8249
247.8373,11.04916,220.8741
247.8252,11.04259,220.9336
247.8123,11.05,221.0017
247.7983,11.04185,221.0803
247.7832,11.05,221.1706
247.767,11.05,221.272
247.7503,11.05,221.3854
247.7336,11.05,221.5108
247.7185,11.05,221.6481
247.7058,11.0458,221.7875
247.6946,11.05,221.9261
247.6855,11.04458,222.0656
247.6777,11.05,222.2041
247.6723,11.05,222.3437
247.6695,11.05,222.4836
247.6683,11.05,222.6235
247.6687,11.04435,222.7635
247.6719,11.05,222.9025
247.6767,11.04778,223.0421
247.6826,11.05,223.1811
247.6903,11.05,223.3208
247.6985,11.05,223.4605
247.7073,11.05,223.6002
247.7167,11.04967,223.7398
247.7265,11.05,223.8793
247.7367,11.04955,224.0189
247.7471,11.05,224.1583
247.7576,11.05,224.2978
247.7681,11.05,224.4374
247.7786,11.05,224.5769
247.789,11.05,224.7165
247.7995,11.048,224.856
247.81,11.05,224.9953
247.8205,11.05,225.1348
247.8309,11.05,225.2743
247.8414,11.05,225.4138
247.8519,11.05,225.5534
247.8624,11.05,225.6929
247.8728,11.05,225.8325
247.8833,11.04505,225.972
247.8938,11.05,226.1108
247.9042,11.05,226.2502
247.9147,11.05,226.3897
247.9252,11.05,226.5293
247.9357,11.05,226.6688
247.9461,11.05,226.8083
247.9566,11.05,226.9479
247.9671,11.04033,227.0874
247.9774,11.05,227.2255
247.9879,11.05,227.3642
247.9984,11.05,227.5038
248.0088,11.0499,227.6433
248.0193,11.04953,227.7829
248.0298,11.04889,227.9224
248.0403,11.04312,228.0619
248.0506,11.04678,228.2003
248.0611,11.0453,228.3397
248.0716,11.04354,228.4792
248.0821,11.04149,228.6187
248.0925,11.05,228.7583
248.103,11.05,228.8972
248.1135,11.04831,229.0367
248.1239,11.04832,229.1757
248.1344,11.05,229.315
248.1448,11.05,229.4545
248.1553,11.05,229.5941
248.1658,11.05,229.7336
248.1763,11.05,229.8732
248.1867,11.0498,230.0127
248.1972,11.05,230.1522
248.2077,11.04556,230.2917
248.2181,11.05,230.4306
248.2286,11.05,230.57
248.2391,11.05,230.7095
248.2496,11.05,230.8491
248.2602,11.05,230.9886
248.2709,11.05,231.1281
248.2816,11.05,231.2677
248.2925,11.0417,231.4072
248.3034,11.05,231.5457
248.3145,11.05,231.6846
248.3259,11.05,231.8241
248.3373,11.05,231.9635
248.3489,11.05,232.103
248.3608,11.05,232.2424
248.373,11.04995,232.3818
248.3854,11.05,232.5212
248.3981,11.05,232.6605
248.4111,11.05,232.7999
248.4243,11.05,232.9392
248.4378,11.04223,233.0784
248.4514,11.05,233.2164
248.4655,11.05,233.3551
248.4802,11.04988,233.4942
248.4953,11.05,233.6333
248.5109,11.05,233.7724
248.5269,11.05,233.9114
248.5433,11.04681,234.0504
248.56,11.05,234.1884
248.5777,11.05,234.3271
248.5957,11.05,234.4659
248.6143,11.05,234.6046
248.6336,11.04242,234.7432
248.6532,11.05,234.8808
248.6732,11.04956,235.0188
248.6938,11.05,235.1571
248.715,11.05,235.2954
248.737,11.05,235.4336
248.7597,11.05,235.5717
248.7833,11.05,235.7096
248.8076,11.04901,235.8474
248.8325,11.05,235.985
248.8579,11.05,236.1226
248.8842,11.05,236.2601
248.9114,11.05,236.3973
248.9392,11.05,236.5345
248.9681,11.05,236.6714
248.9965,11.05,236.8019
249.0228,11.04935,236.9206
249.0471,11.04626,237.0275
249.0692,11.04397,237.1229
249.089,11.04129,237.2064
249.1066,11.05,237.2784
249.1219,11.05,237.3392
249.1347,11.05,237.3884
249.1448,11.05,237.4258
249.1522,11.05,237.4516
249.1577,11.05,237.4706
249.1615,11.05,237.4831
249.164,11.05,237.4911
249.1655,11.05,237.4957
249.1663,11.05,237.4982
249.1665,11.05,237.4987
249.1665,11.05,237.4987
249.1665,11.05,237.4987
249.1665,11.05,237.4987
249.1665,11.05,237.4987
249.1665,11.05,237.4987
249.1665,11.05,237.4987
249.1665,11.05,237.4987
249.1665,11.05,237.4987
249.1665,11.05,237.4987
249.1665,11.05,237.4987
249.1665,11.05,237.4987
249.1665,11.05,237.4987
249.1665,11.05,237.4987
249.1665,11.05,237.4987
249.1665,11.05,237.4987
249.1665,11.05,237.4987
249.1665,11.05,237.4987
249.1665,11.05,237.4987
249.1665,11.05,237.4987
249.1665,11.05,237.4987
249.1665,11.05,237.4987
249.1665,11.05,237.4987
249.1665,11.05,237.4987
249.1665,11.05,237.4987
249.1665,11.05,237.4987
249.1665,11.05,237.4987
249.1665,11.05,237.4987
249.1665,11.05,237.4987
249.1665,11.05,237.4987
249.1665,11.05,237.4987
249.1665,11.05,237.4987
249.1665,11.05,237.4987
249.1665,11.05,237.4987
249.1665,11.05,237.4987
249.1665,11.05,237.4987
249.1665,11.05,237.4987
249.1665,11.05,237.4987
249.1665,11.05,237.4987
249.1665,11.05,237.4987
249.1665,11.05,237.4987
249.1665,11.05,237.4987
249.1665,11.05,237.4987
249.1665,11.05,237.4987
249.1665,11.05,237.4987
249.1665,11.05,237.4987
249.1665,11.05,237.4987
249.1665,11.05,237.4987
249.1665,11.05,237.4987
249.1665,11.05,237.4987
249.1665,11.05,237.4987
249.1665,11.05,237.4987
249.1665,11.05,237.4987
249.1665,11.05,237.4987
249.1665,11.05,237.4987
249.1665,11.05,237.4987
249.1665,11.05,237.4987
249.1665,11.05,237.4987
249.1665,11.05,237.4987
249.1665,11.05,237.4987
249.1665,11.05,237.4987
249.1665,11.05,237.4987
249.1665,11.05,237.4987
249.1665,11.05,237.4987
249.1665,11.05,237.4987
249.1665,11.05,237.4987
249.1665,11.05,237.4987
249.1665,11.05,237.4987
249.1665,11.05,237.4987
249.1665,11.05,237.4987
249.1665,11.05,237.4987
249.1665,11.05,237.4987
249.1665,11.05,237.4987
249.1665,11.05,237.4987
249.1665,11.05,237.4987
249.1665,11.05,237.4987
249.1665,11.05,237.4987
249.1665,11.05,237.4987
249.1665,11.05,237.4987
249.1665,11.05,237.4987
249.1665,11.05,237.4987
249.1665,11.05,237.4987
249.1665,11.05,237.4987
249.1665,11.05,237.4987
249.166,11.05,237.4982
249.1644,11.05,237.4963
249.1611,11.05,237.4925
249.1553,11.05,237.4858
249.1477,11.05,237.4771
249.1351,11.05,237.4625
249.119,11.05,237.4439
249.099,11.05,237.4208
249.0736,11.04317,237.3914
249.0434,11.04763,237.3566
249.0083,11.04991,237.3159
248.9654,11.05,237.2663
248.9146,11.05,237.2076
248.8559,11.05,237.1398
248.7894,11.04502,237.0629
248.7171,11.05,236.9793
248.637,11.05,236.8868
248.5491,11.05,236.7852
248.4576,11.05,236.6794
248.366,11.05,236.5735
248.2744,11.05,236.4677
248.1828,11.05,236.3618
248.0912,11.05,236.256
247.9997,11.05,236.1501
247.9081,11.04754,236.0443
247.8168,11.04059,235.9388
247.7252,11.04268,235.8329
247.6337,11.0445,235.7271
247.5421,11.04606,235.6213
247.4505,11.04736,235.5155
247.359,11.04839,235.4097
247.2674,11.04917,235.3038
247.1758,11.04969,235.198
247.0843,11.04102,235.0921
246.9931,11.05,234.9868
246.902,11.05,234.8815
246.8104,11.05,234.7756
246.7189,11.05,234.6698
246.6273,11.05,234.5639
246.5357,11.05,234.4581
246.4441,11.05,234.3523
246.3525,11.05,234.2464
246.261,11.05,234.1406
246.1694,11.04849,234.0347
246.078,11.04232,233.9291
245.9869,11.05,233.8238
245.8957,11.05,233.7184
245.8041,11.05,233.6125
245.7125,11.05,233.5067
245.6209,11.05,233.4008
245.5294,11.05,233.295
245.4378,11.05,233.1891
245.3462,11.04123,233.0833
245.2551,11.05,232.978
245.164,11.05,232.8727
245.0724,11.04339,232.7668
244.9812,11.05,232.6614
244.8899,11.05,232.5559
244.7983,11.05,232.45
244.7067,11.05,232.3442
244.6151,11.05,232.2383
244.5236,11.05,232.1325
244.432,11.04911,232.0266
244.3405,11.05,231.9209
244.2489,11.05,231.8151
244.1574,11.05,231.7092
244.0658,11.04455,231.6034
243.9745,11.05,231.4979
243.8831,11.05,231.3923
243.7916,11.05,231.2864
243.7,11.05,231.1806
243.6084,11.04295,231.0748
243.5173,11.05,230.9694
243.426,11.05,230.8639
243.3344,11.05,230.7581
243.2428,11.05,230.6522
243.1513,11.05,230.5464
243.0597,11.04552,230.4405
242.9684,11.05,230.335
242.8769,11.05,230.2293
242.7854,11.05,230.1235
242.6938,11.04961,230.0176
242.6022,11.05,229.9118
242.5107,11.05,229.806
242.4191,11.05,229.7001
242.3275,11.05,229.5943
242.2359,11.05,229.4884
242.1444,11.05,229.3826
242.0528,11.0465,229.2768
241.9615,11.05,229.1712
241.87,11.04461,229.0654
241.7788,11.05,228.9601
241.6874,11.05,228.8544
241.5958,11.05,228.7486
241.5042,11.05,228.6427
241.4127,11.04023,228.5369
241.3211,11.04237,228.4311
241.2296,11.04423,228.3253
241.138,11.04583,228.2195
241.0464,11.0473,228.1136
240.9551,11.04824,228.0081
240.8636,11.04906,227.9023
240.772,11.04963,227.7964
240.6804,11.04994,227.6906
240.5888,11.05,227.5847
240.4973,11.05,227.4789
240.4057,11.05,227.373
240.3141,11.05,227.2672
240.2225,11.05,227.1613
240.131,11.04613,227.0555
240.0397,11.04803,226.95
239.9483,11.05,226.8444
239.8568,11.05,226.7386
239.7652,11.05,226.6328
239.6736,11.05,226.5269
239.582,11.05,226.4211
239.4905,11.05,226.3152
239.399,11.05,226.2093
239.3075,11.05,226.1034
239.2161,11.05,225.9974
239.1247,11.05,225.8914
239.0333,11.04861,225.7854
238.942,11.05,225.6795
238.8506,11.05,225.5735
238.7593,11.05,225.4675
238.6679,11.05,225.3615
238.5766,11.05,225.2554
238.4854,11.05,225.1493
238.3942,11.04768,225.0431
238.3034,11.05,224.9371
238.2125,11.05,224.8307
238.1217,11.05,224.7243
238.031,11.0488,224.6176
237.9405,11.05,224.5111
237.85,11.05,224.4043
237.7598,11.05,224.2973
237.6697,11.05,224.1902
237.5821,11.04073,224.0856
237.4992,11.05,223.9865
237.4237,11.05,223.8958
237.3559,11.05,223.8143
237.296,11.05,223.7419
237.2438,11.05,223.6786
237.1994,11.05,223.6245
237.1628,11.05,223.5796
237.1339,11.05,223.5439
237.1126,11.05,223.5174
237.0987,11.05,223.4999
237.0895,11.05,223.4881
237.0833,11.04122,223.4803
237.0797,11.04198,223.4756
237.0775,11.04241,223.4728
237.0769,11.04254,223.4719
237.0768,11.04255,223.4718
237.0768,11.04255,223.4718
237.0768,11.04255,223.4718
237.0768,11.04255,223.4718
237.0768,11.04255,223.4718
237.0768,11.04255,223.4718
237.0768,11.04255,223.4718
237.0768,11.04255,223.4718
237.0768,11.04255,223.4718
237.0768,11.04255,223.4718
237.0768,11.04255,223.4718
237.0768,11.04255,223.4718
237.0768,11.04255,223.4718
237.0768,11.04255,223.4718
237.0768,11.04255,223.4718
237.0768,11.04255,223.4718
237.0768,11.04255,223.4718
237.0768,11.04255,223.4718
237.0768,11.04255,223.4718
237.0768,11.04255,223.4718
237.0768,11.04255,223.4718
237.0768,11.04255,223.4718
237.0768,11.04255,223.4718
237.0768,11.04255,223.4718
237.0768,11.04255,223.4718
237.0768,11.04255,223.4718
237.0768,11.04255,223.4718
237.0768,11.04255,223.4718
237.0768,11.04255,223.4718
237.0768,11.04255,223.4718
237.0768,11.04255,223.4718
237.0768,11.04255,223.4718
237.0768,11.04255,223.4718
237.0768,11.04255,223.4718
237.0768,11.04255,223.4718
237.0768,11.04255,223.4718
237.0768,11.04255,223.4718
237.0768,11.04255,223.4718
237.0768,11.04255,223.4718
237.0768,11.04255,223.4718
237.0768,11.04255,223.4718
237.0768,11.04255,223.4718
237.0768,11.04255,223.4718
237.0768,11.04255,223.4718
237.0768,11.04255,223.4718
237.077,11.04253,223.4722
237.0775,11.04243,223.4738
237.0787,11.04219,223.4776
237.0804,11.04184,223.4833
237.0838,11.04113,223.4946
237.0884,11.0401,223.5109
237.0946,11.05,223.5335
237.1008,11.05,223.5571
237.1097,11.05,223.5925
237.1209,11.05,223.6396
237.1334,11.05,223.6949
237.1478,11.05,223.7612
237.1641,11.05,223.8394
237.1819,11.05,223.9294
237.2012,11.04877,224.0314
237.2215,11.05,224.1445
237.2423,11.04953,224.2696
237.2622,11.05,224.4063
237.2801,11.05,224.5451
237.2966,11.05,224.6841
237.3117,11.05,224.8232
237.3245,11.05,224.9625
237.3354,11.05,225.102
237.3439,11.05,225.2417
237.3504,11.0494,225.3815
237.3555,11.05,225.5212
237.3586,11.05,225.6611
237.3597,11.05,225.8011
237.3583,11.05,225.941
237.3549,11.04174,226.0809
237.3504,11.05,226.2194
237.3423,11.04984,226.3585
237.3326,11.05,226.498
237.3208,11.05,226.6375
237.3074,11.05,226.7768
237.2935,11.05,226.916
237.2769,11.04621,227.055
237.2587,11.05,227.1927
237.2371,11.04447,227.3308
237.214,11.05,227.4678
237.1875,11.05,227.6049
237.1587,11.05,227.7419
237.1288,11.05,227.8786
237.0967,11.04973,228.0148
237.0618,11.04521,228.1502
237.024,11.04928,228.2848
236.9845,11.05,228.4189
236.9438,11.05,228.5528
236.9026,11.05,228.6866
236.8606,11.05,228.82
236.8183,11.05,228.9534
236.7759,11.04047,229.0868
236.734,11.05,229.2188
236.6919,11.05,229.3515
236.6495,11.05,229.4848
236.6071,11.04992,229.6182
236.5648,11.05,229.7515
236.5224,11.05,229.8849
236.48,11.04958,230.0183
236.4377,11.05,230.1515
236.3953,11.05,230.2849
236.3529,11.04732,230.4183
236.3108,11.05,230.551
236.2684,11.05,230.6843
236.226,11.05,230.8176
236.1837,11.05,230.951
236.1413,11.041,231.0844
236.0993,11.04133,231.2164
236.0575,11.04585,231.3481
236.0152,11.04971,231.4812
235.9729,11.05,231.6144
235.9305,11.05,231.7478
235.8881,11.05,231.8811
235.8458,11.04974,232.0145
235.8034,11.05,232.1478
235.761,11.05,232.2812
235.7187,11.05,232.4146
235.6763,11.05,232.5479
235.6339,11.04859,232.6813
235.5916,11.05,232.8143
235.5493,11.05,232.9477
235.5069,11.04171,233.081
235.4649,11.05,233.2131
235.4227,11.05,233.3459
235.3804,11.04384,233.4793
235.3383,11.05,233.6116
235.2961,11.05,233.7446
235.2537,11.05,233.878
235.2113,11.04984,234.0114
235.1689,11.05,234.1447
235.1266,11.05,234.2781
235.0842,11.04104,234.4115
235.0419,11.0478,234.5446
234.9997,11.05,234.6775
234.9573,11.05,234.8108
234.9149,11.04946,234.9442
234.8726,11.04243,235.0774
234.8307,11.05,235.2093
234.7885,11.05,235.3422
234.7461,11.05,235.4756
234.7037,11.05,235.609
234.6613,11.04588,235.7423
234.6193,11.05,235.8748
234.5769,11.04992,236.008
234.5346,11.05,236.1414
234.4922,11.05,236.2747
234.4498,11.05,236.4081
234.4075,11.05,236.5415
234.3651,11.05,236.6749
234.3227,11.05,236.8082
234.2803,11.05,236.9416
234.2379,11.04292,237.075
234.196,11.04992,237.2071
234.1537,11.05,237.3401
234.1113,11.05,237.4734
234.069,11.04401,237.6068
234.0267,11.04911,237.74
233.9844,11.05,237.8731
233.942,11.04739,238.0065
233.8998,11.05,238.1392
233.8575,11.05,238.2725
233.8151,11.05,238.4059
233.7727,11.05,238.5393
233.7303,11.05,238.6726
233.688,11.04119,238.806
233.646,11.05,238.9381
233.6038,11.04367,239.0709
233.5619,11.05,239.2029
233.5196,11.05,239.3359
233.4772,11.05,239.4693
233.4349,11.05,239.6026
233.3925,11.05,239.736
233.3501,11.05,239.8694
233.3077,11.04999,240.0028
233.2654,11.05,240.1361
233.223,11.04865,240.2695
233.1807,11.05,240.4025
233.1384,11.05,240.5359
233.096,11.05,240.6693
233.0536,11.04639,240.8026
233.0113,11.04984,240.9359
232.9689,11.04275,241.0692
232.927,11.05,241.2012
232.8847,11.05,241.3342
232.8423,11.05,241.4675
232.8,11.05,241.6009
232.7576,11.05,241.7343
232.7152,11.05,241.8676
232.6728,11.05,242.001
232.6305,11.05,242.1344
232.5881,11.05,242.2678
232.5457,11.05,242.4011
232.5033,11.04939,242.5345
232.461,11.05,242.6677
232.4186,11.05,242.8011
232.3763,11.05,242.9344
232.3339,11.04421,243.0678
232.2919,11.05,243.2001
232.2496,11.04561,243.3332
232.2075,11.05,243.4656
232.1652,11.05,243.5988
232.1228,11.05,243.7321
232.0805,11.04182,243.8655
232.0382,11.04817,243.9987
231.996,11.05,244.1317
231.9538,11.05,244.2651
231.9116,11.05,244.3985
231.8696,11.05,244.532
231.8277,11.05,244.6655
231.7859,11.04989,244.7991
231.7443,11.05,244.9326
231.703,11.04446,245.0663
231.662,11.05,245.199
231.6212,11.05,245.3325
231.5804,11.05,245.4664
231.54,11.04771,245.6004
231.5,11.05,245.7339
231.4602,11.05,245.868
231.4207,11.04999,246.0022
231.3816,11.05,246.1366
231.3427,11.05,246.271
231.3042,11.04353,246.4055
231.2663,11.05,246.5391
231.2288,11.05,246.6735
231.1916,11.05,246.8084
231.1549,11.05,246.9435
231.1188,11.04219,247.0787
231.0832,11.04126,247.2126
231.0478,11.04713,247.3478
231.0132,11.04978,247.483
230.9791,11.05,247.6187
230.9454,11.05,247.7545
230.9125,11.05,247.8905
230.8802,11.04911,248.0267
230.8487,11.05,248.1628
230.8176,11.05,248.2992
230.7869,11.05,248.4357
230.7568,11.05,248.5724
230.7274,11.05,248.7092
230.699,11.05,248.8462
230.6714,11.05,248.9834
230.6448,11.05,249.1208
230.6188,11.05,249.2583
230.5936,11.05,249.3959
230.5694,11.05,249.5338
230.5461,11.04,249.6717
230.5234,11.05,249.8085
230.5021,11.05,249.946
230.4814,11.041,250.0844
230.4614,11.05,250.2214
230.4427,11.05,250.3594
230.424,11.04656,250.4981
230.4067,11.05,250.6362
230.3903,11.05,250.7751
230.3752,11.05,250.9142
230.3611,11.04642,251.0534
230.348,11.05,251.1918
230.3363,11.05,251.3311
230.3252,11.05,251.4706
230.3155,11.05,251.6102
230.3069,11.05,251.7499
230.2995,11.05,251.8896
230.2936,11.04892,252.0294
230.2888,11.05,252.1689
230.2856,11.04966,252.3088
230.2834,11.05,252.4487
230.2817,11.05,252.5886
230.2817,11.05,252.7285
230.2829,11.05,252.8684
230.2858,11.04991,253.0083
230.2901,11.05,253.1482
230.2957,11.05,253.288
230.303,11.04016,253.4277
230.3111,11.05,253.5664
230.3208,11.05,253.7051
230.3324,11.05,253.8446
230.3454,11.05,253.9839
230.3603,11.05,254.1231
230.3766,11.05,254.262
230.3945,11.04998,254.4008
230.4143,11.0401,254.5394
230.4349,11.05,254.6767
230.4568,11.05,254.814
230.4805,11.05,254.952
230.5058,11.05,255.0896
230.5326,11.05,255.2269
230.5611,11.05,255.3639
230.5916,11.05,255.5005
230.6234,11.04989,255.6368
230.6559,11.04136,255.7729
230.69,11.05,255.9078
230.7258,11.04774,256.0424
230.7637,11.05,256.1764
230.8035,11.05,256.3105
230.845,11.05,256.4442
230.8888,11.05,256.5771
230.9338,11.05,256.7096
230.9801,11.05,256.8416
231.0283,11.049,256.9731
231.0782,11.04228,257.1037
231.1302,11.04331,257.2333
231.1841,11.05,257.3621
231.2392,11.05,257.4903
231.2968,11.05,257.6178
231.3553,11.05,257.7449
231.4156,11.05,257.8712
231.4778,11.05,257.9966
231.5423,11.05,258.1208
231.6086,11.05,258.244
231.6768,11.05,258.3663
231.7472,11.05,258.4872
231.8186,11.05,258.6076
231.8918,11.05,258.7268
231.9669,11.05,258.8449
232.0443,11.04754,258.9615
232.1234,11.04257,259.0767
232.2032,11.05,259.1901
232.2863,11.04984,259.3022
232.3715,11.04891,259.4132
232.4575,11.04726,259.5236
232.5454,11.04523,259.6325
232.6351,11.04307,259.7399
232.7271,11.04114,259.8455
232.8208,11.05,259.9494
232.9162,11.04676,260.0508
233.0135,11.04977,260.1507
233.1128,11.05,260.2491
233.2139,11.05,260.3459
233.3167,11.04024,260.4409
233.4216,11.04209,260.5336
233.5281,11.04417,260.6244
233.6363,11.04629,260.7132
233.7464,11.04823,260.7995
233.8581,11.04959,260.8838
233.9713,11.05,260.966
234.0861,11.04062,261.0461
234.2007,11.05,261.1242
234.3182,11.05,261.199
234.4377,11.05,261.2719
234.5586,11.05,261.3425
234.6811,11.05,261.4102
234.805,11.05,261.4754
234.9301,11.05,261.5382
235.0564,11.046,261.5985
235.1829,11.05,261.6563
235.3116,11.05,261.7108
235.4416,11.05,261.7628
235.5726,11.05,261.8121
235.7047,11.05,261.8588
235.8373,11.04727,261.9034
235.9703,11.05,261.9465
236.1043,11.05,261.987
236.2391,11.04924,262.0246
236.3749,11.04568,262.0586
236.5113,11.05,262.0897
236.6483,11.05,262.1179
236.7861,11.05,262.1428
236.9241,11.05,262.1661
237.0624,11.0451,262.1879
237.1997,11.04995,262.209
237.338,11.05,262.2295
237.4764,11.05,262.2501
237.6149,11.05,262.2706
237.7534,11.05,262.2912
237.8919,11.05,262.3117
238.0304,11.04885,262.3323
238.1685,11.05,262.3528
238.3069,11.04723,262.3734
238.4451,11.05,262.3939
238.5835,11.05,262.4144
238.722,11.05,262.435
238.8605,11.05,262.4555
238.999,11.05,262.4761
239.1375,11.05,262.4966
239.2759,11.05,262.5172
239.4144,11.04038,262.5378
239.5523,11.04998,262.5582
239.69,11.05,262.5786
239.8284,11.05,262.5992
239.9669,11.05,262.6198
240.1054,11.05,262.6403
240.2439,11.05,262.6609
240.3824,11.05,262.6814
240.5209,11.05,262.702
240.6593,11.0475,262.7225
240.7975,11.05,262.7431
240.936,11.05,262.7636
241.0744,11.04301,262.7842
241.2116,11.05,262.8045
241.3497,11.05,262.825
241.4882,11.05,262.8456
241.6267,11.05,262.8661
241.7652,11.04066,262.8867
241.903,11.04999,262.9072
242.0408,11.04792,262.9276
