-0.01078719,0.7117287,-0.01093224,0.7022866
-0.01072904,0.7154442,-0.01098931,0.6985011
-0.01066983,0.7191878,-0.01104681,0.6946461
-0.01060931,0.7229723,-0.01110494,0.6907064
-0.0105477,0.726783,-0.01116347,0.6866955
-0.01042116,0.7344795,-0.01128169,0.6784571
-0.01035622,0.7383624,-0.01134133,0.6742293
-0.01029015,0.7422674,-0.01140131,0.6699278
-0.01022293,0.7461937,-0.01146162,0.6655518
-0.0100846,0.7541297,-0.01158352,0.656546
-0.01001367,0.7581254,-0.01164489,0.651928
-0.009941553,0.7621378,-0.01170652,0.6472328
-0.009868237,0.7661657,-0.01176839,0.6424596
-0.009793472,0.7702211,-0.01183068,0.6375921
-0.009640294,0.7783687,-0.01195583,0.6276197
-0.009561852,0.782459,-0.01201866,0.6225128
-0.009482162,0.7865586,-0.01208163,0.6173247
-0.009401215,0.7906663,-0.01214472,0.6120548
-0.009318979,0.7947819,-0.01220794,0.6067009
-0.009150214,0.80305,-0.01233494,0.5957137
-0.009063888,0.8071887,-0.01239851,0.5900936
-0.008976252,0.8113289,-0.0124621,0.5843881
-0.00888706,0.8154801,-0.01252587,0.5785814
-0.008796534,0.8196298,-0.0125896,0.5726877
-0.008611476,0.8279174,-0.0127169,0.5606399
-0.008516929,0.8320523,-0.01278042,0.5544845
-0.008421023,0.8361796,-0.01284381,0.5482407
-0.008323749,0.8402977,-0.01290707,0.5419077
-0.008225093,0.8444052,-0.01297016,0.5354849
-0.008023128,0.8526014,-0.01309605,0.5223362
-0.007920044,0.8566768,-0.01315865,0.5156251
-0.007815557,0.8607344,-0.01322098,0.5088225
-0.007709657,0.864773,-0.01328301,0.5019281
-0.00760209,0.8687999,-0.01334486,0.4949251
-0.007382638,0.8767846,-0.01346751,0.480638
-0.007270753,0.8807385,-0.01352824,0.4733539
-0.007157426,0.8846642,-0.01358854,0.4659758
-0.007042648,0.88856,-0.01364838,0.4585033
-0.006926149,0.8924328,-0.01370787,0.4509188
-0.006688794,0.900074,-0.01382524,0.4354662
-0.006567912,0.9038393,-0.01388307,0.4275963
-0.006445559,0.9075651,-0.0139403,0.4196307
-0.006321735,0.9112491,-0.01399689,0.4115693
-0.006234276,0.9137994,-0.01403606,0.4058754
-0.006147528,0.916287,-0.01407427,0.4002278
-0.006147528,0.916287,-0.01407427,0.4002278
-0.006147528,0.916287,-0.01407427,0.4002278
-0.006147528,0.916287,-0.01407427,0.4002278
-0.006147528,0.916287,-0.01407427,0.4002278
-0.006147528,0.916287,-0.01407427,0.4002278
-0.006147528,0.916287,-0.01407427,0.4002278
-0.006147528,0.916287,-0.01407427,0.4002278
-0.006147528,0.916287,-0.01407427,0.4002278
-0.006147528,0.916287,-0.01407427,0.4002278
-0.006147528,0.916287,-0.01407427,0.4002278
-0.006147528,0.916287,-0.01407427,0.4002278
-0.006147528,0.916287,-0.01407427,0.4002278
-0.006147528,0.916287,-0.01407427,0.4002278
-0.006147528,0.916287,-0.01407427,0.4002278
-0.006147528,0.916287,-0.01407427,0.4002278
-0.006147528,0.916287,-0.01407427,0.4002278
-0.006147528,0.916287,-0.01407427,0.4002278
-0.006147528,0.916287,-0.01407427,0.4002278
-0.006147528,0.916287,-0.01407427,0.4002278
-0.006147528,0.916287,-0.01407427,0.4002278
-0.006147528,0.916287,-0.01407427,0.4002278
-0.006147528,0.916287,-0.01407427,0.4002278
-0.006147528,0.916287,-0.01407427,0.4002278
-0.006147528,0.916287,-0.01407427,0.4002278
-0.006147528,0.916287,-0.01407427,0.4002278
-0.006147528,0.916287,-0.01407427,0.4002278
-0.006147528,0.916287,-0.01407427,0.4002278
-0.006147528,0.916287,-0.01407427,0.4002278
-0.006147528,0.916287,-0.01407427,0.4002278
-0.006147528,0.916287,-0.01407427,0.4002278
-0.006147528,0.916287,-0.01407427,0.4002278
-0.006147528,0.916287,-0.01407427,0.4002278
-0.006147528,0.916287,-0.01407427,0.4002278
-0.006147528,0.916287,-0.01407427,0.4002278
-0.006147528,0.916287,-0.01407427,0.4002278
-0.006147528,0.916287,-0.01407427,0.4002278
-0.006147528,0.916287,-0.01407427,0.4002278
-0.006147528,0.916287,-0.01407427,0.4002278
-0.006147528,0.916287,-0.01407427,0.4002278
-0.006147528,0.916287,-0.01407427,0.4002278
-0.006147528,0.916287,-0.01407427,0.4002278
-0.006147528,0.916287,-0.01407427,0.4002278
-0.006147528,0.916287,-0.01407427,0.4002278
-0.006147528,0.916287,-0.01407427,0.4002278
-0.006147528,0.916287,-0.01407427,0.4002278
-0.006147528,0.916287,-0.01407427,0.4002278
-0.006147528,0.916287,-0.01407427,0.4002278
-0.006147528,0.916287,-0.01407427,0.4002278
-0.006147528,0.916287,-0.01407427,0.4002278
-0.006147528,0.916287,-0.01407427,0.4002278
-0.006148512,0.916259,-0.01407384,0.4002919
-0.006150748,0.9161954,-0.01407286,0.4004374
-0.006153942,0.9161045,-0.01407147,0.4006454
-0.006158132,0.9159851,-0.01406963,0.4009182
-0.006169441,0.9156625,-0.01406468,0.4016544
-0.006176554,0.9154593,-0.01406156,0.4021176
-0.006184923,0.9152197,-0.01405788,0.4026624
-0.006194259,0.914952,-0.01405377,0.4032702
-0.006204573,0.9146558,-0.01404922,0.4039417
-0.006228118,0.9139773,-0.01403879,0.4054745
-0.00624135,0.9135946,-0.01403292,0.406336
-0.006255823,0.913175,-0.01402647,0.4072782
-0.006271251,0.9127263,-0.01401958,0.4082827
-0.006287644,0.9122483,-0.01401223,0.4093499
-0.006323332,0.9112021,-0.01399617,0.4116733
-0.006342619,0.9106338,-0.01398744,0.412929
-0.006363142,0.9100266,-0.01397811,0.4142652
-0.006384623,0.9093887,-0.01396831,0.4156637
-0.00640704,0.9087202,-0.01395804,0.4171231
-0.006454749,0.9072881,-0.01393604,0.4202291
-0.006454749,0.9072881,-0.01393604,0.4202291
-0.0065068,0.9057109,-0.01391182,0.4236178
-0.006534236,0.9048733,-0.01389895,0.425404
-0.006562609,0.9040024,-0.01388558,0.4272512
-0.006622166,0.9021598,-0.01385727,0.4311286
-0.006653614,0.9011785,-0.0138422,0.433176
-0.006685986,0.9001625,-0.0138266,0.4352835
-0.006719278,0.8991112,-0.01381045,0.4374509
-0.006753479,0.8980244,-0.01379375,0.4396776
-0.006824663,0.8957406,-0.01375867,0.4443119
-0.006824663,0.8957406,-0.01375867,0.4443119
-0.006900025,0.8932901,-0.01372103,0.4492182
-0.006939056,0.8920077,-0.01370134,0.4517593
-0.006978973,0.8906868,-0.01368105,0.4543581
-0.007061462,0.8879267,-0.01363865,0.4597284
-0.007104295,0.8864774,-0.01361639,0.462517
-0.007148013,0.8849866,-0.01359349,0.4653632
-0.007192594,0.8834543,-0.01356996,0.4682656
-0.007238028,0.8818802,-0.01354578,0.4712235
-0.007331474,0.8786023,-0.01349543,0.4773072
-0.007379733,0.8768882,-0.0134691,0.4804491
-0.007428829,0.8751293,-0.01344208,0.4836454
-0.007478745,0.8733254,-0.01341437,0.4868951
-0.0075295,0.871475,-0.01338595,0.4901995
-0.007633471,0.8676327,-0.01332693,0.4969684
-0.007686669,0.8656398,-0.01329632,0.5004318
-0.007740926,0.8635881,-0.01326481,0.5039641
-0.007795961,0.8614872,-0.01323254,0.5075471
-0.00785179,0.8593355,-0.01319949,0.5111818
-0.007965766,0.8548777,-0.01313101,0.5186021
-0.00802415,0.8525604,-0.01309542,0.5224031
-0.00808328,0.8501896,-0.013059,0.5262527
-0.008143141,0.8477649,-0.01302176,0.5301498
-0.008203736,0.8452852,-0.01298367,0.5340948
-0.008327084,0.8401574,-0.01290491,0.5421252
-0.008390071,0.8374972,-0.01286405,0.5462259
-0.008453746,0.8347788,-0.01282229,0.5503714
-0.008518104,0.8320012,-0.01277963,0.5545613
-0.008583126,0.8291641,-0.01273605,0.5587944
-0.008715132,0.823307,-0.01264609,0.5673885
-0.008782337,0.8202745,-0.01259951,0.5717638
-0.008850176,0.8171783,-0.01255195,0.5761804
-0.008918612,0.8140186,-0.01250341,0.5806358
-0.008987655,0.8107936,-0.01245388,0.5851308
-0.009127485,0.8041455,-0.01235176,0.5942342
-0.009127485,0.8041455,-0.01235176,0.5942342
-0.009270051,0.7972031,-0.01224513,0.6035157
-0.009342137,0.7936286,-0.01219022,0.6082088
-0.009414727,0.7899843,-0.01213425,0.6129347
-0.009487843,0.786268,-0.01207716,0.6176948
-0.00963598,0.7785947,-0.0119593,0.6273391
-0.009710743,0.7746479,-0.01189868,0.6322064
-0.009785936,0.7706267,-0.01183691,0.6371018
-0.009861561,0.7665298,-0.01177398,0.6420252
-0.009937594,0.7623564,-0.01170988,0.6469752
-0.01009128,0.7537511,-0.0115777,0.6569806
-0.01016864,0.7493312,-0.01150981,0.6620172
-0.01024636,0.7448308,-0.01144068,0.6670766
-0.01032439,0.7402496,-0.01137032,0.6721568
-0.01040272,0.7355868,-0.01129869,0.6772563
-0.01056065,0.7259858,-0.01115122,0.6875382
-0.01063999,0.7210589,-0.01107555,0.6927035
-0.01071954,0.7160477,-0.01099857,0.6978824
-0.0107993,0.7109494,-0.01092026,0.7030754
-0.01087924,0.7057647,-0.01084063,0.7082798
-0.01104,0.6951035,-0.01067687,0.7187456
-0.01112056,0.6896387,-0.01059293,0.7239908
-0.01120123,0.6840833,-0.0105076,0.7292422
-0.01128195,0.6784376,-0.01042088,0.7344975
-0.01136292,0.6726853,-0.01033252,0.7397693
-0.01145967,0.6656927,-0.01022512,0.7460679
-0.01147551,0.6645353,-0.01020734,0.747099
-0.01147551,0.6645353,-0.01020734,0.747099
-0.01147551,0.6645353,-0.01020734,0.747099
-0.01147551,0.6645353,-0.01020734,0.747099
-0.01147551,0.6645353,-0.01020734,0.747099
-0.01147551,0.6645353,-0.01020734,0.747099
-0.01147551,0.6645353,-0.01020734,0.747099
-0.01147551,0.6645353,-0.01020734,0.747099
-0.01147551,0.6645353,-0.01020734,0.747099
-0.01147551,0.6645353,-0.01020734,0.747099
-0.01147551,0.6645353,-0.01020734,0.747099
-0.01147551,0.6645353,-0.01020734,0.747099
-0.01147551,0.6645353,-0.01020734,0.747099
-0.01147551,0.6645353,-0.01020734,0.747099
-0.01147551,0.6645353,-0.01020734,0.747099
-0.01147551,0.6645353,-0.01020734,0.747099
-0.01147551,0.6645353,-0.01020734,0.747099
-0.01147551,0.6645353,-0.01020734,0.747099
-0.01147551,0.6645353,-0.01020734,0.747099
-0.01147551,0.6645353,-0.01020734,0.747099
-0.01147551,0.6645353,-0.01020734,0.747099
-0.01147551,0.6645353,-0.01020734,0.747099
-0.01147551,0.6645353,-0.01020734,0.747099
-0.0114746,0.6646016,-0.01020836,0.74704
-0.01147064,0.6648917,-0.01021281,0.7467819
-0.0114676,0.665114,-0.01021623,0.7465839
-0.01146384,0.6653885,-0.01022044,0.7463393
-0.01145937,0.6657145,-0.01022545,0.7460485
-0.011454,0.6661065,-0.01023147,0.7456985
-0.01144112,0.6670439,-0.01024587,0.7448602
-0.0114336,0.6675901,-0.01025426,0.7443706
-0.01142536,0.6681874,-0.01026344,0.7438346
-0.01141641,0.6688358,-0.0102734,0.7432516
-0.01140655,0.6695486,-0.01028434,0.7426094
-0.0113846,0.6711298,-0.01030863,0.7411808
-0.01137254,0.6719964,-0.01032194,0.7403952
-0.01135974,0.6729133,-0.01033603,0.739562
-0.0113462,0.6738804,-0.01035088,0.7386808
-0.01133172,0.6749122,-0.01036673,0.7377383
-0.01130057,0.6771228,-0.01040068,0.7357098
-0.01128384,0.6783037,-0.01041882,0.7346212
-0.01126637,0.6795337,-0.01043771,0.7334836
-0.01124814,0.6808127,-0.01045736,0.7322965
-0.01122894,0.6821545,-0.01047797,0.7310467
-0.01122894,0.6821545,-0.01047797,0.7310467
-0.01122894,0.6821545,-0.01047797,0.7310467
-0.01122894,0.6821545,-0.01047797,0.7310467
-0.01122894,0.6821545,-0.01047797,0.7310467
-0.01122894,0.6821545,-0.01047797,0.7310467
-0.01122894,0.6821545,-0.01047797,0.7310467
-0.01122967,0.6821035,-0.01047719,0.7310944
-0.01123114,0.6820014,-0.01047562,0.7311896
-0.01123353,0.6818342,-0.01047305,0.7313456
-0.01123665,0.681616,-0.0104697,0.7315488
-0.01124507,0.6810277,-0.01046066,0.7320967
-0.01125036,0.6806568,-0.01045497,0.7324415
-0.01125638,0.680235,-0.01044849,0.7328332
-0.01126333,0.6797473,-0.01044099,0.7332856
-0.011271,0.6792082,-0.01043271,0.7337849
-0.01128849,0.6779763,-0.01041379,0.7349234
-0.0112983,0.6772829,-0.01040314,0.7355624
-0.01130883,0.6765376,-0.0103917,0.736248
-0.01132027,0.6757263,-0.01037923,0.7369926
-0.01133242,0.6748629,-0.01036597,0.7377833
-0.01135882,0.6729792,-0.01033704,0.7395021
-0.01137307,0.6719581,-0.01032135,0.7404299
-0.011388,0.6708851,-0.01030487,0.7414023
-0.01140384,0.6697443,-0.01028735,0.742433
-0.01142034,0.6685514,-0.01026903,0.7435073
-0.01145542,0.6660022,-0.01022987,0.7457917
-0.01147398,0.6646468,-0.01020905,0.7469999
-0.01149339,0.663224,-0.0101872,0.7482634
-0.01151349,0.661745,-0.01016448,0.7495717
-0.01153424,0.6602113,-0.01014092,0.7509229
-0.01157771,0.6569785,-0.01009127,0.7537529
-0.01160041,0.6552793,-0.01006517,0.7552306
-0.01162374,0.6535244,-0.01003821,0.7567497
-0.0116479,0.6516984,-0.01001016,0.7583228
-0.01167269,0.649816,-0.009981249,0.7599364
-0.0117241,0.6458809,-0.009920805,0.7632837
-0.01175073,0.6438269,-0.009889255,0.7650171
-0.01177795,0.641715,-0.009856816,0.7667894
-0.01180596,0.6395296,-0.00982325,0.768613
-0.01183455,0.6372865,-0.009788795,0.770474
-0.01189346,0.6326211,-0.009717134,0.7743093
-0.01192375,0.6301988,-0.009679927,0.7762818
-0.01195478,0.6277025,-0.009641584,0.7783018
-0.01198637,0.6251436,-0.009602278,0.7803586
-0.0120185,0.622524,-0.00956204,0.78245
-0.01208431,0.6171002,-0.00947873,0.7867348
-0.01211799,0.614295,-0.009435643,0.7889271
-0.01215215,0.6114275,-0.009391597,0.7911515
-0.01218698,0.6084825,-0.009346361,0.7934188
-0.0122223,0.6054722,-0.009300123,0.7957183
-0.01229432,0.5992603,-0.009204708,0.8004069
-0.012331,0.5960569,-0.009155503,0.8027954
-0.01236814,0.5927869,-0.009105276,0.8052129
-0.01240585,0.5894373,-0.009053826,0.8076681
-0.01244398,0.5860201,-0.009001337,0.810151
-0.01252144,0.5789846,-0.008893272,0.8151938
-0.01256074,0.5753653,-0.008837679,0.8177524
-0.01260058,0.5716617,-0.008780791,0.8203458
-0.01264077,0.5678888,-0.00872284,0.822962
-0.01268128,0.5640472,-0.008663832,0.8255998
-0.01276326,0.5561545,-0.0085426,0.830937
-0.01280471,0.5521018,-0.008480349,0.8336353
-0.0128466,0.5479617,-0.008416756,0.8363625
-0.01288874,0.5437508,-0.008352078,0.8391063
-0.01293115,0.5394667,-0.008286274,0.8418669
-0.01301664,0.5306811,-0.008151325,0.8474325
-0.0130597,0.5261779,-0.008082157,0.8502359
-0.0131031,0.5215837,-0.008011589,0.8530619
-0.01314667,0.5169162,-0.007939897,0.8558983
-0.01319041,0.5121717,-0.007867021,0.8587458
-0.01327827,0.5024571,-0.007717805,0.8644657
-0.01332237,0.497485,-0.007641432,0.8673366
-0.01336655,0.4924362,-0.007563883,0.870213
-0.01341095,0.4872929,-0.007484882,0.8731035
-0.01345539,0.4820721,-0.007404689,0.8759969
-0.01354434,0.4713954,-0.007240694,0.8817883
-0.01358882,0.4659385,-0.007156876,0.8846838
-0.01363341,0.4603846,-0.007071569,0.8875867
-0.01367794,0.4547521,-0.006985052,0.8904856
-0.0137224,0.4490386,-0.006897292,0.8933804
-0.01381104,0.4373689,-0.006718044,0.8991511
-0.01385517,0.4314119,-0.006626544,0.9020244
-0.01389928,0.4253555,-0.006533518,0.9048961
-0.01394322,0.4192166,-0.006439225,0.9077563
-0.01398695,0.4129956,-0.006343669,0.9106035
-0.01407373,0.4003051,-0.006148742,0.9162532
-0.01411685,0.3938172,-0.006049086,0.9190605
-0.01415956,0.3872634,-0.00594842,0.9218413
-0.01420208,0.3806077,-0.005846188,0.924609
-0.01424425,0.3738681,-0.005742668,0.9273547
-0.01432749,0.3601351,-0.005531727,0.9327738
-0.0143685,0.3531414,-0.005424303,0.9354439
-0.01440917,0.3460461,-0.005315319,0.9380919
-0.01444939,0.3388638,-0.005204997,0.9407101
-0.01448911,0.3315973,-0.005093384,0.9432961
-0.01456699,0.316806,-0.004866188,0.948366
-0.01460518,0.3092638,-0.004750339,0.9508523
-0.01464277,0.3016358,-0.004633173,0.9532996
-0.01467973,0.2939227,-0.004514699,0.9557058
-0.01471604,0.2861235,-0.004394903,0.9580697
-0.01478659,0.2702676,-0.004151354,0.9626627
-0.01482085,0.2621929,-0.004027326,0.9648933
-0.01485434,0.2540319,-0.003901972,0.9670739
-0.01488704,0.2457858,-0.003775312,0.9692025
-0.01491891,0.2374542,-0.003647338,0.9712774
-0.01498005,0.2205361,-0.003387474,0.9752579
-0.01500933,0.2119306,-0.003255292,0.977164
-0.01503765,0.2032419,-0.003121834,0.9790081
-0.015065,0.1944679,-0.002987065,0.9807886
-0.01509134,0.1856098,-0.002851004,0.9825035
-0.01514087,0.1676441,-0.002575048,0.985728
-0.01516405,0.1585176,-0.002434864,0.9872367
-0.01518608,0.1493089,-0.002293419,0.9886713
-0.01520695,0.1400191,-0.002150726,0.9900297
-0.01522661,0.1306472,-0.002006772,0.99131
-0.01526221,0.1116627,-0.00171517,0.9936275
-0.01527811,0.1020316,-0.001567234,0.9946626
-0.01529267,0.09232149,-0.001418086,0.9956108
-0.01530587,0.08253384,-0.001267747,0.99647
-0.01531767,0.07266867,-0.001116217,0.9972379
-0.01532803,0.06272692,-0.0009635113,0.9979126
-0.01534435,0.04258022,-0.000654056,0.998975
-0.01535022,0.0323952,-0.0004976132,0.9993572
-0.01535452,0.02213795,-0.0003400609,0.999637
-0.01535721,0.0118081,-0.0001813934,0.9998124
-0.01535765,-0.009061947,0.0001391724,0.999841
-0.01535532,-0.01961969,0.0003013404,0.9996895
-0.01535125,-0.03024483,0.0004645434,0.9994245
-0.01534541,-0.04093625,0.0006287646,0.9990438
-0.01533775,-0.05169114,0.0007939608,0.9985451
-0.01532824,-0.06251042,0.0009601459,0.9979262
-0.01530351,-0.08437292,0.001295956,0.996316
-0.01528823,-0.09539213,0.001465212,0.9953213
-0.01527464,-0.1042129,0.001600701,0.9944364
-0.01526354,-0.1108917,0.001703288,0.9937139
-0.01525119,-0.1178717,0.0018105,0.9929101
-0.0152518,-0.1175364,0.00180535,0.9929498
-0.01525254,-0.1171321,0.001799141,0.9929976
-0.01525339,-0.1166591,0.001791876,0.9930533
-0.01525437,-0.1161172,0.001783552,0.9931167
-0.01525667,-0.1148267,0.001763729,0.9932668
-0.01525803,-0.1140579,0.00175192,0.9933554
-0.0152595,-0.1132203,0.001739054,0.9934512
-0.01526108,-0.1123135,0.001725127,0.9935541
-0.01526277,-0.1113381,0.001710145,0.9936639
-0.01526645,-0.1091801,0.001676996,0.9939033
-0.01526847,-0.1079773,0.001658523,0.9940348
-0.01527058,-0.1067057,0.001638989,0.994172
-0.01527277,-0.105365,0.001618396,0.994315
-0.01527505,-0.1039553,0.001596744,0.9944634
-0.01527984,-0.1009275,0.001550236,0.9947753
-0.01528237,-0.09928925,0.001525073,0.9949401
-0.01528497,-0.09758248,0.001498856,0.995109
-0.01528762,-0.09580605,0.00147157,0.9952815
-0.01529032,-0.09396055,0.001443223,0.9954575
-0.01529307,-0.09204561,0.00141381,0.9956363
-0.01529873,-0.08796776,0.001351174,0.996005
-0.0153016,-0.08582366,0.00131824,0.996192
-0.01530449,-0.0836109,0.001284252,0.9963801
-0.0153074,-0.08132829,0.001249191,0.996569
-0.0153103,-0.07897615,0.001213061,0.9967582
-0.01531614,-0.07402269,0.001136976,0.9971384
-0.01531903,-0.07144149,0.001097328,0.9973266
-0.01532189,-0.06879031,0.001056606,0.9975129
-0.01532472,-0.06606973,0.001014818,0.9976969
-0.01532752,-0.06325909,0.0009716458,0.997879
-0.01533293,-0.05742848,0.0008820871,0.9982315
-0.01533553,-0.05440888,0.0008357058,0.9984006
-0.01533804,-0.05131932,0.0007882498,0.9985642
-0.01534046,-0.04816009,0.0007397238,0.9987216
-0.01534278,-0.04491068,0.0006898125,0.998873
-0.01534707,-0.03820337,0.0005867875,0.9991519
-0.015349,-0.03474494,0.0005336658,0.9992782
-0.01535079,-0.03121619,0.0004794639,0.9993947
-0.01535242,-0.02761826,0.0004241993,0.9995006
-0.01535387,-0.02395006,0.0003678555,0.9995952
-0.01535622,-0.01637004,0.0002514256,0.9997481
-0.01535709,-0.01247422,0.0001915856,0.9998043
-0.01535772,-0.008508219,0.0001306674,0.9998459
-0.01535813,-0.004473188,6.868893E-05,0.9998721
-0.01535828,-0.0003684228,5.639353E-06,0.999882
-0.01535778,0.008087745,-0.0001242482,0.9998494
-0.0153571,0.01241992,-0.0001907908,0.999805
-0.01535611,0.01682071,-0.0002583874,0.9997406
-0.0153548,0.02129166,-0.0003270615,0.9996554
-0.01535315,0.02585105,-0.0003970942,0.9995478
-0.01534877,0.03517404,-0.0005402962,0.9992632
-0.01534602,0.03993961,-0.0006134957,0.9990841
-0.01534287,0.04477356,-0.0006877457,0.9988791
-0.01533931,0.0496763,-0.0007630521,0.9986473
-0.01533532,0.05464662,-0.0008393968,0.9983876
-0.01532596,0.06483052,-0.0009958224,0.9977781
-0.01532057,0.07002392,-0.001075594,0.9974271
-0.01531468,0.07528432,-0.001156394,0.9970438
-0.01530828,0.08061168,-0.001238223,0.9966273
-0.01530133,0.08602576,-0.001321383,0.9961745
-0.01528576,0.09705377,-0.001490775,0.9951606
-0.0152771,0.1026671,-0.001576995,0.9945972
-0.01526784,0.108346,-0.001664224,0.9939946
-0.01525797,0.1140902,-0.001752455,0.9933517
-0.01524742,0.1199178,-0.001841968,0.9926651
-0.01522433,0.131769,-0.002024004,0.9911615
-0.01521174,0.1377907,-0.002116498,0.9903423
-0.01519845,0.1438762,-0.002209972,0.9894766
-0.01518441,0.1500247,-0.002304413,0.988563
-0.01516958,0.1562559,-0.002400124,0.9875972
-0.01513756,0.1689045,-0.002594408,0.9855128
-0.01512034,0.1753205,-0.002692958,0.9843916
-0.01510228,0.1817972,-0.002792441,0.9832161
-0.01508337,0.1883345,-0.002892854,0.9819849
-0.01506353,0.1949495,-0.002994461,0.980693
-0.01502112,0.2083593,-0.003200437,0.9779318
-0.01499851,0.2151512,-0.003304761,0.97646
-0.01497494,0.2220007,-0.00340997,0.9749256
-0.01495039,0.2289066,-0.003516045,0.9733273
-0.01492476,0.2358881,-0.003623283,0.9716589
-0.01487041,0.2500151,-0.003840274,0.9681202
-0.01484163,0.2571599,-0.003950019,0.9662468
-0.01481177,0.264357,-0.004060567,0.9643027
-0.01478079,0.2716066,-0.004171921,0.9622859
-0.0147486,0.2789251,-0.004284333,0.9601901
-0.01468071,0.2937139,-0.004511491,0.9557701
-0.01464497,0.3011817,-0.004626198,0.9534431
-0.014608,0.308697,-0.004741633,0.9510365
-0.01458289,0.3136894,-0.004818317,0.9494014
-0.01456773,0.3166597,-0.004863942,0.9484149
-0.01456275,0.3176304,-0.00487885,0.9480903
-0.01456275,0.3176304,-0.00487885,0.9480903
-0.01456275,0.3176304,-0.00487885,0.9480903
-0.01456275,0.3176304,-0.00487885,0.9480903
-0.01456275,0.3176304,-0.00487885,0.9480903
-0.01456275,0.3176304,-0.00487885,0.9480903
-0.01456275,0.3176304,-0.00487885,0.9480903
-0.01456275,0.3176304,-0.00487885,0.9480903
-0.01456275,0.3176304,-0.00487885,0.9480903
-0.01456275,0.3176304,-0.00487885,0.9480903
-0.01456275,0.3176304,-0.00487885,0.9480903
-0.01456275,0.3176304,-0.00487885,0.9480903
-0.01456275,0.3176304,-0.00487885,0.9480903
-0.01456275,0.3176304,-0.00487885,0.9480903
-0.01456275,0.3176304,-0.00487885,0.9480903
-0.01456275,0.3176304,-0.00487885,0.9480903
-0.01456275,0.3176304,-0.00487885,0.9480903
-0.01456275,0.3176304,-0.00487885,0.9480903
-0.01456275,0.3176304,-0.00487885,0.9480903
-0.01456275,0.3176304,-0.00487885,0.9480903
-0.01456275,0.3176304,-0.00487885,0.9480903
-0.01456275,0.3176304,-0.00487885,0.9480903
-0.01456275,0.3176304,-0.00487885,0.9480903
-0.01456275,0.3176304,-0.00487885,0.9480903
-0.01456275,0.3176304,-0.00487885,0.9480903
-0.01456275,0.3176304,-0.00487885,0.9480903
-0.01456275,0.3176304,-0.00487885,0.9480903
-0.01456275,0.3176304,-0.00487885,0.9480903
-0.01456275,0.3176304,-0.00487885,0.9480903
-0.01456275,0.3176304,-0.00487885,0.9480903
-0.01456275,0.3176304,-0.00487885,0.9480903
-0.01456275,0.3176304,-0.00487885,0.9480903
-0.01456275,0.3176304,-0.00487885,0.9480903
-0.01456275,0.3176304,-0.00487885,0.9480903
-0.01456275,0.3176304,-0.00487885,0.9480903
-0.01456275,0.3176304,-0.00487885,0.9480903
-0.01456275,0.3176304,-0.00487885,0.9480903
-0.01456275,0.3176304,-0.00487885,0.9480903
-0.01456275,0.3176304,-0.00487885,0.9480903
-0.01456275,0.3176304,-0.00487885,0.9480903
-0.01456275,0.3176304,-0.00487885,0.9480903
-0.01456275,0.3176304,-0.00487885,0.9480903
-0.01456275,0.3176304,-0.00487885,0.9480903
-0.01456275,0.3176304,-0.00487885,0.9480903
-0.01456275,0.3176304,-0.00487885,0.9480903
-0.01456275,0.3176304,-0.00487885,0.9480903
-0.01456275,0.3176304,-0.00487885,0.9480903
-0.01456275,0.3176304,-0.00487885,0.9480903
-0.01456275,0.3176304,-0.00487885,0.9480903
-0.01456275,0.3176304,-0.00487885,0.9480903
-0.01456275,0.3176304,-0.00487885,0.9480903
-0.01456275,0.3176304,-0.00487885,0.9480903
-0.01456275,0.3176304,-0.00487885,0.9480903
-0.01456275,0.3176304,-0.00487885,0.9480903
-0.01456275,0.3176304,-0.00487885,0.9480903
-0.01456275,0.3176304,-0.00487885,0.9480903
-0.01456275,0.3176304,-0.00487885,0.9480903
-0.01456275,0.3176304,-0.00487885,0.9480903
-0.01456275,0.3176304,-0.00487885,0.9480903
-0.01456275,0.3176304,-0.00487885,0.9480903
-0.01456275,0.3176304,-0.00487885,0.9480903
-0.01456275,0.3176304,-0.00487885,0.9480903
-0.01456275,0.3176304,-0.00487885,0.9480903
-0.01456275,0.3176304,-0.00487885,0.9480903
-0.01456275,0.3176304,-0.00487885,0.9480903
-0.01456275,0.3176304,-0.00487885,0.9480903
-0.01456275,0.3176304,-0.00487885,0.9480903
-0.01456275,0.3176304,-0.00487885,0.9480903
-0.01456275,0.3176304,-0.00487885,0.9480903
-0.01456275,0.3176304,-0.00487885,0.9480903
-0.01456275,0.3176304,-0.00487885,0.9480903
-0.01456275,0.3176304,-0.00487885,0.9480903
-0.01456275,0.3176304,-0.00487885,0.9480903
-0.01456275,0.3176304,-0.00487885,0.9480903
-0.01456275,0.3176304,-0.00487885,0.9480903
-0.01456275,0.3176304,-0.00487885,0.9480903
-0.01456275,0.3176304,-0.00487885,0.9480903
-0.01456275,0.3176304,-0.00487885,0.9480903
-0.01456275,0.3176304,-0.00487885,0.9480903
-0.01456275,0.3176304,-0.00487885,0.9480903
-0.01456275,0.3176304,-0.00487885,0.9480903
-0.01456275,0.3176304,-0.00487885,0.9480903
-0.01456275,0.3176304,-0.00487885,0.9480903
-0.01456275,0.3176304,-0.00487885,0.9480903
-0.01456275,0.3176304,-0.00487885,0.9480903
-0.01456377,0.3174321,-0.004875806,0.9481567
-0.01456488,0.3172153,-0.004872475,0.9482293
-0.01456633,0.3169328,-0.004868136,0.9483237
-0.01456812,0.3165851,-0.004862795,0.9484398
-0.01457024,0.3161707,-0.00485643,0.948578
-0.01457269,0.3156908,-0.004849059,0.9487379
-0.01457869,0.3145147,-0.004830994,0.9491283
-0.01458223,0.3138185,-0.004820299,0.9493588
-0.0145861,0.313056,-0.004808588,0.9496105
-0.01459029,0.3122276,-0.004795863,0.9498832
-0.01459962,0.3103721,-0.004767362,0.9504911
-0.01460486,0.3093257,-0.00475129,0.9508322
-0.01461041,0.3082132,-0.004734202,0.9511934
-0.01461627,0.3070342,-0.004716092,0.9515746
-0.01462243,0.3057888,-0.004696962,0.9519756
-0.01463564,0.3030977,-0.004655627,0.9528358
-0.01464278,0.3016329,-0.004633127,0.9533005
-0.0146502,0.3001013,-0.004609603,0.9537837
-0.0146579,0.2985026,-0.004585046,0.9542853
-0.01466588,0.2968366,-0.004559455,0.9548048
-0.01468264,0.2933035,-0.004505186,0.955896
-0.01469151,0.291416,-0.004476196,0.9564731
-0.01470062,0.2894622,-0.004446184,0.9570662
-0.01470998,0.2874402,-0.004415126,0.9576755
-0.01471957,0.2853508,-0.004383033,0.9583001
-0.0147294,0.2831934,-0.004349894,0.9589399
-0.01474989,0.2786364,-0.004279898,0.9602739
-0.01476045,0.2762553,-0.004243324,0.9609616
-0.01477121,0.2738057,-0.004205698,0.9616624
-0.01478217,0.2712881,-0.004167028,0.9623756
-0.01479331,0.2687012,-0.004127292,0.9631011
-0.01481629,0.263282,-0.004044054,0.9645967
-0.01482801,0.2604688,-0.004000843,0.9653602
-0.01483989,0.2575859,-0.003956561,0.9661334
-0.01485191,0.254634,-0.00391122,0.9669155
-0.01487639,0.2485024,-0.003817037,0.9685096
-0.01488884,0.2453223,-0.00376819,0.96932
-0.01490138,0.2420717,-0.003718261,0.9701369
-0.01491402,0.2387517,-0.003667266,0.9709592
-0.01492672,0.235362,-0.0036152,0.9717864
-0.0149395,0.2319015,-0.003562045,0.972618
-0.01496533,0.2247305,-0.003451898,0.9743
-0.0149783,0.2210389,-0.003395196,0.9751441
-0.01499128,0.217276,-0.003337396,0.9759895
-0.01500427,0.213442,-0.003278506,0.976835
-0.01501725,0.2095372,-0.003218529,0.9776801
-0.01504326,0.2014737,-0.003094672,0.9793735
-0.0150562,0.1973352,-0.003031104,0.9802158
-0.01506907,0.1931247,-0.002966431,0.981054
-0.01508187,0.1888425,-0.002900657,0.9818873
-0.01509458,0.1844879,-0.002833769,0.9827148
-0.01511978,0.1755256,-0.002696107,0.9843551
-0.01513218,0.1709365,-0.002625619,0.9851624
-0.01514443,0.1662758,-0.00255403,0.9859597
-0.01515651,0.1615423,-0.002481324,0.9867463
-0.01516841,0.1567369,-0.002407511,0.987521
-0.01519169,0.1468699,-0.002255953,0.9890366
-0.01520299,0.1418278,-0.002178507,0.9897722
-0.01521404,0.1367134,-0.00209995,0.9904916
-0.01522483,0.131526,-0.00202027,0.9911938
-0.01523537,0.1262468,-0.001939181,0.99188
-0.01525552,0.1154695,-0.001773641,0.9931923
-0.0152651,0.1099725,-0.001689206,0.993816
-0.01527433,0.1044037,-0.001603669,0.9944165
-0.01528318,0.09876265,-0.001517022,0.9949926
-0.01529163,0.0930484,-0.00142925,0.9955432
-0.01530734,0.08136436,-0.001249783,0.9965661
-0.01531453,0.07541446,-0.001158392,0.997034
-0.01532125,0.06939262,-0.001065896,0.9974712
-0.01532747,0.0632995,-0.0009723048,0.9978764
-0.01533319,0.05713404,-0.0008776028,0.9982484
-0.01534303,0.04455178,-0.0006843382,0.998889
-0.0153471,0.03815296,-0.0005860517,0.9991539
-0.01535057,0.03168346,-0.0004866795,0.99938
-0.01535343,0.02512358,-0.0003859191,0.9995664
-0.01535565,0.01849484,-0.0002841012,0.999711
-0.01535726,0.01155475,-0.0001775007,0.9998153
-0.01535731,0.01123425,-0.0001725778,0.9998189
-0.01535731,0.01123425,-0.0001725778,0.9998189
-0.01535731,0.01123425,-0.0001725778,0.9998189
-0.01535731,0.01123425,-0.0001725778,0.9998189
-0.01535731,0.01123425,-0.0001725778,0.9998189
-0.01535731,0.01123425,-0.0001725778,0.9998189
-0.01535731,0.01123425,-0.0001725778,0.9998189
-0.01535731,0.01123425,-0.0001725778,0.9998189
-0.01535731,0.01123425,-0.0001725778,0.9998189
-0.01535731,0.01123425,-0.0001725778,0.9998189
-0.01535731,0.01123425,-0.0001725778,0.9998189
-0.01535731,0.01123425,-0.0001725778,0.9998189
-0.01535731,0.01123425,-0.0001725778,0.9998189
-0.0153573,0.01130305,-0.0001736346,0.9998181
-0.01535724,0.01164966,-0.0001789585,0.9998142
-0.01535719,0.01192735,-0.0001832239,0.9998109
-0.01535712,0.01227393,-0.0001885473,0.9998068
-0.01535704,0.0126907,-0.0001949489,0.9998016
-0.01535694,0.01319628,-0.0002027148,0.999795
-0.01535669,0.01441463,-0.0002214287,0.9997782
-0.01535652,0.01512801,-0.0002323863,0.9997677
-0.01535634,0.01591087,-0.0002444111,0.9997555
-0.01535612,0.01676362,-0.0002575094,0.9997416
-0.01535587,0.01770497,-0.0002719686,0.9997253
-0.01535527,0.01979596,-0.0003040864,0.9996861
-0.01535491,0.02094539,-0.0003217417,0.9996627
-0.01535451,0.02216386,-0.0003404576,0.9996365
-0.01535406,0.02345241,-0.0003602499,0.999607
-0.01535354,0.02482947,-0.0003814017,0.9995737
-0.01535235,0.02779106,-0.0004268919,0.9994958
-0.01535165,0.02937659,-0.0004512459,0.9994504
-0.01535088,0.03103133,-0.0004766628,0.9994004
-0.01535004,0.03275589,-0.0005031521,0.9993454
-0.0153491,0.03456882,-0.0005309989,0.9992843
-0.01534695,0.03840119,-0.0005898646,0.9991444
-0.01534573,0.04042172,-0.0006209001,0.9990647
-0.01534439,0.04251123,-0.000652995,0.9989779
-0.01534293,0.04468968,-0.0006864562,0.9988829
-0.01534135,0.04693728,-0.0007209795,0.9987798
-0.01533778,0.05163972,-0.0007932095,0.9985477
-0.01533579,0.05409502,-0.0008309231,0.9984177
-0.01533364,0.05661875,-0.0008696879,0.9982778
-0.01533133,0.05921309,-0.0009095371,0.9981272
-0.01532883,0.06189341,-0.0009507071,0.9979646
-0.01532328,0.06746197,-0.001036241,0.9976037
-0.01532022,0.07034957,-0.001080595,0.9974042
-0.01531695,0.07330641,-0.001126012,0.9971913
-0.01531344,0.07635117,-0.001172779,0.9969627
-0.0153097,0.0794626,-0.001220571,0.9967195
-0.01530151,0.08589365,-0.001319353,0.996186
-0.01529703,0.08921138,-0.001370314,0.9958943
-0.01529228,0.0925976,-0.001422326,0.9955852
-0.01528722,0.09607144,-0.001475685,0.995256
-0.01528187,0.09961306,-0.001530084,0.9949078
-0.01527025,0.1068993,-0.001642002,0.9941512
-0.01526395,0.1106444,-0.001699526,0.9937414
-0.01525732,0.1144564,-0.001758079,0.9933096
-0.0152503,0.1183541,-0.001817948,0.9928527
-0.01524292,0.1223199,-0.001878863,0.9923719
-0.015227,0.1304522,-0.002003777,0.9913356
-0.01521844,0.1346184,-0.002067769,0.9907785
-0.01520947,0.1388509,-0.002132781,0.9901942
-0.01520002,0.1431684,-0.002199097,0.9895792
-0.01519013,0.147553,-0.002266445,0.9889349
-0.01517424,0.1543237,-0.002370445,0.987901
-0.01517379,0.1545134,-0.002373358,0.9878713
-0.01517841,0.1525763,-0.002343604,0.9881724
-0.01518319,0.1505504,-0.002312485,0.9884831
-0.01518805,0.148455,-0.0022803,0.9887999
-0.01519804,0.1440568,-0.002212744,0.9894503
-0.01520315,0.1417534,-0.002177363,0.9897829
-0.01520833,0.1393802,-0.00214091,0.9901198
-0.0152136,0.1369183,-0.002103095,0.9904633
-0.01521893,0.1343868,-0.002064212,0.9908099
-0.01522969,0.1291155,-0.001983244,0.9915107
-0.01523511,0.1263743,-0.001941139,0.9918638
-0.01524059,0.1235443,-0.001897669,0.9922203
-0.01524607,0.1206453,-0.00185314,0.9925769
-0.01525155,0.1176752,-0.00180752,0.9929334
-0.01526244,0.1115252,-0.001713055,0.9936429
-0.01526785,0.1083451,-0.001664208,0.9939947
-0.01527321,0.1050948,-0.001614284,0.9943436
-0.01527854,0.1017558,-0.001562997,0.9946908
-0.01528381,0.09834611,-0.001510624,0.9950337
-0.0152941,0.09131537,-0.001402631,0.9957036
-0.01529912,0.08767489,-0.001346713,0.9960307
-0.01530403,0.08396397,-0.001289712,0.9963505
-0.01530882,0.08018244,-0.001231628,0.9966619
-0.01531346,0.07633074,-0.001172466,0.9969643
-0.01532228,0.06841636,-0.0010509,0.9975387
-0.01532643,0.06435363,-0.000988496,0.9978089
-0.01533042,0.06020077,-0.0009247076,0.9980682
-0.01533419,0.05597914,-0.0008598631,0.9983138
-0.01533775,0.05168525,-0.0007939085,0.9985453
-0.01534415,0.04288685,-0.0006587643,0.9989619
-0.01534697,0.03836484,-0.0005893059,0.9991458
-0.01534952,0.0337705,-0.0005187363,0.9993117
-0.01535177,0.02910759,-0.0004471136,0.9994584
-0.01535372,0.02437303,-0.0003743904,0.999585
-0.01535662,0.01469495,-0.0002257341,0.999774
-0.01535755,0.009750653,-0.0001497893,0.9998345
-0.01535811,0.004717123,-7.247376E-05,0.999871
-0.01535828,-0.00038617,5.913281E-06,0.999882
-0.01535804,-0.005558559,8.536164E-05,0.9998667
-0.01535629,-0.01611115,0.0002474505,0.9997523
-0.01535473,-0.02149073,0.0003300812,0.9996511
-0.0153527,-0.02695887,0.0004140724,0.9995186
-0.01535017,-0.03249535,0.0004991133,0.9993539
-0.01534713,-0.03810048,0.0005852086,0.9991559
-0.01533944,-0.04951415,0.0007605237,0.9986554
-0.01533475,-0.05532425,0.0008497673,0.9983504
-0.01532947,-0.06121891,0.0009403097,0.9980062
-0.01532357,-0.06718171,0.001031899,0.9976225
-0.01531706,-0.07321119,0.001124512,0.9971982
-0.01530207,-0.08547071,0.00131282,0.9962223
-0.01529356,-0.0916993,0.001408491,0.9956683
-0.01528432,-0.09801165,0.00150545,0.9950668
-0.01527435,-0.1043898,0.001603419,0.9944178
-0.01526364,-0.1108339,0.001702401,0.9937203
-0.01523989,-0.1239138,0.001903309,0.9921741
-0.01522677,-0.1305682,0.002005522,0.9913204
-0.01521283,-0.1372856,0.002108701,0.9904125
-0.01519803,-0.1440655,0.002212841,0.989449
-0.01518236,-0.1509072,0.00231793,0.9884287
-0.01514831,-0.1647738,0.002530923,0.9862118
-0.01512983,-0.1718176,0.002639115,0.9850091
-0.01511039,-0.1789207,0.00274822,0.9837437
-0.01508997,-0.1860821,0.002858219,0.9824141
-0.01506854,-0.1933022,0.002969121,0.9810191
-0.01502258,-0.2079135,0.003193551,0.9780267
-0.01499794,-0.2153231,0.003307364,0.9764221
-0.01497219,-0.2227875,0.003422018,0.9747461
-0.01494533,-0.2303058,0.0035375,0.9729972
-0.01491732,-0.2378787,0.00365382,0.9711735
-0.01485777,-0.2531826,0.003888889,0.9672966
-0.01482611,-0.2609306,0.004007899,0.9652354
-0.01479321,-0.2687289,0.004127682,0.9630935
-0.01475905,-0.2765757,0.004248209,0.9608695
-0.0147236,-0.2844708,0.004369479,0.9585617
-0.01464875,-0.3004027,0.004614194,0.9536888
-0.01460921,-0.3084556,0.004737888,0.9511148
-0.01456829,-0.3165526,0.004862259,0.9484506
-0.01452597,-0.3246916,0.004987274,0.9456953
-0.01448222,-0.3328721,0.005112927,0.942847
-0.01443702,-0.3410932,0.005239205,0.939904
-0.01434196,-0.3576868,0.005494085,0.9337153
-0.01429215,-0.3660386,0.005622368,0.9304729
-0.01424081,-0.3744251,0.005751187,0.92713
-0.01418789,-0.3828458,0.005880528,0.9236847
-0.01407725,-0.3997822,0.006140674,0.9164816
-0.01401936,-0.4083132,0.006271711,0.9127126
-0.0139598,-0.4168716,0.00640317,0.9088356
-0.01389857,-0.4254554,0.006535017,0.9048491
-0.01383563,-0.4340639,0.006667245,0.9007512
-0.01370452,-0.4513486,0.00693274,0.8922155
-0.01363618,-0.4600384,0.007066215,0.8877662
-0.01356604,-0.4687456,0.007199958,0.8831998
-0.01349407,-0.4774686,0.007333945,0.8785146
-0.01342027,-0.4862048,0.007468134,0.87371
-0.01326706,-0.5037116,0.007737041,0.8637353
-0.01318746,-0.512495,0.007871955,0.8585529
-0.01310592,-0.5212848,0.008006966,0.8532446
-0.0130399,-0.5282558,0.008114043,0.8489463
-0.01299004,-0.5334375,0.008193634,0.8457001
-0.01295694,-0.5368384,0.008245871,0.8435454
-0.0129454,-0.5380178,0.008263987,0.8427936
-0.0129454,-0.5380178,0.008263987,0.8427936
-0.0129454,-0.5380178,0.008263987,0.8427936
-0.0129454,-0.5380178,0.008263987,0.8427936
-0.0129454,-0.5380178,0.008263987,0.8427936
-0.0129454,-0.5380178,0.008263987,0.8427936
-0.0129454,-0.5380178,0.008263987,0.8427936
-0.0129454,-0.5380178,0.008263987,0.8427936
-0.0129454,-0.5380178,0.008263987,0.8427936
-0.0129454,-0.5380178,0.008263987,0.8427936
-0.0129454,-0.5380178,0.008263987,0.8427936
-0.0129454,-0.5380178,0.008263987,0.8427936
-0.0129454,-0.5380178,0.008263987,0.8427936
-0.0129454,-0.5380178,0.008263987,0.8427936
-0.0129454,-0.5380178,0.008263987,0.8427936
-0.0129454,-0.5380178,0.008263987,0.8427936
-0.0129454,-0.5380178,0.008263987,0.8427936
-0.0129454,-0.5380178,0.008263987,0.8427936
-0.0129454,-0.5380178,0.008263987,0.8427936
-0.0129454,-0.5380178,0.008263987,0.8427936
-0.0129454,-0.5380178,0.008263987,0.8427936
-0.0129454,-0.5380178,0.008263987,0.8427936
-0.0129454,-0.5380178,0.008263987,0.8427936
-0.0129454,-0.5380178,0.008263987,0.8427936
-0.0129454,-0.5380178,0.008263987,0.8427936
-0.01294481,-0.5380777,0.008264908,0.8427553
-0.01294365,-0.538196,0.008266725,0.8426798
-0.01294191,-0.5383728,0.008269439,0.8425669
-0.0129396,-0.5386083,0.008273058,0.8424163
-0.01293671,-0.5389022,0.008277572,0.8422284
-0.01292888,-0.5396982,0.008289798,0.8417185
-0.01292409,-0.5401841,0.008297263,0.8414067
-0.01291872,-0.5407282,0.00830562,0.8410571
-0.01291277,-0.5413304,0.00831487,0.8406697
-0.01290624,-0.5419904,0.008325008,0.8402444
-0.01289108,-0.5435175,0.008348464,0.8392572
-0.01288261,-0.544368,0.008361528,0.8387059
-0.01287355,-0.5452754,0.008375465,0.8381162
-0.01286375,-0.5462551,0.008390513,0.837478
-0.01285333,-0.547294,0.008406471,0.8367995
-0.01283066,-0.5495432,0.008441018,0.8353242
-0.01281842,-0.5507534,0.008459606,0.8345268
-0.01280555,-0.5520201,0.008479064,0.8336894
-0.01279191,-0.5533596,0.008499638,0.8328009
-0.01277763,-0.5547554,0.008521079,0.8318717
-0.01274721,-0.5577146,0.008566531,0.8298907
-0.01273103,-0.5592784,0.008590552,0.8288376
-0.01271421,-0.5608978,0.008615426,0.8277426
-0.01269657,-0.5625887,0.008641399,0.8265942
-0.0126783,-0.5643328,0.008668188,0.8254045
-0.01263972,-0.5679887,0.008724343,0.822893
-0.01261943,-0.5698979,0.008753669,0.821572
-0.01259846,-0.5718613,0.008783827,0.8202066
-0.01257663,-0.5738944,0.008815057,0.8187853
-0.01255411,-0.5759807,0.008847102,0.817319
-0.01250697,-0.5803105,0.008913609,0.8142505
-0.01248234,-0.5825543,0.008948074,0.8126466
-0.01245699,-0.5848497,0.00898333,0.8109963
-0.01243091,-0.5871966,0.009019379,0.8092986
-0.01240393,-0.5896105,0.009056457,0.8075417
-0.01234772,-0.5945902,0.009132946,0.8038822
-0.01231848,-0.5971552,0.009172345,0.8019786
-0.01228848,-0.5997697,0.009212503,0.8000253
-0.01225752,-0.6024486,0.009253653,0.7980099
-0.01222579,-0.6051756,0.009295539,0.7959439
-0.01215992,-0.610774,0.009381533,0.7916561
-0.01212578,-0.613644,0.009425615,0.7894334
-0.01209082,-0.6165611,0.009470422,0.7871572
-0.01205503,-0.619524,0.009515933,0.7848275
-0.01201823,-0.6225477,0.009562377,0.7824311
-0.01194207,-0.628729,0.009657324,0.7774729
-0.01190269,-0.6318856,0.00970581,0.7749095
-0.01186244,-0.6350857,0.009754963,0.772289
-0.01182131,-0.638328,0.009804765,0.7696113
-0.0117791,-0.6416273,0.009855443,0.7668628
-0.01169401,-0.6481904,0.009956253,0.7613234
-0.01165115,-0.6514541,0.01000638,0.7585326
-0.01160806,-0.6547057,0.01005633,0.7557278
-0.01156477,-0.6579453,0.01010609,0.7529091
-0.01152126,-0.6611727,0.01015566,0.7500765
-0.01145532,-0.6660112,0.01022998,0.7457837
-0.01145536,-0.666008,0.01022993,0.7457865
-0.01145611,-0.6659535,0.01022909,0.7458352
-0.01145757,-0.6658468,0.01022746,0.7459304
-0.01145994,-0.665674,0.0102248,0.7460846
-0.01146681,-0.6651726,0.0102171,0.7465317
-0.0114713,-0.6648443,0.01021206,0.7468241
-0.0114767,-0.664449,0.01020598,0.7471759
-0.01148281,-0.6640018,0.01019911,0.7475733
-0.01148962,-0.6635022,0.01019144,0.7480167
-0.01150534,-0.6623467,0.01017369,0.74904
-0.01151425,-0.66169,0.01016361,0.7496203
-0.01152385,-0.6609808,0.01015271,0.7502456
-0.01153434,-0.6602049,0.01014079,0.7509285
-0.01154554,-0.6593753,0.01012805,0.7516571
-0.01156999,-0.6575559,0.0101001,0.7532492
-0.01158324,-0.6565667,0.01008491,0.7541116
-0.01159716,-0.655524,0.01006889,0.7550182
-0.01161197,-0.6544123,0.01005182,0.755982
-0.01162744,-0.6532467,0.01003391,0.7569894
-0.01166038,-0.6507533,0.009995616,0.7591339
-0.01167784,-0.6494247,0.009975209,0.7602708
-0.01169596,-0.6480412,0.009953957,0.7614505
-0.01171493,-0.6465873,0.009931624,0.7626854
-0.01173454,-0.6450784,0.009908447,0.763962
-0.01177569,-0.6418927,0.009859514,0.7666407
-0.0117972,-0.6402158,0.009833757,0.7680415
-0.01181935,-0.6384824,0.009807131,0.7694832
-0.01184229,-0.6366776,0.00977941,0.7709771
-0.01186586,-0.634815,0.0097508,0.7725116
-0.0119148,-0.6309175,0.009690936,0.7756979
-0.01194017,-0.6288814,0.009659661,0.7773495
-0.01196613,-0.6267872,0.009627495,0.7790391
-0.01199285,-0.6246189,0.009594189,0.7807788
-0.01202014,-0.6223915,0.009559976,0.7825555
-0.01207641,-0.6177567,0.009488786,0.7862193
-0.01210538,-0.6153492,0.009451805,0.788105
-0.01213507,-0.6128658,0.009413661,0.7900378
-0.01216529,-0.6103209,0.009374571,0.7920054
-0.01219603,-0.6077149,0.009334542,0.7940068
-0.01225905,-0.6023168,0.009251626,0.7981094
-0.0122913,-0.5995242,0.009208731,0.8002093
-0.01232422,-0.5966529,0.009164629,0.8023524
-0.0123576,-0.5937191,0.009119566,0.8045259
-0.01239146,-0.5907206,0.009073508,0.8067301
-0.01246053,-0.5845303,0.008978424,0.8112265
-0.01249572,-0.5813373,0.008929378,0.8135177
-0.01253134,-0.5780784,0.008879323,0.8158367
-0.01256753,-0.5747387,0.008828023,0.8181929
-0.01260413,-0.5713319,0.008775694,0.8205755
-0.01267848,-0.5643155,0.008667922,0.8254164
-0.01271621,-0.5607059,0.008612478,0.8278726
-0.01275447,-0.5570109,0.008555723,0.8303632
-0.01279305,-0.5532474,0.008497914,0.8328754
-0.01283197,-0.5494143,0.008439037,0.8354089
-0.01291071,-0.5415389,0.00831807,0.8405355
-0.01295053,-0.5374945,0.008255947,0.8431274
-0.01299076,-0.5333633,0.008192493,0.8457468
-0.01303125,-0.5291609,0.008127942,0.8483826
-0.01307197,-0.5248864,0.008062285,0.8510338
-0.01315407,-0.5161192,0.007927622,0.8563791
-0.01319558,-0.5116087,0.007858339,0.8590814
-0.01323727,-0.5070236,0.007787911,0.8617954
-0.01327911,-0.5023646,0.007716349,0.8645194
-0.01332109,-0.4976314,0.007643647,0.8672526
-0.01340544,-0.4879369,0.007494736,0.8727438
-0.01344776,-0.4829759,0.007418536,0.875499
-0.0134903,-0.4779211,0.007340894,0.8782685
-0.01353288,-0.4727902,0.007262081,0.8810412
-0.01357552,-0.4675811,0.00718207,0.8838168
-0.01366084,-0.4569273,0.007018426,0.8893715
-0.01370348,-0.4514829,0.0069348,0.8921475
-0.01374622,-0.4459418,0.006849688,0.8949302
-0.0137889,-0.4403214,0.006763359,0.8977088
-0.0138315,-0.4346209,0.006675798,0.9004825
-0.01387401,-0.4288406,0.006587012,0.9032496
-0.01395888,-0.4170032,0.006405188,0.9087753
-0.01400108,-0.4109627,0.006312406,0.9115229
-0.0140431,-0.40484,0.00621836,0.9142585
-0.01408491,-0.3986365,0.006123074,0.9169804
-0.01416783,-0.3859814,0.005928691,0.9223787
-0.014209,-0.3795131,0.005829338,0.9250589
-0.01424988,-0.3729604,0.005728688,0.9277201
-0.01429043,-0.3663242,0.005626754,0.9303606
-0.01433064,-0.3596046,0.00552354,0.9329785
-0.01440993,-0.345914,0.005313252,0.9381406
-0.01444907,-0.3389233,0.005205873,0.9406887
-0.01448776,-0.3318494,0.005097218,0.9432074
-0.01452598,-0.324691,0.004987265,0.9456955
-0.0145637,-0.3174478,0.004876008,0.9481514
-0.0146009,-0.3101206,0.004763462,0.9505731
-0.01463893,-0.3024251,0.004645258,0.9530494
-0.01464298,-0.3015939,0.00463249,0.9533128
-0.01464298,-0.3015939,0.00463249,0.9533128
-0.01464298,-0.3015939,0.00463249,0.9533128
-0.01464298,-0.3015939,0.00463249,0.9533128
-0.01464298,-0.3015939,0.00463249,0.9533128
-0.01464298,-0.3015939,0.00463249,0.9533128
-0.01464298,-0.3015939,0.00463249,0.9533128
-0.01464298,-0.3015939,0.00463249,0.9533128
-0.01464298,-0.3015939,0.00463249,0.9533128
-0.01464298,-0.3015939,0.00463249,0.9533128
-0.01464298,-0.3015939,0.00463249,0.9533128
-0.01464298,-0.3015939,0.00463249,0.9533128
-0.01464298,-0.3015939,0.00463249,0.9533128
-0.01464298,-0.3015939,0.00463249,0.9533128
-0.01464298,-0.3015939,0.00463249,0.9533128
-0.01464298,-0.3015939,0.00463249,0.9533128
-0.01464298,-0.3015939,0.00463249,0.9533128
-0.01464298,-0.3015939,0.00463249,0.9533128
-0.01464298,-0.3015939,0.00463249,0.9533128
-0.01464298,-0.3015939,0.00463249,0.9533128
-0.01464298,-0.3015939,0.00463249,0.9533128
-0.01464298,-0.3015939,0.00463249,0.9533128
-0.01464298,-0.3015939,0.00463249,0.9533128
-0.01464257,-0.3016782,0.004633784,0.9532862
-0.01464079,-0.302045,0.004639419,0.95317
-0.01463941,-0.302328,0.004643765,0.9530803
-0.01463771,-0.302677,0.004649127,0.9529695
-0.01463568,-0.3030925,0.004655509,0.9528374
-0.01463332,-0.3035742,0.004662908,0.952684
-0.01462745,-0.3047714,0.004681296,0.9523017
-0.01462401,-0.3054692,0.004692015,0.9520781
-0.01462024,-0.3062339,0.004703761,0.9518325
-0.01461613,-0.3070637,0.004716506,0.951565
-0.01461168,-0.3079599,0.004730271,0.9512754
-0.01460157,-0.3099855,0.004761385,0.9506173
-0.01459599,-0.3110971,0.00477846,0.950254
-0.01459006,-0.3122742,0.00479654,0.9498679
-0.01458378,-0.3135163,0.00481562,0.9494587
-0.01457713,-0.3148243,0.004835711,0.9490258
-0.01456254,-0.3176737,0.004879478,0.9480758
-0.01455468,-0.3191965,0.004902868,0.9475641
-0.01454644,-0.3207842,0.004927256,0.9470278
-0.01453782,-0.3224366,0.004952637,0.9464664
-0.01452871,-0.3241719,0.004979291,0.9458735
-0.01450932,-0.3278331,0.005035527,0.9446108
-0.014499,-0.3297614,0.005065146,0.9439394
-0.01448827,-0.3317539,0.005095751,0.943241
-0.01447713,-0.3338102,0.005127335,0.9425153
-0.01446545,-0.3359489,0.005160186,0.9417551
-0.01444078,-0.3404174,0.005228823,0.940149
-0.01442778,-0.3427455,0.005264583,0.9393028
-0.01441432,-0.345138,0.005301332,0.9384263
-0.0144004,-0.3475929,0.005339041,0.9375197
-0.014386,-0.3501106,0.005377713,0.9365824
-0.01435555,-0.3553692,0.005458484,0.9345999
-0.01433957,-0.358092,0.005500308,0.93356
-0.01432309,-0.3608772,0.005543089,0.9324869
-0.01430609,-0.3637238,0.005586812,0.9313803
-0.01428846,-0.3666499,0.005631758,0.9302322
-0.01425158,-0.3726835,0.005724435,0.9278315
-0.01423232,-0.375791,0.005772166,0.9265772
-0.01421249,-0.3789578,0.005820809,0.9252865
-0.01419209,-0.3821847,0.005870375,0.9239584
-0.01417099,-0.3854887,0.005921125,0.9225848
-0.01412699,-0.3922743,0.006025352,0.9197201
-0.01410407,-0.3957545,0.006078809,0.918228
-0.01408052,-0.3992927,0.006133155,0.9166949
-0.01405634,-0.4028887,0.00618839,0.9151202
-0.01403137,-0.4065595,0.006244774,0.9134952
-0.01397945,-0.4140711,0.006360153,0.910115
-0.01395247,-0.4179111,0.006419137,0.9083581
-0.01392478,-0.4218065,0.006478969,0.9065558
-0.01389639,-0.425757,0.00653965,0.9047073
-0.01386715,-0.4297794,0.006601435,0.9028032
-0.01380643,-0.437986,0.006727488,0.8988506
-0.01377494,-0.4421693,0.006791744,0.8968002
-0.01374267,-0.446405,0.006856804,0.8946993
-0.01370961,-0.4506931,0.00692267,0.8925469
-0.01367561,-0.4550497,0.006989589,0.8903337
-0.01360515,-0.4639153,0.007125766,0.8857465
-0.01356866,-0.4684231,0.007195006,0.8833708
-0.01353131,-0.4729801,0.007265002,0.8809392
-0.01349309,-0.4775864,0.007335754,0.8784506
-0.01345384,-0.4822563,0.007407485,0.8758956
-0.01337263,-0.4917367,0.007553105,0.8706085
-0.01333064,-0.4965458,0.007626973,0.8678746
-0.01328771,-0.5013996,0.007701527,0.8650795
-0.01324382,-0.5062975,0.00777676,0.8622221
-0.0131988,-0.511256,0.007852921,0.8592913
-0.01310579,-0.5212988,0.008007181,0.8532361
-0.01305777,-0.5263822,0.008085262,0.8501094
-0.0130087,-0.5315062,0.008163967,0.8469152
-0.01295844,-0.5366852,0.008243517,0.8436428
-0.01290711,-0.5419024,0.008323655,0.8403011
-0.0128012,-0.5524483,0.008485639,0.8334057
-0.01274659,-0.5577747,0.008567454,0.8298503
-0.01269085,-0.5631359,0.008649804,0.8262216
-0.01263398,-0.5685304,0.008732664,0.8225189
-0.01257578,-0.5739737,0.008816273,0.8187298
-0.01245584,-0.5849532,0.00898492,0.8109216
-0.01239408,-0.5904872,0.009069923,0.8069009
-0.01233093,-0.5960648,0.009155596,0.8027894
-0.01226656,-0.6016681,0.009241663,0.7985985
-0.01220093,-0.6072981,0.009328141,0.7943255
-0.01206587,-0.6186295,0.009502192,0.7855327
-0.0119964,-0.6243296,0.009589747,0.78101
-0.01192543,-0.630066,0.009677858,0.7763897
-0.01185314,-0.6358216,0.009766266,0.7716833
-0.01177952,-0.6415944,0.009854936,0.7668902
-0.01162818,-0.6531909,0.01003306,0.7570376
-0.01155044,-0.659011,0.01012246,0.7519765
-0.0114713,-0.6648445,0.01021206,0.746824
-0.01139056,-0.6707025,0.01030204,0.7415676
-0.01130839,-0.6765701,0.01039217,0.736218
-0.01113971,-0.6883285,0.01057278,0.7252366
-0.01105318,-0.6942158,0.01066321,0.7196031
-0.01096517,-0.7001069,0.01075369,0.713873
-0.01087545,-0.7060136,0.01084442,0.7080318
-0.01078422,-0.7119201,0.01093515,0.7020925
-0.01059718,-0.723727,0.0111165,0.6899155
-0.01050134,-0.7296242,0.01120708,0.683676
-0.01040395,-0.7355141,0.01129755,0.6773354
-0.01030475,-0.7414093,0.0113881,0.6708774
-0.01020398,-0.7472937,0.01147849,0.6643165
-0.009997617,-0.7590237,0.01165866,0.6508818
-0.009917406,-0.7634708,0.01172697,0.6456597
-0.009868105,-0.7661737,0.01176849,0.64245
-0.009843162,-0.7675324,0.01178936,0.6408262
-0.009842683,-0.7675585,0.01178976,0.6407949
-0.009842683,-0.7675585,0.01178976,0.6407949
-0.009842683,-0.7675585,0.01178976,0.6407949
-0.009842683,-0.7675585,0.01178976,0.6407949
-0.009842683,-0.7675585,0.01178976,0.6407949
-0.009842683,-0.7675585,0.01178976,0.6407949
-0.009845148,-0.7674245,0.0117877,0.6409554
-0.009847619,-0.7672902,0.01178564,0.6411162
-0.009851123,-0.7670994,0.01178271,0.6413444
-0.009855462,-0.7668632,0.01177908,0.6416269
-0.009860621,-0.766582,0.01177476,0.6419628
-0.009873369,-0.7658862,0.01176407,0.6427928
-0.009880966,-0.7654708,0.01175769,0.6432874
-0.009889372,-0.7650104,0.01175062,0.6438347
-0.009898826,-0.7644921,0.01174266,0.6444502
-0.00990908,-0.7639288,0.01173401,0.6451178
-0.009932008,-0.7626657,0.0117146,0.6466105
-0.009944676,-0.7619657,0.01170385,0.6474353
-0.009958382,-0.7612066,0.01169219,0.6483276
-0.009972882,-0.7604015,0.01167983,0.6492716
-0.009988177,-0.7595502,0.01166675,0.6502674
-0.01002114,-0.7577079,0.01163845,0.6524132
-0.0100388,-0.7567162,0.01162322,0.6535632
-0.01005747,-0.7556644,0.01160706,0.654779
-0.01007691,-0.7545664,0.0115902,0.6560441
-0.01009713,-0.7534196,0.01157258,0.6573607
-0.01013989,-0.7509814,0.01153513,0.6601448
-0.01016242,-0.7496895,0.01151529,0.6616114
-0.01018593,-0.7483361,0.0114945,0.6631418
-0.01021019,-0.7469336,0.01147296,0.6647213
-0.0102352,-0.7454811,0.01145065,0.6663498
-0.01028745,-0.7424263,0.01140372,0.6697517
-0.01031469,-0.7408227,0.01137909,0.6715251
-0.01034289,-0.7391548,0.01135347,0.6733606
-0.0103718,-0.7374354,0.01132706,0.6752431
-0.01040141,-0.7356654,0.01129988,0.6771711
-0.0104628,-0.7319663,0.01124305,0.6811677
-0.01049455,-0.7300376,0.01121343,0.6832344
-0.0105272,-0.7280422,0.01118278,0.6853603
-0.01056054,-0.725993,0.01115131,0.6875306
-0.01059454,-0.7238899,0.011119,0.6897446
-0.01066458,-0.7195176,0.01105184,0.6943044
-0.0107006,-0.7172477,0.01101698,0.6966491
-0.01073745,-0.7149096,0.01098106,0.6990483
-0.01077495,-0.7125138,0.01094426,0.70149
-0.0108131,-0.7100604,0.01090658,0.7039732
-0.01089124,-0.7049799,0.01082854,0.709061
-0.01093144,-0.7023379,0.01078796,0.711678
-0.01097224,-0.6996364,0.01074646,0.714334
-0.01101361,-0.6968755,0.01070406,0.7170277
-0.01105557,-0.6940539,0.01066072,0.7197592
-0.01114117,-0.6882276,0.01057122,0.7253323
-0.01118501,-0.6852075,0.01052484,0.7281859
-0.01122937,-0.6821252,0.01047749,0.7310742
-0.01127425,-0.6789802,0.01042918,0.733996
-0.01129699,-0.6773764,0.01040455,0.7354763
-0.01129794,-0.6773089,0.01040351,0.7355385
-0.01129794,-0.6773089,0.01040351,0.7355385
-0.01129794,-0.6773089,0.01040351,0.7355385
-0.01129794,-0.6773089,0.01040351,0.7355385
-0.01129794,-0.6773089,0.01040351,0.7355385
-0.01129794,-0.6773089,0.01040351,0.7355385
-0.01129794,-0.6773089,0.01040351,0.7355385
-0.01129868,-0.6772566,0.01040271,0.7355866
-0.01130014,-0.6771532,0.01040112,0.7356818
-0.01130233,-0.6769986,0.01039875,0.7358241
-0.01130524,-0.6767924,0.01039558,0.7360137
-0.01131361,-0.6761992,0.01038647,0.7365588
-0.01131888,-0.6758257,0.01038073,0.7369015
-0.01132486,-0.6754006,0.0103742,0.7372911
-0.01133156,-0.6749243,0.01036689,0.7377271
-0.01134709,-0.6738173,0.01034988,0.7387384
-0.01135614,-0.6731712,0.01033996,0.7393272
-0.01136589,-0.6724737,0.01032924,0.7399617
-0.01137634,-0.671724,0.01031773,0.7406422
-0.0113875,-0.670922,0.01030541,0.7413689
-0.01141192,-0.6691611,0.01027837,0.7429587
-0.01142537,-0.6681875,0.01026341,0.7438344
-0.01143952,-0.6671607,0.01024764,0.7447556
-0.01145436,-0.6660808,0.01023105,0.7457215
-0.01146988,-0.6649475,0.01021364,0.7467322
-0.01150297,-0.6625205,0.01017637,0.7488863
-0.01152073,-0.6612116,0.01015626,0.7500423
-0.01153915,-0.6598485,0.01013532,0.7512417
-0.01155823,-0.6584313,0.01011355,0.7524841
-0.01157798,-0.6569591,0.01009094,0.7537698
-0.01159839,-0.6554314,0.01006748,0.7550985
-0.01164153,-0.6521817,0.01001756,0.7579071
-0.01166406,-0.6504734,0.00999132,0.7593738
-0.01168723,-0.6487084,0.00996421,0.7608821
-0.01171101,-0.6468875,0.009936241,0.7624308
-0.01173542,-0.6450101,0.009907402,0.7640198
-0.01178648,-0.6410517,0.0098466,0.7673441
-0.01181291,-0.6389863,0.009814876,0.7690648
-0.01183993,-0.6368631,0.009782262,0.770824
-0.01186754,-0.6346816,0.009748755,0.7726212
-0.01187329,-0.6342257,0.009741751,0.7729955
-0.01183114,-0.6375549,0.009792889,0.7702519
-0.01180896,-0.6392956,0.009819625,0.7688078
-0.01178604,-0.6410857,0.009847122,0.7673156
-0.01176237,-0.6429259,0.009875387,0.7657745
-0.01173794,-0.6448153,0.009904409,0.7641842
-0.01168642,-0.6487699,0.009965152,0.7608297
-0.01165949,-0.6508202,0.009996645,0.7590766
-0.01163179,-0.652918,0.01002887,0.757273
-0.01160328,-0.655064,0.01006183,0.7554173
-0.01157399,-0.6572567,0.01009551,0.7535103
-0.0115126,-0.6618108,0.01016546,0.7495136
-0.01148068,-0.6641569,0.0102015,0.7474355
-0.01144794,-0.6665484,0.01023823,0.7453036
-0.01141436,-0.6689842,0.01027565,0.743118
-0.01137996,-0.6714643,0.01031374,0.7408777
-0.01130818,-0.6765841,0.01039238,0.7362053
-0.011271,-0.6792085,0.01043269,0.7337847
-0.01123296,-0.6818745,0.01047364,0.7313079
-0.01119403,-0.6845828,0.01051524,0.7287734
-0.01115421,-0.6873319,0.01055747,0.7261811
-0.01107147,-0.692979,0.01064421,0.7207942
-0.01102873,-0.6958618,0.01068849,0.7180115
-0.01098507,-0.698783,0.01073336,0.7151689
-0.01094047,-0.7017419,0.01077881,0.7122657
-0.01089494,-0.7047383,0.01082483,0.7093012
-0.0108006,-0.7108665,0.01091896,0.7031593
-0.01075198,-0.7139836,0.01096684,0.699994
-0.01070238,-0.7171348,0.01101525,0.6967652
-0.0106518,-0.7203199,0.01106417,0.693472
-0.0106,-0.7235513,0.0111138,0.6900998
-0.01049341,-0.7301072,0.0112145,0.6831601
-0.01043856,-0.7334321,0.01126557,0.6795893
-0.01038268,-0.7367862,0.01131709,0.6759514
-0.01032576,-0.7401692,0.01136906,0.6722453
-0.01026777,-0.7435805,0.01142145,0.66847
-0.01014818,-0.7505068,0.01152784,0.6606843
-0.01011203,-0.752572,0.01155956,0.6583309
-0.01009986,-0.753264,0.01157019,0.657539
-0.01009987,-0.753264,0.01157019,0.657539
-0.01009987,-0.753264,0.01157019,0.657539
-0.01009987,-0.753264,0.01157019,0.657539
-0.01009987,-0.753264,0.01157019,0.657539
-0.01009987,-0.753264,0.01157019,0.657539
-0.01009987,-0.753264,0.01157019,0.657539
-0.01009987,-0.753264,0.01157019,0.657539
-0.01009987,-0.753264,0.01157019,0.657539
-0.01009987,-0.753264,0.01157019,0.657539
-0.01009987,-0.753264,0.01157019,0.657539
-0.01009987,-0.753264,0.01157019,0.657539
-0.01009987,-0.753264,0.01157019,0.657539
-0.01009987,-0.753264,0.01157019,0.657539
-0.01009987,-0.753264,0.01157019,0.657539
-0.01009987,-0.753264,0.01157019,0.657539
-0.01009987,-0.753264,0.01157019,0.657539
-0.01009987,-0.753264,0.01157019,0.657539
-0.01009987,-0.753264,0.01157019,0.657539
-0.01009987,-0.753264,0.01157019,0.657539
-0.01009987,-0.753264,0.01157019,0.657539
-0.01009987,-0.753264,0.01157019,0.657539
-0.01009987,-0.753264,0.01157019,0.657539
-0.01009987,-0.753264,0.01157019,0.657539
-0.01009987,-0.753264,0.01157019,0.657539
-0.01009987,-0.753264,0.01157019,0.657539
-0.01009987,-0.753264,0.01157019,0.657539
-0.01009987,-0.753264,0.01157019,0.657539
-0.01009987,-0.753264,0.01157019,0.657539
-0.01010067,-0.753218,0.01156949,0.6575917
-0.01010229,-0.7531262,0.01156808,0.6576968
-0.01010471,-0.7529889,0.01156597,0.6578541
-0.01010814,-0.7527933,0.01156296,0.6580778
