0.01522093,-0.1334088,0.00204918,-0.9909422
0.01522093,-0.1334088,0.00204918,-0.9909422
0.01522093,-0.1334088,0.00204918,-0.9909422
0.01522093,-0.1334088,0.00204918,-0.9909422
0.01522093,-0.1334088,0.00204918,-0.9909422
0.01522093,-0.1334088,0.00204918,-0.9909422
0.01522093,-0.1334088,0.00204918,-0.9909422
0.01522093,-0.1334088,0.00204918,-0.9909422
0.01522093,-0.1334088,0.00204918,-0.9909422
0.01522093,-0.1334088,0.00204918,-0.9909422
0.01522093,-0.1334088,0.00204918,-0.9909422
0.01522093,-0.1334088,0.00204918,-0.9909422
0.01522093,-0.1334088,0.00204918,-0.9909422
0.01522093,-0.1334088,0.00204918,-0.9909422
0.01522093,-0.1334088,0.00204918,-0.9909422
0.01522093,-0.1334088,0.00204918,-0.9909422
0.01522093,-0.1334088,0.00204918,-0.9909422
0.01522093,-0.1334088,0.00204918,-0.9909422
0.01522093,-0.1334088,0.00204918,-0.9909422
0.01522093,-0.1334088,0.00204918,-0.9909422
0.01522093,-0.1334088,0.00204918,-0.9909422
0.01522093,-0.1334088,0.00204918,-0.9909422
0.01522093,-0.1334088,0.00204918,-0.9909422
0.01522093,-0.1334088,0.00204918,-0.9909422
0.01522093,-0.1334088,0.00204918,-0.9909422
0.01522093,-0.1334088,0.00204918,-0.9909422
0.01522093,-0.1334088,0.00204918,-0.9909422
0.01522093,-0.1334088,0.00204918,-0.9909422
0.01522093,-0.1334088,0.00204918,-0.9909422
0.01522093,-0.1334088,0.00204918,-0.9909422
0.01522093,-0.1334088,0.00204918,-0.9909422
0.01522093,-0.1334088,0.00204918,-0.9909422
0.01522093,-0.1334088,0.00204918,-0.9909422
0.01522093,-0.1334088,0.00204918,-0.9909422
0.01522093,-0.1334088,0.00204918,-0.9909422
0.01522093,-0.1334088,0.00204918,-0.9909422
0.01522093,-0.1334088,0.00204918,-0.9909422
0.01522093,-0.1334088,0.00204918,-0.9909422
0.01522093,-0.1334088,0.00204918,-0.9909422
0.01522093,-0.1334088,0.00204918,-0.9909422
0.01522093,-0.1334088,0.00204918,-0.9909422
0.01522093,-0.1334088,0.00204918,-0.9909422
0.01522093,-0.1334088,0.00204918,-0.9909422
0.01522093,-0.1334088,0.00204918,-0.9909422
0.01522093,-0.1334088,0.00204918,-0.9909422
0.01522093,-0.1334088,0.00204918,-0.9909422
0.01522093,-0.1334088,0.00204918,-0.9909422
0.01522093,-0.1334088,0.00204918,-0.9909422
0.01522093,-0.1334088,0.00204918,-0.9909422
0.01522093,-0.1334088,0.00204918,-0.9909422
0.01522093,-0.1334088,0.00204918,-0.9909422
0.01522093,-0.1334088,0.00204918,-0.9909422
0.01522093,-0.1334088,0.00204918,-0.9909422
0.01522093,-0.1334088,0.00204918,-0.9909422
0.01522093,-0.1334088,0.00204918,-0.9909422
0.01522093,-0.1334088,0.00204918,-0.9909422
0.01522093,-0.1334088,0.00204918,-0.9909422
0.01522093,-0.1334088,0.00204918,-0.9909422
0.01522093,-0.1334088,0.00204918,-0.9909422
0.01522093,-0.1334088,0.00204918,-0.9909422
0.01522093,-0.1334088,0.00204918,-0.9909422
0.01522093,-0.1334088,0.00204918,-0.9909422
0.01522093,-0.1334088,0.00204918,-0.9909422
0.01522093,-0.1334088,0.00204918,-0.9909422
0.01522093,-0.1334088,0.00204918,-0.9909422
0.01522093,-0.1334088,0.00204918,-0.9909422
0.01522093,-0.1334088,0.00204918,-0.9909422
0.01522093,-0.1334088,0.00204918,-0.9909422
0.01522093,-0.1334088,0.00204918,-0.9909422
0.01522093,-0.1334088,0.00204918,-0.9909422
0.01522093,-0.1334088,0.00204918,-0.9909422
0.01522093,-0.1334088,0.00204918,-0.9909422
0.01522093,-0.1334088,0.00204918,-0.9909422
0.01522093,-0.1334088,0.00204918,-0.9909422
0.01522093,-0.1334088,0.00204918,-0.9909422
0.01522093,-0.1334088,0.00204918,-0.9909422
0.01522093,-0.1334088,0.00204918,-0.9909422
0.01522093,-0.1334088,0.00204918,-0.9909422
0.01522093,-0.1334088,0.00204918,-0.9909422
0.01522093,-0.1334088,0.00204918,-0.9909422
0.01522093,-0.1334088,0.00204918,-0.9909422
0.01522093,-0.1334088,0.00204918,-0.9909422
0.01522093,-0.1334088,0.00204918,-0.9909422
0.01522093,-0.1334088,0.00204918,-0.9909422
0.01522093,-0.1334088,0.00204918,-0.9909422
0.01522093,-0.1334088,0.00204918,-0.9909422
0.01522093,-0.1334088,0.00204918,-0.9909422
0.01522093,-0.1334088,0.00204918,-0.9909422
0.01522093,-0.1334088,0.00204918,-0.9909422
0.01522093,-0.1334088,0.00204918,-0.9909422
0.01522093,-0.1334088,0.00204918,-0.9909422
0.01522093,-0.1334088,0.00204918,-0.9909422
0.01522093,-0.1334088,0.00204918,-0.9909422
0.01522093,-0.1334088,0.00204918,-0.9909422
0.01522093,-0.1334088,0.00204918,-0.9909422
0.01522093,-0.1334088,0.00204918,-0.9909422
0.01522093,-0.1334088,0.00204918,-0.9909422
0.01522093,-0.1334088,0.00204918,-0.9909422
0.01522093,-0.1334088,0.00204918,-0.9909422
0.01522093,-0.1334088,0.00204918,-0.9909422
0.01522093,-0.1334088,0.00204918,-0.9909422
0.01522093,-0.1334088,0.00204918,-0.9909422
0.01522093,-0.1334088,0.00204918,-0.9909422
0.01522093,-0.1334088,0.00204918,-0.9909422
0.01522093,-0.1334088,0.00204918,-0.9909422
0.01522093,-0.1334088,0.00204918,-0.9909422
0.01522093,-0.1334088,0.00204918,-0.9909422
0.01522093,-0.1334088,0.00204918,-0.9909422
0.01522093,-0.1334088,0.00204918,-0.9909422
0.01522093,-0.1334088,0.00204918,-0.9909422
0.01522093,-0.1334088,0.00204918,-0.9909422
0.01522093,-0.1334088,0.00204918,-0.9909422
0.01522093,-0.1334088,0.00204918,-0.9909422
0.01522093,-0.1334088,0.00204918,-0.9909422
0.01522093,-0.1334088,0.00204918,-0.9909422
0.01522093,-0.1334088,0.00204918,-0.9909422
0.01522093,-0.1334088,0.00204918,-0.9909422
0.01522093,-0.1334088,0.00204918,-0.9909422
0.01522093,-0.1334088,0.00204918,-0.9909422
0.01522093,-0.1334088,0.00204918,-0.9909422
0.01522093,-0.1334088,0.00204918,-0.9909422
0.01522093,-0.1334088,0.00204918,-0.9909422
0.01522093,-0.1334088,0.00204918,-0.9909422
0.01522093,-0.1334088,0.00204918,-0.9909422
0.01522093,-0.1334088,0.00204918,-0.9909422
0.01522093,-0.1334088,0.00204918,-0.9909422
0.01522093,-0.1334088,0.00204918,-0.9909422
0.01522093,-0.1334088,0.00204918,-0.9909422
0.01522093,-0.1334088,0.00204918,-0.9909422
0.01522093,-0.1334088,0.00204918,-0.9909422
0.01522093,-0.1334088,0.00204918,-0.9909422
0.01522093,-0.1334088,0.00204918,-0.9909422
0.01522107,-0.1333417,0.00204815,-0.9909511
0.01522178,-0.1329972,0.002042858,-0.9909974
0.01522235,-0.1327219,0.002038629,-0.9910343
0.01522306,-0.1323779,0.002033345,-0.9910803
0.0152239,-0.1319649,0.002027001,-0.9911355
0.01522492,-0.1314635,0.002019301,-0.991202
0.01522738,-0.1302549,0.002000737,-0.9913616
0.0152288,-0.1295467,0.001989858,-0.9914544
0.01523036,-0.1287698,0.001977926,-0.9915556
0.01523208,-0.1279046,0.001964636,-0.9916676
0.01523392,-0.1269705,0.001950287,-0.9917876
0.01523797,-0.124895,0.001918408,-0.9920511
0.01524017,-0.1237533,0.001900871,-0.9921942
0.01524247,-0.1225426,0.001882274,-0.9923444
0.01524493,-0.1212437,0.001862323,-0.992504
0.01524748,-0.1198754,0.001841306,-0.9926702
0.01525287,-0.1169315,0.001796087,-0.9930213
0.0152557,-0.1153557,0.001771883,-0.9932056
0.01525861,-0.1137103,0.001746609,-0.9933952
0.01526164,-0.1119768,0.001719983,-0.9935921
0.01526474,-0.1101736,0.001692285,-0.9937937
0.01527112,-0.1063584,0.001633684,-0.9942092
0.01527439,-0.104347,0.001602788,-0.9944224
0.01527771,-0.102266,0.001570824,-0.9946386
0.0152811,-0.1000963,0.001537498,-0.9948592
0.01528453,-0.09785712,0.001503104,-0.995082
0.01529144,-0.09316902,0.001431094,-0.9955319
0.01529491,-0.09072047,0.001393484,-0.995758
0.01529841,-0.08818231,0.001354498,-0.995986
0.01530191,-0.08557472,0.001314445,-0.9962134
0.01530538,-0.08289727,0.001273319,-0.9964398
0.01531225,-0.0773332,0.001187855,-0.996887
0.01531563,-0.07444669,0.001143518,-0.9971068
0.01531895,-0.07148878,0.001098084,-0.9973232
0.01532223,-0.06844289,0.001051299,-0.9975368
0.01532544,-0.06532664,0.001003433,-0.9977458
0.0153316,-0.05888467,0.000904484,-0.9981467
0.01533453,-0.05555869,0.0008533966,-0.9983374
0.01533736,-0.05214329,0.0008009359,-0.9985215
0.01534006,-0.0486595,0.0007474247,-0.9986973
0.01534262,-0.04510412,0.0006928138,-0.9988642
0.01534729,-0.03778457,0.0005803849,-0.9991679
0.01534936,-0.03401931,0.0005225503,-0.9993032
0.01535126,-0.03018414,0.0004636419,-0.9994264
0.01535296,-0.026259,0.0004033514,-0.9995372
0.01535445,-0.02226442,0.0003419945,-0.9996342
0.01535673,-0.01406668,0.0002160766,-0.9997831
0.01535751,-0.009862985,0.0001515076,-0.9998335
0.01535802,-0.005570326,8.557202E-05,-0.9998665
0.01535824,-0.001208156,1.856881E-05,-0.9998813
0.01535818,0.003223622,-4.950361E-05,-0.9998769
0.01535709,0.01229457,-0.000188834,-0.9998065
0.01535605,0.01693469,-0.0002601065,-0.9997387
0.01535465,0.02166151,-0.0003327109,-0.9996474
0.01535288,0.02645703,-0.0004063704,-0.999532
0.01535072,0.031323,-0.000481112,-0.9993914
0.01534517,0.04126051,-0.0006337528,-0.9990304
0.01534176,0.04633285,-0.0007116642,-0.998808
0.01533789,0.05147244,-0.0007906087,-0.9985564
0.01533354,0.05669963,-0.0008708987,-0.9982732
0.01532871,0.06199502,-0.0009522362,-0.9979584
0.01531751,0.07278719,-0.001118005,-0.9972292
0.01531111,0.07828428,-0.00120244,-0.9968128
0.01530413,0.08386718,-0.001288194,-0.9963586
0.01529658,0.08951724,-0.001374979,-0.9958669
0.01528843,0.09523343,-0.001462781,-0.9953365
0.01527029,0.1068631,-0.001641414,-0.9941551
0.01526025,0.1127759,-0.001732234,-0.9935018
0.01524951,0.1187733,-0.001824354,-0.9928026
0.01523809,0.1248349,-0.001917461,-0.9920587
0.01522595,0.1309606,-0.002011553,-0.9912686
0.01519948,0.1434032,-0.002202671,-0.9895452
0.01518506,0.1497385,-0.002299982,-0.9886063
0.01516985,0.1561363,-0.002398253,-0.9876161
0.01515383,0.1625958,-0.002497471,-0.9865733
0.01513698,0.1691172,-0.00259764,-0.9854763
0.01510072,0.1823422,-0.002800778,-0.9831152
0.01508126,0.1890447,-0.002903729,-0.9818484
0.01506083,0.195826,-0.003007889,-0.9805184
0.01503946,0.2026659,-0.00311295,-0.9791275
0.01501715,0.2095633,-0.003218894,-0.9776745
0.01496956,0.2235294,-0.003433415,-0.9745762
0.01494417,0.2306164,-0.003542272,-0.9729236
0.01491774,0.237759,-0.003651982,-0.9712028
0.01489024,0.2449558,-0.003762526,-0.9694127
0.01486166,0.2522052,-0.003873877,-0.9675519
0.01480115,0.2668633,-0.004099026,-0.9636121
0.01476917,0.2742698,-0.004212791,-0.9615301
0.01473593,0.2817456,-0.004327621,-0.9593662
0.01470149,0.2892706,-0.004443204,-0.9571242
0.01466583,0.2968445,-0.00455954,-0.9548023
0.01459075,0.312133,-0.004794373,-0.9499143
0.01455119,0.3198652,-0.00491314,-0.9473386
0.01451032,0.3276398,-0.005032559,-0.9446779
0.0144681,0.3354591,-0.005152663,-0.9419295
0.01442453,0.3433204,-0.005273413,-0.9390928
0.01433321,0.3591656,-0.005516796,-0.9331475
0.01428531,0.367165,-0.005639667,-0.9300291
0.01423596,0.3752012,-0.005763104,-0.9268162
0.01418514,0.3832735,-0.005887095,-0.9235072
0.01413281,0.3913806,-0.006011621,-0.9201007
0.01407897,0.3995217,-0.006136668,-0.9165951
0.0139664,0.4159313,-0.006388722,-0.9092664
0.01390773,0.4241817,-0.006515447,-0.9054469
0.01384745,0.4324593,-0.006642592,-0.9015227
0.01378554,0.4407629,-0.006770136,-0.8974922
0.01372198,0.4490905,-0.006898048,-0.8933543
0.01358954,0.4658479,-0.007155444,-0.8847315
0.01352073,0.4742577,-0.007284619,-0.8802521
0.0134502,0.4826841,-0.007414049,-0.8756599
0.01337789,0.4911268,-0.007543729,-0.8709527
0.01322792,0.5080533,-0.007803721,-0.8611887
0.01315005,0.5165502,-0.007934235,-0.8561192
0.01307034,0.5250546,-0.008064862,-0.85093
0.01298876,0.5335662,-0.008195602,-0.8456188
0.01290529,0.5420831,-0.008326422,-0.8401845
0.01281992,0.5506025,-0.00845728,-0.8346263
0.01264305,0.5676724,-0.008719475,-0.8231113
0.01255167,0.5762031,-0.008850507,-0.8171622
0.01245831,0.5847275,-0.008981444,-0.8110844
0.01236295,0.5932442,-0.00911226,-0.8048761
0.01216617,0.610244,-0.00937338,-0.7920646
0.01209054,0.6165819,-0.009470729,-0.787141
0.01203401,0.6212518,-0.00954246,-0.7834605
0.01199706,0.6242735,-0.009588873,-0.7810549
0.01197995,0.6256645,-0.00961024,-0.7799411
0.01197995,0.6256645,-0.00961024,-0.7799411
0.01197995,0.6256645,-0.00961024,-0.7799411
0.01197995,0.6256645,-0.00961024,-0.7799411
0.01197995,0.6256645,-0.00961024,-0.7799411
0.01197995,0.6256645,-0.00961024,-0.7799411
0.01197995,0.6256645,-0.00961024,-0.7799411
0.01197995,0.6256645,-0.00961024,-0.7799411
0.01197995,0.6256645,-0.00961024,-0.7799411
0.01197995,0.6256645,-0.00961024,-0.7799411
0.01197995,0.6256645,-0.00961024,-0.7799411
0.01197995,0.6256645,-0.00961024,-0.7799411
0.01197995,0.6256645,-0.00961024,-0.7799411
0.01197995,0.6256645,-0.00961024,-0.7799411
0.01197995,0.6256645,-0.00961024,-0.7799411
0.01197995,0.6256645,-0.00961024,-0.7799411
0.01197995,0.6256645,-0.00961024,-0.7799411
0.01197995,0.6256645,-0.00961024,-0.7799411
0.01197995,0.6256645,-0.00961024,-0.7799411
0.01197995,0.6256645,-0.00961024,-0.7799411
0.01197995,0.6256645,-0.00961024,-0.7799411
0.01197995,0.6256645,-0.00961024,-0.7799411
0.01197995,0.6256645,-0.00961024,-0.7799411
0.01197995,0.6256645,-0.00961024,-0.7799411
0.01197995,0.6256645,-0.00961024,-0.7799411
0.01197995,0.6256645,-0.00961024,-0.7799411
0.01197995,0.6256645,-0.00961024,-0.7799411
0.01197995,0.6256645,-0.00961024,-0.7799411
0.01197995,0.6256645,-0.00961024,-0.7799411
0.01197995,0.6256645,-0.00961024,-0.7799411
0.01197995,0.6256645,-0.00961024,-0.7799411
0.01197995,0.6256645,-0.00961024,-0.7799411
0.01197995,0.6256645,-0.00961024,-0.7799411
0.01198061,0.6256105,-0.00960941,-0.7799845
0.01198194,0.6255025,-0.009607751,-0.7800711
0.01198394,0.6253403,-0.00960526,-0.780201
0.01198661,0.6251237,-0.009601933,-0.7803746
0.01199432,0.6244966,-0.009592299,-0.7808766
0.01199916,0.6241018,-0.009586236,-0.7811921
0.01200467,0.6236525,-0.009579335,-0.7815508
0.01201084,0.6231489,-0.0095716,-0.7819524
0.01201786,0.6225752,-0.009562787,-0.7824093
0.01203385,0.6212647,-0.009542658,-0.7834502
0.01204282,0.6205274,-0.009531332,-0.7840344
0.01205245,0.6197343,-0.009519151,-0.7846614
0.01206292,0.6188707,-0.009505885,-0.7853428
0.01207402,0.617952,-0.009491774,-0.7860657
0.01209817,0.6159467,-0.009460973,-0.7876381
0.0121112,0.6148608,-0.009444294,-0.7884861
0.01212486,0.613719,-0.009426754,-0.7893752
0.01213932,0.6125054,-0.009408114,-0.7903172
0.01215424,0.6112508,-0.009388843,-0.791288
0.01218627,0.6085411,-0.00934722,-0.7933738
0.01220321,0.6071006,-0.009325094,-0.7944766
0.01222076,0.605603,-0.009302091,-0.7956187
0.0122389,0.6040477,-0.009278201,-0.7968002
0.01225783,0.6024189,-0.009253183,-0.7980323
0.01229743,0.5989882,-0.009200488,-0.8006105
0.01231811,0.597185,-0.009172791,-0.8019565
0.01233935,0.5953232,-0.009144193,-0.8033396
0.01236116,0.5934021,-0.009114685,-0.8047597
0.01238371,0.5914066,-0.009084034,-0.8062273
0.01243046,0.5872346,-0.009019951,-0.8092711
0.01245465,0.5850578,-0.008986517,-0.8108461
0.01247937,0.5828208,-0.008952158,-0.8124556
0.01250462,0.5805228,-0.00891686,-0.8140992
0.01253055,0.5781475,-0.008880374,-0.8157878
0.01258393,0.5732123,-0.00880457,-0.819263
0.01261137,0.5706508,-0.008765223,-0.8210493
0.01263929,0.5680268,-0.00872492,-0.8228668
0.01266768,0.5653396,-0.008683644,-0.8247153
0.01269671,0.5625728,-0.008641145,-0.8266052
0.01275611,0.5568475,-0.008553205,-0.8304727
0.01278648,0.553888,-0.008507746,-0.8324496
0.01281727,0.5508634,-0.008461289,-0.8344542
0.01284848,0.5477728,-0.008413818,-0.8364862
0.01288025,0.5446017,-0.00836511,-0.8385542
0.01294496,0.5380594,-0.008264619,-0.8427671
0.01297788,0.5346875,-0.008212825,-0.8449104
0.01301116,0.5312482,-0.008159999,-0.8470771
0.01304494,0.5277246,-0.008105876,-0.8492767
0.01307906,0.5241329,-0.008050707,-0.851498
0.01314826,0.5167431,-0.007937199,-0.8560028
0.01318331,0.5129442,-0.007878847,-0.8582846
0.01321879,0.5090589,-0.007819169,-0.8605947
0.01325454,0.505103,-0.007758406,-0.8629225
0.01329055,0.5010763,-0.007696556,-0.8652667
0.01336328,0.4928095,-0.007569577,-0.8700017
0.01339998,0.488568,-0.007504427,-0.8723906
0.01343701,0.4842377,-0.007437913,-0.8748018
0.01347423,0.4798342,-0.007370275,-0.8772248
0.01351161,0.4753581,-0.007301521,-0.8796584
0.01358682,0.4661838,-0.007160604,-0.8845546
0.01362461,0.4614852,-0.007088433,-0.887015
0.01366264,0.4566939,-0.007014839,-0.8894913
0.01370062,0.4518453,-0.006940364,-0.8919641
0.01373881,0.4469034,-0.006864456,-0.8944504
0.01381533,0.4367918,-0.006709141,-0.8994316
0.01385362,0.4316209,-0.006629715,-0.9019244
0.01389203,0.4263557,-0.006548841,-0.9044253
0.01393042,0.421013,-0.006466778,-0.9069246
0.01396877,0.4155925,-0.006383518,-0.9094213
0.01404527,0.404517,-0.006213398,-0.9144015
0.01408338,0.3988611,-0.006126523,-0.9168828
0.01412149,0.3931083,-0.00603816,-0.919364
0.01415946,0.3872751,-0.005948562,-0.9218363
0.01419727,0.3813633,-0.005857756,-0.9242977
0.01427232,0.3692986,-0.005672441,-0.9291839
0.01430953,0.3631454,-0.005577927,-0.9316059
0.01434659,0.3568935,-0.005481898,-0.9340189
0.01438338,0.3505601,-0.005384617,-0.9364143
0.01441988,0.344147,-0.005286111,-0.9387902
0.01449191,0.331073,-0.005085294,-0.9434801
0.01452741,0.3244127,-0.004982991,-0.9457909
0.01456261,0.3176529,-0.00487916,-0.9480827
0.0145974,0.3108109,-0.004774067,-0.9503477
0.01463176,0.3038865,-0.004667707,-0.9525844
0.01469907,0.2897912,-0.004451202,-0.9569667
0.01473198,0.2826188,-0.004341034,-0.9591094
0.01476444,0.2753456,-0.004229316,-0.9612226
0.01479633,0.2679913,-0.004116355,-0.9632989
0.01482765,0.2605529,-0.0040021,-0.9653375
0.0148884,0.2454283,-0.003769786,-0.9692931
0.0149178,0.2377418,-0.003651721,-0.971207
0.01494651,0.229973,-0.003532391,-0.9730758
0.01497456,0.2221023,-0.003411497,-0.9749024
0.01500187,0.2141493,-0.003289338,-0.9766802
0.01505412,0.1979979,-0.003041251,-0.9800822
0.01507902,0.1897989,-0.002915315,-0.9817029
0.01510305,0.1815187,-0.00278813,-0.9832676
0.01512625,0.1731376,-0.002659396,-0.9847779
0.01514853,0.1646755,-0.002529417,-0.9862283
0.0151902,0.1475106,-0.002265763,-0.9889413
0.01520954,0.1388073,-0.00213208,-0.9902003
0.01522788,0.1300049,-0.001996874,-0.9913945
0.01524515,0.1211239,-0.001860462,-0.9925187
0.01526131,0.1121639,-0.001722837,-0.9935711
0.01529022,0.09400986,-0.001443989,-0.9954528
0.01530292,0.08479766,-0.001302489,-0.9962798
0.01531437,0.07552838,-0.001160112,-0.9970254
0.01532459,0.06616422,-0.001016278,-0.9976906
0.01533352,0.0567243,-0.0008712805,-0.9982718
0.01534738,0.03762231,-0.0005778727,-0.9991741
0.01535225,0.02794198,-0.0004291821,-0.9994916
0.01535571,0.0181891,-0.0002793773,-0.9997166
0.01535771,0.008366713,-0.0001285049,-0.9998471
0.01535823,-0.001526853,2.346092E-05,-0.9998809
0.01535469,-0.02152117,0.0003305748,-0.9996504
0.01535056,-0.03163768,0.0004859651,-0.9993814
0.01534481,-0.04182244,0.0006424037,-0.999007
0.01533741,-0.05207174,0.0007998334,-0.9985253
0.01532833,-0.06238492,0.0009582446,-0.997934
0.01531291,-0.076773,0.001179246,-0.9969304
0.015308,-0.08081414,0.001241319,-0.9966109
0.01530624,-0.0822145,0.001262828,-0.9964963
0.01530624,-0.0822145,0.001262828,-0.9964963
0.01530624,-0.0822145,0.001262828,-0.9964963
0.01530624,-0.0822145,0.001262828,-0.9964963
0.01530624,-0.0822145,0.001262828,-0.9964963
0.01530624,-0.0822145,0.001262828,-0.9964963
0.01530624,-0.0822145,0.001262828,-0.9964963
0.01530624,-0.0822145,0.001262828,-0.9964963
0.01530624,-0.0822145,0.001262828,-0.9964963
0.01530624,-0.0822145,0.001262828,-0.9964963
0.01530624,-0.0822145,0.001262828,-0.9964963
0.01530624,-0.0822145,0.001262828,-0.9964963
0.01530624,-0.0822145,0.001262828,-0.9964963
0.01530624,-0.0822145,0.001262828,-0.9964963
0.01530624,-0.0822145,0.001262828,-0.9964963
0.01530624,-0.0822145,0.001262828,-0.9964963
0.01530624,-0.0822145,0.001262828,-0.9964963
0.01530624,-0.0822145,0.001262828,-0.9964963
0.01530624,-0.0822145,0.001262828,-0.9964963
0.01530624,-0.0822145,0.001262828,-0.9964963
0.01530624,-0.0822145,0.001262828,-0.9964963
0.01530624,-0.0822145,0.001262828,-0.9964963
0.01530624,-0.0822145,0.001262828,-0.9964963
0.01530624,-0.0822145,0.001262828,-0.9964963
0.01530624,-0.0822145,0.001262828,-0.9964963
0.01530624,-0.0822145,0.001262828,-0.9964963
0.01530624,-0.0822145,0.001262828,-0.9964963
0.01530624,-0.0822145,0.001262828,-0.9964963
0.01530624,-0.0822145,0.001262828,-0.9964963
0.01530624,-0.0822145,0.001262828,-0.9964963
0.01530624,-0.0822145,0.001262828,-0.9964963
0.01530624,-0.0822145,0.001262828,-0.9964963
0.01530624,-0.0822145,0.001262828,-0.9964963
0.01530624,-0.0822145,0.001262828,-0.9964963
0.01530624,-0.0822145,0.001262828,-0.9964963
0.01530624,-0.0822145,0.001262828,-0.9964963
0.01530624,-0.0822145,0.001262828,-0.9964963
0.01530624,-0.0822145,0.001262828,-0.9964963
0.01530624,-0.0822145,0.001262828,-0.9964963
0.01530624,-0.0822145,0.001262828,-0.9964963
0.01530624,-0.0822145,0.001262828,-0.9964963
0.01530624,-0.0822145,0.001262828,-0.9964963
0.01530624,-0.0822145,0.001262828,-0.9964963
0.01530624,-0.0822145,0.001262828,-0.9964963
0.01530624,-0.0822145,0.001262828,-0.9964963
0.01530624,-0.0822145,0.001262828,-0.9964963
0.01530624,-0.0822145,0.001262828,-0.9964963
0.01530624,-0.0822145,0.001262828,-0.9964963
0.01530624,-0.0822145,0.001262828,-0.9964963
0.01530624,-0.0822145,0.001262828,-0.9964963
0.01530624,-0.0822145,0.001262828,-0.9964963
0.01530624,-0.0822145,0.001262828,-0.9964963
0.01530624,-0.0822145,0.001262828,-0.9964963
0.01530624,-0.0822145,0.001262828,-0.9964963
0.01530624,-0.0822145,0.001262828,-0.9964963
0.01530624,-0.0822145,0.001262828,-0.9964963
0.01530624,-0.0822145,0.001262828,-0.9964963
0.01530624,-0.0822145,0.001262828,-0.9964963
0.01530624,-0.0822145,0.001262828,-0.9964963
0.01530624,-0.0822145,0.001262828,-0.9964963
0.01530624,-0.0822145,0.001262828,-0.9964963
0.01530624,-0.0822145,0.001262828,-0.9964963
0.01530624,-0.0822145,0.001262828,-0.9964963
0.01530624,-0.0822145,0.001262828,-0.9964963
0.01530624,-0.0822145,0.001262828,-0.9964963
0.01530624,-0.0822145,0.001262828,-0.9964963
0.01530624,-0.0822145,0.001262828,-0.9964963
0.01530624,-0.0822145,0.001262828,-0.9964963
0.01530624,-0.0822145,0.001262828,-0.9964963
0.01530624,-0.0822145,0.001262828,-0.9964963
0.01530624,-0.0822145,0.001262828,-0.9964963
0.01530624,-0.0822145,0.001262828,-0.9964963
0.01530624,-0.0822145,0.001262828,-0.9964963
0.01530624,-0.0822145,0.001262828,-0.9964963
0.01530624,-0.0822145,0.001262828,-0.9964963
0.01530624,-0.0822145,0.001262828,-0.9964963
0.01530633,-0.08214573,0.001261772,-0.996502
0.01530651,-0.08200688,0.001259639,-0.9965134
0.01530677,-0.08179913,0.001256448,-0.9965305
0.0153076,-0.08113715,0.00124628,-0.9965846
0.01530814,-0.08070261,0.001239606,-0.9966199
0.01530877,-0.08019839,0.001231861,-0.9966606
0.01530947,-0.07962563,0.001223063,-0.9967065
0.01531028,-0.07896367,0.001212895,-0.9967592
0.01531213,-0.07743182,0.001189366,-0.9968794
0.01531316,-0.07656213,0.001176007,-0.9969466
0.01531426,-0.07562299,0.001161582,-0.9970183
0.01531543,-0.07461488,0.001146097,-0.9970942
0.01531666,-0.07353704,0.001129542,-0.9971743
0.01531933,-0.07113423,0.001092635,-0.9973485
0.01532075,-0.06982892,0.001072585,-0.9974408
0.01532221,-0.06845409,0.001051467,-0.9975361
0.01532372,-0.06701034,0.001029291,-0.9976341
0.01532528,-0.06547689,0.001005737,-0.9977359
0.0153285,-0.0622052,0.0009554841,-0.9979452
0.01533014,-0.06046388,0.0009287373,-0.9980522
0.0153318,-0.05865274,0.0009009181,-0.9981603
0.01533347,-0.05677234,0.000872035,-0.998269
0.01533516,-0.05480253,0.0008417787,-0.9983791
0.01533853,-0.05065502,0.0007780726,-0.9985982
0.01534019,-0.04847666,0.0007446129,-0.9987063
0.01534182,-0.04622843,0.0007100799,-0.9988129
0.01534343,-0.04391093,0.0006744831,-0.9989175
0.01534501,-0.04150433,0.0006375176,-0.9990203
0.01534802,-0.03648205,0.0005603749,-0.9992163
0.01534944,-0.03386637,0.000520198,-0.9993084
0.01535078,-0.03118075,0.0004789467,-0.9993958
0.01535204,-0.02842583,0.0004366309,-0.9994779
0.01535322,-0.02558152,0.0003929423,-0.9995548
0.01535527,-0.01968397,0.0003023555,-0.9996883
0.01535612,-0.016631,0.0002554618,-0.9997438
0.01535685,-0.01350886,0.0002075055,-0.9997908
0.01535743,-0.01031692,0.0001584771,-0.9998289
0.01535787,-0.007035536,0.0001080748,-0.9998574
0.01535825,-0.0002658843,4.092559E-06,-0.9998821
0.01535817,0.003223925,-4.951112E-05,-0.9998769
0.01535789,0.00678278,-0.0001041753,-0.9998591
0.01535742,0.01041155,-0.0001599134,-0.9998279
0.01535672,0.01412932,-0.0002170186,-0.9997823
0.01535461,0.02177062,-0.0003343894,-0.9996451
0.01535318,0.02569551,-0.000394676,-0.9995519
0.01535148,0.02968916,-0.0004560187,-0.9994413
0.0153495,0.03375293,-0.0005184384,-0.9993123
0.01534721,0.03790434,-0.0005822045,-0.9991634
0.01534169,0.04641337,-0.0007129035,-0.9988043
0.01533844,0.0507703,-0.0007798262,-0.9985923
0.01533481,0.05521472,-0.0008480928,-0.9983564
0.01533082,0.05972778,-0.0009174137,-0.9980966
0.01532645,0.06430878,-0.0009877781,-0.9978119
0.0153165,0.07367291,-0.001131612,-0.9971642
0.0153109,0.07845754,-0.001205104,-0.9967992
0.01530485,0.08330953,-0.001279631,-0.9964054
0.01529832,0.08824853,-0.001355494,-0.9959801
0.01529131,0.09325299,-0.001432363,-0.995524
0.01527581,0.1034635,-0.001589197,-0.9945147
0.01526728,0.1086683,-0.001669143,-0.9939594
0.01525821,0.1139394,-0.001750108,-0.993369
0.01524855,0.1192956,-0.00183238,-0.99274
0.01523831,0.1247175,-0.00191566,-0.9920735
0.01521604,0.1357538,-0.002085179,-0.9906235
0.01520397,0.1413703,-0.002171447,-0.9898376
0.01519125,0.1470505,-0.002258696,-0.9890097
0.01517782,0.1528141,-0.002347225,-0.9881356
0.01516371,0.1586414,-0.002436733,-0.9872168
0.01513897,0.1683582,-0.002585984,-0.9856063
0.01513426,0.1701447,-0.002613424,-0.9852994
0.01513426,0.1701447,-0.002613424,-0.9852994
0.01513426,0.1701447,-0.002613424,-0.9852994
0.01513426,0.1701447,-0.002613424,-0.9852994
0.01513426,0.1701447,-0.002613424,-0.9852994
0.01513426,0.1701447,-0.002613424,-0.9852994
0.01513426,0.1701447,-0.002613424,-0.9852994
0.01513426,0.1701447,-0.002613424,-0.9852994
0.01513426,0.1701447,-0.002613424,-0.9852994
0.01513426,0.1701447,-0.002613424,-0.9852994
0.01513426,0.1701447,-0.002613424,-0.9852994
0.01513426,0.1701447,-0.002613424,-0.9852994
0.01513426,0.1701447,-0.002613424,-0.9852994
0.01513426,0.1701447,-0.002613424,-0.9852994
0.01513426,0.1701447,-0.002613424,-0.9852994
0.01513426,0.1701447,-0.002613424,-0.9852994
0.01513426,0.1701447,-0.002613424,-0.9852994
0.01513426,0.1701447,-0.002613424,-0.9852994
0.01513426,0.1701447,-0.002613424,-0.9852994
0.01513426,0.1701447,-0.002613424,-0.9852994
0.01513426,0.1701447,-0.002613424,-0.9852994
0.01513426,0.1701447,-0.002613424,-0.9852994
0.01513426,0.1701447,-0.002613424,-0.9852994
0.01513426,0.1701447,-0.002613424,-0.9852994
0.01513426,0.1701447,-0.002613424,-0.9852994
0.01513426,0.1701447,-0.002613424,-0.9852994
0.01513426,0.1701447,-0.002613424,-0.9852994
0.01513426,0.1701447,-0.002613424,-0.9852994
0.01513426,0.1701447,-0.002613424,-0.9852994
0.01513426,0.1701447,-0.002613424,-0.9852994
0.01513426,0.1701447,-0.002613424,-0.9852994
0.01513426,0.1701447,-0.002613424,-0.9852994
0.01513426,0.1701447,-0.002613424,-0.9852994
0.01513426,0.1701447,-0.002613424,-0.9852994
0.01513426,0.1701447,-0.002613424,-0.9852994
0.01513426,0.1701447,-0.002613424,-0.9852994
0.01513426,0.1701447,-0.002613424,-0.9852994
0.01513426,0.1701447,-0.002613424,-0.9852994
0.01513426,0.1701447,-0.002613424,-0.9852994
0.01513426,0.1701447,-0.002613424,-0.9852994
0.01513426,0.1701447,-0.002613424,-0.9852994
0.01513426,0.1701447,-0.002613424,-0.9852994
0.01513426,0.1701447,-0.002613424,-0.9852994
0.01513426,0.1701447,-0.002613424,-0.9852994
0.01513426,0.1701447,-0.002613424,-0.9852994
0.01513426,0.1701447,-0.002613424,-0.9852994
0.01513426,0.1701447,-0.002613424,-0.9852994
0.01513426,0.1701447,-0.002613424,-0.9852994
0.01513426,0.1701447,-0.002613424,-0.9852994
0.01513426,0.1701447,-0.002613424,-0.9852994
0.01513426,0.1701447,-0.002613424,-0.9852994
0.01513426,0.1701447,-0.002613424,-0.9852994
0.01513426,0.1701447,-0.002613424,-0.9852994
0.01513426,0.1701447,-0.002613424,-0.9852994
0.01513426,0.1701447,-0.002613424,-0.9852994
0.01513426,0.1701447,-0.002613424,-0.9852994
0.01513426,0.1701447,-0.002613424,-0.9852994
0.01513426,0.1701447,-0.002613424,-0.9852994
0.01513426,0.1701447,-0.002613424,-0.9852994
0.01513426,0.1701447,-0.002613424,-0.9852994
0.01513426,0.1701447,-0.002613424,-0.9852994
0.01513426,0.1701447,-0.002613424,-0.9852994
0.01513426,0.1701447,-0.002613424,-0.9852994
0.01513426,0.1701447,-0.002613424,-0.9852994
0.01513426,0.1701447,-0.002613424,-0.9852994
0.01513426,0.1701447,-0.002613424,-0.9852994
0.01513426,0.1701447,-0.002613424,-0.9852994
0.01513426,0.1701447,-0.002613424,-0.9852994
0.01513426,0.1701447,-0.002613424,-0.9852994
0.01513426,0.1701447,-0.002613424,-0.9852994
0.01513426,0.1701447,-0.002613424,-0.9852994
0.01513426,0.1701447,-0.002613424,-0.9852994
0.01513426,0.1701447,-0.002613424,-0.9852994
0.01513426,0.1701447,-0.002613424,-0.9852994
0.01513444,0.1700759,-0.002612368,-0.9853113
0.01513486,0.1699193,-0.002609962,-0.9853383
0.01513545,0.1696962,-0.002606536,-0.9853768
0.01513622,0.169403,-0.002602031,-0.9854272
0.01513718,0.1690415,-0.002596479,-0.9854893
0.01513831,0.1686117,-0.002589878,-0.9855629
0.0151412,0.1675078,-0.002572922,-0.9857512
0.0151429,0.166853,-0.002562864,-0.9858622
0.01514478,0.1661306,-0.002551768,-0.9859841
0.01514682,0.1653396,-0.002539619,-0.9861171
0.01514903,0.1644791,-0.002526401,-0.9862611
0.01515403,0.162514,-0.002496217,-0.9865867
0.01515677,0.1614283,-0.002479541,-0.986765
0.01515966,0.1602738,-0.002461807,-0.9869531
0.0151627,0.1590515,-0.002443032,-0.9871508
0.01516921,0.156399,-0.002402289,-0.9875746
0.01517271,0.15495,-0.002380032,-0.987803
0.01517635,0.1534321,-0.002356718,-0.9880399
0.01518012,0.1518449,-0.002332339,-0.988285
0.015184,0.1501888,-0.002306901,-0.988538
0.01518801,0.1484636,-0.002280402,-0.9887986
0.01519642,0.1447675,-0.002223629,-0.9893466
0.01520078,0.1428155,-0.002193646,-0.9896302
0.01520523,0.1407939,-0.002162595,-0.9899198
0.01520976,0.1387031,-0.002130479,-0.990215
0.01521906,0.1343121,-0.002063034,-0.9908201
0.01522384,0.1319932,-0.002027415,-0.9911317
0.01522868,0.1296048,-0.001990729,-0.9914468
0.01523357,0.1271478,-0.00195299,-0.9917649
0.0152385,0.1246208,-0.001914174,-0.9920856
0.01524345,0.122024,-0.001874288,-0.9924084
0.0152535,0.1165828,-0.00179071,-0.9930622
0.01525853,0.1137564,-0.001747297,-0.99339
0.01526356,0.1108601,-0.001702809,-0.9937174
0.01526857,0.1078941,-0.001657251,-0.9940438
0.01527356,0.1048579,-0.001610614,-0.9943687
0.01528349,0.09853808,-0.001513542,-0.9950148
0.01528838,0.09527194,-0.001463374,-0.9953329
0.01529319,0.09193593,-0.001412133,-0.9956465
0.01529793,0.08852941,-0.001359808,-0.9959552
0.01530259,0.08505331,-0.001306415,-0.9962581
0.01531163,0.07784981,-0.001195769,-0.9968468
0.01531597,0.07414278,-0.001138829,-0.9971294
0.01532017,0.07036587,-0.001080815,-0.997403
0.01532423,0.0665188,-0.001021724,-0.997667
0.01532812,0.06260148,-0.0009615537,-0.9979204
0.0153354,0.05451607,-0.0008373614,-0.9983948
0.01533875,0.05036768,-0.0007736417,-0.9986126
0.01534188,0.04614915,-0.0007088449,-0.9988165
0.01534478,0.04186042,-0.0006429699,-0.9990054
0.01534744,0.03750191,-0.0005760227,-0.9991785
0.01535199,0.02853509,-0.0004382919,-0.9994748
0.01535384,0.02394653,-0.0003678113,-0.9995953
0.01535539,0.01928787,-0.000296254,-0.999696
0.01535611,0.01670148,-0.0002565269,-0.9997426
0.01535623,0.01619934,-0.000248814,-0.9997509
0.01535623,0.01619934,-0.000248814,-0.9997509
0.01535623,0.01619934,-0.000248814,-0.9997509
0.01535623,0.01619934,-0.000248814,-0.9997509
0.01535623,0.01619934,-0.000248814,-0.9997509
0.01535623,0.01619934,-0.000248814,-0.9997509
0.01535623,0.01619934,-0.000248814,-0.9997509
0.01535623,0.01619934,-0.000248814,-0.9997509
0.01535623,0.01619934,-0.000248814,-0.9997509
0.01535623,0.01619934,-0.000248814,-0.9997509
0.01535623,0.01619934,-0.000248814,-0.9997509
0.01535623,0.01619934,-0.000248814,-0.9997509
0.01535623,0.01619934,-0.000248814,-0.9997509
0.01535623,0.01619934,-0.000248814,-0.9997509
0.01535623,0.01619934,-0.000248814,-0.9997509
0.01535623,0.01619934,-0.000248814,-0.9997509
0.01535623,0.01619934,-0.000248814,-0.9997509
0.01535623,0.01619934,-0.000248814,-0.9997509
0.01535623,0.01619934,-0.000248814,-0.9997509
0.01535623,0.01619934,-0.000248814,-0.9997509
0.01535623,0.01619934,-0.000248814,-0.9997509
0.01535623,0.01619934,-0.000248814,-0.9997509
0.01535623,0.01619934,-0.000248814,-0.9997509
0.01535623,0.01619934,-0.000248814,-0.9997509
0.01535623,0.01619934,-0.000248814,-0.9997509
0.01535623,0.01619934,-0.000248814,-0.9997509
0.01535623,0.01619934,-0.000248814,-0.9997509
0.01535623,0.01619934,-0.000248814,-0.9997509
0.01535623,0.01619934,-0.000248814,-0.9997509
0.01535623,0.01619934,-0.000248814,-0.9997509
0.01535623,0.01619934,-0.000248814,-0.9997509
0.01535623,0.01619934,-0.000248814,-0.9997509
0.01535623,0.01619934,-0.000248814,-0.9997509
0.01535623,0.01619934,-0.000248814,-0.9997509
0.01535623,0.01619934,-0.000248814,-0.9997509
0.01535623,0.01619934,-0.000248814,-0.9997509
0.01535623,0.01619934,-0.000248814,-0.9997509
0.01535623,0.01619934,-0.000248814,-0.9997509
0.01535623,0.01619934,-0.000248814,-0.9997509
0.01535623,0.01619934,-0.000248814,-0.9997509
0.01535623,0.01619934,-0.000248814,-0.9997509
0.01535623,0.01619934,-0.000248814,-0.9997509
0.01535623,0.01619934,-0.000248814,-0.9997509
0.01535623,0.01619934,-0.000248814,-0.9997509
0.01535623,0.01619934,-0.000248814,-0.9997509
0.01535623,0.01619934,-0.000248814,-0.9997509
0.01535623,0.01619934,-0.000248814,-0.9997509
0.01535623,0.01619934,-0.000248814,-0.9997509
0.01535623,0.01619934,-0.000248814,-0.9997509
0.01535623,0.01619934,-0.000248814,-0.9997509
0.01535623,0.01619934,-0.000248814,-0.9997509
0.01535623,0.01619934,-0.000248814,-0.9997509
0.01535623,0.01619934,-0.000248814,-0.9997509
0.01535623,0.01619934,-0.000248814,-0.9997509
0.01535623,0.01619934,-0.000248814,-0.9997509
0.01535623,0.01619934,-0.000248814,-0.9997509
0.01535623,0.01619934,-0.000248814,-0.9997509
0.01535623,0.01619934,-0.000248814,-0.9997509
0.01535623,0.01619934,-0.000248814,-0.9997509
0.01535623,0.01619934,-0.000248814,-0.9997509
0.01535623,0.01619934,-0.000248814,-0.9997509
0.01535623,0.01619934,-0.000248814,-0.9997509
0.01535623,0.01619934,-0.000248814,-0.9997509
0.01535623,0.01619934,-0.000248814,-0.9997509
0.01535623,0.01619934,-0.000248814,-0.9997509
0.01535623,0.01619934,-0.000248814,-0.9997509
0.01535623,0.01619934,-0.000248814,-0.9997509
0.01535623,0.01619934,-0.000248814,-0.9997509
0.01535623,0.01619934,-0.000248814,-0.9997509
0.01535623,0.01619934,-0.000248814,-0.9997509
0.01535623,0.01619934,-0.000248814,-0.9997509
0.01535623,0.01619934,-0.000248814,-0.9997509
0.01535623,0.01619934,-0.000248814,-0.9997509
0.01535623,0.01619934,-0.000248814,-0.9997509
0.01535623,0.01619934,-0.000248814,-0.9997509
0.01535623,0.01619934,-0.000248814,-0.9997509
0.01535623,0.01619934,-0.000248814,-0.9997509
0.01535623,0.01619934,-0.000248814,-0.9997509
0.01535623,0.01619934,-0.000248814,-0.9997509
0.01535623,0.01619934,-0.000248814,-0.9997509
0.01535623,0.01619934,-0.000248814,-0.9997509
0.01535623,0.01619934,-0.000248814,-0.9997509
0.01535623,0.01619934,-0.000248814,-0.9997509
0.01535623,0.01619934,-0.000248814,-0.9997509
0.01535623,0.01619934,-0.000248814,-0.9997509
0.01535623,0.01619934,-0.000248814,-0.9997509
0.01535623,0.01619934,-0.000248814,-0.9997509
0.01535623,0.01619934,-0.000248814,-0.9997509
0.01535623,0.01619934,-0.000248814,-0.9997509
0.01535623,0.01619934,-0.000248814,-0.9997509
0.01535623,0.01619934,-0.000248814,-0.9997509
0.01535623,0.01619934,-0.000248814,-0.9997509
0.01535623,0.01619934,-0.000248814,-0.9997509
0.01535623,0.01619934,-0.000248814,-0.9997509
0.01535623,0.01619934,-0.000248814,-0.9997509
0.01535623,0.01619934,-0.000248814,-0.9997509
0.01535623,0.01619934,-0.000248814,-0.9997509
0.01535623,0.01619934,-0.000248814,-0.9997509
0.01535623,0.01619934,-0.000248814,-0.9997509
0.01535623,0.01619934,-0.000248814,-0.9997509
0.01535623,0.01619934,-0.000248814,-0.9997509
0.01535623,0.01619934,-0.000248814,-0.9997509
0.01535623,0.01619934,-0.000248814,-0.9997509
0.01535623,0.01619934,-0.000248814,-0.9997509
0.01535623,0.01619934,-0.000248814,-0.9997509
0.01535623,0.01619934,-0.000248814,-0.9997509
0.01535623,0.01619934,-0.000248814,-0.9997509
0.01535623,0.01619934,-0.000248814,-0.9997509
0.01535622,0.01627106,-0.0002499156,-0.9997497
0.01535617,0.01642964,-0.0002523514,-0.999747
0.01535612,0.01665774,-0.000255855,-0.9997433
0.01535594,0.01732183,-0.0002660555,-0.9997321
0.01535582,0.01777793,-0.0002730612,-0.999724
0.01535568,0.01830249,-0.0002811185,-0.9997146
0.01535551,0.01889699,-0.0002902501,-0.9997035
0.01535531,0.0195599,-0.0003004323,-0.9996908
0.01535483,0.02109575,-0.0003240231,-0.9996595
0.01535454,0.02196781,-0.000337418,-0.9996408
0.01535421,0.0229292,-0.0003521851,-0.9996192
0.01535384,0.02395992,-0.0003680169,-0.999595
0.01535343,0.02505885,-0.0003848965,-0.999568
0.01535245,0.02746735,-0.0004218913,-0.9995047
0.01535188,0.02879516,-0.0004422865,-0.9994674
0.01535125,0.03019066,-0.0004637215,-0.9994262
0.01535055,0.03165693,-0.0004862435,-0.9993808
0.01534978,0.03319196,-0.0005098216,-0.999331
0.01534803,0.03647145,-0.0005601948,-0.9992167
0.01534703,0.03821522,-0.0005869793,-0.9991515
0.01534593,0.0400483,-0.0006151355,-0.9990798
0.01534473,0.04195035,-0.0006443511,-0.9990016
0.01534343,0.04392124,-0.0006746241,-0.9989169
0.01534049,0.04807049,-0.0007383568,-0.998726
0.01533883,0.05026868,-0.0007721212,-0.9986177
0.01533704,0.05253604,-0.0008069479,-0.9985009
0.01533511,0.05487226,-0.0008428325,-0.9983753
0.01533303,0.05727768,-0.0008797797,-0.9982402
0.01532841,0.06229524,-0.0009568498,-0.9979396
0.01532584,0.06492677,-0.0009972702,-0.9977719
0.01532308,0.06762567,-0.001038725,-0.9975926
0.01532014,0.07039481,-0.00108126,-0.997401
0.015317,0.07323301,-0.001124854,-0.9971966
0.0153101,0.07911411,-0.001215189,-0.9967473
0.01530629,0.08217713,-0.001262237,-0.9964994
0.01530225,0.08530808,-0.001310328,-0.9962363
0.01529796,0.08850841,-0.001359486,-0.995957
0.01529342,0.09177646,-0.001409683,-0.9956612
0.01528861,0.09511233,-0.001460922,-0.9953481
0.01527809,0.1020276,-0.001567141,-0.9946631
0.01527238,0.1055873,-0.001621818,-0.9942915
0.01526636,0.1092146,-0.001677533,-0.9938996
0.01526002,0.1129091,-0.001734281,-0.9934866
0.01524631,0.1205007,-0.001850889,-0.9925945
0.01523889,0.1244175,-0.001911051,-0.9921111
0.01523109,0.1283996,-0.001972217,-0.9916036
0.01522291,0.1324493,-0.00203442,-0.9910708
0.01521433,0.1365656,-0.002097647,-0.990512
0.01520533,0.1407479,-0.002161887,-0.9899263
0.01518596,0.1493482,-0.002293989,-0.9886654
0.0151756,0.1537482,-0.002361573,-0.9879907
0.01516476,0.1582136,-0.002430162,-0.9872854
0.01515345,0.1627445,-0.002499756,-0.9865487
0.01514164,0.1673401,-0.002570345,-0.9857796
0.01511635,0.1767633,-0.002715086,-0.9841336
0.0151029,0.181572,-0.002788947,-0.9832578
0.01508889,0.1864444,-0.002863787,-0.9823455
0.0150743,0.1913802,-0.002939602,-0.9813958
0.01505912,0.1963794,-0.003016389,-0.9804077
0.01502681,0.2066041,-0.003173442,-0.9783041
0.0150097,0.2118105,-0.003253412,-0.9771901
0.01499193,0.2170784,-0.003334328,-0.9760333
0.0149735,0.2224067,-0.003416171,-0.974833
0.01495437,0.2277964,-0.003498957,-0.9735877
0.01491384,0.2387942,-0.003667884,-0.9709488
0.01489246,0.2443835,-0.003753736,-0.969557
0.01487033,0.250031,-0.003840482,-0.968116
0.01484741,0.2557374,-0.003928133,-0.9666243
0.0148237,0.2615025,-0.004016684,-0.9650806
0.01477366,0.2732428,-0.004197017,-0.9618225
0.01474736,0.279198,-0.004288489,-0.9601108
0.0147202,0.2852086,-0.004380811,-0.9583425
0.01469215,0.2912751,-0.004473993,-0.9565161
0.01466319,0.2973955,-0.004568004,-0.9546309
0.0146023,0.3098356,-0.004759085,-0.9506661
0.01457041,0.3161346,-0.004855837,-0.9485901
0.01453753,0.3224853,-0.004953385,-0.9464499
0.01450365,0.3288879,-0.005051729,-0.9442441
0.01446865,0.3353586,-0.00515112,-0.9419654
0.0143955,0.3484471,-0.005352159,-0.9372027
0.0143573,0.3550637,-0.005453792,-0.934716
0.014318,0.3617273,-0.005556145,-0.9321574
0.01427758,0.3684368,-0.005659203,-0.929526
0.01423602,0.3751916,-0.005762957,-0.9268201
0.01414915,0.3888699,-0.005973057,-0.9211647
0.01410392,0.3957732,-0.006079093,-0.9182199
0.01405747,0.4027172,-0.006185753,-0.9151956
0.01400977,0.4097019,-0.006293038,-0.9120902
0.01396068,0.4167432,-0.006401194,-0.9088945
0.01385863,0.4309389,-0.00661924,-0.9022505
0.01380562,0.4380912,-0.006729099,-0.8987993
0.01375127,0.4452777,-0.006839484,-0.8952609
0.01369554,0.4524983,-0.006950394,-0.891633
0.01363844,0.4597507,-0.007061792,-0.8879153
0.01351971,0.4743805,-0.007286505,-0.880186
0.01345819,0.4817383,-0.007399522,-0.8761806
0.0133952,0.4891229,-0.007512951,-0.8720797
0.01333073,0.4965326,-0.007626764,-0.8678822
0.0132646,0.5039827,-0.007741198,-0.8635772
0.01312774,0.5189493,-0.007971086,-0.8546671
0.01305697,0.5264626,-0.00808649,-0.8500596
0.01298461,0.5339941,-0.008202175,-0.8453487
0.01291066,0.5415415,-0.008318104,-0.8405337
0.01283491,0.5491197,-0.008434505,-0.8356026
0.01267849,0.564312,-0.008667861,-0.8254187
0.01259776,0.571924,-0.00878478,-0.8201628
0.01251533,0.5795435,-0.008901817,-0.8147966
0.01243119,0.5871689,-0.009018945,-0.8093188
0.01234516,0.5948128,-0.009136355,-0.8037175
0.01216779,0.6101066,-0.009371269,-0.7921705
0.01207644,0.6177517,-0.009488697,-0.7862233
0.01198329,0.6253929,-0.009606067,-0.7801589
0.01188833,0.6330282,-0.009723347,-0.7739764
0.01179134,0.6406711,-0.009840742,-0.7676619
0.01159182,0.6559224,-0.010075,-0.7546722
0.01148923,0.6635284,-0.01019183,-0.7479934
0.01138474,0.6711188,-0.01030842,-0.7411907
0.01127836,0.6786895,-0.01042471,-0.7342648
0.01116986,0.6862527,-0.01054088,-0.7272011
0.01094702,0.7013078,-0.01077213,-0.7126931
0.01083266,0.7087942,-0.01088712,-0.7052482
0.01071633,0.7162501,-0.01100164,-0.6976747
0.01059802,0.7236729,-0.01111565,-0.6899723
0.01047749,0.7310739,-0.01122934,-0.6821254
0.0102304,0.745759,-0.0114549,-0.6660388
0.01010383,0.7530373,-0.01156669,-0.6577986
0.00997523,0.7602696,-0.01167778,-0.6494261
0.009844589,0.7674534,-0.01178813,-0.6409208
0.009711685,0.7745974,-0.01189786,-0.6322682
0.00946528,0.7874194,-0.0120948,-0.6162263
0.009378858,0.7917903,-0.01216194,-0.6105999
0.009317524,0.7948536,-0.01220899,-0.6066068
0.009281383,0.7966439,-0.01223649,-0.6042539
0.009277439,0.7968385,-0.01223948,-0.6039971
0.009277439,0.7968385,-0.01223948,-0.6039971
0.009277439,0.7968385,-0.01223948,-0.6039971
0.009277439,0.7968385,-0.01223948,-0.6039971
0.009277439,0.7968385,-0.01223948,-0.6039971
0.009277439,0.7968385,-0.01223948,-0.6039971
0.009277439,0.7968385,-0.01223948,-0.6039971
0.009277439,0.7968385,-0.01223948,-0.6039971
0.009277439,0.7968385,-0.01223948,-0.6039971
0.009277439,0.7968385,-0.01223948,-0.6039971
0.009277439,0.7968385,-0.01223948,-0.6039971
0.009277439,0.7968385,-0.01223948,-0.6039971
0.009277439,0.7968385,-0.01223948,-0.6039971
0.009277439,0.7968385,-0.01223948,-0.6039971
0.009277439,0.7968385,-0.01223948,-0.6039971
0.009277439,0.7968385,-0.01223948,-0.6039971
0.009277439,0.7968385,-0.01223948,-0.6039971
0.009277439,0.7968385,-0.01223948,-0.6039971
0.009277439,0.7968385,-0.01223948,-0.6039971
0.009277439,0.7968385,-0.01223948,-0.6039971
0.009277439,0.7968385,-0.01223948,-0.6039971
0.009277439,0.7968385,-0.01223948,-0.6039971
0.009277439,0.7968385,-0.01223948,-0.6039971
0.009277439,0.7968385,-0.01223948,-0.6039971
0.009277439,0.7968385,-0.01223948,-0.6039971
0.009277439,0.7968385,-0.01223948,-0.6039971
0.009276591,0.7968804,-0.01224012,-0.603942
0.00927489,0.7969642,-0.01224141,-0.6038312
0.009272345,0.7970898,-0.01224334,-0.6036656
0.009268702,0.7972693,-0.0122461,-0.6034284
0.009264209,0.7974905,-0.0122495,-0.6031359
0.009252666,0.7980585,-0.01225822,-0.6023844
0.00924562,0.7984045,-0.01226353,-0.6019257
0.00923771,0.7987923,-0.01226949,-0.6014107
0.009228706,0.7992334,-0.01227627,-0.6008246
0.009218848,0.7997155,-0.01228367,-0.6001828
0.009196554,0.8008027,-0.01230037,-0.5987314
0.009184111,0.8014078,-0.01230966,-0.5979213
0.009170799,0.8020536,-0.01231959,-0.5970546
0.009156381,0.8027515,-0.0123303,-0.5961159
0.009141099,0.8034894,-0.01234164,-0.595121
0.009107907,0.8050853,-0.01236615,-0.5929601
0.009089997,0.8059428,-0.01237932,-0.5917941
0.009070965,0.8068511,-0.01239328,-0.5905551
0.009051048,0.8077987,-0.01240783,-0.5892584
0.009030245,0.8087848,-0.01242298,-0.5879041
0.008985974,0.8108721,-0.01245504,-0.5850219
0.008962501,0.8119724,-0.01247194,-0.5834936
0.008938124,0.8131106,-0.01248942,-0.5819066
0.008912596,0.8142974,-0.01250765,-0.5802446
0.008886165,0.8155209,-0.01252644,-0.5785238
0.008830565,0.8180767,-0.0125657,-0.574904
0.008801389,0.8194083,-0.01258615,-0.5730046
0.008771036,0.8207867,-0.01260733,-0.5710284
0.008739755,0.8221997,-0.01262903,-0.5689919
0.008707566,0.8236461,-0.01265125,-0.5668963
0.00864034,0.8266414,-0.01269726,-0.5625196
0.008605309,0.8281887,-0.01272102,-0.5602389
0.008569078,0.8297794,-0.01274546,-0.5578801
0.008531888,0.8314022,-0.01277038,-0.555459
0.008493745,0.8330559,-0.01279578,-0.5529757
0.008414528,0.8364564,-0.01284801,-0.5478184
0.00837347,0.838201,-0.01287481,-0.5451453
0.008331195,0.8399844,-0.0129022,-0.5423931
0.008287914,0.8417972,-0.01293005,-0.5395754
0.008243651,0.8436374,-0.01295832,-0.5366937
0.008152097,0.8474,-0.01301611,-0.5307331
0.008104806,0.8493205,-0.01304561,-0.5276543
0.008056249,0.8512763,-0.01307565,-0.524493
0.008006676,0.8532562,-0.01310606,-0.5212656
0.007956074,0.8552603,-0.01313684,-0.5179711
0.007851746,0.8593371,-0.01319946,-0.511179
0.007798023,0.8614081,-0.01323127,-0.5076814
0.007742994,0.8635094,-0.01326355,-0.5040989
0.0076869,0.865631,-0.01329614,-0.5004469
0.007629754,0.8677713,-0.01332901,-0.4967265
0.007512232,0.8721063,-0.0133956,-0.4890754
0.007451846,0.8742994,-0.01342929,-0.485144
0.007390124,0.8765171,-0.01346335,-0.4811257
0.007327302,0.8787497,-0.01349764,-0.4770357
0.007263383,0.880996,-0.01353215,-0.4728743
0.007132233,0.885526,-0.01360173,-0.4643359
0.007064716,0.887817,-0.01363692,-0.4599403
0.006996078,0.8901178,-0.01367226,-0.4554717
0.006926314,0.8924274,-0.01370773,-0.4509297
0.006855409,0.8947449,-0.01374333,-0.4463136
0.006783368,0.8970691,-0.01377903,-0.4416234
0.006635328,0.9017497,-0.01385093,-0.4319854
0.006559567,0.9040962,-0.01388697,-0.427053
0.006482643,0.9064448,-0.01392304,-0.422045
0.006404542,0.9087949,-0.01395914,-0.4169603
0.006244816,0.9134943,-0.01403132,-0.4065616
0.006162907,0.9158491,-0.01406749,-0.4012289
0.006079815,0.9182,-0.0141036,-0.3958193
0.005995286,0.9205528,-0.01413974,-0.3903162
0.005909794,0.9228929,-0.01417569,-0.3847503
0.005735206,0.9275498,-0.01424722,-0.3733839
0.005645818,0.9298713,-0.01428287,-0.3675644
0.005555219,0.9321812,-0.01431836,-0.3616661
0.005463397,0.9344785,-0.01435364,-0.3556881
0.005370368,0.9367614,-0.01438871,-0.3496315
0.00527609,0.9390295,-0.01442354,-0.3434936
0.005083296,0.9435261,-0.01449261,-0.330942
0.004985035,0.9457456,-0.01452671,-0.3245449
0.004885552,0.9479435,-0.01456046,-0.3180681
0.004682831,0.9522701,-0.01462692,-0.3048702
0.004579602,0.9543956,-0.01465957,-0.2981496
0.004474832,0.9564998,-0.01469189,-0.2913286
0.004368806,0.958575,-0.01472376,-0.2844259
0.004261538,0.9606196,-0.01475517,-0.2774424
0.004153013,0.9626321,-0.01478608,-0.270377
0.003932216,0.9665542,-0.01484633,-0.2560022
0.003819642,0.9684656,-0.01487568,-0.2486732
0.003705819,0.9703383,-0.01490445,-0.2412629
0.003590744,0.9721704,-0.01493259,-0.2337711
0.003474412,0.9739603,-0.01496008,-0.2261974
0.003237991,0.9774074,-0.01501303,-0.2108054
0.003117615,0.9790649,-0.01503849,-0.2029685
0.002996002,0.9806729,-0.01506319,-0.195051
0.00287314,0.9822299,-0.01508711,-0.1870522
0.002749037,0.9837342,-0.01511021,-0.1789726
0.002623694,0.9851839,-0.01513248,-0.1708123
0.002368721,0.9879184,-0.01517448,-0.1542125
0.002239397,0.9891959,-0.0151941,-0.1457931
0.002108844,0.9904113,-0.01521277,-0.1372936
0.001977087,0.9915626,-0.01523046,-0.1287156
0.001709959,0.9936655,-0.01526276,-0.1113246
0.001616505,0.9943283,-0.01527294,-0.1052403
0.00155481,0.9947452,-0.01527934,-0.1012237
0.00152513,0.9949399,-0.01528233,-0.09929149
0.00152513,0.9949399,-0.01528233,-0.09929149
0.00152513,0.9949399,-0.01528233,-0.09929149
0.00152513,0.9949399,-0.01528233,-0.09929149
0.00152513,0.9949399,-0.01528233,-0.09929149
0.00152513,0.9949399,-0.01528233,-0.09929149
0.00152513,0.9949399,-0.01528233,-0.09929149
0.00152513,0.9949399,-0.01528233,-0.09929149
0.00152513,0.9949399,-0.01528233,-0.09929149
0.00152513,0.9949399,-0.01528233,-0.09929149
0.00152513,0.9949399,-0.01528233,-0.09929149
0.00152513,0.9949399,-0.01528233,-0.09929149
0.00152513,0.9949399,-0.01528233,-0.09929149
0.00152513,0.9949399,-0.01528233,-0.09929149
0.00152513,0.9949399,-0.01528233,-0.09929149
0.00152513,0.9949399,-0.01528233,-0.09929149
0.00152513,0.9949399,-0.01528233,-0.09929149
0.00152513,0.9949399,-0.01528233,-0.09929149
0.00152513,0.9949399,-0.01528233,-0.09929149
0.00152513,0.9949399,-0.01528233,-0.09929149
0.00152513,0.9949399,-0.01528233,-0.09929149
0.001526206,0.9949329,-0.01528223,-0.09936149
0.001528631,0.9949172,-0.01528198,-0.09951939
0.001536653,0.9948648,-0.01528118,-0.1000416
0.001542257,0.994828,-0.01528061,-0.1004065
0.001548928,0.9947841,-0.01527994,-0.1008408
0.001556666,0.9947329,-0.01527915,-0.1013446
0.001565762,0.9946724,-0.01527822,-0.1019368
0.001587124,0.9945288,-0.01527602,-0.1033275
0.0015994,0.9944455,-0.01527474,-0.1041267
0.001612729,0.9943542,-0.01527334,-0.1049945
0.001627125,0.9942548,-0.01527181,-0.1059317
0.001642872,0.994145,-0.01527013,-0.1069569
0.001677531,0.9938997,-0.01526636,-0.1092134
0.001696456,0.9937636,-0.01526427,-0.1104454
0.001716432,0.9936182,-0.01526203,-0.111746
0.001737473,0.9934632,-0.01525965,-0.1131158
0.001759863,0.9932961,-0.01525708,-0.1145735
0.001807801,0.9929311,-0.01525148,-0.1176944
0.001833356,0.9927325,-0.01524843,-0.1193582
0.001859969,0.9925227,-0.01524521,-0.1210908
0.001887635,0.9923012,-0.0152418,-0.1228919
0.001916648,0.9920655,-0.01523818,-0.1247808
0.001977831,0.9915563,-0.01523036,-0.128764
0.002009994,0.9912822,-0.01522615,-0.130858
0.002043205,0.9909944,-0.01522173,-0.1330201
0.002113067,0.9903733,-0.01521219,-0.1375684
0.002113067,0.9903733,-0.01521219,-0.1375684
0.002187414,0.9896888,-0.01520168,-0.1424087
0.002226149,0.9893227,-0.01519605,-0.1449305
0.002265923,0.9889399,-0.01519017,-0.1475199
0.002306743,0.9885398,-0.01518403,-0.1501775
0.002348896,0.988119,-0.01517756,-0.1529218
0.002436288,0.9872217,-0.01516378,-0.1586114
0.002481543,0.9867438,-0.01515644,-0.1615576
0.00252782,0.9862458,-0.01514879,-0.1645705
0.002575407,0.9857239,-0.01514078,-0.1676686
0.002624036,0.9851801,-0.01513242,-0.1708345
0.002724354,0.9840252,-0.01511468,-0.1773656
0.002776053,0.9834126,-0.01510528,-0.1807314
0.002828766,0.9827757,-0.01509549,-0.1841633
0.002882783,0.9821103,-0.01508527,-0.18768
0.002937794,0.981419,-0.01507465,-0.1912614
0.003050861,0.9799557,-0.01505218,-0.1986225
0.003108898,0.9791823,-0.0150403,-0.2024009
0.003167933,0.97838,-0.01502797,-0.2062443
0.003227962,0.977548,-0.01501519,-0.2101525
0.003289272,0.9766814,-0.01500188,-0.214144
0.003414851,0.9748529,-0.0149738,-0.2223197
0.003479108,0.9738894,-0.014959,-0.2265031
0.003544343,0.9728919,-0.01494368,-0.2307502
0.003610833,0.971855,-0.01492775,-0.2350789
0.003678288,0.9707822,-0.01491127,-0.2394705
0.003816064,0.9685255,-0.01487661,-0.2484403
0.003886387,0.9673396,-0.01485839,-0.2530185
0.003957661,0.9661139,-0.01483956,-0.2576587
0.004030152,0.9648429,-0.01482004,-0.2623782
0.004177916,0.9621753,-0.01477907,-0.2719982
0.004253182,0.9607765,-0.01475758,-0.2768983
0.004329367,0.9593332,-0.01473541,-0.2818582
0.004406448,0.9578445,-0.01471254,-0.2868765
0.004484436,0.9563091,-0.01468896,-0.2919538
0.0045636,0.9547205,-0.01466456,-0.2971078
0.004724574,0.9513958,-0.01461349,-0.3075877
0.004806374,0.9496576,-0.01458679,-0.3129133
0.00488903,0.9478675,-0.0145593,-0.3182945
0.004972824,0.9460181,-0.01453089,-0.3237498
0.005057459,0.9441145,-0.01450165,-0.3292599
0.005229222,0.9401399,-0.0144406,-0.3404423
0.005316322,0.9380672,-0.01440876,-0.3461128
0.005404248,0.9359353,-0.01437602,-0.3518372
0.005493242,0.9337367,-0.01434225,-0.357631
0.005583011,0.9314773,-0.01430754,-0.3634753
0.005764859,0.9267703,-0.01423524,-0.3753144
0.005856914,0.9243207,-0.01419761,-0.3813075
0.005949701,0.9218056,-0.01415898,-0.3873483
0.006043487,0.919216,-0.0141192,-0.3934541
0.006137989,0.9165581,-0.01407838,-0.3996066
0.006329083,0.9110329,-0.01399351,-0.4120476
0.006425643,0.9081634,-0.01394944,-0.418334
0.006522862,0.9052211,-0.01390424,-0.4246633
0.006620995,0.9021963,-0.01385778,-0.4310522
0.006719746,0.8990963,-0.01381016,-0.4374812
0.006919092,0.8926648,-0.01371138,-0.4504594
0.007019644,0.8893312,-0.01366017,-0.4570057
0.007121031,0.8859081,-0.01360759,-0.4636064
0.007222972,0.8824033,-0.01355376,-0.4702432
0.007325429,0.8788161,-0.01349866,-0.4769136
0.007531886,0.8713876,-0.01338456,-0.4903547
0.007635842,0.8675444,-0.01332552,-0.4971227
0.007740253,0.8636137,-0.01326515,-0.5039203
0.007808759,0.8609958,-0.01322494,-0.5083803
0.007849659,0.8594179,-0.0132007,-0.511043
0.00786301,0.8589005,-0.01319276,-0.5119122
0.00786301,0.8589005,-0.01319276,-0.5119122
0.00786301,0.8589005,-0.01319276,-0.5119122
0.00786301,0.8589005,-0.01319276,-0.5119122
0.00786301,0.8589005,-0.01319276,-0.5119122
0.00786301,0.8589005,-0.01319276,-0.5119122
0.00786301,0.8589005,-0.01319276,-0.5119122
0.00786301,0.8589005,-0.01319276,-0.5119122
0.00786301,0.8589005,-0.01319276,-0.5119122
0.00786301,0.8589005,-0.01319276,-0.5119122
0.00786301,0.8589005,-0.01319276,-0.5119122
0.00786301,0.8589005,-0.01319276,-0.5119122
0.00786301,0.8589005,-0.01319276,-0.5119122
0.00786301,0.8589005,-0.01319276,-0.5119122
0.00786301,0.8589005,-0.01319276,-0.5119122
0.00786301,0.8589005,-0.01319276,-0.5119122
0.00786301,0.8589005,-0.01319276,-0.5119122
0.00786301,0.8589005,-0.01319276,-0.5119122
0.00786301,0.8589005,-0.01319276,-0.5119122
0.00786301,0.8589005,-0.01319276,-0.5119122
0.00786301,0.8589005,-0.01319276,-0.5119122
0.00786301,0.8589005,-0.01319276,-0.5119122
0.00786301,0.8589005,-0.01319276,-0.5119122
0.00786301,0.8589005,-0.01319276,-0.5119122
0.00786301,0.8589005,-0.01319276,-0.5119122
0.00786301,0.8589005,-0.01319276,-0.5119122
0.00786301,0.8589005,-0.01319276,-0.5119122
0.00786301,0.8589005,-0.01319276,-0.5119122
0.00786301,0.8589005,-0.01319276,-0.5119122
0.00786301,0.8589005,-0.01319276,-0.5119122
0.00786301,0.8589005,-0.01319276,-0.5119122
0.00786301,0.8589005,-0.01319276,-0.5119122
0.00786301,0.8589005,-0.01319276,-0.5119122
0.00786301,0.8589005,-0.01319276,-0.5119122
0.00786301,0.8589005,-0.01319276,-0.5119122
0.007860266,0.8590069,-0.01319439,-0.5117335
0.007857514,0.8591136,-0.01319603,-0.5115544
0.00785359,0.8592657,-0.01319836,-0.5112989
0.007848745,0.8594533,-0.01320125,-0.5109835
0.007842987,0.8596762,-0.01320467,-0.5106086
0.007828714,0.8602274,-0.01321314,-0.5096793
0.007819933,0.8605658,-0.01321833,-0.5091076
0.007810229,0.8609392,-0.01322407,-0.508476
0.007799633,0.8613463,-0.01323032,-0.5077861
0.007788091,0.8617889,-0.01323712,-0.5070347
0.007762225,0.8627774,-0.0132523,-0.5053507
0.007747645,0.8633327,-0.01326083,-0.5044014
0.007732131,0.863922,-0.01326989,-0.5033914
0.007715685,0.8645449,-0.01327945,-0.5023208
0.007698311,0.8652012,-0.01328953,-0.5011896
0.007660711,0.8666146,-0.01331124,-0.4987417
0.007640238,0.8673803,-0.013323,-0.4974089
0.007618825,0.8681783,-0.01333526,-0.4960147
0.007596464,0.8690084,-0.01334801,-0.494559
0.007573159,0.8698701,-0.01336125,-0.4930417
0.007523691,0.8716877,-0.01338916,-0.4898212
0.007497265,0.8726522,-0.01340398,-0.4881007
0.007469872,0.8736473,-0.01341927,-0.4863173
0.007441517,0.8746724,-0.01343501,-0.4844713
0.007381913,0.8768106,-0.01346785,-0.4805908
0.00735065,0.877923,-0.01348494,-0.4785554
0.007318144,0.8790733,-0.01350261,-0.4764392
0.00728467,0.880251,-0.0135207,-0.4742599
0.007250206,0.8814562,-0.01353921,-0.4720162
0.007214739,0.8826887,-0.01355814,-0.4697071
0.007140824,0.8852327,-0.01359722,-0.464895
0.007102105,0.8865518,-0.01361748,-0.4623742
0.007062392,0.8878955,-0.01363812,-0.4597888
0.007021657,0.8892638,-0.01365914,-0.4571368
0.006937152,0.8920705,-0.01370225,-0.4516352
0.006893368,0.893508,-0.01372433,-0.4487846
0.006848298,0.8949757,-0.01374687,-0.4458504
0.006802195,0.8964647,-0.01376974,-0.442849
0.006755053,0.8979744,-0.01379293,-0.4397798
0.006657664,0.9010518,-0.0138402,-0.4334394
0.006657664,0.9010518,-0.0138402,-0.4334394
0.00655555,0.9042197,-0.01388886,-0.4267914
0.006502908,0.9058294,-0.01391358,-0.4233641
0.006449203,0.9074553,-0.01393856,-0.4198677
0.006338596,0.9107526,-0.01398921,-0.4126668
0.006338596,0.9107526,-0.01398921,-0.4126668
0.006223135,0.9141213,-0.01404095,-0.4051499
0.006163784,0.9158241,-0.0140671,-0.4012859
0.006103355,0.9175379,-0.01409343,-0.3973517
0.005979196,0.9209962,-0.01414655,-0.3892685
0.005979196,0.9209962,-0.01414655,-0.3892685
0.005850068,0.9245045,-0.01420044,-0.3808617
0.005783836,0.9262691,-0.01422754,-0.3765498
0.00571649,0.9280394,-0.01425473,-0.3721653
0.005578431,0.9315935,-0.01430932,-0.3631771
0.005578431,0.9315935,-0.01430932,-0.3631771
0.005435294,0.935173,-0.0143643,-0.3538583
0.005362027,0.936964,-0.01439182,-0.3490883
0.005287627,0.9387544,-0.01441932,-0.3442446
0.005135378,0.9423301,-0.01447424,-0.3343326
0.005135378,0.9423301,-0.01447424,-0.3343326
0.004977923,0.9459045,-0.01452914,-0.3240816
0.004897456,0.9476832,-0.01455646,-0.3188429
0.004815832,0.9494545,-0.01458367,-0.3135289
0.004733046,0.9512174,-0.01461075,-0.3081391
0.004649081,0.9529707,-0.01463768,-0.3026727
0.004477095,0.9564549,-0.0146912,-0.2914757
0.004389335,0.9581775,-0.01471766,-0.2857623
0.004300378,0.9598857,-0.01474389,-0.2799708
0.004210252,0.9615777,-0.01476988,-0.2741032
0.004118648,0.9632577,-0.01479569,-0.2681395
0.003931902,0.9665597,-0.01484641,-0.2559815
0.003836733,0.9681794,-0.01487129,-0.2497856
0.003740376,0.9697762,-0.01489581,-0.2435125
0.003642821,0.9713489,-0.01491997,-0.2371612
0.003543801,0.9729003,-0.0149438,-0.2307147
0.003342143,0.9759204,-0.01499019,-0.2175859
0.0032718,0.9769301,-0.0150057,-0.2130063
0.003232991,0.9774776,-0.01501411,-0.2104797
0.003225173,0.977587,-0.01501579,-0.2099707
0.003225173,0.977587,-0.01501579,-0.2099707
0.003225173,0.977587,-0.01501579,-0.2099707
0.003225173,0.977587,-0.01501579,-0.2099707
0.003225173,0.977587,-0.01501579,-0.2099707
0.003225173,0.977587,-0.01501579,-0.2099707
0.003225173,0.977587,-0.01501579,-0.2099707
0.003225173,0.977587,-0.01501579,-0.2099707
0.003225173,0.977587,-0.01501579,-0.2099707
0.003225173,0.977587,-0.01501579,-0.2099707
0.003225173,0.977587,-0.01501579,-0.2099707
0.003225173,0.977587,-0.01501579,-0.2099707
0.003225173,0.977587,-0.01501579,-0.2099707
0.003225173,0.977587,-0.01501579,-0.2099707
0.003225173,0.977587,-0.01501579,-0.2099707
0.003225173,0.977587,-0.01501579,-0.2099707
0.003225173,0.977587,-0.01501579,-0.2099707
0.003225173,0.977587,-0.01501579,-0.2099707
0.003225173,0.977587,-0.01501579,-0.2099707
0.003225173,0.977587,-0.01501579,-0.2099707
0.003225173,0.977587,-0.01501579,-0.2099707
0.003225173,0.977587,-0.01501579,-0.2099707
0.003225173,0.977587,-0.01501579,-0.2099707
0.003225173,0.977587,-0.01501579,-0.2099707
0.003225173,0.977587,-0.01501579,-0.2099707
0.003225173,0.977587,-0.01501579,-0.2099707
0.003225173,0.977587,-0.01501579,-0.2099707
0.003225173,0.977587,-0.01501579,-0.2099707
0.003225173,0.977587,-0.01501579,-0.2099707
0.003225173,0.977587,-0.01501579,-0.2099707
0.003225173,0.977587,-0.01501579,-0.2099707
0.003225173,0.977587,-0.01501579,-0.2099707
0.003225173,0.977587,-0.01501579,-0.2099707
0.003225173,0.977587,-0.01501579,-0.2099707
0.003225173,0.977587,-0.01501579,-0.2099707
0.003225173,0.977587,-0.01501579,-0.2099707
0.003225173,0.977587,-0.01501579,-0.2099707
0.003225173,0.977587,-0.01501579,-0.2099707
0.003225173,0.977587,-0.01501579,-0.2099707
0.003225173,0.977587,-0.01501579,-0.2099707
0.003225173,0.977587,-0.01501579,-0.2099707
0.003225173,0.977587,-0.01501579,-0.2099707
0.003225173,0.977587,-0.01501579,-0.2099707
0.003225173,0.977587,-0.01501579,-0.2099707
0.003225173,0.977587,-0.01501579,-0.2099707
0.003225173,0.977587,-0.01501579,-0.2099707
0.003225173,0.977587,-0.01501579,-0.2099707
0.003225173,0.977587,-0.01501579,-0.2099707
0.003225173,0.977587,-0.01501579,-0.2099707
0.003225173,0.977587,-0.01501579,-0.2099707
0.003225173,0.977587,-0.01501579,-0.2099707
0.003225173,0.977587,-0.01501579,-0.2099707
0.003225173,0.977587,-0.01501579,-0.2099707
0.003225173,0.977587,-0.01501579,-0.2099707
0.003225173,0.977587,-0.01501579,-0.2099707
0.003225173,0.977587,-0.01501579,-0.2099707
0.003225173,0.977587,-0.01501579,-0.2099707
0.00322413,0.9776016,-0.01501601,-0.2099028
0.003222037,0.9776309,-0.01501646,-0.2097666
0.003218916,0.9776744,-0.01501713,-0.2095633
0.003214436,0.9777369,-0.01501809,-0.2092717
0.003208931,0.9778136,-0.01501927,-0.2089133
0.003194771,0.9780101,-0.01502228,-0.2079914
0.003186132,0.9781296,-0.01502412,-0.207429
0.003176172,0.9782668,-0.01502623,-0.2067806
0.003165443,0.9784142,-0.01502849,-0.2060821
0.003153367,0.9785794,-0.01503103,-0.2052959
0.00312608,0.9789505,-0.01503673,-0.2035194
0.003110864,0.9791559,-0.01503988,-0.2025288
0.003094303,0.9793783,-0.0150433,-0.2014506
0.003076711,0.9796132,-0.01504691,-0.2003053
0.003058051,0.9798608,-0.01505071,-0.1990904
0.003017579,0.9803925,-0.01505888,-0.1964555
0.002995768,0.9806759,-0.01506323,-0.1950356
0.002972611,0.9809746,-0.01506782,-0.193528
0.002948399,0.9812842,-0.01507258,-0.1919517
0.002896838,0.9819349,-0.01508257,-0.1885948
0.002869471,0.9822754,-0.0150878,-0.1868132
0.002841043,0.9826256,-0.01509318,-0.1849624
0.00281156,0.982985,-0.0150987,-0.1830429
0.00278072,0.9833567,-0.01510441,-0.1810351
0.002715869,0.9841247,-0.01511621,-0.176813
0.002681842,0.9845201,-0.01512228,-0.1745977
0.002646749,0.9849225,-0.01512846,-0.172313
0.002610594,0.9853314,-0.01513474,-0.1699592
0.002573071,0.9857497,-0.01514116,-0.1675164
0.002494825,0.9866019,-0.01515426,-0.1624222
0.002454084,0.9870349,-0.01516091,-0.1597698
0.002412279,0.9874715,-0.01516761,-0.1570481
0.002369097,0.9879146,-0.01517442,-0.1542368
0.002324854,0.98836,-0.01518126,-0.1513564
0.002279535,0.9888073,-0.01518813,-0.148406
0.002185665,0.9897052,-0.01520192,-0.1422947
0.00213712,0.9901544,-0.01520882,-0.1391342
0.002087185,0.9906058,-0.01521576,-0.1358832
0.002036184,0.9910557,-0.01522267,-0.1325629
0.001930937,0.991948,-0.01523637,-0.1257109
0.00187669,0.9923893,-0.01524315,-0.1221792
0.001821365,0.9928261,-0.01524986,-0.1185773
0.001764936,0.993258,-0.01525649,-0.1149036
0.001707142,0.993686,-0.01526307,-0.1111409
0.001588297,0.9945209,-0.01527589,-0.1034037
0.001527236,0.9949262,-0.01528212,-0.09942835
0.001465092,0.9953222,-0.0152882,-0.0953825
0.001401871,0.9957081,-0.01529413,-0.09126657
0.001337264,0.9960847,-0.01529991,-0.08706041
0.001204797,0.9968008,-0.01531091,-0.07843629
0.001136928,0.9971387,-0.0153161,-0.07401773
0.001067673,0.9974632,-0.01532109,-0.06950897
0.0009973303,0.9977717,-0.01532582,-0.06492938
0.0009259032,0.9980634,-0.0153303,-0.0602792
0.0007798064,0.9985924,-0.01533843,-0.05076772
0.0007051304,0.9988278,-0.01534204,-0.04590601
0.0006290689,0.999043,-0.01534535,-0.04095411
0.0005519198,0.9992363,-0.01534832,-0.0359314
0.0004736989,0.9994064,-0.01535093,-0.03083891
0.0003140139,0.9996731,-0.01535503,-0.02044279
0.0002325656,0.9997674,-0.01535648,-0.01514018
0.0001497343,0.9998346,-0.01535751,-0.00974753
6.583381E-05,0.9998729,-0.0153581,-0.004285278
-1.911792E-05,0.9998813,-0.01535823,0.001245416
-9.24161E-05,0.999864,-0.01535796,0.006017416
-9.24161E-05,0.999864,-0.01535796,0.006017416
-9.24161E-05,0.999864,-0.01535796,0.006017416
-9.24161E-05,0.999864,-0.01535796,0.006017416
-9.24161E-05,0.999864,-0.01535796,0.006017416
-9.24161E-05,0.999864,-0.01535796,0.006017416
-9.24161E-05,0.999864,-0.01535796,0.006017416
-9.24161E-05,0.999864,-0.01535796,0.006017416
-9.24161E-05,0.999864,-0.01535796,0.006017416
-9.24161E-05,0.999864,-0.01535796,0.006017416
-9.24161E-05,0.999864,-0.01535796,0.006017416
-9.24161E-05,0.999864,-0.01535796,0.006017416
-9.24161E-05,0.999864,-0.01535796,0.006017416
-9.24161E-05,0.999864,-0.01535796,0.006017416
-9.13535E-05,0.9998645,-0.01535797,0.005948237
-8.601393E-05,0.9998664,-0.015358,0.00560061
-8.174252E-05,0.9998679,-0.01535802,0.005322524
-7.64038E-05,0.9998697,-0.01535805,0.004974953
-6.970192E-05,0.9998718,-0.01535808,0.004538634
-6.193559E-05,0.999874,-0.01535812,0.004033015
-4.31968E-05,0.9998782,-0.01535818,0.002813046
-3.221723E-05,0.99988,-0.01535821,0.002098233
-2.017944E-05,0.9998812,-0.01535823,0.001314525
-6.770828E-06,0.999882,-0.01535824,0.0004415711
7.6966E-06,0.999882,-0.01535824,-0.0005003156
3.985279E-05,0.9998788,-0.01535819,-0.002593811
5.752174E-05,0.9998751,-0.01535813,-0.003744129
7.656839E-05,0.9998697,-0.01535805,-0.004984141
9.667248E-05,0.9998623,-0.01535793,-0.006292997
0.0001178572,0.9998527,-0.01535779,-0.007672209
0.0001634156,0.9998255,-0.01535737,-0.01063824
0.0001877864,0.9998073,-0.01535709,-0.01222487
0.0002135283,0.9997854,-0.01535675,-0.01390077
0.0002403236,0.9997597,-0.01535636,-0.01564525
0.0002681862,0.9997296,-0.0153559,-0.01745922
0.0003271161,0.9996552,-0.01535475,-0.02129579
0.0003581808,0.9996101,-0.01535406,-0.02331822
0.0003906136,0.9995587,-0.01535327,-0.02542973
0.0004241098,0.9995008,-0.01535238,-0.02761046
0.0004586568,0.9994361,-0.01535139,-0.02985961
0.0005309778,0.9992843,-0.01534906,-0.03456799
0.0005687362,0.9991963,-0.0153477,-0.03702622
0.0006078581,0.9990987,-0.0153462,-0.0395732
0.0006480351,0.9989916,-0.01534456,-0.04218889
0.0006892674,0.9988747,-0.01534276,-0.04487327
0.0007749181,0.9986085,-0.01533868,-0.05044947
0.0008193346,0.9984583,-0.01533637,-0.05334116
0.0008651079,0.9982946,-0.01533385,-0.05632119
0.000911936,0.9981179,-0.01533114,-0.05936988
0.0009598206,0.9979276,-0.01532822,-0.06248736
0.001058745,0.9975035,-0.0153217,-0.06892776
0.001109805,0.9972682,-0.01531809,-0.07225192
0.001162201,0.9970152,-0.0153142,-0.07566312
0.001215645,0.996745,-0.01531005,-0.07914253
0.001270143,0.996457,-0.01530563,-0.08269058
0.00132568,0.9961503,-0.01530091,-0.08630624
0.001440181,0.9954763,-0.01529056,-0.09376073
0.001499147,0.9951072,-0.01528489,-0.09759966
0.001559165,0.9947163,-0.01527889,-0.101507
0.001620217,0.9943026,-0.01527254,-0.1054818
0.001745406,0.9934043,-0.01525874,-0.1136321
0.001745406,0.9934043,-0.01525874,-0.1136321
0.001875333,0.9924002,-0.01524331,-0.1220908
0.001941828,0.9918579,-0.01523499,-0.1264199
0.002009344,0.9912878,-0.01522623,-0.1308155
0.002077876,0.9906887,-0.01521703,-0.1352772
0.00221825,0.9893978,-0.0151972,-0.1444161
0.002290109,0.9887037,-0.01518654,-0.1490944
0.002362948,0.987977,-0.01517537,-0.1538365
0.002436799,0.9872164,-0.01516369,-0.1586445
0.002587491,0.9855897,-0.0151387,-0.1684551
0.002587491,0.9855897,-0.0151387,-0.1684551
0.002742717,0.983809,-0.01511135,-0.178561
0.002821788,0.9828607,-0.01509679,-0.1837088
0.002901839,0.9818723,-0.0150816,-0.1889204
0.003064826,0.9797711,-0.01504933,-0.1995316
0.003064826,0.9797711,-0.01504933,-0.1995316
0.003232208,0.9774886,-0.01501427,-0.2104287
0.003317318,0.9762793,-0.0149957,-0.2159698
0.003403359,0.9750233,-0.0149764,-0.2215714
0.003578218,0.9723661,-0.01493559,-0.2329554
0.003667305,0.9709583,-0.01491397,-0.2387553
0.003757294,0.9694989,-0.01489155,-0.2446139
0.003816069,0.9685255,-0.0148766,-0.2484404
0.003843874,0.9680594,-0.01486944,-0.2502506
0.003843874,0.9680594,-0.01486944,-0.2502506
0.003843874,0.9680594,-0.01486944,-0.2502506
0.003843874,0.9680594,-0.01486944,-0.2502506
0.003843874,0.9680594,-0.01486944,-0.2502506
0.003843874,0.9680594,-0.01486944,-0.2502506
0.003843874,0.9680594,-0.01486944,-0.2502506
0.003843874,0.9680594,-0.01486944,-0.2502506
0.003843874,0.9680594,-0.01486944,-0.2502506
0.003843874,0.9680594,-0.01486944,-0.2502506
0.003843874,0.9680594,-0.01486944,-0.2502506
0.003843874,0.9680594,-0.01486944,-0.2502506
0.003843874,0.9680594,-0.01486944,-0.2502506
