0.00694317,-0.8918723,0.01369926,-0.4520266
0.00694317,-0.8918723,0.01369926,-0.4520266
0.00694317,-0.8918723,0.01369926,-0.4520266
0.00694317,-0.8918723,0.01369926,-0.4520266
0.00694317,-0.8918723,0.01369926,-0.4520266
0.00694317,-0.8918723,0.01369926,-0.4520266
0.00694317,-0.8918723,0.01369926,-0.4520266
0.006944113,-0.8918412,0.01369878,-0.452088
0.006946012,-0.8917785,0.01369782,-0.4522116
0.006949112,-0.8916761,0.01369624,-0.4524134
0.006953194,-0.8915412,0.01369417,-0.4526792
0.006958208,-0.8913754,0.01369163,-0.4530056
0.006971115,-0.8909479,0.01368506,-0.4538458
0.006978997,-0.8906863,0.01368104,-0.454359
0.006988094,-0.8903839,0.0136764,-0.4549512
0.006998138,-0.8900495,0.01367126,-0.4556051
0.00700912,-0.8896832,0.01366563,-0.4563201
0.007033917,-0.8888533,0.01365289,-0.4579345
0.007047719,-0.8883898,0.01364577,-0.4588331
0.007062735,-0.8878842,0.013638,-0.4598107
0.007078662,-0.8873463,0.01362974,-0.4608476
0.007095554,-0.8867744,0.01362095,-0.4619473
0.007132133,-0.8855298,0.01360184,-0.4643287
0.007151817,-0.8848567,0.0135915,-0.4656102
0.007172692,-0.8841402,0.01358049,-0.4669693
0.007194495,-0.883389,0.01356895,-0.4683888
0.007217224,-0.8826029,0.01355688,-0.4698685
0.007265436,-0.8809246,0.0135311,-0.4730073
0.007290911,-0.8800321,0.01351739,-0.4746658
0.007317564,-0.879094,0.01350298,-0.476401
0.00734513,-0.8781191,0.01348801,-0.4781957
0.007373599,-0.8771072,0.01347247,-0.4800491
0.007433235,-0.8749711,0.01343966,-0.4839316
0.007464395,-0.873846,0.01342237,-0.4859602
0.007496451,-0.8726821,0.0134045,-0.4880472
0.007529655,-0.8714697,0.01338587,-0.4902089
0.007563737,-0.8702179,0.01336665,-0.4924278
0.007634528,-0.8675937,0.01332634,-0.4970365
0.007671503,-0.8662102,0.01330509,-0.4994437
0.007709325,-0.8647858,0.01328321,-0.5019061
0.007747997,-0.8633197,0.01326069,-0.5044238
0.007787537,-0.8618104,0.01323751,-0.5069981
0.007869152,-0.8586624,0.01318915,-0.5123115
0.00791148,-0.8570122,0.01316381,-0.5150672
0.007954638,-0.8553173,0.01313777,-0.5178769
0.007998603,-0.8535777,0.01311105,-0.5207392
0.008043403,-0.8517915,0.01308361,-0.5236558
0.008135431,-0.8480791,0.01302659,-0.5296472
0.008182906,-0.8461409,0.01299682,-0.532738
0.00823117,-0.8441544,0.01296631,-0.5358801
0.00828022,-0.8421187,0.01293504,-0.5390735
0.008330052,-0.8400332,0.012903,-0.5423177
0.00843201,-0.8357105,0.01283661,-0.5489555
0.008484375,-0.8334612,0.01280206,-0.5523646
0.008537494,-0.8311589,0.01276669,-0.5558228
0.008591343,-0.8288038,0.01273052,-0.5593286
0.00864592,-0.8263947,0.01269352,-0.5628818
0.008757232,-0.8214118,0.01261698,-0.5701286
0.008814185,-0.8188259,0.01257726,-0.5738365
0.008871833,-0.8161829,0.01253666,-0.5775896
0.008930158,-0.8134824,0.01249518,-0.5813867
0.008989152,-0.8107237,0.01245281,-0.5852275
0.009109115,-0.8050283,0.01236533,-0.5930375
0.009170307,-0.8020784,0.01232001,-0.5970213
0.009232106,-0.7990679,0.01227377,-0.6010447
0.009294534,-0.7959946,0.01222657,-0.605109
0.00935756,-0.7928585,0.0121784,-0.6092122
0.009421189,-0.7896582,0.01212924,-0.6133547
0.009550625,-0.7830402,0.01202759,-0.6217815
0.009616191,-0.7796316,0.01197523,-0.6260501
0.009656591,-0.7775123,0.01194268,-0.6286802
0.009672043,-0.7766978,0.01193017,-0.6296862
0.009672043,-0.7766978,0.01193017,-0.6296862
0.009672043,-0.7766978,0.01193017,-0.6296862
0.009672043,-0.7766978,0.01193017,-0.6296862
0.009672043,-0.7766978,0.01193017,-0.6296862
0.009672043,-0.7766978,0.01193017,-0.6296862
0.009672043,-0.7766978,0.01193017,-0.6296862
0.009672043,-0.7766978,0.01193017,-0.6296862
0.009672043,-0.7766978,0.01193017,-0.6296862
0.009672043,-0.7766978,0.01193017,-0.6296862
0.009672043,-0.7766978,0.01193017,-0.6296862
0.009672043,-0.7766978,0.01193017,-0.6296862
0.009672043,-0.7766978,0.01193017,-0.6296862
0.009672043,-0.7766978,0.01193017,-0.6296862
0.009672043,-0.7766978,0.01193017,-0.6296862
0.009672043,-0.7766978,0.01193017,-0.6296862
0.009672043,-0.7766978,0.01193017,-0.6296862
0.009671211,-0.7767417,0.01193084,-0.6296321
0.009669556,-0.776829,0.01193218,-0.6295244
0.00966707,-0.7769602,0.0119342,-0.6293625
0.009663755,-0.7771349,0.01193688,-0.6291467
0.009654637,-0.7776151,0.01194426,-0.628553
0.009648604,-0.7779324,0.01194913,-0.6281602
0.009641729,-0.7782936,0.01195468,-0.6277126
0.009634027,-0.7786978,0.01196089,-0.6272112
0.009625489,-0.7791452,0.01196776,-0.6266553
0.009605888,-0.7801698,0.0119835,-0.6253792
0.009594597,-0.7807586,0.01199254,-0.6246441
0.00958246,-0.78139,0.01200224,-0.623854
0.009569484,-0.7820638,0.01201259,-0.6230091
0.009555664,-0.7827798,0.01202359,-0.6221094
0.009525467,-0.7843381,0.01204752,-0.6201435
0.009508857,-0.785192,0.01206064,-0.6190621
0.009491404,-0.7860864,0.01207438,-0.6179258
0.009473075,-0.787023,0.01208876,-0.6167325
0.009453884,-0.7880005,0.01210378,-0.6154832
0.00943383,-0.7890185,0.01211942,-0.6141776
0.00939063,-0.7911997,0.01215292,-0.6113651
0.009367716,-0.7923502,0.01217059,-0.6098732
0.009343921,-0.7935401,0.01218887,-0.6083241
0.009319245,-0.7947691,0.01220775,-0.6067176
0.009293686,-0.7960366,0.01222721,-0.6050536
0.009239411,-0.79871,0.01226828,-0.6015201
0.009210923,-0.8001034,0.01228968,-0.5996654
0.009181531,-0.801534,0.01231165,-0.5977519
0.009151233,-0.8030013,0.01233419,-0.5957794
0.009120014,-0.8045053,0.01235729,-0.5937469
0.009054338,-0.8076435,0.0124055,-0.5894712
0.009020104,-0.8092654,0.01243041,-0.5872424
0.009011629,-0.8096655,0.01243655,-0.5866907
0.009011629,-0.8096655,0.01243655,-0.5866907
0.009011629,-0.8096655,0.01243655,-0.5866907
0.009011629,-0.8096655,0.01243655,-0.5866907
0.009011629,-0.8096655,0.01243655,-0.5866907
0.009011629,-0.8096655,0.01243655,-0.5866907
0.009011629,-0.8096655,0.01243655,-0.5866907
0.009011629,-0.8096655,0.01243655,-0.5866907
0.009011629,-0.8096655,0.01243655,-0.5866907
0.009011629,-0.8096655,0.01243655,-0.5866907
0.009011629,-0.8096655,0.01243655,-0.5866907
0.009011629,-0.8096655,0.01243655,-0.5866907
0.009011629,-0.8096655,0.01243655,-0.5866907
0.009011629,-0.8096655,0.01243655,-0.5866907
0.009011629,-0.8096655,0.01243655,-0.5866907
0.009011629,-0.8096655,0.01243655,-0.5866907
0.009011629,-0.8096655,0.01243655,-0.5866907
0.009011629,-0.8096655,0.01243655,-0.5866907
0.009011629,-0.8096655,0.01243655,-0.5866907
0.009011629,-0.8096655,0.01243655,-0.5866907
0.009011629,-0.8096655,0.01243655,-0.5866907
0.009011629,-0.8096655,0.01243655,-0.5866907
0.009011629,-0.8096655,0.01243655,-0.5866907
0.009011629,-0.8096655,0.01243655,-0.5866907
0.009011629,-0.8096655,0.01243655,-0.5866907
0.009011629,-0.8096655,0.01243655,-0.5866907
0.009011629,-0.8096655,0.01243655,-0.5866907
0.009011629,-0.8096655,0.01243655,-0.5866907
0.009011629,-0.8096655,0.01243655,-0.5866907
0.009011629,-0.8096655,0.01243655,-0.5866907
0.009011629,-0.8096655,0.01243655,-0.5866907
0.009011629,-0.8096655,0.01243655,-0.5866907
0.009011629,-0.8096655,0.01243655,-0.5866907
0.009011629,-0.8096655,0.01243655,-0.5866907
0.009011629,-0.8096655,0.01243655,-0.5866907
0.009011629,-0.8096655,0.01243655,-0.5866907
0.009011629,-0.8096655,0.01243655,-0.5866907
0.009012724,-0.8096138,0.01243576,-0.586762
0.009017523,-0.8093873,0.01243228,-0.5870744
0.009021222,-0.8092126,0.0124296,-0.5873151
0.009025784,-0.8089969,0.01242628,-0.5876122
0.009031207,-0.8087404,0.01242234,-0.5879653
0.009037732,-0.8084314,0.0124176,-0.5883901
0.009053362,-0.8076898,0.01240621,-0.5894076
0.009062462,-0.8072572,0.01239956,-0.59
0.009072412,-0.8067834,0.01239229,-0.5906478
0.009083232,-0.8062673,0.01238436,-0.5913522
0.009095133,-0.8056984,0.01237562,-0.592127
0.009121483,-0.8044348,0.01235621,-0.5938424
0.009135935,-0.8037395,0.01234553,-0.5947832
0.009151464,-0.8029903,0.01233402,-0.5957943
0.009167818,-0.8021992,0.01232187,-0.596859
0.009185032,-0.8013642,0.01230905,-0.5979797
0.009221969,-0.7995641,0.0122814,-0.6003844
0.009241686,-0.7985986,0.01226657,-0.601668
0.009262227,-0.7975894,0.01225107,-0.6030053
0.009283593,-0.7965358,0.01223488,-0.6043963
0.009306009,-0.7954264,0.01221784,-0.6058556
0.009353313,-0.7930713,0.01218167,-0.6089352
0.009378181,-0.7918255,0.01216253,-0.6105543
0.009404087,-0.7905222,0.01214251,-0.6122409
0.009430787,-0.7891729,0.01212179,-0.6139791
0.009458288,-0.7877767,0.01210034,-0.6157695
0.009515651,-0.7848433,0.01205528,-0.6195041
0.009545509,-0.783305,0.01203165,-0.6214479
0.009576141,-0.7817186,0.01200729,-0.6234422
0.00960778,-0.7800714,0.01198199,-0.625502
0.009640159,-0.7783764,0.01195595,-0.62761
0.009707214,-0.7748362,0.01190157,-0.6319755
0.009741866,-0.7729908,0.01187323,-0.6342314
0.009777485,-0.7710822,0.01184391,-0.6365504
0.009813837,-0.7691222,0.01181381,-0.638917
0.009850899,-0.7671115,0.01178292,-0.6413299
0.009927214,-0.7629303,0.0117187,-0.6462983
0.009966427,-0.7607603,0.01168537,-0.6488512
0.01000634,-0.7585365,0.01165121,-0.6514496
0.01004716,-0.7562457,0.01161602,-0.6541076
0.01008868,-0.7538994,0.01157998,-0.6568102
0.01017371,-0.7490406,0.01150535,-0.6623461
0.01021721,-0.7465267,0.01146674,-0.6651782
0.01026136,-0.7439559,0.01142725,-0.6680523
0.01030637,-0.741314,0.01138667,-0.6709827
0.01035201,-0.7386138,0.0113452,-0.6739539
0.01044513,-0.7330362,0.01125952,-0.6800163
0.01049259,-0.7301576,0.01121531,-0.6831062
0.01054064,-0.7272179,0.01117015,-0.6862348
0.01058949,-0.7242038,0.01112386,-0.6894151
0.01063891,-0.7211276,0.01107661,-0.6926321
0.01073939,-0.7147867,0.01097921,-0.6991739
0.01079044,-0.7115207,0.01092904,-0.7024972
0.010842,-0.7081904,0.01087789,-0.7058545
0.01089429,-0.7047813,0.01082553,-0.7092584
0.01094707,-0.7013062,0.01077215,-0.7126948
0.01105408,-0.6941555,0.01066231,-0.7196613
0.01110827,-0.6904788,0.01060584,-0.7231896
0.01116312,-0.6867199,0.0105481,-0.72676
0.01121839,-0.6828915,0.0104893,-0.7303584
0.01127408,-0.678993,0.01042942,-0.7339841
0.01138664,-0.6709845,0.01030641,-0.7413123
0.01144349,-0.6668724,0.01024324,-0.7450136
0.0115009,-0.6626737,0.01017875,-0.7487507
0.01155862,-0.658403,0.01011315,-0.7525088
0.01161669,-0.6540572,0.0100464,-0.7562892
0.01173372,-0.6451417,0.009909457,-0.7639087
0.01179267,-0.6405703,0.00983924,-0.767746
0.01185205,-0.6359078,0.009767624,-0.7716122
0.01191167,-0.6311688,0.009694832,-0.7754934
0.01197151,-0.6263512,0.009620832,-0.7793898
0.01209181,-0.6164795,0.009469201,-0.7872211
0.01215221,-0.6114246,0.009391558,-0.7911537
0.01221294,-0.6062744,0.00931245,-0.7951073
0.0122738,-0.6010427,0.009232091,-0.7990694
0.01233475,-0.5957302,0.009150491,-0.8030378
0.01245692,-0.5848561,0.008983463,-0.8109917
0.01251809,-0.579294,0.008898028,-0.814974
0.01257946,-0.5736324,0.008811065,-0.8189689
0.01264082,-0.5678857,0.008722795,-0.8229641
0.01270217,-0.562054,0.008633221,-0.8269579
0.01282471,-0.5501326,0.008450107,-0.834936
0.01288603,-0.5440257,0.008356303,-0.838928
0.01294724,-0.5378313,0.008261157,-0.8429126
0.01300831,-0.5315485,0.008164653,-0.8468886
0.01306922,-0.5251771,0.008066787,-0.8508544
0.01319047,-0.5121679,0.007866964,-0.8587481
0.01325091,-0.5055116,0.007764722,-0.8626832
0.01331109,-0.4987651,0.007661096,-0.8666012
0.01337099,-0.4919278,0.007556073,-0.8705006
0.01343057,-0.4849992,0.00744965,-0.8743798
0.01354871,-0.4708669,0.007232577,-0.8820706
0.01360734,-0.4636452,0.00712165,-0.8858879
0.01366555,-0.4563308,0.0070093,-0.8896777
0.01372332,-0.4489234,0.006895522,-0.8934383
0.01378061,-0.4414224,0.006780306,-0.897168
0.01389364,-0.4261402,0.00654557,-0.9045268
0.01394945,-0.4183404,0.006425763,-0.9081606
0.01400467,-0.4104461,0.006304507,-0.9117554
0.01405926,-0.4024581,0.006181809,-0.9153096
0.0141132,-0.3943759,0.006057666,-0.9188209
0.01421899,-0.3779262,0.005804996,-0.9257084
0.0142709,-0.3695403,0.005676189,-0.9290878
0.01432202,-0.3610595,0.005545923,-0.9324163
0.01437234,-0.3524842,0.005414205,-0.9356918
0.0144218,-0.3438135,0.005281022,-0.9389124
0.01451808,-0.3261881,0.005010294,-0.9451801
0.01456491,-0.3172146,0.004872459,-0.9482294
0.01461077,-0.3081467,0.004733175,-0.9512149
0.01465562,-0.2989846,0.004592445,-0.9541343
0.01469941,-0.2897286,0.00445027,-0.9569857
0.01474213,-0.2803778,0.004306641,-0.9597669
0.01482435,-0.2613587,0.004014506,-0.9651195
0.01486369,-0.2517099,0.003866299,-0.9676809
0.01490181,-0.2419692,0.003716681,-0.9701624
0.01493867,-0.232136,0.003565641,-0.9725621
0.01500847,-0.2121957,0.003259356,-0.9771066
0.0150414,-0.2020703,0.003103829,-0.9792507
0.01507293,-0.1918565,0.002946945,-0.9813029
0.01509687,-0.1837054,0.002821742,-0.9828614
0.01511409,-0.1776011,0.00272798,-0.9839827
0.01513065,-0.1715191,0.00263456,-0.9850611
0.01513065,-0.1715191,0.00263456,-0.9850611
0.01513065,-0.1715191,0.00263456,-0.9850611
0.01513065,-0.1715191,0.00263456,-0.9850611
0.01513065,-0.1715191,0.00263456,-0.9850611
0.01513065,-0.1715191,0.00263456,-0.9850611
0.01513065,-0.1715191,0.00263456,-0.9850611
0.01513065,-0.1715191,0.00263456,-0.9850611
0.01513065,-0.1715191,0.00263456,-0.9850611
0.01513065,-0.1715191,0.00263456,-0.9850611
0.01513065,-0.1715191,0.00263456,-0.9850611
0.01513065,-0.1715191,0.00263456,-0.9850611
0.01513065,-0.1715191,0.00263456,-0.9850611
0.01513065,-0.1715191,0.00263456,-0.9850611
0.01513065,-0.1715191,0.00263456,-0.9850611
0.01513065,-0.1715191,0.00263456,-0.9850611
0.01513065,-0.1715191,0.00263456,-0.9850611
0.01513065,-0.1715191,0.00263456,-0.9850611
0.01513065,-0.1715191,0.00263456,-0.9850611
0.01513065,-0.1715191,0.00263456,-0.9850611
0.01513065,-0.1715191,0.00263456,-0.9850611
0.01513065,-0.1715191,0.00263456,-0.9850611
0.01513065,-0.1715191,0.00263456,-0.9850611
0.01513065,-0.1715191,0.00263456,-0.9850611
0.01513065,-0.1715191,0.00263456,-0.9850611
0.01513065,-0.1715191,0.00263456,-0.9850611
0.01513065,-0.1715191,0.00263456,-0.9850611
0.01513065,-0.1715191,0.00263456,-0.9850611
0.01513065,-0.1715191,0.00263456,-0.9850611
0.01513065,-0.1715191,0.00263456,-0.9850611
0.01513065,-0.1715191,0.00263456,-0.9850611
0.01513065,-0.1715191,0.00263456,-0.9850611
0.01513065,-0.1715191,0.00263456,-0.9850611
0.01513065,-0.1715191,0.00263456,-0.9850611
0.01513065,-0.1715191,0.00263456,-0.9850611
0.01513065,-0.1715191,0.00263456,-0.9850611
0.01513065,-0.1715191,0.00263456,-0.9850611
0.01513065,-0.1715191,0.00263456,-0.9850611
0.01513065,-0.1715191,0.00263456,-0.9850611
0.01513065,-0.1715191,0.00263456,-0.9850611
0.01513065,-0.1715191,0.00263456,-0.9850611
0.01513065,-0.1715191,0.00263456,-0.9850611
0.01513065,-0.1715191,0.00263456,-0.9850611
0.01513065,-0.1715191,0.00263456,-0.9850611
0.01513065,-0.1715191,0.00263456,-0.9850611
0.01513065,-0.1715191,0.00263456,-0.9850611
0.01513047,-0.171589,0.002635634,-0.9850489
0.0151301,-0.1717271,0.002637754,-0.9850249
0.01512954,-0.1719333,0.002640921,-0.9849889
0.0151288,-0.1722082,0.002645145,-0.9849408
0.01512783,-0.1725708,0.002650713,-0.9848774
0.01512532,-0.173501,0.002665002,-0.984714
0.01512378,-0.174069,0.002673726,-0.9846137
0.01512205,-0.1747051,0.002683497,-0.9845011
0.01512012,-0.1754095,0.002694317,-0.9843757
0.015118,-0.1761823,0.002706187,-0.9842378
0.01511306,-0.1779711,0.002733663,-0.9839159
0.01511028,-0.1789677,0.002748971,-0.9837351
0.0151073,-0.1800321,0.00276532,-0.9835409
0.0151041,-0.1811643,0.002782712,-0.9833329
0.01510064,-0.1823842,0.00280145,-0.9831074
0.01509305,-0.1850264,0.002842034,-0.9826136
0.01508892,-0.1864503,0.002863905,-0.9823443
0.01508455,-0.1879418,0.002886815,-0.9820601
0.01507995,-0.1895006,0.002910758,-0.9817605
0.01507505,-0.1911469,0.002936044,-0.9814413
0.0150645,-0.194641,0.002989714,-0.9807543
0.01505883,-0.1964898,0.003018113,-0.9803856
0.01505291,-0.1984056,0.00304754,-0.9799997
0.01504671,-0.2003887,0.003078001,-0.9795961
0.01504017,-0.2024582,0.003109788,-0.9791704
0.01502624,-0.2067964,0.003176423,-0.9782634
0.01501882,-0.2090661,0.003211285,-0.9777809
0.0150111,-0.2114032,0.003247184,-0.9772783
0.01500307,-0.2138068,0.003284104,-0.9767553
0.01499465,-0.2162962,0.00332234,-0.976207
0.01497681,-0.2214728,0.003401855,-0.9750456
0.01496737,-0.2241611,0.003443147,-0.9744311
0.01495758,-0.2269155,0.003485454,-0.9737934
0.01494742,-0.2297351,0.003528764,-0.9731321
0.01493682,-0.2326385,0.003573361,-0.972442
0.01491445,-0.2386426,0.003665584,-0.9709861
0.01490267,-0.2417428,0.003713203,-0.9702188
0.01489047,-0.2449074,0.003761812,-0.9694248
0.01488624,-0.245995,0.003778518,-0.9691494
0.01489232,-0.2444316,0.003754504,-0.9695449
0.01490512,-0.2411021,0.003703362,-0.9703782
0.01491183,-0.2393353,0.003676225,-0.9708155
0.01491875,-0.2375006,0.003648042,-0.971266
0.01492594,-0.2355781,0.003618514,-0.9717341
0.01493333,-0.2335871,0.003587931,-0.9722146
0.01494863,-0.2293996,0.003523611,-0.9732112
0.01495655,-0.2272025,0.003489864,-0.9737265
0.01496462,-0.2249373,0.00345507,-0.9742522
0.01497293,-0.2225834,0.003418913,-0.9747927
0.01498137,-0.2201624,0.003381727,-0.9753423
0.01499868,-0.2151098,0.003304118,-0.9764691
0.01500752,-0.212479,0.003263708,-0.9770449
0.01501648,-0.2097794,0.003222242,-0.9776281
0.0150256,-0.206991,0.003179412,-0.9782223
0.01503483,-0.2041324,0.003135504,-0.9788228
0.01505352,-0.1982078,0.003044501,-0.9800397
0.01506297,-0.1951398,0.002997376,-0.9806552
0.01507248,-0.1920022,0.002949182,-0.9812743
0.0150821,-0.188775,0.002899613,-0.9819003
0.01509175,-0.1854773,0.002848959,-0.9825286
0.01511111,-0.1786709,0.002744413,-0.983789
0.0151208,-0.1751622,0.002690518,-0.9844198
0.01513053,-0.1715636,0.002635243,-0.9850534
0.01514019,-0.1679133,0.002579174,-0.9856822
0.01514987,-0.1641718,0.002521705,-0.9863122
0.01516906,-0.1564788,0.00240354,-0.9875619
0.01517856,-0.1525253,0.002342813,-0.9881802
0.01518797,-0.148501,0.002281,-0.988793
0.01519729,-0.1444053,0.002218088,-0.9893994
0.01520654,-0.1402187,0.002153783,-0.9900014
0.01522463,-0.1316334,0.002021911,-0.9911795
0.01523345,-0.1272334,0.001954327,-0.9917539
0.01524211,-0.1227618,0.001885642,-0.9923174
0.01525061,-0.1182,0.001815573,-0.992871
0.01525892,-0.1135664,0.001744401,-0.9934117
0.01527486,-0.1040848,0.001598762,-0.9944499
0.01528248,-0.09923639,0.00152429,-0.9949454
0.01528983,-0.09431504,0.001448697,-0.995424
0.01529692,-0.08930431,0.001371732,-0.995886
0.01530372,-0.08422291,0.001293681,-0.9963287
0.01531636,-0.07384304,0.001134245,-0.9971516
0.01532217,-0.06854687,0.001052895,-0.9975297
0.01532761,-0.06317924,0.0009704476,-0.997884
0.01533269,-0.05772079,0.0008866052,-0.9982147
0.01533737,-0.05219145,0.0008016739,-0.9985191
0.01534544,-0.0409204,0.0006285492,-0.9990444
0.0153488,-0.03517805,0.0005403461,-0.999263
0.01535168,-0.02936505,0.0004510577,-0.9994508
0.01535408,-0.02346185,0.0003603838,-0.9996068
0.01535595,-0.01748823,0.0002686284,-0.9997292
0.01535808,-0.005332022,8.190767E-05,-0.9998679
0.0153583,0.0008499379,-1.304795E-05,-0.9998817
0.01535792,0.00710177,-0.0001090768,-0.9998569
0.01535692,0.01344282,-0.000206476,-0.9997917
0.01535528,0.01985259,-0.0003049309,-0.999685
0.01535,0.0328778,-0.0005049997,-0.9993414
0.01534632,0.03949298,-0.0006066095,-0.9991019
0.0153419,0.04619534,-0.0007095585,-0.9988144
0.01533674,0.05296483,-0.0008135387,-0.9984782
0.01533081,0.05980069,-0.0009185383,-0.9980922
0.01531656,0.07367181,-0.0011316,-0.9971643
0.01530817,0.08072543,-0.001239945,-0.9966181
0.01529892,0.08784275,-0.001349268,-0.996016
0.01528879,0.09502625,-0.001459607,-0.9953563
0.01527775,0.1022739,-0.001570932,-0.9946377
0.01525287,0.1169596,-0.001796506,-0.993018
0.01523898,0.1243959,-0.001910728,-0.9921138
0.01522406,0.1319139,-0.002026206,-0.9911422
0.01520811,0.1394933,-0.002142625,-0.990104
0.01519112,0.1471329,-0.002259971,-0.9889975
0.01515389,0.1625911,-0.00249741,-0.9865741
0.01513362,0.1704078,-0.002617476,-0.985254
0.01511214,0.1783019,-0.00273873,-0.983856
0.0150895,0.1862527,-0.002860856,-0.9823819
0.01506566,0.1942593,-0.002983838,-0.9808301
0.01501431,0.2104364,-0.003232321,-0.977487
0.01498668,0.2186247,-0.003358093,-0.9756882
0.01495776,0.2268646,-0.003484659,-0.9738052
0.01492752,0.2351565,-0.003612023,-0.9718362
0.01489593,0.2434986,-0.003740159,-0.9697797
0.01482862,0.2603298,-0.003998687,-0.9653976
0.01479285,0.2688161,-0.004129039,-0.9630691
0.01475556,0.2773667,-0.004260377,-0.9606414
0.0147168,0.2859616,-0.004392395,-0.958118
0.01467655,0.2946003,-0.004525088,-0.9554971
0.01459145,0.312003,-0.004792395,-0.949957
0.01454647,0.3207826,-0.004927251,-0.9470283
0.01449988,0.3296003,-0.005062691,-0.9439957
0.01445168,0.3384548,-0.005198697,-0.9408574
0.01440183,0.3473443,-0.005335241,-0.9376119
0.01429709,0.3652238,-0.005609871,-0.930793
0.01424204,0.3742284,-0.005748183,-0.9272094
0.01418525,0.383262,-0.00588694,-0.923512
0.01412669,0.3923225,-0.006026111,-0.9196995
0.01406634,0.4014088,-0.006165677,-0.9157703
0.01394016,0.4196518,-0.006445892,-0.9075553
0.01387416,0.4288217,-0.006586743,-0.9032587
0.01380626,0.4380113,-0.006727898,-0.8988383
0.01373646,0.4472165,-0.00686929,-0.8942939
0.01366472,0.4564371,-0.007010919,-0.8896232
0.01359102,0.4656699,-0.007152737,-0.8848252
0.01343737,0.4842007,-0.007437371,-0.8748223
0.01335753,0.4934752,-0.007579829,-0.8696243
0.01327563,0.5027553,-0.007722372,-0.8642923
0.01319167,0.5120378,-0.007864952,-0.8588257
0.01310561,0.52132,-0.008007528,-0.8532231
0.01292702,0.539889,-0.00829275,-0.8415961
0.01283442,0.5491731,-0.008435354,-0.8355676
0.01273965,0.5584476,-0.008577812,-0.8293977
0.01264269,0.5677097,-0.008720079,-0.8230856
0.01254353,0.5769571,-0.00886212,-0.81663
0.01233818,0.5954298,-0.009145864,-0.8032604
0.01223212,0.6046339,-0.009287239,-0.7963555
0.01212378,0.6138124,-0.009428223,-0.7893026
0.01201316,0.6229628,-0.009568774,-0.7821007
0.01190024,0.6320823,-0.009708852,-0.7747491
0.01166704,0.6502474,-0.009987869,-0.7595674
0.01154693,0.6592726,-0.0101265,-0.7517472
0.01142444,0.6682558,-0.01026448,-0.743773
0.01129959,0.6771933,-0.01040176,-0.7356448
0.01104273,0.6949207,-0.01067406,-0.7189223
0.0109105,0.7037182,-0.01080919,-0.7103132
0.01077586,0.7124568,-0.01094341,-0.7015479
0.01063879,0.7211352,-0.01107671,-0.6926242
0.01049929,0.7297494,-0.01120903,-0.6835423
0.01035736,0.7382959,-0.0113403,-0.6743021
0.01006573,0.7551991,-0.01159994,-0.6553156
0.009916232,0.7635357,-0.01172799,-0.645583
0.009764289,0.7717909,-0.01185479,-0.6356909
0.009609896,0.7799613,-0.01198029,-0.6256393
0.009293749,0.7960342,-0.01222717,-0.6050569
0.009131762,0.8039409,-0.01234862,-0.594511
0.008967315,0.8117487,-0.01246854,-0.5838048
0.008800424,0.8194537,-0.01258689,-0.5729396
0.008631088,0.8270523,-0.01270361,-0.5619152
0.008459316,0.8345407,-0.01281863,-0.5507321
0.00810799,0.8491929,-0.01304369,-0.5278594
0.007928688,0.8563387,-0.01315345,-0.5161862
0.007746978,0.8633591,-0.01326129,-0.5043563
0.007562875,0.8702502,-0.01336714,-0.4923705
0.007376384,0.8770086,-0.01347094,-0.4802293
0.007100028,0.8866233,-0.01361863,-0.4622374
0.007003549,0.8898697,-0.01366849,-0.4559563
0.006935162,0.8921368,-0.01370332,-0.4515041
0.00689568,0.8934331,-0.01372323,-0.4489337
0.006884529,0.8937976,-0.01372883,-0.4482076
0.006884529,0.8937976,-0.01372883,-0.4482076
0.006884529,0.8937976,-0.01372883,-0.4482076
0.006884529,0.8937976,-0.01372883,-0.4482076
0.006884529,0.8937976,-0.01372883,-0.4482076
0.006884529,0.8937976,-0.01372883,-0.4482076
0.006884529,0.8937976,-0.01372883,-0.4482076
0.006884529,0.8937976,-0.01372883,-0.4482076
0.006884529,0.8937976,-0.01372883,-0.4482076
0.006884529,0.8937976,-0.01372883,-0.4482076
0.006884529,0.8937976,-0.01372883,-0.4482076
0.006884529,0.8937976,-0.01372883,-0.4482076
0.006884529,0.8937976,-0.01372883,-0.4482076
0.006884529,0.8937976,-0.01372883,-0.4482076
0.006884529,0.8937976,-0.01372883,-0.4482076
0.006884529,0.8937976,-0.01372883,-0.4482076
0.006884529,0.8937976,-0.01372883,-0.4482076
0.006884529,0.8937976,-0.01372883,-0.4482076
0.006884529,0.8937976,-0.01372883,-0.4482076
0.006884529,0.8937976,-0.01372883,-0.4482076
0.006884529,0.8937976,-0.01372883,-0.4482076
0.006884529,0.8937976,-0.01372883,-0.4482076
0.006884529,0.8937976,-0.01372883,-0.4482076
0.006885477,0.8937666,-0.01372835,-0.4482694
0.006887382,0.8937044,-0.01372739,-0.4483934
0.006890511,0.8936022,-0.01372582,-0.4485971
0.006899628,0.893304,-0.01372124,-0.4491906
0.006905615,0.8931079,-0.01371823,-0.4495804
0.006912556,0.8928803,-0.01371473,-0.4500324
0.006920448,0.8926211,-0.01371075,-0.4505461
0.006929556,0.8923215,-0.01370615,-0.4511391
0.006950602,0.8916274,-0.01369549,-0.4525093
0.006962551,0.8912323,-0.01368942,-0.4532872
0.006975452,0.8908046,-0.01368285,-0.4541271
0.00698929,0.8903447,-0.01367579,-0.455028
0.007004071,0.8898522,-0.01366822,-0.4559903
0.007036983,0.888751,-0.01365131,-0.458133
0.007054847,0.8881506,-0.01364209,-0.459296
0.007073645,0.8875166,-0.01363235,-0.4605198
0.007093377,0.8868488,-0.01362209,-0.4618045
0.007114041,0.886147,-0.01361131,-0.4631498
0.007158664,0.8846225,-0.01358789,-0.4660549
0.007182367,0.8838078,-0.01357538,-0.4675981
0.007206989,0.8829579,-0.01356232,-0.469201
0.007232788,0.8820632,-0.01354858,-0.4708807
0.007259514,0.8811322,-0.01353428,-0.4726206
0.007315671,0.8791615,-0.01350401,-0.4762766
0.007345108,0.8781205,-0.01348802,-0.4781931
0.007375441,0.8770422,-0.01347146,-0.4801678
0.007406676,0.8759258,-0.01345431,-0.4822014
0.007439066,0.8747616,-0.01343643,-0.4843101
0.007506513,0.8723161,-0.01339886,-0.4887011
0.007541556,0.8710341,-0.01337917,-0.4909826
0.007577482,0.8697115,-0.01335886,-0.4933215
0.007614543,0.8683385,-0.01333776,-0.4957343
0.007652468,0.8669242,-0.01331604,-0.4982033
0.007730877,0.8639705,-0.01327067,-0.5033081
0.007771372,0.8624294,-0.013247,-0.5059444
0.007812703,0.8608451,-0.01322267,-0.5086352
0.007826252,0.8603234,-0.01321465,-0.5095173
0.007826252,0.8603234,-0.01321465,-0.5095173
0.007826252,0.8603234,-0.01321465,-0.5095173
0.007826252,0.8603234,-0.01321465,-0.5095173
0.007826252,0.8603234,-0.01321465,-0.5095173
0.007826252,0.8603234,-0.01321465,-0.5095173
0.007826252,0.8603234,-0.01321465,-0.5095173
0.007826252,0.8603234,-0.01321465,-0.5095173
0.007826252,0.8603234,-0.01321465,-0.5095173
0.007826252,0.8603234,-0.01321465,-0.5095173
0.007826252,0.8603234,-0.01321465,-0.5095173
0.007826252,0.8603234,-0.01321465,-0.5095173
0.007826252,0.8603234,-0.01321465,-0.5095173
0.007826252,0.8603234,-0.01321465,-0.5095173
0.007826252,0.8603234,-0.01321465,-0.5095173
0.007826252,0.8603234,-0.01321465,-0.5095173
0.007826252,0.8603234,-0.01321465,-0.5095173
0.007826252,0.8603234,-0.01321465,-0.5095173
0.007826252,0.8603234,-0.01321465,-0.5095173
0.007826252,0.8603234,-0.01321465,-0.5095173
0.007826252,0.8603234,-0.01321465,-0.5095173
0.007826252,0.8603234,-0.01321465,-0.5095173
0.007826252,0.8603234,-0.01321465,-0.5095173
0.007826252,0.8603234,-0.01321465,-0.5095173
0.007826252,0.8603234,-0.01321465,-0.5095173
0.007826252,0.8603234,-0.01321465,-0.5095173
0.007826252,0.8603234,-0.01321465,-0.5095173
0.007826252,0.8603234,-0.01321465,-0.5095173
0.007826252,0.8603234,-0.01321465,-0.5095173
0.007826252,0.8603234,-0.01321465,-0.5095173
0.007826252,0.8603234,-0.01321465,-0.5095173
0.007826252,0.8603234,-0.01321465,-0.5095173
0.007826252,0.8603234,-0.01321465,-0.5095173
0.007826252,0.8603234,-0.01321465,-0.5095173
0.007826252,0.8603234,-0.01321465,-0.5095173
0.007826252,0.8603234,-0.01321465,-0.5095173
0.007826252,0.8603234,-0.01321465,-0.5095173
0.007826252,0.8603234,-0.01321465,-0.5095173
0.007826252,0.8603234,-0.01321465,-0.5095173
0.007826252,0.8603234,-0.01321465,-0.5095173
0.007826252,0.8603234,-0.01321465,-0.5095173
0.007826252,0.8603234,-0.01321465,-0.5095173
0.007826252,0.8603234,-0.01321465,-0.5095173
0.007826252,0.8603234,-0.01321465,-0.5095173
0.007826252,0.8603234,-0.01321465,-0.5095173
0.007826252,0.8603234,-0.01321465,-0.5095173
0.007826252,0.8603234,-0.01321465,-0.5095173
0.007826252,0.8603234,-0.01321465,-0.5095173
0.007826252,0.8603234,-0.01321465,-0.5095173
0.007826252,0.8603234,-0.01321465,-0.5095173
0.007826252,0.8603234,-0.01321465,-0.5095173
0.007826252,0.8603234,-0.01321465,-0.5095173
0.007826252,0.8603234,-0.01321465,-0.5095173
0.007826252,0.8603234,-0.01321465,-0.5095173
0.007826252,0.8603234,-0.01321465,-0.5095173
0.007826252,0.8603234,-0.01321465,-0.5095173
0.007826252,0.8603234,-0.01321465,-0.5095173
0.007826252,0.8603234,-0.01321465,-0.5095173
0.007826252,0.8603234,-0.01321465,-0.5095173
0.007826252,0.8603234,-0.01321465,-0.5095173
0.007826252,0.8603234,-0.01321465,-0.5095173
0.007826252,0.8603234,-0.01321465,-0.5095173
0.007826252,0.8603234,-0.01321465,-0.5095173
0.007826252,0.8603234,-0.01321465,-0.5095173
0.007826252,0.8603234,-0.01321465,-0.5095173
0.007826252,0.8603234,-0.01321465,-0.5095173
0.007826252,0.8603234,-0.01321465,-0.5095173
0.007826252,0.8603234,-0.01321465,-0.5095173
0.007826252,0.8603234,-0.01321465,-0.5095173
0.007826252,0.8603234,-0.01321465,-0.5095173
0.007826252,0.8603234,-0.01321465,-0.5095173
0.007826252,0.8603234,-0.01321465,-0.5095173
0.007826252,0.8603234,-0.01321465,-0.5095173
0.007826252,0.8603234,-0.01321465,-0.5095173
0.007826252,0.8603234,-0.01321465,-0.5095173
0.007826252,0.8603234,-0.01321465,-0.5095173
0.007826252,0.8603234,-0.01321465,-0.5095173
0.007826252,0.8603234,-0.01321465,-0.5095173
0.007826252,0.8603234,-0.01321465,-0.5095173
0.007826252,0.8603234,-0.01321465,-0.5095173
0.007826252,0.8603234,-0.01321465,-0.5095173
0.007826252,0.8603234,-0.01321465,-0.5095173
0.007829002,0.8602173,-0.01321302,-0.5096963
0.007832023,0.8601008,-0.01321123,-0.509893
0.00783596,0.8599488,-0.0132089,-0.5101493
0.007840791,0.859762,-0.01320603,-0.5104638
0.007846556,0.8595392,-0.01320261,-0.5108391
0.007860832,0.858986,-0.01319411,-0.5117686
0.007869597,0.8586459,-0.01318888,-0.5123392
0.007879271,0.8582697,-0.01318311,-0.5129691
0.007889842,0.8578581,-0.01317678,-0.5136572
0.007901334,0.8574096,-0.0131699,-0.5144054
0.007927045,0.8564031,-0.01315444,-0.5160793
0.007941521,0.8558345,-0.0131457,-0.5170217
0.007956898,0.8552289,-0.0131364,-0.5180228
0.007973174,0.8545862,-0.01312653,-0.5190825
0.007990352,0.8539059,-0.01311608,-0.5202008
0.008027382,0.8524325,-0.01309345,-0.5226116
0.008047495,0.8516284,-0.0130811,-0.5239211
0.0080685,0.8507856,-0.01306815,-0.5252886
0.008090386,0.8499042,-0.01305461,-0.5267134
0.00811316,0.8489836,-0.01304047,-0.5281961
0.00816133,0.8470244,-0.01301038,-0.5313321
0.008186962,0.8459753,-0.01299426,-0.5330009
0.008213488,0.8448848,-0.01297751,-0.5347278
0.008240884,0.8437534,-0.01296014,-0.5365114
0.008269134,0.8425811,-0.01294213,-0.5383505
0.008328203,0.8401115,-0.0129042,-0.5421962
0.00835926,0.8388032,-0.0128841,-0.5442181
0.008391152,0.8374524,-0.01286335,-0.5462945
0.008423906,0.8360575,-0.01284193,-0.5484268
0.008457492,0.8346192,-0.01281983,-0.5506133
0.008491909,0.8331366,-0.01279706,-0.552854
0.008563719,0.8300154,-0.01274912,-0.557529
0.008600849,0.8283865,-0.0127241,-0.5599464
0.00863878,0.826712,-0.01269838,-0.5624158
0.008677521,0.8249905,-0.01267194,-0.5649379
0.008717055,0.823222,-0.01264477,-0.5675117
0.008798988,0.8195192,-0.0125879,-0.5728459
0.008841123,0.8175949,-0.01255834,-0.5755891
0.008884034,0.815621,-0.01252802,-0.5783827
0.008927706,0.8135973,-0.01249694,-0.5812259
0.009017308,0.8093982,-0.01243244,-0.5870594
0.009063477,0.8072096,-0.01239882,-0.5900652
0.009110366,0.8049691,-0.01236441,-0.5931178
0.009157984,0.8026758,-0.01232918,-0.5962179
0.00920632,0.8003286,-0.01229312,-0.5993649
0.009255366,0.7979274,-0.01225624,-0.602558
0.009356037,0.7929356,-0.01217957,-0.609112
0.009407398,0.7903557,-0.01213994,-0.6124558
0.009459431,0.787719,-0.01209944,-0.6158433
0.009512127,0.7850248,-0.01205806,-0.619274
0.009565713,0.7822601,-0.01201559,-0.6227626
0.0096748,0.7765532,-0.01192793,-0.6298646
0.009730282,0.7736094,-0.01188272,-0.6334767
0.009786374,0.7706046,-0.01183656,-0.6371285
0.009843062,0.7675384,-0.01178946,-0.640819
0.009958198,0.7612174,-0.01169237,-0.6483148
0.01001685,0.7579488,-0.01164217,-0.6521333
0.01007604,0.754616,-0.01159098,-0.6559869
0.01011041,0.7526651,-0.01156101,-0.6582244
0.01012089,0.7520679,-0.01155184,-0.6589066
0.01012089,0.7520679,-0.01155184,-0.6589066
0.01012089,0.7520679,-0.01155184,-0.6589066
0.01012089,0.7520679,-0.01155184,-0.6589066
0.01012089,0.7520679,-0.01155184,-0.6589066
0.01012089,0.7520679,-0.01155184,-0.6589066
0.01012089,0.7520679,-0.01155184,-0.6589066
0.01012089,0.7520679,-0.01155184,-0.6589066
0.01012089,0.7520679,-0.01155184,-0.6589066
0.01012089,0.7520679,-0.01155184,-0.6589066
0.01012008,0.7521141,-0.01155255,-0.658854
0.01011847,0.7522059,-0.01155396,-0.6587492
0.01011239,0.7525527,-0.01155929,-0.6583529
0.01010814,0.7527944,-0.011563,-0.6580765
0.01010309,0.7530817,-0.01156741,-0.6577477
0.01009723,0.7534146,-0.01157252,-0.6573664
0.01009057,0.7537929,-0.01157834,-0.6569326
0.01007436,0.7547111,-0.01159244,-0.6558775
0.01006504,0.7552379,-0.01160053,-0.6552709
0.01005492,0.7558095,-0.01160931,-0.6546115
0.01004397,0.7564262,-0.01161878,-0.6538987
0.01003199,0.7570999,-0.01162913,-0.6531187
0.01000555,0.7585811,-0.01165188,-0.6513976
0.009991094,0.7593882,-0.01166428,-0.6504565
0.009975811,0.7602394,-0.01167735,-0.6494614
0.009959698,0.7611344,-0.0116911,-0.6484125
0.009942755,0.7620725,-0.01170551,-0.6473094
0.009905905,0.7641039,-0.01173672,-0.6449103
0.009886213,0.7651841,-0.01175331,-0.6436283
0.009865676,0.7663068,-0.01177055,-0.6422913
0.009844291,0.7674716,-0.01178844,-0.6408991
0.00982182,0.7686909,-0.01180717,-0.6394361
0.009774315,0.771253,-0.01184653,-0.6363434
0.009749269,0.7725955,-0.01186715,-0.6347128
0.009723349,0.7739788,-0.01188839,-0.6330253
0.00969656,0.775402,-0.01191026,-0.6312812
0.009668669,0.7768768,-0.01193291,-0.6294654
0.009610234,0.7799438,-0.01198002,-0.6256611
0.009579672,0.7815356,-0.01200447,-0.6236715
0.009548207,0.7831661,-0.01202951,-0.6216229
0.009515846,0.7848337,-0.01205513,-0.6195161
0.009482333,0.7865511,-0.0120815,-0.6173343
0.009412559,0.7900953,-0.01213594,-0.6127918
0.009376295,0.7919207,-0.01216398,-0.6104308
0.009339094,0.7937817,-0.01219257,-0.6080089
0.009300737,0.7956883,-0.01222185,-0.6055117
0.009261418,0.7976297,-0.01225168,-0.6029519
0.009179925,0.8016128,-0.01231286,-0.5976464
0.009137744,0.8036529,-0.01234419,-0.5949003
0.009094596,0.8057246,-0.01237601,-0.5920911
0.009050479,0.8078275,-0.01240831,-0.589219
0.009005127,0.8099728,-0.01244127,-0.5862663
0.008911478,0.814351,-0.01250852,-0.5801695
0.008863154,0.8165833,-0.0125428,-0.5770234
0.008813822,0.8188434,-0.01257752,-0.5738117
0.008763224,0.8211419,-0.01261283,-0.5705175
0.008711616,0.8234662,-0.01264853,-0.5671576
0.008605323,0.8281896,-0.01272108,-0.5602376
0.008550615,0.8305878,-0.01275792,-0.556676
0.00849486,0.8330091,-0.01279511,-0.5530461
0.008437804,0.8354633,-0.01283281,-0.5493316
0.008379679,0.8379392,-0.01287084,-0.5455475
0.008260239,0.8429508,-0.01294781,-0.5377715
0.0082271,0.8443233,-0.0129689,-0.5356141
0.008220989,0.8445755,-0.01297277,-0.5352163
0.008220989,0.8445755,-0.01297277,-0.5352163
0.008220989,0.8445755,-0.01297277,-0.5352163
0.008220989,0.8445755,-0.01297277,-0.5352163
0.008220989,0.8445755,-0.01297277,-0.5352163
0.008220989,0.8445755,-0.01297277,-0.5352163
0.008220989,0.8445755,-0.01297277,-0.5352163
0.008220989,0.8445755,-0.01297277,-0.5352163
0.008220989,0.8445755,-0.01297277,-0.5352163
0.008220989,0.8445755,-0.01297277,-0.5352163
0.008220989,0.8445755,-0.01297277,-0.5352163
0.008220989,0.8445755,-0.01297277,-0.5352163
0.008220989,0.8445755,-0.01297277,-0.5352163
0.008220989,0.8445755,-0.01297277,-0.5352163
0.008220989,0.8445755,-0.01297277,-0.5352163
0.008220989,0.8445755,-0.01297277,-0.5352163
0.008220989,0.8445755,-0.01297277,-0.5352163
0.008220989,0.8445755,-0.01297277,-0.5352163
0.008220989,0.8445755,-0.01297277,-0.5352163
0.008220989,0.8445755,-0.01297277,-0.5352163
0.008220989,0.8445755,-0.01297277,-0.5352163
0.008220989,0.8445755,-0.01297277,-0.5352163
0.008220989,0.8445755,-0.01297277,-0.5352163
0.008220989,0.8445755,-0.01297277,-0.5352163
0.008220989,0.8445755,-0.01297277,-0.5352163
0.008220989,0.8445755,-0.01297277,-0.5352163
0.008220989,0.8445755,-0.01297277,-0.5352163
0.008220989,0.8445755,-0.01297277,-0.5352163
0.008220989,0.8445755,-0.01297277,-0.5352163
0.008220989,0.8445755,-0.01297277,-0.5352163
0.008220989,0.8445755,-0.01297277,-0.5352163
0.008220989,0.8445755,-0.01297277,-0.5352163
0.008220989,0.8445755,-0.01297277,-0.5352163
0.008220989,0.8445755,-0.01297277,-0.5352163
0.008220093,0.8446124,-0.01297334,-0.5351579
0.008218041,0.8446971,-0.01297464,-0.5350243
0.008215095,0.8448186,-0.0129765,-0.5348325
0.00821124,0.8449774,-0.01297894,-0.5345815
0.008200822,0.8454062,-0.01298553,-0.5339032
0.008194252,0.8456762,-0.01298968,-0.5334755
0.008186526,0.8459933,-0.01299455,-0.5329725
0.008177889,0.8463472,-0.01299998,-0.5324101
0.008168348,0.8467376,-0.01300598,-0.531789
0.008146551,0.8476272,-0.01301965,-0.53037
0.008134285,0.8481264,-0.01302731,-0.5295714
0.00812111,0.8486614,-0.01303553,-0.5287136
0.008106761,0.8492425,-0.01304446,-0.5277795
0.008091493,0.8498596,-0.01305394,-0.5267854
0.008058226,0.8511983,-0.0130745,-0.5246196
0.0080402,0.8519203,-0.01308559,-0.5234461
0.008021252,0.8526771,-0.01309721,-0.5222125
0.008001118,0.8534785,-0.01310952,-0.5209017
0.007980062,0.8543137,-0.01312235,-0.5195308
0.007935133,0.8560856,-0.01314957,-0.5166059
0.007911261,0.8570215,-0.01316394,-0.5150517
0.007886189,0.8580004,-0.01317898,-0.5134194
0.007860173,0.8590116,-0.01319451,-0.5117257
0.007833219,0.8600546,-0.01321053,-0.5099709
0.007776442,0.8622356,-0.01324403,-0.5062745
0.007746598,0.8633735,-0.01326151,-0.5043316
0.007715812,0.8645412,-0.01327945,-0.5023273
0.007683795,0.8657488,-0.013298,-0.5002429
0.007650819,0.8669859,-0.013317,-0.498096
0.007581929,0.8695472,-0.01335634,-0.493611
0.007546012,0.8708705,-0.01337666,-0.4912727
0.007508853,0.8722307,-0.01339756,-0.4888535
0.007470714,0.8736177,-0.01341886,-0.4863706
0.007431575,0.8750315,-0.01344058,-0.4838224
0.007350297,0.8779364,-0.0134852,-0.4785309
0.007307884,0.8794358,-0.01350823,-0.4757697
0.007264458,0.8809595,-0.01353163,-0.4729425
0.00722001,0.8825068,-0.0135554,-0.4700487
0.007174549,0.8840769,-0.01357952,-0.4670891
0.007080554,0.887283,-0.01362877,-0.4609697
0.007031737,0.888927,-0.01365402,-0.4577915
0.006981872,0.8905914,-0.01367958,-0.454545
0.006930963,0.8922752,-0.01370545,-0.4512307
0.006879019,0.8939773,-0.01373159,-0.4478489
0.006771945,0.8974357,-0.01378471,-0.440878
0.006716539,0.8991988,-0.01381179,-0.4372709
0.006660068,0.9009773,-0.01383911,-0.4335944
0.006602517,0.9027708,-0.01386666,-0.4298477
0.006543895,0.9045781,-0.01389442,-0.4260311
0.006423396,0.9082315,-0.01395054,-0.4181862
0.006361492,0.9100764,-0.01397888,-0.414156
0.006298228,0.9119394,-0.01400749,-0.4100373
0.006233864,0.913812,-0.01403625,-0.405847
0.006168396,0.9156931,-0.01406515,-0.4015848
0.006034099,0.9194779,-0.01412328,-0.3928415
0.005965003,0.9213869,-0.01415261,-0.3883431
0.005894767,0.9233009,-0.014182,-0.3837705
0.005823404,0.9252183,-0.01421146,-0.3791245
0.005750907,0.9271383,-0.01424095,-0.3744046
0.005602487,0.930982,-0.01429999,-0.364742
0.005526271,0.9329107,-0.01432961,-0.35978
0.005448902,0.9348378,-0.01435921,-0.354743
0.005370379,0.9367617,-0.01438877,-0.3496309
0.005290695,0.9386816,-0.01441826,-0.3444431
0.005127831,0.9425046,-0.01447698,-0.3338401
0.005044356,0.944412,-0.01450628,-0.3284055
0.004959705,0.9463104,-0.01453544,-0.3228944
0.004873877,0.9481986,-0.01456444,-0.3173067
0.004786863,0.9500756,-0.01459327,-0.3116417
0.004609271,0.9537905,-0.01465033,-0.3000799
0.0045184,0.9556316,-0.01467861,-0.2941639
0.004426341,0.9574559,-0.01470663,-0.2881705
0.004333084,0.9592624,-0.01473438,-0.2820991
0.004238621,0.9610496,-0.01476183,-0.2759492
0.004046102,0.9645602,-0.01481575,-0.2634155
0.003947743,0.9662862,-0.01484227,-0.257012
0.003848173,0.9679871,-0.01486839,-0.2505296
0.003747396,0.9696615,-0.01489411,-0.2439686
0.003645431,0.9713076,-0.0149194,-0.2373304
0.003437835,0.9745107,-0.01496859,-0.2238151
0.003331934,0.9760685,-0.01499252,-0.2169206
0.003224832,0.9775921,-0.01501593,-0.2099478
0.003116517,0.9790798,-0.01503878,-0.2028961
0.003006996,0.9805304,-0.01506106,-0.1957659
0.002784329,0.9833136,-0.01510381,-0.1812695
0.002670889,0.9846464,-0.01512428,-0.1738841
0.002556261,0.9859352,-0.01514408,-0.1664214
0.002440422,0.9871785,-0.01516318,-0.1588799
0.00220517,0.9895218,-0.01519917,-0.1435641
0.00220517,0.9895218,-0.01519917,-0.1435641
0.001964552,0.9916682,-0.01523214,-0.1278989
0.001842463,0.9926611,-0.01524739,-0.1199505
0.0017192,0.9935979,-0.01526178,-0.1119256
0.001594763,0.994477,-0.01527528,-0.1038243
0.001342385,0.9960555,-0.01529953,-0.08739359
0.001214164,0.9967526,-0.01531023,-0.07904594
0.001084808,0.9973847,-0.01531994,-0.0706244
0.0009543024,0.99795,-0.01532863,-0.06212799
0.000689887,0.9988729,-0.0153428,-0.04491357
0.000689887,0.9988729,-0.0153428,-0.04491357
0.0004204182,0.9995074,-0.01535255,-0.02737016
0.0002840084,0.9997112,-0.01535568,-0.01848938
0.0001465164,0.9998366,-0.01535761,-0.009538138
-0.000131684,0.9998454,-0.01535774,0.008573729
-0.000131684,0.9998454,-0.01535774,0.008573729
-0.0004147088,0.9995175,-0.0153527,0.02699968
-0.0005577765,0.9992225,-0.01534817,0.03631391
-0.0007018516,0.9988374,-0.01534226,0.04569374
-0.000846941,0.9983606,-0.01533493,0.05513959
-0.00114007,0.9971234,-0.01531593,0.07422335
-0.001288374,0.9963576,-0.01530417,0.08387852
-0.001437618,0.9954919,-0.01529087,0.09359481
-0.001587786,0.9945243,-0.01527601,0.1033714
-0.001738867,0.9934527,-0.01525955,0.1132072
-0.001890839,0.9922753,-0.01524146,0.1231012
-0.002197934,0.98959,-0.01520022,0.1430942
-0.002352737,0.9880802,-0.01517703,0.1531724
-0.002508354,0.9864563,-0.01515208,0.1633037
-0.002821925,0.982859,-0.01509683,0.1837183
-0.002821925,0.982859,-0.01509683,0.1837183
-0.002980131,0.9808778,-0.0150664,0.1940182
-0.003298909,0.9765435,-0.01499982,0.2147718
-0.003459187,0.97419,-0.01496367,0.2252064
-0.003781638,0.9690976,-0.01488545,0.2461992
-0.003781638,0.9690976,-0.01488545,0.2461992
-0.004107014,0.9634681,-0.01479898,0.2673824
-0.004270507,0.9604507,-0.01475264,0.2780264
-0.004434495,0.9572957,-0.01470417,0.2887026
-0.00459895,0.9540011,-0.01465357,0.2994092
-0.004764129,0.9505593,-0.0146007,0.310163
-0.005095644,0.9432438,-0.01448834,0.3317458
-0.005261939,0.939366,-0.01442877,0.3425722
-0.005428529,0.9353395,-0.01436692,0.3534179
-0.00559539,0.9311624,-0.01430276,0.3642811
-0.005762747,0.9268261,-0.01423616,0.3751767
-0.006098003,0.9176888,-0.01409581,0.397003
-0.006265831,0.9128843,-0.01402201,0.4079293
-0.006433734,0.9079208,-0.01394577,0.4188604
-0.006601675,0.9027964,-0.01386706,0.429794
-0.006769883,0.897501,-0.01378572,0.4407449
-0.007106091,0.8864167,-0.01361547,0.4626333
-0.007274013,0.8806247,-0.0135265,0.4735657
-0.007441756,0.8746641,-0.01343494,0.4844863
-0.007609272,0.8685337,-0.01334078,0.4953922
-0.007776773,0.8622223,-0.01324383,0.5062972
-0.008110764,0.8490799,-0.01304197,0.5280412
-0.008277158,0.8422464,-0.012937,0.5388741
-0.008443088,0.8352364,-0.01282933,0.5496767
-0.008608498,0.8280489,-0.01271893,0.5604455
-0.00877358,0.8206721,-0.01260562,0.571193
-0.009101843,0.8053769,-0.01237068,0.5925641
-0.009264902,0.7974573,-0.01224904,0.6031799
-0.009427193,0.7893545,-0.01212458,0.6137456
-0.009588866,0.7810567,-0.01199712,0.6242711
-0.009749644,0.7725745,-0.01186683,0.6347384
-0.01006826,0.7550549,-0.01159773,0.6554818
-0.01022601,0.7460157,-0.01145889,0.6657513
-0.01038262,0.7367898,-0.01131718,0.6759474
-0.01053804,0.7273774,-0.0111726,0.6860658
-0.01084549,0.7079633,-0.0108744,0.7060823
-0.0109972,0.6979738,-0.01072096,0.7159586
-0.01114746,0.6877963,-0.01056463,0.7257413
-0.01129622,0.6774307,-0.01040541,0.7354262
-0.01144342,0.6668767,-0.0102433,0.7450098
-0.0115892,0.6561202,-0.01007808,0.7545
-0.0118756,0.6340423,-0.009738964,0.7731457
-0.01201608,0.6227227,-0.009565094,0.7822919
-0.01215468,0.6112156,-0.009388343,0.7913151
-0.01229148,0.5995085,-0.009208522,0.800221
-0.01242625,0.5876142,-0.009025824,0.8089955
-0.01267054,0.5650712,-0.00867956,0.8248993
-0.01276234,0.5562456,-0.008543999,0.8308761
-0.01283524,0.5490904,-0.008434094,0.8356218
-0.01288468,0.5441601,-0.008358365,0.8388408
-0.0129165,0.5409532,-0.008309105,0.8409125
-0.01293099,0.5394843,-0.008286544,0.8418556
-0.01293099,0.5394843,-0.008286544,0.8418556
-0.01293099,0.5394843,-0.008286544,0.8418556
-0.01293099,0.5394843,-0.008286544,0.8418556
-0.01293099,0.5394843,-0.008286544,0.8418556
-0.01293099,0.5394843,-0.008286544,0.8418556
-0.01293099,0.5394843,-0.008286544,0.8418556
-0.01293099,0.5394843,-0.008286544,0.8418556
-0.01293099,0.5394843,-0.008286544,0.8418556
-0.01293099,0.5394843,-0.008286544,0.8418556
-0.01293099,0.5394843,-0.008286544,0.8418556
-0.01293041,0.5395433,-0.008287449,0.8418178
-0.01292925,0.5396609,-0.008289257,0.8417424
-0.01292735,0.5398533,-0.008292212,0.841619
-0.01292184,0.5404131,-0.008300809,0.8412597
-0.01291821,0.5407807,-0.008306455,0.8410234
-0.012914,0.5412064,-0.008312994,0.8407496
-0.01290921,0.5416903,-0.008320427,0.8404378
-0.01290368,0.5422486,-0.008329002,0.8400777
-0.01289086,0.5435392,-0.008348825,0.8392433
-0.01288357,0.544272,-0.008360081,0.8387682
-0.01287568,0.5450623,-0.00837222,0.8382549
-0.01286703,0.5459273,-0.008385506,0.8376918
-0.01285779,0.5468497,-0.008399674,0.83709
-0.01284795,0.5478289,-0.008414715,0.8364494
-0.01282646,0.5499593,-0.008447438,0.8350503
-0.01281479,0.5511104,-0.00846512,0.834291
-0.01280252,0.552318,-0.00848367,0.833492
-0.01278946,0.5535988,-0.008503343,0.8326418
-0.01277579,0.5549358,-0.00852388,0.8317514
-0.01274654,0.5577791,-0.008567553,0.8298473
-0.01273097,0.5592846,-0.008590679,0.8288335
-0.01271475,0.5608457,-0.008614657,0.8277779
-0.01269772,0.5624786,-0.008639739,0.8266692
-0.01268004,0.5641666,-0.008665667,0.8255181
-0.01264271,0.5677066,-0.008720042,0.8230877
-0.01262305,0.5695584,-0.008748485,0.8218074
-0.01260271,0.5714644,-0.008777761,0.8204831
-0.01258151,0.5734403,-0.008808112,0.8191034
-0.01255963,0.5754699,-0.008839286,0.8176788
-0.01251379,0.5796875,-0.008904069,0.8146942
-0.01248981,0.5818751,-0.008937671,0.8131331
-0.01246512,0.5841148,-0.008972073,0.8115257
-0.01243953,0.5864226,-0.00900752,0.8098597
-0.01241321,0.5887815,-0.009043754,0.8081463
-0.01235836,0.5936517,-0.009118561,0.8045756
-0.01232981,0.5961629,-0.009157133,0.8027166
-0.01232025,0.5969999,-0.009169989,0.8020943
-0.01232025,0.5969999,-0.009169989,0.8020943
-0.01232025,0.5969999,-0.009169989,0.8020943
-0.01232025,0.5969999,-0.009169989,0.8020943
-0.01232025,0.5969999,-0.009169989,0.8020943
-0.01232025,0.5969999,-0.009169989,0.8020943
-0.01232025,0.5969999,-0.009169989,0.8020943
-0.01232025,0.5969999,-0.009169989,0.8020943
-0.01232025,0.5969999,-0.009169989,0.8020943
-0.01232025,0.5969999,-0.009169989,0.8020943
-0.01232025,0.5969999,-0.009169989,0.8020943
-0.01232025,0.5969999,-0.009169989,0.8020943
-0.01232025,0.5969999,-0.009169989,0.8020943
-0.01232025,0.5969999,-0.009169989,0.8020943
-0.01232025,0.5969999,-0.009169989,0.8020943
-0.01232025,0.5969999,-0.009169989,0.8020943
-0.01232025,0.5969999,-0.009169989,0.8020943
-0.01232025,0.5969999,-0.009169989,0.8020943
-0.01232025,0.5969999,-0.009169989,0.8020943
-0.01232025,0.5969999,-0.009169989,0.8020943
-0.01232025,0.5969999,-0.009169989,0.8020943
-0.01232025,0.5969999,-0.009169989,0.8020943
-0.01232025,0.5969999,-0.009169989,0.8020943
-0.01232025,0.5969999,-0.009169989,0.8020943
-0.01232025,0.5969999,-0.009169989,0.8020943
-0.01232025,0.5969999,-0.009169989,0.8020943
-0.01232025,0.5969999,-0.009169989,0.8020943
-0.01232025,0.5969999,-0.009169989,0.8020943
-0.01232025,0.5969999,-0.009169989,0.8020943
-0.01232025,0.5969999,-0.009169989,0.8020943
-0.01232025,0.5969999,-0.009169989,0.8020943
-0.01232025,0.5969999,-0.009169989,0.8020943
-0.01231961,0.5970559,-0.009170851,0.8020526
-0.01231961,0.5970559,-0.009170851,0.8020526
-0.01231607,0.5973653,-0.009175602,0.8018223
-0.01231335,0.5976033,-0.009179259,0.8016449
-0.01230998,0.5978977,-0.00918378,0.8014253
-0.01230131,0.5986533,-0.009195386,0.8008611
-0.01229602,0.5991141,-0.009202464,0.8005164
-0.01228989,0.5996463,-0.009210638,0.8001178
-0.01228313,0.6002336,-0.009219659,0.7996774
-0.01227572,0.6008759,-0.009229524,0.7991948
-0.01225894,0.6023255,-0.00925179,0.7981029
-0.01225894,0.6023255,-0.00925179,0.7981029
-0.01223919,0.6040262,-0.009277913,0.7968165
-0.01222831,0.6049589,-0.009292238,0.7961087
-0.01221678,0.6059453,-0.00930739,0.7953581
-0.0122046,0.6069854,-0.009323367,0.7945646
-0.01217818,0.6092299,-0.009357841,0.7928449
-0.01216378,0.6104482,-0.009376555,0.7919073
-0.0121487,0.6117199,-0.009396088,0.7909254
-0.01213292,0.6130452,-0.009416445,0.7898985
-0.01209932,0.6158541,-0.009459591,0.7877105
-0.01209932,0.6158541,-0.009459591,0.7877105
-0.01206254,0.6189039,-0.009506436,0.7853166
-0.0120431,0.620507,-0.009531059,0.7840506
-0.01202294,0.6221617,-0.009556476,0.782738
-0.01198046,0.6256256,-0.009609681,0.7799723
-0.01195795,0.6274479,-0.009637672,0.7785071
-0.01193469,0.6293222,-0.009666461,0.7769927
-0.01191069,0.6312463,-0.009696016,0.7754303
-0.01188594,0.6332209,-0.009726346,0.7738188
-0.01183417,0.6373169,-0.009789261,0.7704488
-0.01183417,0.6373169,-0.009789261,0.7704488
-0.01177894,0.6416389,-0.009855649,0.7668531
-0.01175016,0.6438721,-0.00988995,0.7649791
-0.01172059,0.646152,-0.009924971,0.7630543
-0.01165906,0.6508531,-0.00999718,0.7590484
-0.01165906,0.6508531,-0.00999718,0.7590484
-0.01159388,0.6557696,-0.0100727,0.7548049
-0.01156007,0.6582949,-0.01011149,0.7526034
-0.01154742,0.6592353,-0.01012593,0.7517799
-0.01154742,0.6592353,-0.01012593,0.7517799
-0.01154742,0.6592353,-0.01012593,0.7517799
-0.01154742,0.6592353,-0.01012593,0.7517799
-0.01154742,0.6592353,-0.01012593,0.7517799
-0.01154742,0.6592353,-0.01012593,0.7517799
-0.01154742,0.6592353,-0.01012593,0.7517799
-0.01154742,0.6592353,-0.01012593,0.7517799
-0.01154742,0.6592353,-0.01012593,0.7517799
-0.01154742,0.6592353,-0.01012593,0.7517799
-0.01154742,0.6592353,-0.01012593,0.7517799
-0.01154742,0.6592353,-0.01012593,0.7517799
-0.01154742,0.6592353,-0.01012593,0.7517799
-0.01154742,0.6592353,-0.01012593,0.7517799
-0.01154742,0.6592353,-0.01012593,0.7517799
-0.01154742,0.6592353,-0.01012593,0.7517799
-0.01154742,0.6592353,-0.01012593,0.7517799
-0.01154742,0.6592353,-0.01012593,0.7517799
-0.01154742,0.6592353,-0.01012593,0.7517799
-0.01154742,0.6592353,-0.01012593,0.7517799
-0.01154742,0.6592353,-0.01012593,0.7517799
-0.01154742,0.6592353,-0.01012593,0.7517799
-0.01154742,0.6592353,-0.01012593,0.7517799
-0.01154742,0.6592353,-0.01012593,0.7517799
-0.01154742,0.6592353,-0.01012593,0.7517799
-0.01154742,0.6592353,-0.01012593,0.7517799
-0.01154742,0.6592353,-0.01012593,0.7517799
-0.01154742,0.6592353,-0.01012593,0.7517799
-0.01154742,0.6592353,-0.01012593,0.7517799
-0.01154742,0.6592353,-0.01012593,0.7517799
-0.01154742,0.6592353,-0.01012593,0.7517799
-0.01154742,0.6592353,-0.01012593,0.7517799
-0.01154742,0.6592353,-0.01012593,0.7517799
-0.01154742,0.6592353,-0.01012593,0.7517799
-0.01154742,0.6592353,-0.01012593,0.7517799
-0.01154672,0.6592869,-0.01012672,0.7517347
-0.01154322,0.6595471,-0.01013072,0.7515064
-0.01154322,0.6595471,-0.01013072,0.7515064
-0.0115365,0.6600453,-0.01013837,0.7510689
-0.01153208,0.6603725,-0.0101434,0.7507812
-0.01152695,0.6607521,-0.01014923,0.7504472
-0.01152091,0.6611978,-0.01015607,0.7500545
-0.01150673,0.6622437,-0.01017214,0.7491312
-0.01149856,0.6628448,-0.01018137,0.7485994
-0.01148969,0.6634969,-0.01019139,0.7480215
-0.01148009,0.6642008,-0.0102022,0.7473965
-0.01146977,0.6649559,-0.0102138,0.7467248
-0.01145853,0.6657769,-0.01022641,0.7459928
-0.01143386,0.6675722,-0.01025399,0.7443867
-0.01142043,0.6685455,-0.01026894,0.7435127
-0.01140627,0.6695694,-0.01028466,0.7425907
-0.01137574,0.6717677,-0.01031843,0.7406027
-0.01135917,0.672955,-0.01033667,0.7395239
-0.01134183,0.674193,-0.01035568,0.7383956
-0.01132376,0.6754797,-0.01037544,0.7372187
-0.01130492,0.6768158,-0.01039597,0.7359923
-0.01128531,0.6782011,-0.01041725,0.7347159
-0.01126474,0.6796492,-0.01043949,0.7333766
-0.01122129,0.6826887,-0.01048618,0.730548
-0.01119839,0.6842806,-0.01051063,0.7290571
-0.01117471,0.6859195,-0.0105358,0.7275153
-0.01115024,0.6876054,-0.0105617,0.7259221
-0.01112478,0.6893513,-0.01058852,0.7242645
-0.01107142,0.6929829,-0.0106443,0.7207904
-0.01104352,0.6948671,-0.01067324,0.7189742
-0.0110148,0.6967964,-0.01070287,0.7171045
-0.01098526,0.6987703,-0.01073319,0.7151813
-0.01098388,0.6988623,-0.01073461,0.7150914
-0.01098388,0.6988623,-0.01073461,0.7150914
-0.01098388,0.6988623,-0.01073461,0.7150914
-0.01098388,0.6988623,-0.01073461,0.7150914
-0.01098388,0.6988623,-0.01073461,0.7150914
-0.01098388,0.6988623,-0.01073461,0.7150914
-0.01098388,0.6988623,-0.01073461,0.7150914
-0.01098388,0.6988623,-0.01073461,0.7150914
-0.01098388,0.6988623,-0.01073461,0.7150914
-0.01098388,0.6988623,-0.01073461,0.7150914
-0.01098388,0.6988623,-0.01073461,0.7150914
-0.01098388,0.6988623,-0.01073461,0.7150914
-0.01098463,0.6988124,-0.01073384,0.7151402
-0.01098612,0.6987132,-0.01073232,0.7152371
-0.01098856,0.6985501,-0.01072981,0.7153964
-0.01099175,0.6983373,-0.01072654,0.7156041
-0.01100036,0.6977624,-0.01071772,0.7161646
-0.01100579,0.6974,-0.01071215,0.7165176
-0.01101194,0.6969877,-0.01070582,0.7169185
-0.01101905,0.6965113,-0.0106985,0.7173814
-0.01102689,0.6959853,-0.01069042,0.7178918
-0.01104479,0.6947814,-0.01067192,0.719057
-0.01105484,0.6941039,-0.01066152,0.719711
-0.01106561,0.6933758,-0.01065033,0.7204125
-0.01107731,0.6925836,-0.01063817,0.7211742
-0.01110291,0.6908442,-0.01061145,0.7228405
-0.01111679,0.6898974,-0.01059691,0.7237442
-0.01113138,0.6888994,-0.01058158,0.7246943
-0.01114669,0.6878493,-0.01056545,0.725691
-0.01116291,0.6867334,-0.01054831,0.7267472
-0.01119747,0.6843448,-0.01051162,0.7289968
-0.01121579,0.6830716,-0.01049206,0.73019
-0.01123481,0.6817455,-0.01047169,0.7314282
-0.01125452,0.6803665,-0.01045051,0.7327112
-0.01127512,0.6789193,-0.01042828,0.7340523
-0.01131835,0.6758637,-0.01038135,0.7368666
-0.01134097,0.6742544,-0.01035663,0.7383395
-0.01136425,0.672591,-0.01033108,0.7398551
-0.01138819,0.6708724,-0.01030468,0.7414138
-0.01141297,0.6690856,-0.01027723,0.7430266
-0.01146447,0.6653429,-0.01021975,0.7463799
-0.01149118,0.6633872,-0.01018971,0.7481187
-0.01151851,0.6613749,-0.0101588,0.7498982
-0.01154647,0.6593053,-0.01012701,0.7517185
-0.01157525,0.6571636,-0.01009411,0.7535916
-0.01163459,0.6527068,-0.01002565,0.7574549
-0.01166515,0.6503908,-0.00999008,0.7594445
-0.01169629,0.6480159,-0.009953601,0.761472
-0.0117282,0.6455665,-0.009915979,0.7635496
-0.01176068,0.643057,-0.009877434,0.7656643
-0.0118273,0.6378579,-0.009797574,0.770001
-0.01186142,0.6351664,-0.009756234,0.7722226
-0.01189607,0.6324136,-0.00971395,0.7744787
-0.01193144,0.6295837,-0.009670483,0.7767808
-0.01196731,0.6266913,-0.009626056,0.7791162
-0.01204054,0.6207176,-0.009534299,0.7838838
-0.01207788,0.6176348,-0.009486948,0.786315
-0.01211569,0.614488,-0.009438612,0.7887766
-0.01215413,0.6112625,-0.009389068,0.7912789
-0.01219303,0.6079696,-0.009338489,0.7938117
-0.01227213,0.6011868,-0.009234303,0.798961
-0.0123123,0.5976949,-0.009180667,0.8015765
-0.01235289,0.594135,-0.009125988,0.8042187
-0.01239384,0.5905088,-0.009070287,0.8068851
-0.01243534,0.5867991,-0.009013307,0.8095869
-0.01251942,0.5791718,-0.00889615,0.8150609
-0.01256197,0.5752536,-0.008835967,0.8178309
-0.01260484,0.5712654,-0.008774708,0.8206217
-0.01264818,0.5671899,-0.008712108,0.8234438
-0.01269182,0.5630434,-0.008648417,0.8262846
-0.0127799,0.5545349,-0.008517726,0.8320187
-0.01280621,0.5519561,-0.008478116,0.8337318
-0.01280957,0.5516247,-0.008473027,0.8339509
-0.01280957,0.5516248,-0.008473027,0.833951
-0.01280957,0.5516248,-0.008473027,0.833951
-0.01280957,0.5516248,-0.008473027,0.833951
-0.01280957,0.5516248,-0.008473027,0.833951
-0.01280957,0.5516248,-0.008473027,0.833951
-0.01280957,0.5516248,-0.008473027,0.833951
-0.01280957,0.5516248,-0.008473027,0.833951
-0.01280957,0.5516248,-0.008473027,0.833951
-0.01280957,0.5516248,-0.008473027,0.833951
-0.01280957,0.5516248,-0.008473027,0.833951
