-0.005608332,-0.930833,0.01429768,0.3651217
-0.00568407,-0.9288839,0.01426775,0.3700525
-0.00572337,-0.9278605,0.01425203,0.3726111
-0.005763614,-0.9268041,0.0142358,0.3752311
-0.005805077,-0.9257066,0.01421894,0.3779306
-0.005847482,-0.9245747,0.01420155,0.3806913
-0.005935071,-0.9222062,0.01416517,0.3863937
-0.005980256,-0.9209681,0.01414616,0.3893354
-0.006026359,-0.9196934,0.01412657,0.3923369
-0.006073655,-0.9183738,0.01410631,0.395416
-0.00612187,-0.9170159,0.01408545,0.398555
-0.006220995,-0.914184,0.01404195,0.4050084
-0.006271908,-0.9127083,0.01401928,0.408323
-0.006323713,-0.9111919,0.01399599,0.4116958
-0.006376673,-0.9096263,0.01397194,0.4151436
-0.006430508,-0.9080185,0.01394725,0.4186485
-0.006540777,-0.9046741,0.01389588,0.4258274
-0.006597208,-0.9029357,0.01386917,0.4295013
-0.006654484,-0.9011526,0.01384179,0.4332302
-0.006712611,-0.8993233,0.01381369,0.4370144
-0.00677184,-0.8974394,0.01378475,0.4408705
-0.006892805,-0.8935275,0.01372466,0.4487458
-0.006954506,-0.8914987,0.0136935,0.4527628
-0.007017018,-0.8894202,0.01366157,0.4568325
-0.007080331,-0.887291,0.01362887,0.4609545
-0.007144704,-0.8851011,0.01359523,0.4651454
-0.007275779,-0.8805638,0.01352554,0.4736788
-0.007342473,-0.8782142,0.01348945,0.4780208
-0.007409917,-0.87581,0.01345252,0.4824117
-0.007478117,-0.8733496,0.01341473,0.4868518
-0.007547309,-0.8708231,0.01337592,0.4913564
-0.00768786,-0.8655964,0.01329564,0.5005068
-0.007759191,-0.8628945,0.01325413,0.5051507
-0.007831216,-0.8601323,0.01321171,0.5098398
-0.00790418,-0.8572989,0.01316819,0.51459
-0.007977817,-0.8544028,0.0131237,0.519384
-0.008127054,-0.8484206,0.01303181,0.5290999
-0.00820263,-0.8453323,0.01298438,0.5340202
-0.008279075,-0.8421677,0.01293577,0.5389971
-0.008356108,-0.8389367,0.01288614,0.5440122
-0.00843374,-0.8356377,0.01283547,0.5490663
-0.008590759,-0.8288306,0.01273091,0.5592889
-0.008670109,-0.8253211,0.012677,0.5644549
-0.00875024,-0.8217288,0.01262182,0.5696718
-0.008830902,-0.8180633,0.01256552,0.5749232
-0.008912064,-0.8143241,0.01250809,0.5802071
-0.009075844,-0.8066208,0.01238976,0.5908698
-0.009158437,-0.8026542,0.01232884,0.5962469
-0.009241468,-0.7986103,0.01226672,0.6016526
-0.009325167,-0.7944757,0.01220321,0.6071017
-0.009409269,-0.7902616,0.01213848,0.6125771
-0.009578628,-0.7815903,0.01200529,0.623603
-0.009663851,-0.7771311,0.0119368,0.6291513
-0.009749637,-0.772576,0.01186683,0.6347364
-0.009835718,-0.7679376,0.01179558,0.6403406
-0.009922124,-0.7632118,0.01172299,0.6459659
-0.01007051,-0.754929,0.01159577,0.6556267
-0.01010787,-0.7528102,0.01156322,0.6580585
-0.01012108,-0.7520575,0.01155166,0.6589186
-0.01012108,-0.7520575,0.01155166,0.6589186
-0.01012108,-0.7520575,0.01155166,0.6589186
-0.01012029,-0.7521026,0.01155235,0.6588672
-0.01011869,-0.7521935,0.01155375,0.6587632
-0.01011606,-0.7523435,0.01155606,0.658592
-0.01011262,-0.7525393,0.01155906,0.6583682
-0.01010839,-0.7527805,0.01156277,0.6580924
-0.0100975,-0.7533997,0.01157228,0.6573834
-0.01009084,-0.7537776,0.01157808,0.6569502
-0.01008315,-0.7542137,0.01158478,0.6564494
-0.01007465,-0.7546949,0.01159217,0.6558962
-0.01006534,-0.7552214,0.01160026,0.6552899
-0.01004428,-0.7564086,0.01161849,0.6539191
-0.0100323,-0.7570822,0.01162884,0.6531392
-0.01001951,-0.7578002,0.01163987,0.652306
-0.0100059,-0.7585618,0.01165157,0.65142
-0.009991455,-0.7593683,0.01166395,0.6504797
-0.009960081,-0.7611133,0.01169076,0.6484371
-0.00994315,-0.762051,0.01170516,0.6473349
-0.009925155,-0.7630447,0.01172043,0.6461633
-0.009906322,-0.7640814,0.01173635,0.6449372
-0.009886651,-0.7651604,0.01175292,0.6436566
-0.009844769,-0.7674459,0.01178803,0.6409299
-0.009822312,-0.7686644,0.01180675,0.6394678
-0.009799013,-0.7699239,0.01182609,0.637951
-0.009774836,-0.7712253,0.01184608,0.636377
-0.009749799,-0.7725673,0.0118667,0.634747
-0.009697113,-0.7753729,0.01190979,0.631317
-0.009669214,-0.7768482,0.01193245,0.6295006
-0.009640431,-0.7783629,0.01195572,0.6276267
-0.009610772,-0.7799159,0.01197957,0.6256958
-0.00958021,-0.7815081,0.01200403,0.623706
-0.009516397,-0.7848057,0.01205468,0.6195517
-0.009482893,-0.7865227,0.01208105,0.6173704
-0.009448504,-0.7882749,0.01210796,0.6151316
-0.009413173,-0.7900643,0.01213545,0.6128314
-0.009376928,-0.7918892,0.01216348,0.6104717
-0.00930163,-0.7956442,0.01222116,0.6055695
-0.009262329,-0.7975852,0.01225097,0.6030109
-0.009222079,-0.7995595,0.0122813,0.6003905
-0.009180875,-0.8015668,0.01231213,0.5977079
-0.009138711,-0.8036065,0.01234346,0.5949629
-0.009051473,-0.8077805,0.01240757,0.5892833
-0.009006144,-0.8099251,0.01244051,0.5863323
-0.008959834,-0.8120992,0.01247391,0.5833173
-0.008912545,-0.8143016,0.01250774,0.5802386
-0.00886425,-0.816533,0.01254201,0.5770945
-0.008764622,-0.8210788,0.01261184,0.5706083
-0.008713032,-0.8234027,0.01264753,0.5672497
-0.008660412,-0.8257523,0.01268362,0.5638239
-0.008606764,-0.8281261,0.01272008,0.5603312
-0.008552078,-0.8305241,0.01275692,0.5567709
-0.008439567,-0.8353881,0.01283163,0.549446
-0.008381471,-0.8378635,0.01286965,0.5456638
-0.008322307,-0.8403594,0.01290799,0.541812
-0.008262068,-0.842875,0.01294663,0.5378903
-0.008200746,-0.8454095,0.01298556,0.533898
-0.00807484,-0.8505308,0.01306422,0.525701
-0.008009975,-0.8531265,0.01310409,0.5214781
-0.007944008,-0.8557367,0.01314419,0.5171834
-0.007876923,-0.8583613,0.0131845,0.5128158
-0.00780871,-0.8609989,0.01322502,0.5083749
-0.007668901,-0.8663087,0.01330658,0.4992728
-0.007597017,-0.8689891,0.01334775,0.4945929
-0.00752399,-0.8716779,0.01338905,0.4898385
-0.007449805,-0.8743744,0.01343047,0.4850088
-0.007374455,-0.8770775,0.01347199,0.4801033
-0.007297936,-0.8797861,0.01351359,0.4751216
-0.00714083,-0.8852335,0.01359726,0.4648934
-0.007060497,-0.8879604,0.01363915,0.4596634
-0.00697896,-0.8906883,0.01368105,0.454355
-0.006896225,-0.8934155,0.01372294,0.4489687
-0.006727127,-0.8988634,0.01380662,0.4379598
-0.006640473,-0.9015902,0.0138485,0.4323183
-0.006552606,-0.9043111,0.0138903,0.4265978
-0.006463507,-0.9070248,0.01393198,0.4207971
-0.006373172,-0.9097301,0.01397353,0.4149159
-0.006281594,-0.9124258,0.01401494,0.4089539
-0.006094145,-0.9177982,0.01409746,0.3967502
-0.005998549,-0.9204636,0.0141384,0.3905266
-0.005901685,-0.9231137,0.01417911,0.3842203
-0.005803561,-0.9257467,0.01421955,0.3778321
-0.005704167,-0.9283615,0.01425971,0.3713612
-0.005501003,-0.9335438,0.01433932,0.3581344
-0.005397505,-0.9361009,0.01437859,0.3513963
-0.005292717,-0.9386335,0.01441749,0.3445742
-0.005186656,-0.9411396,0.01445599,0.3376692
-0.005079309,-0.9436178,0.01449406,0.3306805
-0.004860171,-0.9484969,0.014569,0.3164138
-0.004748661,-0.950888,0.01460573,0.3091541
-0.004635859,-0.9532443,0.01464192,0.3018103
-0.004521761,-0.9555644,0.01467756,0.2943821
-0.004406077,-0.9578522,0.0147127,0.2868506
-0.004170825,-0.962306,0.01478111,0.2715349
-0.004051249,-0.9644688,0.01481433,0.26375
-0.003930374,-0.9665865,0.01484686,0.2558805
-0.003808194,-0.9686573,0.01487867,0.2479262
-0.00368444,-0.9706838,0.01490979,0.2398693
-0.003433056,-0.9745822,0.01496967,0.2235033
-0.003305444,-0.9764503,0.01499837,0.2151953
-0.003176559,-0.9782618,0.01502619,0.2068044
-0.00304639,-0.980015,0.01505312,0.1983299
-0.002914925,-0.9817082,0.01507913,0.189771
-0.002647618,-0.9849128,0.01512835,0.1723683
-0.002544782,-0.9860611,0.01514599,0.1656733
-0.002473634,-0.9868281,0.01515777,0.1610413
-0.002433594,-0.9872501,0.01516425,0.1584346
-0.002433594,-0.9872501,0.01516425,0.1584346
-0.002433594,-0.9872501,0.01516425,0.1584346
-0.002433594,-0.9872501,0.01516425,0.1584346
-0.002433594,-0.9872501,0.01516425,0.1584346
-0.002433594,-0.9872501,0.01516425,0.1584346
-0.002433594,-0.9872501,0.01516425,0.1584346
-0.002433594,-0.9872501,0.01516425,0.1584346
-0.002433594,-0.9872501,0.01516425,0.1584346
-0.002433594,-0.9872501,0.01516425,0.1584346
-0.002433594,-0.9872501,0.01516425,0.1584346
-0.002433594,-0.9872501,0.01516425,0.1584346
-0.002433594,-0.9872501,0.01516425,0.1584346
-0.002433594,-0.9872501,0.01516425,0.1584346
-0.002434643,-0.9872391,0.01516408,0.1585028
-0.002436759,-0.987217,0.01516374,0.1586406
-0.002440218,-0.9871807,0.01516319,0.1588658
-0.002450288,-0.987075,0.01516156,0.1595214
-0.002456904,-0.9870053,0.01516049,0.1599521
-0.002464571,-0.9869243,0.01515925,0.1604513
-0.002473298,-0.9868317,0.01515783,0.1610194
-0.002483367,-0.9867246,0.01515618,0.161675
-0.00250666,-0.9864749,0.01515235,0.1631914
-0.002519879,-0.9863322,0.01515016,0.164052
-0.002534154,-0.9861771,0.01514777,0.1649814
-0.002549481,-0.9860097,0.0151452,0.1659793
-0.002566153,-0.9858264,0.01514239,0.1670647
-0.002602629,-0.985421,0.01513616,0.1694394
-0.002622427,-0.9851984,0.01513274,0.1707283
-0.002643286,-0.9849622,0.01512911,0.1720863
-0.002665185,-0.984712,0.01512527,0.173512
-0.002688428,-0.9844441,0.01512116,0.1750253
-0.002738039,-0.9838644,0.01511225,0.1782551
-0.002764408,-0.9835519,0.01510745,0.1799718
-0.002791815,-0.9832237,0.01510241,0.1817562
-0.00282026,-0.9828796,0.01509712,0.183608
-0.00285005,-0.9825153,0.01509153,0.1855474
-0.002912713,-0.9817361,0.01507956,0.1896271
-0.002945598,-0.9813201,0.01507317,0.191768
-0.002979524,-0.9808859,0.0150665,0.1939767
-0.003014477,-0.9804332,0.01505955,0.1962523
-0.003050755,-0.9799575,0.01505224,0.1986141
-0.003126383,-0.9789467,0.01503672,0.2035377
-0.003165731,-0.9784106,0.01502848,0.2060995
-0.003206098,-0.9778533,0.01501992,0.2087275
-0.003247488,-0.9772742,0.01501103,0.2114221
-0.003290193,-0.9766686,0.01500172,0.2142024
-0.003378657,-0.9753876,0.01498205,0.2199617
-0.003424402,-0.9747112,0.01497166,0.2229399
-0.003471154,-0.9740101,0.01496089,0.2259836
-0.003519205,-0.9732789,0.01494966,0.2291119
-0.003568269,-0.9725215,0.01493802,0.2323062
-0.003669358,-0.9709259,0.01491351,0.2388874
-0.003721394,-0.9700861,0.01490062,0.2422752
-0.003774719,-0.9692124,0.0148872,0.2457469
-0.003828723,-0.9683142,0.0148734,0.2492627
-0.003843019,-0.9680741,0.01486971,0.2501935
-0.003843019,-0.9680741,0.01486971,0.2501935
-0.003843019,-0.9680741,0.01486971,0.2501935
-0.003843019,-0.9680741,0.01486971,0.2501935
-0.003843019,-0.9680741,0.01486971,0.2501935
-0.003844074,-0.9680563,0.01486944,0.2502621
-0.003849284,-0.9679685,0.01486809,0.2506013
-0.003853439,-0.9678985,0.01486701,0.2508718
-0.003858622,-0.967811,0.01486567,0.2512092
-0.003865128,-0.9677009,0.01486398,0.2516328
-0.003865128,-0.9677009,0.01486398,0.2516328
-0.003865128,-0.9677009,0.01486398,0.2516328
-0.003865128,-0.9677009,0.01486398,0.2516328
-0.003865128,-0.9677009,0.01486398,0.2516328
-0.003865128,-0.9677009,0.01486398,0.2516328
-0.003865128,-0.9677009,0.01486398,0.2516328
-0.003865128,-0.9677009,0.01486398,0.2516328
-0.003865128,-0.9677009,0.01486398,0.2516328
-0.003865128,-0.9677009,0.01486398,0.2516328
-0.003865128,-0.9677009,0.01486398,0.2516328
-0.003865128,-0.9677009,0.01486398,0.2516328
-0.003865128,-0.9677009,0.01486398,0.2516328
-0.003865128,-0.9677009,0.01486398,0.2516328
-0.003865128,-0.9677009,0.01486398,0.2516328
-0.003865128,-0.9677009,0.01486398,0.2516328
-0.003865128,-0.9677009,0.01486398,0.2516328
-0.003865128,-0.9677009,0.01486398,0.2516328
-0.003865128,-0.9677009,0.01486398,0.2516328
-0.003865128,-0.9677009,0.01486398,0.2516328
-0.003865128,-0.9677009,0.01486398,0.2516328
-0.003865128,-0.9677009,0.01486398,0.2516328
-0.003865128,-0.9677009,0.01486398,0.2516328
-0.003865128,-0.9677009,0.01486398,0.2516328
-0.003865128,-0.9677009,0.01486398,0.2516328
-0.003865128,-0.9677009,0.01486398,0.2516328
-0.003865128,-0.9677009,0.01486398,0.2516328
-0.003865128,-0.9677009,0.01486398,0.2516328
-0.003865128,-0.9677009,0.01486398,0.2516328
-0.003865128,-0.9677009,0.01486398,0.2516328
-0.003865128,-0.9677009,0.01486398,0.2516328
-0.003865128,-0.9677009,0.01486398,0.2516328
-0.003865128,-0.9677009,0.01486398,0.2516328
-0.003865128,-0.9677009,0.01486398,0.2516328
-0.003865128,-0.9677009,0.01486398,0.2516328
-0.003865128,-0.9677009,0.01486398,0.2516328
-0.003865128,-0.9677009,0.01486398,0.2516328
-0.003865128,-0.9677009,0.01486398,0.2516328
-0.003865128,-0.9677009,0.01486398,0.2516328
-0.003865128,-0.9677009,0.01486398,0.2516328
-0.003865128,-0.9677009,0.01486398,0.2516328
-0.003865128,-0.9677009,0.01486398,0.2516328
-0.003865128,-0.9677009,0.01486398,0.2516328
-0.003865128,-0.9677009,0.01486398,0.2516328
-0.003865128,-0.9677009,0.01486398,0.2516328
-0.003865128,-0.9677009,0.01486398,0.2516328
-0.003865128,-0.9677009,0.01486398,0.2516328
-0.003865128,-0.9677009,0.01486398,0.2516328
-0.003865128,-0.9677009,0.01486398,0.2516328
-0.003865128,-0.9677009,0.01486398,0.2516328
-0.003865128,-0.9677009,0.01486398,0.2516328
-0.003865128,-0.9677009,0.01486398,0.2516328
-0.003865128,-0.9677009,0.01486398,0.2516328
-0.003865128,-0.9677009,0.01486398,0.2516328
-0.003865128,-0.9677009,0.01486398,0.2516328
-0.003865128,-0.9677009,0.01486398,0.2516328
-0.003865128,-0.9677009,0.01486398,0.2516328
-0.003865128,-0.9677009,0.01486398,0.2516328
-0.003865128,-0.9677009,0.01486398,0.2516328
-0.003865128,-0.9677009,0.01486398,0.2516328
-0.003865128,-0.9677009,0.01486398,0.2516328
-0.003865128,-0.9677009,0.01486398,0.2516328
-0.003865128,-0.9677009,0.01486398,0.2516328
-0.003865128,-0.9677009,0.01486398,0.2516328
-0.003865128,-0.9677009,0.01486398,0.2516328
-0.003865128,-0.9677009,0.01486398,0.2516328
-0.003865128,-0.9677009,0.01486398,0.2516328
-0.003865128,-0.9677009,0.01486398,0.2516328
-0.003865128,-0.9677009,0.01486398,0.2516328
-0.003865128,-0.9677009,0.01486398,0.2516328
-0.003865128,-0.9677009,0.01486398,0.2516328
-0.003865128,-0.9677009,0.01486398,0.2516328
-0.003865128,-0.9677009,0.01486398,0.2516328
-0.003865128,-0.9677009,0.01486398,0.2516328
-0.003865128,-0.9677009,0.01486398,0.2516328
-0.003865128,-0.9677009,0.01486398,0.2516328
-0.003865128,-0.9677009,0.01486398,0.2516328
-0.003865128,-0.9677009,0.01486398,0.2516328
-0.003865128,-0.9677009,0.01486398,0.2516328
-0.003865128,-0.9677009,0.01486398,0.2516328
-0.003865128,-0.9677009,0.01486398,0.2516328
-0.003865128,-0.9677009,0.01486398,0.2516328
-0.003865128,-0.9677009,0.01486398,0.2516328
-0.003863805,-0.9677234,0.01486433,0.2515467
-0.003861459,-0.9677631,0.01486494,0.2513939
-0.003858065,-0.9678203,0.01486582,0.251173
-0.003853644,-0.967895,0.01486696,0.2508852
-0.0038417,-0.9680963,0.01487005,0.2501076
-0.003833883,-0.9682276,0.01487207,0.2495986
-0.003825029,-0.968376,0.01487435,0.2490222
-0.003815157,-0.9685411,0.01487689,0.2483795
-0.003804239,-0.9687231,0.01487968,0.2476687
-0.003779296,-0.9691367,0.01488603,0.2460448
-0.003764965,-0.9693732,0.01488967,0.2451118
-0.003749604,-0.9696255,0.01489354,0.2441118
-0.003733211,-0.9698936,0.01489766,0.2430446
-0.003715778,-0.9701773,0.01490202,0.2419096
-0.003697299,-0.9704765,0.01490662,0.2407065
-0.003656644,-0.9711292,0.01491664,0.2380597
-0.003634743,-0.9714774,0.01492199,0.2366339
-0.003611817,-0.9718399,0.01492756,0.2351413
-0.003587833,-0.9722164,0.01493334,0.2335799
-0.003562794,-0.9726065,0.01493933,0.2319497
-0.003509037,-0.9734345,0.01495205,0.22845
-0.003480564,-0.9738677,0.01495871,0.2265963
-0.003451047,-0.9743128,0.01496554,0.2246746
-0.003420474,-0.9747697,0.01497256,0.2226842
-0.003356157,-0.9757168,0.01498711,0.2184969
-0.003322119,-0.9762104,0.01499469,0.2162809
-0.003287019,-0.9767139,0.01500242,0.2139958
-0.00325086,-0.9772267,0.0150103,0.2116417
-0.003213639,-0.9777483,0.01501831,0.2092185
-0.003175059,-0.9782825,0.01502652,0.2067067
-0.003094733,-0.9793727,0.01504326,0.2014772
-0.003052951,-0.9799285,0.0150518,0.1987571
-0.0030101,-0.9804902,0.01506043,0.1959673
-0.00296618,-0.9810573,0.01506914,0.1931079
-0.002921173,-0.9816296,0.01507793,0.1901778
-0.002827388,-0.9827928,0.0150958,0.1840721
-0.002778875,-0.9833791,0.0151048,0.1809137
-0.002729283,-0.9839676,0.01511384,0.1776851
-0.002678615,-0.9845576,0.0151229,0.1743864
-0.002574025,-0.9857394,0.01514106,0.1675772
-0.002519805,-0.9863329,0.01515017,0.1640473
-0.002464507,-0.9869249,0.01515927,0.1604472
-0.002408115,-0.9875148,0.01516833,0.1567759
-0.00235064,-0.9881016,0.01517734,0.153034
-0.00229207,-0.9886847,0.0151863,0.1492209
-0.002171075,-0.9898415,0.01520407,0.1413437
-0.002108942,-0.9904106,0.01521281,0.1372986
-0.002045726,-0.9909725,0.01522144,0.133183
-0.001981414,-0.9915262,0.01522995,0.1289961
-0.001915739,-0.9920731,0.01523835,0.1247203
-0.00178106,-0.993136,0.01525467,0.1159523
-0.001712068,-0.9936502,0.01526257,0.1114606
-0.001641989,-0.9941514,0.01527027,0.1068982
-0.001570809,-0.9946387,0.01527776,0.1022641
-0.001498534,-0.9951113,0.01528501,0.09755874
-0.001350114,-0.9960113,0.01529884,0.08789603
-0.001274253,-0.9964348,0.01530534,0.08295725
-0.001197299,-0.9968392,0.01531156,0.07794723
-0.001119244,-0.9972236,0.01531746,0.07286556
-0.001039799,-0.997588,0.01532306,0.06769338
-0.0008776326,-0.9982483,0.0153332,0.05713576
-0.0007949101,-0.998542,0.01533771,0.05175021
-0.0007111047,-0.9988098,0.01534182,0.04629417
-0.0006261874,-0.9990507,0.01534552,0.04076574
-0.0005399123,-0.9992641,0.0153488,0.03514891
-0.0003641073,-0.9996011,0.01535398,0.02370335
-0.0002745874,-0.9997223,0.01535584,0.01787528
-0.0001839869,-0.9998103,0.01535719,0.01197684
-9.23209E-05,-0.999864,0.01535802,0.006009048
4.218752E-07,-0.9998821,0.0153583,-2.885157E-05
0.0001896819,-0.9998058,0.01535712,-0.01235038
0.000285911,-0.9997088,0.01535563,-0.01861525
0.0003831951,-0.9995708,0.01535351,-0.02494881
0.000481529,-0.9993905,0.01535075,-0.03135071
0.0005812148,-0.9991658,0.01534729,-0.03784063
0.0007837046,-0.9985794,0.01533829,-0.05102346
0.0008864927,-0.998215,0.01533269,-0.05771535
0.0009903078,-0.9978012,0.01532634,-0.0644741
0.001095137,-0.9973368,0.0153192,-0.07129887
0.001201279,-0.9968187,0.01531124,-0.07820914
0.00141655,-0.9956199,0.01529283,-0.09222406
0.001525685,-0.9949362,0.01528233,-0.09932914
0.001635805,-0.9941943,0.01527093,-0.1064983
0.001747199,-0.9933907,0.01525859,-0.1137505
0.001859563,-0.9925258,0.01524531,-0.1210658
0.002087146,-0.990606,0.01521582,-0.1358823
0.002202351,-0.9895481,0.01519957,-0.1433826
0.002318475,-0.9884232,0.01518229,-0.1509427
0.002435537,-0.9872293,0.01516395,-0.1585639
0.002553772,-0.9859622,0.01514449,-0.1662614
0.00279295,-0.9832096,0.01510221,-0.1818328
0.002913853,-0.9817213,0.01507935,-0.189704
0.003035614,-0.9801561,0.01505531,-0.1976311
0.003158218,-0.9785129,0.01503007,-0.205613
0.003281949,-0.9767855,0.01500354,-0.2136684
0.00353183,-0.9730844,0.01494669,-0.2299366
0.003657972,-0.9711072,0.01491632,-0.2381489
0.003752968,-0.9695697,0.0148927,-0.2443335
0.003816861,-0.9685119,0.01487645,-0.2484931
0.003841506,-0.9680988,0.01487011,-0.2500976
0.003841506,-0.9680988,0.01487011,-0.2500977
0.003841506,-0.9680988,0.01487011,-0.2500977
0.003841506,-0.9680988,0.01487011,-0.2500977
0.003841506,-0.9680988,0.01487011,-0.2500977
0.003841506,-0.9680988,0.01487011,-0.2500977
0.003841506,-0.9680988,0.01487011,-0.2500977
0.003841506,-0.9680988,0.01487011,-0.2500977
0.003841506,-0.9680988,0.01487011,-0.2500977
0.003841506,-0.9680988,0.01487011,-0.2500977
0.003841506,-0.9680988,0.01487011,-0.2500977
0.003841506,-0.9680988,0.01487011,-0.2500977
0.003841506,-0.9680988,0.01487011,-0.2500977
0.003841506,-0.9680988,0.01487011,-0.2500977
0.003841506,-0.9680988,0.01487011,-0.2500977
0.003841506,-0.9680988,0.01487011,-0.2500977
0.003841506,-0.9680988,0.01487011,-0.2500977
0.003841506,-0.9680988,0.01487011,-0.2500977
0.003841506,-0.9680988,0.01487011,-0.2500977
0.003841506,-0.9680988,0.01487011,-0.2500977
0.003841506,-0.9680988,0.01487011,-0.2500977
0.003841506,-0.9680988,0.01487011,-0.2500977
0.003841506,-0.9680988,0.01487011,-0.2500977
0.003842536,-0.9680815,0.01486984,-0.2501647
0.003844899,-0.9680417,0.01486923,-0.2503185
0.003848291,-0.9679846,0.01486835,-0.2505394
0.003858155,-0.9678181,0.0148658,-0.2511816
0.003864638,-0.9677085,0.01486411,-0.2516037
0.003872155,-0.9675812,0.01486216,-0.252093
0.003880967,-0.9674315,0.01485986,-0.2526667
0.003890819,-0.9672638,0.01485728,-0.2533081
0.003913646,-0.9668734,0.01485129,-0.2547942
0.003926604,-0.9666506,0.01484786,-0.2556379
0.003940591,-0.9664094,0.01484416,-0.2565484
0.003955897,-0.9661443,0.01484009,-0.2575449
0.003972206,-0.9658605,0.01483573,-0.2586067
0.004007945,-0.9652346,0.01482611,-0.2609335
0.004027343,-0.9648923,0.01482086,-0.2621964
0.004047766,-0.9645301,0.01481529,-0.263526
0.0040695,-0.9641423,0.01480934,-0.2649409
0.004092264,-0.9637339,0.01480306,-0.2664229
0.004140823,-0.9628543,0.01478955,-0.2695843
0.004166624,-0.9623825,0.0147823,-0.271264
0.004193729,-0.9618834,0.01477464,-0.2730286
0.004221853,-0.9613618,0.01476663,-0.2748597
0.004250983,-0.9608175,0.01475827,-0.2767561
0.00431226,-0.9596593,0.01474048,-0.2807454
0.004344404,-0.9590447,0.01473104,-0.2828382
0.004377835,-0.9584001,0.01472114,-0.2850146
0.00441227,-0.9577306,0.01471085,-0.2872564
0.004447701,-0.9570357,0.01470018,-0.2895631
0.00452153,-0.9555683,0.01467764,-0.2943697
0.004560217,-0.9547887,0.01466567,-0.2968884
0.004599892,-0.9539816,0.01465327,-0.2994714
0.004640551,-0.9531467,0.01464044,-0.3021185
0.004682186,-0.9522833,0.01462718,-0.304829
0.004768388,-0.9504685,0.01459931,-0.3104411
0.004812953,-0.949516,0.01458468,-0.3133424
0.004858773,-0.9485264,0.01456948,-0.3163254
0.004905547,-0.9475054,0.01455379,-0.3193706
0.004953287,-0.9464521,0.01453761,-0.3224787
0.005051611,-0.9442469,0.01450374,-0.3288799
0.0051022,-0.9430933,0.01448602,-0.3321734
0.005154017,-0.9418983,0.01446767,-0.3355469
0.00520678,-0.9406675,0.01444876,-0.338982
0.005260465,-0.9394007,0.0144293,-0.3424771
0.005370611,-0.9367553,0.01438867,-0.349648
0.005427066,-0.9353752,0.01436747,-0.3533235
0.005484697,-0.9339492,0.01434557,-0.3570755
0.005543251,-0.9324829,0.01432305,-0.3608875
0.005602706,-0.9309756,0.01429989,-0.3647583
0.005724292,-0.9278353,0.01425166,-0.3726739
0.005786422,-0.9262003,0.01422655,-0.3767188
0.005849699,-0.9245141,0.01420065,-0.3808385
0.00591384,-0.9227829,0.01417405,-0.3850142
0.005978846,-0.9210057,0.01414676,-0.3892463
0.006044707,-0.9191818,0.01411874,-0.3935342
0.006179236,-0.9153824,0.01406038,-0.4022925
0.006247868,-0.9134057,0.01403002,-0.4067607
0.006285517,-0.9123102,0.01401319,-0.4092118
0.006293172,-0.9120865,0.01400976,-0.4097101
0.006247097,-0.913428,0.01403036,-0.4067105
0.006222295,-0.9141453,0.01404138,-0.4050958
0.006196515,-0.9148872,0.01405277,-0.4034174
0.006169742,-0.9156538,0.01406455,-0.4016743
0.006141943,-0.9164456,0.01407671,-0.3998645
0.006083351,-0.9181006,0.01410213,-0.39605
0.006052258,-0.918971,0.0141155,-0.3940257
0.006020165,-0.9198642,0.01412922,-0.3919363
0.005987068,-0.9207793,0.01414328,-0.3897816
0.005952942,-0.9217166,0.01415767,-0.3875598
0.005881635,-0.9236549,0.01418745,-0.3829175
0.005844159,-0.9246626,0.01420293,-0.3804777
0.005805651,-0.9256902,0.01421871,-0.3779707
0.005766117,-0.926737,0.01423479,-0.3753968
0.00572555,-0.9278024,0.01425115,-0.3727558
0.005683938,-0.9288863,0.0142678,-0.3700467
0.005597051,-0.9311197,0.01430211,-0.3643901
0.005552032,-0.9322615,0.01431965,-0.3614591
0.005505966,-0.9334188,0.01433742,-0.3584601
0.005458849,-0.934591,0.01435543,-0.3553927
0.005361456,-0.9369775,0.01439208,-0.349052
0.005310888,-0.9381974,0.01441082,-0.3457599
0.005259239,-0.9394298,0.01442975,-0.3423973
0.005206523,-0.9406735,0.01444885,-0.3389653
0.005152732,-0.9419281,0.01446812,-0.3354633
0.005097862,-0.9431927,0.01448755,-0.3318911
0.004984336,-0.945761,0.014527,-0.3245001
0.004925935,-0.9470571,0.0145469,-0.320698
0.004866451,-0.9483596,0.01456691,-0.3168254
0.004805862,-0.9496683,0.01458701,-0.3128808
0.004744175,-0.9509819,0.01460719,-0.3088648
0.004616924,-0.9536329,0.01464791,-0.3005803
0.00455164,-0.9549621,0.01466833,-0.29633
0.004485245,-0.9562927,0.01468876,-0.2920075
0.00441773,-0.9576239,0.01470921,-0.287612
0.004349101,-0.9589545,0.01472965,-0.283144
0.004207908,-0.9616209,0.01477061,-0.2739518
0.004135626,-0.962949,0.01479101,-0.269246
0.004062213,-0.9642726,0.01481134,-0.2644666
0.003987678,-0.9655903,0.01483158,-0.2596141
0.003912012,-0.9669013,0.01485171,-0.2546879
0.003756681,-0.9695086,0.01489176,-0.2445752
0.003677306,-0.9707977,0.01491156,-0.2394077
0.00359679,-0.9720753,0.01493119,-0.2341658
0.003515141,-0.9733405,0.01495062,-0.2288501
0.003348393,-0.9758292,0.01498885,-0.2179942
0.003263016,-0.9770544,0.01500766,-0.2124358
0.003176473,-0.9782624,0.01502622,-0.2068016
0.003088786,-0.9794518,0.01504449,-0.2010928
0.00299994,-0.9806216,0.01506246,-0.1953086
0.002909658,-0.981774,0.01508016,-0.1894309
0.002725611,-0.9840103,0.01511451,-0.1774487
0.002631859,-0.9850913,0.01513111,-0.1713452
0.00253697,-0.986146,0.01514731,-0.1651676
0.002440916,-0.987173,0.01516309,-0.1589141
0.002343409,-0.988174,0.01517846,-0.152566
0.00214494,-0.9900826,0.01520778,-0.139645
0.002043986,-0.9909874,0.01522168,-0.1330724
0.001941877,-0.9918573,0.01523504,-0.1264248
0.001838627,-0.992691,0.01524784,-0.1197029
0.001733932,-0.9934891,0.0152601,-0.1128868
0.001521142,-0.9949656,0.01528278,-0.09903341
0.001413025,-0.9956411,0.01529315,-0.09199458
0.001303773,-0.9962726,0.01530285,-0.08488183
0.001193396,-0.9968588,0.01531186,-0.07769591
0.001081896,-0.997398,0.01532014,-0.07043681
0.0008549524,-0.9983315,0.01533448,-0.05566197
0.0007397872,-0.9987214,0.01534047,-0.04816428
0.0006235258,-0.9990577,0.01534563,-0.04059523
0.00050617,-0.9993389,0.01534995,-0.03295493
0.0003874172,-0.9995639,0.01535341,-0.02522368
0.0001466327,-0.9998365,0.01535759,-0.009547709
2.46206E-05,-0.9998809,0.01535828,-0.001604271
-9.845067E-05,-0.9998616,0.01535798,0.006408126
-0.0001893862,-0.9998061,0.01535713,0.01232837
-0.0002484331,-0.9997513,0.01535629,0.01617254
-0.0002663768,-0.9997318,0.01535598,0.01734074
-0.0002663768,-0.9997318,0.01535598,0.01734074
-0.0002663768,-0.9997318,0.01535598,0.01734074
-0.0002663768,-0.9997318,0.01535598,0.01734074
-0.0002663768,-0.9997318,0.01535598,0.01734074
-0.0002663768,-0.9997318,0.01535598,0.01734074
-0.0002663768,-0.9997318,0.01535598,0.01734074
-0.0002663768,-0.9997318,0.01535598,0.01734074
-0.0002663768,-0.9997318,0.01535598,0.01734074
-0.0002663768,-0.9997318,0.01535598,0.01734074
-0.0002663768,-0.9997318,0.01535598,0.01734074
-0.0002663768,-0.9997318,0.01535598,0.01734074
-0.0002663768,-0.9997318,0.01535598,0.01734074
-0.0002663768,-0.9997318,0.01535598,0.01734074
-0.0002663768,-0.9997318,0.01535598,0.01734074
-0.0002663768,-0.9997318,0.01535598,0.01734074
-0.0002663768,-0.9997318,0.01535598,0.01734074
-0.0002663768,-0.9997318,0.01535598,0.01734074
-0.0002663768,-0.9997318,0.01535598,0.01734074
-0.0002663768,-0.9997318,0.01535598,0.01734074
-0.0002663768,-0.9997318,0.01535598,0.01734074
-0.0002663768,-0.9997318,0.01535598,0.01734074
-0.0002663768,-0.9997318,0.01535598,0.01734074
-0.0002663768,-0.9997318,0.01535598,0.01734074
-0.0002663768,-0.9997318,0.01535598,0.01734074
-0.0002663768,-0.9997318,0.01535598,0.01734074
-0.0002663768,-0.9997318,0.01535598,0.01734074
-0.0002663768,-0.9997318,0.01535598,0.01734074
-0.0002663768,-0.9997318,0.01535598,0.01734074
-0.0002663768,-0.9997318,0.01535598,0.01734074
-0.0002663768,-0.9997318,0.01535598,0.01734074
-0.0002663768,-0.9997318,0.01535598,0.01734074
-0.0002663768,-0.9997318,0.01535598,0.01734074
-0.0002663768,-0.9997318,0.01535598,0.01734074
-0.0002663768,-0.9997318,0.01535598,0.01734074
-0.0002663768,-0.9997318,0.01535598,0.01734074
-0.0002663768,-0.9997318,0.01535598,0.01734074
-0.0002663768,-0.9997318,0.01535598,0.01734074
-0.0002663768,-0.9997318,0.01535598,0.01734074
-0.0002663768,-0.9997318,0.01535598,0.01734074
-0.0002663768,-0.9997318,0.01535598,0.01734074
-0.0002663768,-0.9997318,0.01535598,0.01734074
-0.0002663768,-0.9997318,0.01535598,0.01734074
-0.0002663768,-0.9997318,0.01535598,0.01734074
-0.0002663768,-0.9997318,0.01535598,0.01734074
-0.0002631752,-0.9997354,0.01535604,0.01713231
-0.0002599724,-0.9997388,0.01535609,0.01692379
-0.0002557121,-0.9997435,0.01535617,0.01664643
-0.0002503781,-0.9997492,0.01535625,0.01629917
-0.000243676,-0.9997562,0.01535636,0.01586284
-0.0002270928,-0.9997728,0.01535662,0.01478321
-0.0002171945,-0.9997821,0.01535676,0.01413879
-0.0002059327,-0.9997922,0.01535691,0.01340561
-0.000193905,-0.9998024,0.01535707,0.01262256
-0.0001805047,-0.999813,0.01535723,0.01175015
-0.0001505239,-0.9998341,0.01535756,0.009798287
-0.0001339319,-0.9998441,0.01535771,0.008718085
-0.0001162729,-0.9998534,0.01535785,0.007568418
-9.724079E-05,-0.9998621,0.01535799,0.006329359
-7.713923E-05,-0.9998695,0.0153581,0.005020672
-3.3747E-05,-0.9998797,0.01535826,0.002195677
-1.044963E-05,-0.9998819,0.01535829,0.000678931
1.391315E-05,-0.9998817,0.01535829,-0.0009071765
3.934556E-05,-0.9998788,0.01535824,-0.002562921
6.615315E-05,-0.9998728,0.01535815,-0.004308195
0.0001229537,-0.99985,0.0153578,-0.008006123
0.0001529465,-0.9998325,0.01535753,-0.009958767
0.0001840193,-0.9998102,0.01535719,-0.01198172
0.0002164478,-0.9997827,0.01535677,-0.01409294
0.000249949,-0.9997497,0.01535626,-0.01627399
0.0003201185,-0.9996648,0.01535496,-0.02084228
0.0003568072,-0.9996122,0.01535415,-0.02323086
0.0003948431,-0.9995515,0.01535322,-0.02570714
0.0004339517,-0.9994829,0.01535216,-0.02825325
0.0004741334,-0.9994054,0.01535097,-0.03086923
0.0005576793,-0.9992226,0.01534817,-0.03630837
0.0006010434,-0.9991161,0.01534653,-0.03913154
0.0006457445,-0.9989979,0.01534471,-0.04204174
0.0006915359,-0.9988679,0.01534272,-0.04502293
0.000738384,-0.9987258,0.01534054,-0.04807292
0.0008352466,-0.9984022,0.01533557,-0.05437903
0.0008852671,-0.9982196,0.01533276,-0.05763555
0.0009366483,-0.9980208,0.01532971,-0.06098066
0.000989056,-0.9978065,0.01532642,-0.06439259
0.00104254,-0.9975757,0.01532287,-0.06787459
0.001152653,-0.9970621,0.01531498,-0.07504334
0.001209278,-0.9967777,0.01531061,-0.07872984
0.001267259,-0.9964724,0.01530592,-0.08250464
0.001326285,-0.9961467,0.01530092,-0.08634742
0.001386332,-0.9958001,0.0152956,-0.09025671
0.001509581,-0.9950402,0.01528393,-0.09828066
0.001572764,-0.9946254,0.01527756,-0.1023941
0.00163698,-0.9941861,0.01527081,-0.1065748
0.00170253,-0.9937193,0.01526364,-0.1108424
0.001769101,-0.9932263,0.01525607,-0.1151764
0.001905319,-0.9921578,0.01523965,-0.1240447
0.001974954,-0.9915805,0.01523079,-0.1285782
0.002045906,-0.9909706,0.01522142,-0.1331974
0.002117883,-0.9903294,0.01521157,-0.1378834
0.002190856,-0.9896563,0.01520123,-0.1426342
0.002339819,-0.98821,0.01517902,-0.1523322
0.002415794,-0.9874349,0.01516711,-0.1572785
0.002492764,-0.9866237,0.01515465,-0.1622895
0.002571014,-0.9857722,0.01514157,-0.1673839
0.002650248,-0.9848824,0.0151279,-0.1725423
0.002811641,-0.9829837,0.01509874,-0.1830496
0.002893794,-0.9819727,0.01508321,-0.1883981
0.002977192,-0.9809154,0.01506697,-0.1938276
0.003061545,-0.9798143,0.01505006,-0.1993193
0.003146845,-0.9786682,0.01503245,-0.2048726
0.003320264,-0.9762366,0.0149951,-0.2161628
0.003408371,-0.9749488,0.01497532,-0.2218989
0.003497671,-0.9736072,0.01495472,-0.2277127
0.003587908,-0.9722145,0.01493332,-0.2335875
0.003679053,-0.9707696,0.01491113,-0.2395213
0.003864011,-0.9677191,0.01486428,-0.2515628
0.003958107,-0.9661059,0.0148395,-0.2576888
0.004053069,-0.9644356,0.01481384,-0.2638711
0.004148882,-0.9627073,0.01478729,-0.270109
0.004245541,-0.9609194,0.01475983,-0.2764018
0.004441403,-0.9571597,0.01470208,-0.2891531
0.004540574,-0.9551855,0.01467176,-0.2956095
0.004640847,-0.9531406,0.01464035,-0.3021376
0.004741912,-0.9510299,0.01460793,-0.3087173
0.004843751,-0.9488521,0.01457448,-0.3153474
0.005049761,-0.9442888,0.01450439,-0.3287594
0.005154176,-0.9418947,0.01446761,-0.3355573
0.005259332,-0.9394276,0.01442972,-0.3424033
0.005365205,-0.9368866,0.01439069,-0.349296
0.005471783,-0.9342704,0.0143505,-0.3562346
0.005686999,-0.9288067,0.01426658,-0.370246
0.005795893,-0.9259493,0.01422269,-0.3773354
0.005905434,-0.923011,0.01417756,-0.3844669
0.006015588,-0.9199911,0.01413117,-0.3916383
0.006126365,-0.9168875,0.0140835,-0.3988503
0.006349691,-0.9104248,0.01398423,-0.4133896
0.006462491,-0.9070544,0.01393246,-0.4207333
0.006575836,-0.9035949,0.01387932,-0.4281125
0.006689705,-0.9000453,0.0138248,-0.4355258
0.006804074,-0.896404,0.01376887,-0.4429716
0.006946017,-0.891778,0.01369781,-0.4522126
0.006965882,-0.891121,0.01368772,-0.4535059
0.006965882,-0.891121,0.01368772,-0.4535059
0.006965882,-0.891121,0.01368772,-0.4535059
0.006965882,-0.891121,0.01368772,-0.4535059
0.006965882,-0.891121,0.01368772,-0.4535059
0.006965882,-0.891121,0.01368772,-0.4535059
0.006965882,-0.891121,0.01368772,-0.4535059
0.006965882,-0.891121,0.01368772,-0.4535059
0.006965882,-0.891121,0.01368772,-0.4535059
0.006965882,-0.891121,0.01368772,-0.4535059
0.006965882,-0.891121,0.01368772,-0.4535059
0.006965882,-0.891121,0.01368772,-0.4535059
0.006965882,-0.891121,0.01368772,-0.4535059
0.006965882,-0.891121,0.01368772,-0.4535059
0.006965882,-0.891121,0.01368772,-0.4535059
0.006965882,-0.891121,0.01368772,-0.4535059
0.006965882,-0.891121,0.01368772,-0.4535059
0.006965882,-0.891121,0.01368772,-0.4535059
0.006965882,-0.891121,0.01368772,-0.4535059
0.006965882,-0.891121,0.01368772,-0.4535059
0.006965882,-0.891121,0.01368772,-0.4535059
0.006965882,-0.891121,0.01368772,-0.4535059
0.006965882,-0.891121,0.01368772,-0.4535059
0.006965882,-0.891121,0.01368772,-0.4535059
0.006965882,-0.891121,0.01368772,-0.4535059
0.006965882,-0.891121,0.01368772,-0.4535059
0.006964935,-0.8911523,0.0136882,-0.4534443
0.00696304,-0.8912151,0.01368917,-0.4533209
0.00696019,-0.8913095,0.01369062,-0.4531353
0.006956388,-0.8914353,0.01369255,-0.4528878
0.006945414,-0.8917978,0.01369812,-0.4521733
0.006938491,-0.8920262,0.01370163,-0.4517226
0.006930615,-0.8922858,0.01370561,-0.4512099
0.006921778,-0.8925763,0.01371008,-0.4506345
0.006911996,-0.8928977,0.01371501,-0.4499977
0.006889005,-0.8936505,0.01372657,-0.4485009
0.006876071,-0.8940727,0.01373306,-0.4476588
0.006862178,-0.8945249,0.01374,-0.4467544
0.006847322,-0.8950073,0.01374741,-0.4457871
0.006831511,-0.8955193,0.01375528,-0.4447578
0.006796469,-0.8966485,0.01377262,-0.4424765
0.006777487,-0.8972574,0.01378198,-0.4412407
0.006757535,-0.897895,0.01379177,-0.4399417
0.0067366,-0.8985615,0.01380201,-0.4385788
0.006714426,-0.8992647,0.01381281,-0.4371351
0.006667133,-0.9007549,0.0138357,-0.4340563
0.006642019,-0.901541,0.01384777,-0.4324212
0.006615923,-0.9023539,0.01386026,-0.4307223
0.006588838,-0.9031935,0.01387316,-0.4289589
0.006560493,-0.9040676,0.01388658,-0.4271135
0.006500823,-0.9058927,0.01391461,-0.4232288
0.006469495,-0.9068428,0.01392921,-0.4211892
0.006437161,-0.9078175,0.01394418,-0.4190842
0.006403818,-0.9088165,0.01395952,-0.4169134
0.006369203,-0.9098469,0.01397535,-0.4146599
0.006296953,-0.9119759,0.01400805,-0.4099561
0.006259296,-0.9130741,0.01402492,-0.4075045
0.006220615,-0.9141938,0.01404212,-0.4049862
0.006180915,-0.9153344,0.01405964,-0.4024016
0.006139932,-0.9165028,0.01407759,-0.3997335
0.006054834,-0.9188992,0.0141144,-0.3941933
0.006010722,-0.9201259,0.01413324,-0.3913215
0.005965567,-0.9213707,0.01415236,-0.3883816
0.005919375,-0.9226325,0.01417174,-0.3853743
0.005872111,-0.9239117,0.01419139,-0.3822973
0.005773899,-0.9265317,0.01423163,-0.3759033
0.005723204,-0.9278638,0.01425209,-0.3726029
0.005671446,-0.9292098,0.01427277,-0.3692333
0.005618622,-0.930569,0.01429364,-0.3657942
0.005564453,-0.9319476,0.01431482,-0.3622676
0.00548436,-0.9339578,0.0143457,-0.3570533
0.005490315,-0.9338094,0.01434342,-0.3574409
0.005497267,-0.9336361,0.01434075,-0.3578936
0.005505214,-0.9334376,0.0143377,-0.358411
0.005514438,-0.9332067,0.01433416,-0.3590115
0.005535871,-0.9326688,0.0143259,-0.3604068
0.005548074,-0.9323614,0.01432117,-0.3612013
0.005561264,-0.9320283,0.01431606,-0.3620599
0.005575451,-0.931669,0.01431054,-0.3629836
0.005590898,-0.9312766,0.01430451,-0.3639892
0.005624746,-0.9304122,0.01429123,-0.3661929
0.005643152,-0.9299397,0.01428398,-0.3673912
0.005662532,-0.9294403,0.01427631,-0.3686529
0.005682903,-0.9289131,0.01426821,-0.3699791
0.005704506,-0.9283517,0.01425958,-0.3713856
0.005750686,-0.9271433,0.01424102,-0.374392
0.005775228,-0.9264965,0.01423109,-0.3759898
0.005800739,-0.9258208,0.01422071,-0.3776506
0.005827222,-0.9251156,0.01420988,-0.3793748
0.00585495,-0.9243733,0.01419847,-0.38118
0.005913286,-0.922798,0.01417428,-0.3849779
0.005943897,-0.9219641,0.01416147,-0.3869708
0.00597546,-0.9210989,0.01414818,-0.3890256
0.006007977,-0.9202018,0.0141344,-0.3911426
0.006041725,-0.9192649,0.01412001,-0.3933398
0.00611203,-0.9172929,0.01408972,-0.3979169
0.006148603,-0.9162564,0.0140738,-0.4002979
0.006186101,-0.915186,0.01405735,-0.4027391
0.006224811,-0.9140728,0.01404026,-0.4052593
0.00626445,-0.9129243,0.01402261,-0.4078399
0.006346484,-0.9105195,0.01398568,-0.4131806
0.006388881,-0.909262,0.01396636,-0.4159408
0.006432185,-0.907967,0.01394647,-0.4187601
0.006476664,-0.9066259,0.01392587,-0.4216559
0.006522045,-0.9052459,0.01390467,-0.4246103
0.006615476,-0.9023678,0.01386047,-0.4306931
0.006663529,-0.900868,0.01383743,-0.4338215
0.006712461,-0.899327,0.01381376,-0.4370071
0.006762528,-0.8977357,0.01378931,-0.4402667
0.006813469,-0.8961016,0.01376421,-0.4435831
0.006917934,-0.8927028,0.01371201,-0.4503842
0.006971438,-0.8909369,0.01368488,-0.4538675
0.007025778,-0.8891258,0.01365706,-0.4574052
0.007081224,-0.8872594,0.0136284,-0.461015
0.007137505,-0.8853459,0.01359901,-0.4646791
0.007252499,-0.8813761,0.01353803,-0.4721656
0.007311215,-0.8793175,0.01350641,-0.4759882
0.007370749,-0.8772084,0.01347401,-0.4798641
0.007431056,-0.8750492,0.01344085,-0.4837903
0.007492408,-0.8728288,0.01340674,-0.4877846
0.007617406,-0.868231,0.01333612,-0.4959224
0.007681035,-0.8658518,0.01329958,-0.5000649
0.007745421,-0.8634173,0.01326218,-0.5042567
0.0078108,-0.8609173,0.01322378,-0.5085131
0.007876901,-0.8583609,0.01318452,-0.5128165
0.008011233,-0.8530751,0.01310333,-0.521562
0.008079447,-0.8503441,0.01306138,-0.526003
0.008148348,-0.8475529,0.0130185,-0.5304887
0.008218181,-0.8446903,0.01297453,-0.5350351
0.00828866,-0.8417664,0.01292962,-0.5396235
0.008431565,-0.8357291,0.01283689,-0.5489272
0.008503967,-0.8326139,0.01278904,-0.5536408
0.008577233,-0.8294225,0.01274002,-0.5584108
0.008651087,-0.826165,0.01268999,-0.563219
0.008725534,-0.8228399,0.01263891,-0.5680658
0.00887614,-0.8159837,0.0125336,-0.5778708
0.008952266,-0.8124513,0.01247934,-0.5828268
0.009028924,-0.8088478,0.01242399,-0.5878175
0.009106336,-0.8051611,0.01236736,-0.5928574
0.009184254,-0.8014011,0.01230961,-0.5979301
0.009341537,-0.7936584,0.01219068,-0.6081698
0.009420861,-0.7896743,0.01212949,-0.6133341
0.00950063,-0.7856132,0.01206711,-0.6185273
0.009581032,-0.7814636,0.01200337,-0.6237618
0.009661851,-0.7772347,0.01193841,-0.6290234
0.009824621,-0.7685376,0.01180482,-0.6396204
0.009906542,-0.7640674,0.01173616,-0.6449537
0.009988789,-0.7595152,0.01166624,-0.6503083
0.01007157,-0.7548673,0.01159484,-0.6556978
0.01015465,-0.7501348,0.01152215,-0.6611066
0.01032159,-0.7404147,0.01137285,-0.6719748
0.01040542,-0.7354246,0.01129621,-0.6774325
0.01048968,-0.7303336,0.01121801,-0.6829181
0.01057413,-0.7251536,0.01113844,-0.6884159
0.01065874,-0.719884,0.0110575,-0.6939244
0.01082837,-0.709073,0.01089144,-0.7049678
0.01091334,-0.7035299,0.0108063,-0.7104998
0.0109986,-0.6978796,0.01071951,-0.7160504
0.0110839,-0.6921355,0.01063128,-0.7216043
0.01116923,-0.6862969,0.0105416,-0.7271594
0.01133985,-0.6743333,0.01035784,-0.7382674
0.0114251,-0.668206,0.01026372,-0.7438177
0.01151048,-0.6619663,0.01016788,-0.7493762
0.01157401,-0.6572546,0.01009551,-0.7535121
0.01161646,-0.6540731,0.01004664,-0.7562754
0.01163772,-0.6524693,0.010022,-0.7576595
0.01163772,-0.6524693,0.010022,-0.7576595
0.01163772,-0.6524693,0.010022,-0.7576595
0.01163772,-0.6524693,0.010022,-0.7576595
0.01163772,-0.6524693,0.010022,-0.7576595
0.01163772,-0.6524693,0.010022,-0.7576595
0.01163772,-0.6524693,0.010022,-0.7576595
0.01163772,-0.6524693,0.010022,-0.7576595
0.01163772,-0.6524693,0.010022,-0.7576595
0.01163772,-0.6524693,0.010022,-0.7576595
0.01163772,-0.6524693,0.010022,-0.7576595
0.01163772,-0.6524693,0.010022,-0.7576595
0.01163772,-0.6524693,0.010022,-0.7576595
0.01163772,-0.6524693,0.010022,-0.7576595
0.01163772,-0.6524693,0.010022,-0.7576595
0.01163772,-0.6524693,0.010022,-0.7576595
0.01163772,-0.6524693,0.010022,-0.7576595
0.01163772,-0.6524693,0.010022,-0.7576595
0.01163772,-0.6524693,0.010022,-0.7576595
0.01163772,-0.6524693,0.010022,-0.7576595
0.01163772,-0.6524693,0.010022,-0.7576595
0.01163772,-0.6524693,0.010022,-0.7576595
0.01163772,-0.6524693,0.010022,-0.7576595
0.01163772,-0.6524693,0.010022,-0.7576595
0.01163772,-0.6524693,0.010022,-0.7576595
0.01163772,-0.6524693,0.010022,-0.7576595
0.01163772,-0.6524693,0.010022,-0.7576595
0.01163772,-0.6524693,0.010022,-0.7576595
0.01163772,-0.6524693,0.010022,-0.7576595
0.01163772,-0.6524693,0.010022,-0.7576595
0.01163772,-0.6524693,0.010022,-0.7576595
0.01163772,-0.6524693,0.010022,-0.7576595
0.01163772,-0.6524693,0.010022,-0.7576595
0.01163772,-0.6524693,0.010022,-0.7576595
0.01163842,-0.6524161,0.01002119,-0.7577053
0.01163982,-0.6523101,0.01001956,-0.7577966
0.0116449,-0.6519256,0.01001365,-0.7581275
0.01164859,-0.6516466,0.01000937,-0.7583672
0.01165296,-0.6513153,0.01000428,-0.7586518
0.01165801,-0.6509317,0.009998386,-0.758981
0.01167022,-0.6500041,0.009984137,-0.7597755
0.01167755,-0.6494458,0.009975562,-0.7602528
0.01168557,-0.6488344,0.00996617,-0.7607747
0.01169426,-0.64817,0.009955965,-0.7613409
0.01170364,-0.6474522,0.009944939,-0.7619513
0.01172444,-0.6458555,0.009920415,-0.7633051
0.01173605,-0.6449614,0.00990668,-0.7640609
0.01174831,-0.6440139,0.009892128,-0.7648596
0.01176128,-0.6430105,0.009876716,-0.7657034
0.01177488,-0.6419541,0.00986049,-0.7665893
0.01180408,-0.6396776,0.009825522,-0.76849
0.01181985,-0.6384416,0.009806536,-0.7695171
0.01183628,-0.6371508,0.009786709,-0.7705862
0.01185334,-0.6358044,0.009766029,-0.7716975
0.01187105,-0.6344024,0.009744494,-0.7728505
0.0118894,-0.632945,0.009722108,-0.7740445
0.01192836,-0.6298301,0.009674263,-0.776581
0.01194877,-0.6281881,0.009649042,-0.7779099
0.01196979,-0.6264895,0.009622951,-0.7792786
0.01199143,-0.6247334,0.009595977,-0.7806871
0.0120365,-0.6210486,0.009539378,-0.7836216
0.01206013,-0.6191032,0.009509496,-0.7851595
0.01208433,-0.6170996,0.009478721,-0.7867352
0.01210911,-0.6150374,0.009447046,-0.7883484
0.01213446,-0.6129156,0.009414455,-0.7899991
0.01216056,-0.6107194,0.009380721,-0.7916982
0.01221442,-0.6061469,0.009310486,-0.7952045
0.01224216,-0.6037702,0.00927398,-0.7970105
0.01227043,-0.6013328,0.009236542,-0.7988511
0.01229859,-0.5988898,0.009199017,-0.8006842
0.01232663,-0.5964411,0.009161406,-0.8025099
0.01238237,-0.5915273,0.009085929,-0.8061388
0.01239075,-0.5907826,0.009074491,-0.8066847
0.0123795,-0.5917814,0.009089832,-0.8059523
0.0123676,-0.5928351,0.009106018,-0.8051775
0.01235489,-0.5939577,0.00912326,-0.8043498
0.01232744,-0.5963704,0.009160319,-0.8025625
0.01231272,-0.5976571,0.009180083,-0.8016047
0.01229733,-0.5989987,0.009200691,-0.8006027
0.01228127,-0.6003941,0.009222125,-0.7995567
0.01224709,-0.6033455,0.009267459,-0.797332
0.0122288,-0.6049166,0.009291591,-0.7961407
0.0122098,-0.6065409,0.00931654,-0.7949039
0.01219011,-0.6082174,0.009342291,-0.793622
0.01216971,-0.6099463,0.009368847,-0.792294
0.01214842,-0.6117426,0.009396438,-0.7909079
0.01210369,-0.6154892,0.009453988,-0.7879957
0.01208022,-0.6174402,0.009483955,-0.7864679
0.01205603,-0.6194409,0.009514685,-0.7848932
0.01200541,-0.6235938,0.009578474,-0.7815977
0.01200541,-0.6235938,0.009578474,-0.7815977
0.0119514,-0.6279756,0.009645779,-0.7780815
0.01192326,-0.6302395,0.009680552,-0.7762489
0.01189432,-0.6325526,0.009716081,-0.7743652
0.01186461,-0.6349136,0.009752347,-0.7724305
0.0118339,-0.6373375,0.009789579,-0.7704318
0.01177011,-0.6423247,0.009866183,-0.7662788
0.011737,-0.6448875,0.009905548,-0.7641233
0.01172469,-0.645836,0.009920117,-0.7633216
0.01172469,-0.6458361,0.009920117,-0.7633217
0.01172469,-0.6458361,0.009920117,-0.7633217
0.01172469,-0.6458361,0.009920117,-0.7633217
0.01172469,-0.6458361,0.009920117,-0.7633217
0.01172469,-0.6458361,0.009920117,-0.7633217
0.01172469,-0.6458361,0.009920117,-0.7633217
0.01172469,-0.6458361,0.009920117,-0.7633217
0.01172469,-0.6458361,0.009920117,-0.7633217
0.01172469,-0.6458361,0.009920117,-0.7633217
0.01172469,-0.6458361,0.009920117,-0.7633217
0.01172469,-0.6458361,0.009920117,-0.7633217
0.01172469,-0.6458361,0.009920117,-0.7633217
0.01172469,-0.6458361,0.009920117,-0.7633217
0.01172469,-0.6458361,0.009920117,-0.7633217
0.01172469,-0.6458361,0.009920117,-0.7633217
0.01172469,-0.6458361,0.009920117,-0.7633217
0.01172469,-0.6458361,0.009920117,-0.7633217
0.01172469,-0.6458361,0.009920117,-0.7633217
0.01172469,-0.6458361,0.009920117,-0.7633217
0.01172469,-0.6458361,0.009920117,-0.7633217
0.01172469,-0.6458361,0.009920117,-0.7633217
0.01172469,-0.6458361,0.009920117,-0.7633217
0.01172469,-0.6458361,0.009920117,-0.7633217
0.01172469,-0.6458361,0.009920117,-0.7633217
0.01172469,-0.6458361,0.009920117,-0.7633217
0.01172469,-0.6458361,0.009920117,-0.7633217
0.01172469,-0.6458361,0.009920117,-0.7633217
0.01172469,-0.6458361,0.009920117,-0.7633217
0.01172469,-0.6458361,0.009920117,-0.7633217
0.01172469,-0.6458361,0.009920117,-0.7633217
0.01172469,-0.6458361,0.009920117,-0.7633217
0.01172469,-0.6458361,0.009920117,-0.7633217
0.01172469,-0.6458361,0.009920117,-0.7633217
0.01172469,-0.6458361,0.009920117,-0.7633217
0.01172469,-0.6458361,0.009920117,-0.7633217
0.01172469,-0.6458361,0.009920117,-0.7633217
0.01172469,-0.6458361,0.009920117,-0.7633217
0.01172469,-0.6458361,0.009920117,-0.7633217
0.01172469,-0.6458361,0.009920117,-0.7633217
0.01172469,-0.6458361,0.009920117,-0.7633217
0.01172381,-0.645904,0.009921161,-0.7632641
0.01172225,-0.646024,0.009923004,-0.7631625
0.01171703,-0.6464251,0.009929162,-0.7628229
0.01171338,-0.6467055,0.00993347,-0.7625852
0.01170904,-0.6470385,0.009938584,-0.7623027
0.01170401,-0.6474241,0.009944507,-0.7619752
0.01169809,-0.6478776,0.009951473,-0.7615896
0.01168416,-0.6489419,0.00996782,-0.760683
0.01167614,-0.6495534,0.009977213,-0.7601609
0.01166742,-0.6502168,0.009987403,-0.7595934
0.01165782,-0.6509466,0.009998613,-0.7589682
0.0116475,-0.6517293,0.01001064,-0.7582961
0.01162473,-0.6534498,0.01003706,-0.7568141
0.01161228,-0.6543872,0.01005146,-0.7560036
0.01159912,-0.6553763,0.01006665,-0.7551464
0.01158503,-0.6564314,0.01008286,-0.7542294
0.01157022,-0.6575375,0.01009985,-0.7532653
0.01153842,-0.6599024,0.01013617,-0.7511944
0.01152142,-0.6611601,0.01015549,-0.7500876
0.01150367,-0.6624688,0.01017559,-0.7489321
0.01148497,-0.6638419,0.01019668,-0.7477152
0.01146554,-0.6652642,0.01021853,-0.7464501
0.01142441,-0.6682566,0.01026449,-0.7437723
0.0114027,-0.6698264,0.01028861,-0.7423589
0.01138023,-0.6714444,0.01031346,-0.7408958
0.01135679,-0.6731241,0.01033926,-0.7393701
0.01133257,-0.6748526,0.01036581,-0.7377928
0.01128176,-0.6784512,0.01042108,-0.7344849
0.01125516,-0.6803209,0.0104498,-0.7327534
0.01122756,-0.6822511,0.01047945,-0.7309566
0.01119915,-0.6842275,0.01050981,-0.729107
0.01116994,-0.6862487,0.01054085,-0.7272049
0.01110903,-0.6904265,0.01060503,-0.7232395
0.01107733,-0.6925819,0.01063813,-0.7211757
0.01104479,-0.6947812,0.01067191,-0.7190572
0.0110112,-0.6970373,0.01070657,-0.7168704
0.01097675,-0.6993367,0.01074189,-0.7146274
0.01090526,-0.7040614,0.01081446,-0.7099731
0.0108682,-0.706486,0.0108517,-0.7075604
0.01086001,-0.7070193,0.01085989,-0.7070274
0.01086001,-0.7070193,0.01085989,-0.7070274
0.01086001,-0.7070193,0.01085989,-0.7070274
0.01086001,-0.7070193,0.01085989,-0.7070274
0.01086001,-0.7070193,0.01085989,-0.7070274
0.01086001,-0.7070193,0.01085989,-0.7070274
0.01086001,-0.7070193,0.01085989,-0.7070274
0.01086001,-0.7070193,0.01085989,-0.7070274
0.01086001,-0.7070193,0.01085989,-0.7070274
0.01086001,-0.7070193,0.01085989,-0.7070274
0.01086001,-0.7070193,0.01085989,-0.7070274
0.01086001,-0.7070193,0.01085989,-0.7070274
0.01086001,-0.7070193,0.01085989,-0.7070274
0.01086001,-0.7070193,0.01085989,-0.7070274
0.01086001,-0.7070193,0.01085989,-0.7070274
0.01086001,-0.7070193,0.01085989,-0.7070274
0.01086001,-0.7070193,0.01085989,-0.7070274
0.01086001,-0.7070193,0.01085989,-0.7070274
0.01086001,-0.7070193,0.01085989,-0.7070274
0.01086001,-0.7070193,0.01085989,-0.7070274
0.01086001,-0.7070193,0.01085989,-0.7070274
0.01086001,-0.7070193,0.01085989,-0.7070274
0.01086001,-0.7070193,0.01085989,-0.7070274
0.01086001,-0.7070193,0.01085989,-0.7070274
0.01086001,-0.7070193,0.01085989,-0.7070274
0.01086001,-0.7070193,0.01085989,-0.7070274
0.01086001,-0.7070193,0.01085989,-0.7070274
0.01086001,-0.7070193,0.01085989,-0.7070274
0.01086001,-0.7070193,0.01085989,-0.7070274
0.01086001,-0.7070193,0.01085989,-0.7070274
0.01086001,-0.7070193,0.01085989,-0.7070274
0.01086001,-0.7070193,0.01085989,-0.7070274
0.01086001,-0.7070193,0.01085989,-0.7070274
0.01086001,-0.7070193,0.01085989,-0.7070274
0.01086001,-0.7070193,0.01085989,-0.7070274
0.01086001,-0.7070193,0.01085989,-0.7070274
0.01086001,-0.7070193,0.01085989,-0.7070274
0.01086001,-0.7070193,0.01085989,-0.7070274
0.01086001,-0.7070193,0.01085989,-0.7070274
0.01086001,-0.7070193,0.01085989,-0.7070274
0.01086001,-0.7070193,0.01085989,-0.7070274
0.01086001,-0.7070193,0.01085989,-0.7070274
0.01086001,-0.7070193,0.01085989,-0.7070274
0.01086001,-0.7070193,0.01085989,-0.7070274
0.01086001,-0.7070193,0.01085989,-0.7070274
0.01086001,-0.7070193,0.01085989,-0.7070274
0.01086001,-0.7070193,0.01085989,-0.7070274
0.01086001,-0.7070193,0.01085989,-0.7070274
0.01086001,-0.7070193,0.01085989,-0.7070274
0.01086001,-0.7070193,0.01085989,-0.7070274
0.01086001,-0.7070193,0.01085989,-0.7070274
0.01086001,-0.7070193,0.01085989,-0.7070274
0.01086001,-0.7070193,0.01085989,-0.7070274
