-0.01233636,-0.5955879,0.009148282,0.8031433
-0.01233636,-0.5955879,0.009148282,0.8031433
-0.01233636,-0.5955879,0.009148282,0.8031433
-0.01233636,-0.5955879,0.009148282,0.8031433
-0.01233636,-0.5955879,0.009148282,0.8031433
-0.01233636,-0.5955879,0.009148282,0.8031433
-0.01233636,-0.5955879,0.009148282,0.8031433
-0.01233636,-0.5955879,0.009148282,0.8031433
-0.01233636,-0.5955879,0.009148282,0.8031433
-0.01233636,-0.5955879,0.009148282,0.8031433
-0.01233636,-0.5955879,0.009148282,0.8031433
-0.01233636,-0.5955879,0.009148282,0.8031433
-0.01233636,-0.5955879,0.009148282,0.8031433
-0.01233636,-0.5955879,0.009148282,0.8031433
-0.01233636,-0.5955879,0.009148282,0.8031433
-0.01233636,-0.5955879,0.009148282,0.8031433
-0.01233636,-0.5955879,0.009148282,0.8031433
-0.01233636,-0.5955879,0.009148282,0.8031433
-0.01233636,-0.5955879,0.009148282,0.8031433
-0.01233636,-0.5955879,0.009148282,0.8031433
-0.01233636,-0.5955879,0.009148282,0.8031433
-0.01233636,-0.5955879,0.009148282,0.8031433
-0.01233636,-0.5955879,0.009148282,0.8031433
-0.01233636,-0.5955879,0.009148282,0.8031433
-0.01233636,-0.5955879,0.009148282,0.8031433
-0.01233636,-0.5955879,0.009148282,0.8031433
-0.01233636,-0.5955879,0.009148282,0.8031433
-0.01233636,-0.5955879,0.009148282,0.8031433
-0.01233636,-0.5955879,0.009148282,0.8031433
-0.01233636,-0.5955879,0.009148282,0.8031433
-0.012337,-0.5955314,0.009147415,0.8031852
-0.01233828,-0.595419,0.009145689,0.8032686
-0.0123402,-0.5952509,0.009143107,0.8033932
-0.01234275,-0.5950264,0.009139658,0.8035595
-0.01234612,-0.5947301,0.009135107,0.8037788
-0.01235475,-0.5939702,0.009123435,0.8043405
-0.01236001,-0.5935062,0.009116308,0.8046829
-0.01236607,-0.5929708,0.009108083,0.8050775
-0.01237275,-0.5923799,0.009099008,0.8055124
-0.01238005,-0.5917331,0.009089073,0.8059877
-0.01239654,-0.5902675,0.009066563,0.8070616
-0.01240572,-0.5894501,0.009054006,0.8076588
-0.0124155,-0.5885761,0.009040583,0.808296
-0.01242608,-0.5876295,0.009026042,0.8089843
-0.01243725,-0.5866268,0.00901064,0.8097118
-0.01246144,-0.584447,0.008977158,0.8112866
-0.01247443,-0.5832713,0.008959099,0.8121322
-0.01248802,-0.5820374,0.008940146,0.813017
-0.01248802,-0.5820374,0.008940146,0.813017
-0.01248802,-0.5820374,0.008940146,0.813017
-0.01248802,-0.5820374,0.008940146,0.813017
-0.01248802,-0.5820374,0.008940146,0.813017
-0.01248802,-0.5820374,0.008940146,0.813017
-0.01248802,-0.5820374,0.008940146,0.813017
-0.01248802,-0.5820374,0.008940146,0.813017
-0.01248802,-0.5820374,0.008940146,0.813017
-0.01248802,-0.5820374,0.008940146,0.813017
-0.01248802,-0.5820374,0.008940146,0.813017
-0.01248802,-0.5820374,0.008940146,0.813017
-0.01248802,-0.5820374,0.008940146,0.813017
-0.01248802,-0.5820374,0.008940146,0.813017
-0.01248802,-0.5820374,0.008940146,0.813017
-0.01248802,-0.5820374,0.008940146,0.813017
-0.01248802,-0.5820374,0.008940146,0.813017
-0.01248802,-0.5820374,0.008940146,0.813017
-0.01248802,-0.5820374,0.008940146,0.813017
-0.01248802,-0.5820374,0.008940146,0.813017
-0.01248802,-0.5820374,0.008940146,0.813017
-0.01248802,-0.5820374,0.008940146,0.813017
-0.01248802,-0.5820374,0.008940146,0.813017
-0.01248802,-0.5820374,0.008940146,0.813017
-0.01248802,-0.5820374,0.008940146,0.813017
-0.01248802,-0.5820374,0.008940146,0.813017
-0.01248802,-0.5820374,0.008940146,0.813017
-0.01248802,-0.5820374,0.008940146,0.813017
-0.0124874,-0.5820935,0.008941009,0.8129768
-0.01248616,-0.582206,0.008942735,0.8128964
-0.0124843,-0.5823752,0.008945334,0.812775
-0.01248164,-0.5826166,0.008949042,0.812602
-0.01247836,-0.5829144,0.008953616,0.8123885
-0.01246992,-0.5836794,0.008965366,0.8118389
-0.01246477,-0.584146,0.008972533,0.8115034
-0.0124588,-0.5846848,0.008980809,0.8111152
-0.01245222,-0.5852794,0.008989941,0.8106863
-0.01244499,-0.5859301,0.008999936,0.8102161
-0.01242865,-0.587399,0.009022499,0.8091517
-0.01241951,-0.5882171,0.009035065,0.8085572
-0.01240957,-0.5891063,0.009048723,0.8079096
-0.01239897,-0.5900511,0.009063235,0.8072199
-0.01238773,-0.5910508,0.00907859,0.8064882
-0.0123633,-0.5932155,0.00911184,0.8048972
-0.01234993,-0.5943944,0.009129949,0.804027
-0.01233589,-0.5956287,0.009148908,0.803113
-0.01232119,-0.5969173,0.009168701,0.8021557
-0.01230581,-0.5982597,0.009189321,0.801155
-0.01227303,-0.6011074,0.00923306,0.7990208
-0.01227303,-0.6011074,0.00923306,0.7990208
-0.01223716,-0.6041989,0.009280546,0.7966856
-0.01221819,-0.6058245,0.009305515,0.7954502
-0.01219851,-0.6075027,0.009331292,0.7941691
-0.01215704,-0.6110157,0.009385251,0.7914696
-0.01215704,-0.6110157,0.009385251,0.7914696
-0.01211234,-0.614767,0.009442871,0.7885592
-0.0120889,-0.6167194,0.00947286,0.7870333
-0.01206472,-0.6187229,0.009503634,0.7854592
-0.01201414,-0.6228805,0.009567495,0.7821663
-0.01201414,-0.6228805,0.009567495,0.7821663
-0.01196016,-0.6272681,0.009634888,0.7786519
-0.01193203,-0.6295351,0.00966971,0.7768202
-0.01190311,-0.6318508,0.009705279,0.7749379
-0.01184293,-0.6366259,0.009778625,0.7710198
-0.01184293,-0.6366259,0.009778625,0.7710198
-0.01177918,-0.6416194,0.009855326,0.7668694
-0.01174609,-0.6441855,0.009894743,0.7647151
-0.01171218,-0.6467974,0.00993486,0.7625073
-0.01164187,-0.6521556,0.01001716,0.7579296
-0.01164187,-0.6521556,0.01001716,0.7579296
-0.01156776,-0.657721,0.01010265,0.7531051
-0.01152942,-0.6605683,0.01014638,0.7506089
-0.01149021,-0.6634581,0.01019077,0.7480558
-0.01140912,-0.669363,0.01028147,0.7427768
-0.01140912,-0.669363,0.01028147,0.7427768
-0.01132402,-0.67546,0.01037512,0.7372367
-0.0112801,-0.6785681,0.01042286,0.734377
-0.01123524,-0.681715,0.0104712,0.7314567
-0.01118945,-0.6848997,0.01052012,0.7284755
-0.01114251,-0.6881353,0.01056982,0.7254198
-0.01104574,-0.6947169,0.01067091,0.7191193
-0.01099588,-0.6980609,0.01072227,0.7158737
-0.01094505,-0.7014388,0.01077416,0.7125642
-0.0108404,-0.7082936,0.01087945,0.7057508
-0.01078633,-0.7117835,0.01093305,0.7022311
-0.01073124,-0.7153044,0.01098714,0.6986443
-0.01067511,-0.7188556,0.01104168,0.6949899
-0.01061793,-0.7224358,0.01109668,0.6912674
-0.01050039,-0.7296813,0.01120797,0.683615
-0.01050039,-0.7296813,0.01120797,0.683615
-0.01037809,-0.73706,0.0113213,0.6756528
-0.0103153,-0.7407868,0.01137855,0.6715646
-0.0102514,-0.744537,0.01143615,0.6674045
-0.01012023,-0.7521044,0.01155239,0.6588651
-0.01012023,-0.7521044,0.01155239,0.6588651
-0.009984032,-0.7597807,0.0116703,0.6499981
-0.009914209,-0.7636462,0.01172967,0.6454524
-0.00984321,-0.7675291,0.01178931,0.64083
-0.009697651,-0.7753431,0.01190933,0.6313536
-0.009622835,-0.779284,0.01196987,0.6264828
-0.009546807,-0.7832374,0.01203059,0.6215331
-0.009469561,-0.7872019,0.01209149,0.6165041
-0.009391076,-0.791177,0.01215255,0.6113944
-0.009311346,-0.7951611,0.01221374,0.6062037
-0.009147652,-0.803174,0.01233682,0.5955466
-0.009063897,-0.8071886,0.01239849,0.5900937
-0.008978864,-0.8112068,0.0124602,0.5845578
-0.00889254,-0.8152272,0.01252196,0.5789377
-0.008804672,-0.8192595,0.01258389,0.5732172
-0.008625031,-0.8273194,0.0127077,0.5615218
-0.00853321,-0.8313453,0.01276953,0.5555439
-0.008440057,-0.8353662,0.01283129,0.5494792
-0.008345563,-0.8393804,0.01289295,0.5433273
-0.008249703,-0.8433873,0.0129545,0.5370865
-0.008152232,-0.8473951,0.01301606,0.5307407
-0.00795319,-0.8553746,0.01313863,0.5177824
-0.007851602,-0.8593433,0.01319959,0.5111686
-0.007748624,-0.863296,0.0132603,0.5044643
-0.00764399,-0.8672407,0.01332089,0.4976523
-0.007430512,-0.8750693,0.01344114,0.4837541
-0.007321669,-0.8789493,0.01350074,0.4766679
-0.007211401,-0.8828048,0.01355996,0.4694891
-0.007099697,-0.8866339,0.01361877,0.4622168
-0.006986308,-0.8904435,0.01367729,0.4548347
-0.006755226,-0.8979691,0.01379288,0.4397904
-0.006637516,-0.901682,0.01384991,0.432127
-0.006518368,-0.9053586,0.01390638,0.42437
-0.006397756,-0.9089979,0.01396228,0.4165177
-0.006275685,-0.9125976,0.01401758,0.4085704
-0.006026629,-0.9196852,0.01412644,0.3923559
-0.005899916,-0.9231611,0.01417983,0.3841065
-0.005771739,-0.9265891,0.01423249,0.3757616
-0.005642104,-0.9299671,0.01428437,0.3673219
-0.005511006,-0.9332932,0.01433546,0.3587869
-0.005243862,-0.9397945,0.01443533,0.3413948
-0.005108088,-0.9429587,0.01448393,0.3325555
-0.004970854,-0.9460621,0.0145316,0.323621
-0.004832167,-0.9491028,0.0145783,0.3145919
-0.00469173,-0.9520846,0.0146241,0.3054489
-0.004406547,-0.9578427,0.01471255,0.2868825
-0.004261773,-0.9606153,0.01475513,0.2774571
-0.004115568,-0.9633136,0.01479658,0.2679386
-0.003967925,-0.9659356,0.01483686,0.2583265
-0.003818563,-0.9684839,0.014876,0.2486025
-0.003515599,-0.9733339,0.0149505,0.2288783
-0.003361985,-0.9756314,0.01498578,0.2188775
-0.003206979,-0.9778407,0.01501972,0.208786
-0.003050592,-0.9799594,0.01505226,0.1986046
-0.002892533,-0.9819887,0.01508343,0.1883144
-0.002605145,-0.9853926,0.01513572,0.1696043
-0.002508932,-0.9864502,0.01515196,0.1633405
-0.002444141,-0.9871394,0.01516255,0.1591224
-0.002411051,-0.9874843,0.01516785,0.1569681
-0.002409551,-0.9874998,0.01516808,0.1568705
-0.002409551,-0.9874998,0.01516808,0.1568705
-0.002409551,-0.9874998,0.01516808,0.1568705
-0.002409551,-0.9874998,0.01516808,0.1568705
-0.002409551,-0.9874998,0.01516808,0.1568705
-0.002409551,-0.9874998,0.01516808,0.1568705
-0.002409551,-0.9874998,0.01516808,0.1568705
-0.002409551,-0.9874998,0.01516808,0.1568705
-0.002409551,-0.9874998,0.01516808,0.1568705
-0.002409551,-0.9874998,0.01516808,0.1568705
-0.002409551,-0.9874998,0.01516808,0.1568705
-0.002409551,-0.9874998,0.01516808,0.1568705
-0.002409551,-0.9874998,0.01516808,0.1568705
-0.002409551,-0.9874998,0.01516808,0.1568705
-0.002409551,-0.9874998,0.01516808,0.1568705
-0.002409551,-0.9874998,0.01516808,0.1568705
-0.002409551,-0.9874998,0.01516808,0.1568705
-0.002409551,-0.9874998,0.01516808,0.1568705
-0.002409551,-0.9874998,0.01516808,0.1568705
-0.002409551,-0.9874998,0.01516808,0.1568705
-0.002409551,-0.9874998,0.01516808,0.1568705
-0.002409551,-0.9874998,0.01516808,0.1568705
-0.002409551,-0.9874998,0.01516808,0.1568705
-0.002409551,-0.9874998,0.01516808,0.1568705
-0.002409551,-0.9874998,0.01516808,0.1568705
-0.002409551,-0.9874998,0.01516808,0.1568705
-0.002409551,-0.9874998,0.01516808,0.1568705
-0.002409551,-0.9874998,0.01516808,0.1568705
-0.002409551,-0.9874998,0.01516808,0.1568705
-0.002409551,-0.9874998,0.01516808,0.1568705
-0.002409551,-0.9874998,0.01516808,0.1568705
-0.002408521,-0.9875104,0.01516825,0.1568034
-0.002406418,-0.9875322,0.01516858,0.1566664
-0.002403261,-0.9875648,0.01516908,0.156461
-0.002398755,-0.9876112,0.0151698,0.1561676
-0.002393197,-0.9876684,0.01517068,0.1558058
-0.002378913,-0.9878146,0.01517292,0.1548758
-0.002370187,-0.9879035,0.01517429,0.1543077
-0.00236041,-0.9880027,0.01517581,0.1536712
-0.002349285,-0.9881151,0.01517754,0.1529469
-0.002337092,-0.9882376,0.01517942,0.1521531
-0.002309558,-0.9885119,0.01518363,0.1503605
-0.0022942,-0.9886636,0.01518596,0.1493606
-0.002277782,-0.9888244,0.01518843,0.1482918
-0.002260012,-0.9889972,0.01519109,0.1471349
-0.002241185,-0.9891788,0.01519388,0.1459092
-0.002200353,-0.9895673,0.01519984,0.1432509
-0.002178342,-0.9897736,0.01520301,0.1418179
-0.002155277,-0.9899877,0.0152063,0.1403162
-0.002130871,-0.9902115,0.01520974,0.1387273
-0.002105384,-0.9904426,0.01521329,0.137068
-0.002051228,-0.9909241,0.01522068,0.1335423
-0.002022557,-0.9911739,0.01522452,0.1316757
-0.001992521,-0.9914317,0.01522848,0.1297202
-0.001961447,-0.9916943,0.01523251,0.1276972
-0.001929297,-0.9919616,0.01523662,0.125604
-0.001861764,-0.9925085,0.01524502,0.1212074
-0.001826392,-0.9927869,0.0152493,0.1189046
-0.001789656,-0.9930704,0.01525365,0.1165129
-0.001751843,-0.9933562,0.01525804,0.1140511
-0.001712964,-0.9936435,0.01526245,0.11152
-0.00163199,-0.994221,0.01527133,0.1062482
-0.001589884,-0.9945102,0.01527577,0.103507
-0.001546405,-0.9948007,0.01528023,0.1006764
-0.001501854,-0.9950899,0.01528467,0.09777594
-0.001456224,-0.9953774,0.01528909,0.0948052
-0.001361767,-0.995944,0.01529779,0.08865575
-0.001312926,-0.996222,0.01530206,0.08547599
-0.001262738,-0.9964968,0.01530628,0.08220854
-0.001211439,-0.9967667,0.01531043,0.07886878
-0.001159062,-0.9970306,0.01531448,0.07545885
-0.001051093,-0.9975377,0.01532227,0.06842965
-0.0009954839,-0.9977795,0.01532598,0.06480931
-0.0009387675,-0.9980125,0.01532956,0.06111686
-0.0008807253,-0.9982367,0.01533301,0.0573381
-0.0008215824,-0.9984505,0.01533629,0.05348767
-0.0007000746,-0.9988428,0.01534232,0.04557705
-0.000637698,-0.9990199,0.01534504,0.0415161
-0.0005739455,-0.9991836,0.01534755,0.03736557
-0.0005101831,-0.9993302,0.0153498,0.0332144
-0.0004464119,-0.9994596,0.01535179,0.02906265
-0.0003519722,-0.9996195,0.01535425,0.02291427
-0.0003632817,-0.9996024,0.01535398,0.02365056
-0.0003756679,-0.9995829,0.01535368,0.02445695
-0.0003891312,-0.9995611,0.01535335,0.02533346
-0.000403653,-0.9995366,0.01535297,0.02627889
-0.0004358895,-0.9994793,0.01535209,0.02837761
-0.0004536052,-0.9994459,0.01535158,0.02953096
-0.0004727013,-0.9994084,0.015351,0.03077419
-0.0004928577,-0.9993672,0.01535037,0.03208645
-0.0005140674,-0.9993219,0.01534967,0.03346728
-0.0005596904,-0.999218,0.01534808,0.03643751
-0.000584101,-0.9991587,0.01534717,0.03802673
-0.0006098784,-0.9990934,0.01534616,0.03970494
-0.0006367248,-0.9990224,0.01534507,0.04145275
-0.00066463,-0.9989454,0.01534389,0.04326948
-0.0007236341,-0.9987716,0.01534122,0.04711087
-0.0007550318,-0.9986731,0.01533971,0.04915497
-0.0007874924,-0.9985669,0.01533808,0.05126828
-0.0008210047,-0.9984525,0.01533632,0.05345006
-0.0008555708,-0.9983295,0.01533443,0.05570045
-0.0009279089,-0.9980556,0.01533022,0.06040993
-0.0009656633,-0.9979036,0.01532789,0.06286789
-0.00100476,-0.9977401,0.01532538,0.06541322
-0.001044936,-0.9975652,0.01532269,0.06802881
-0.00108616,-0.9973785,0.01531982,0.07071265
-0.001171783,-0.9969677,0.01531351,0.07628709
-0.001216476,-0.9967408,0.01531003,0.07919677
-0.001262221,-0.9964995,0.01530632,0.08217493
-0.001309017,-0.9962437,0.01530239,0.08522151
-0.001356845,-0.9959724,0.01529822,0.08833531
-0.001455687,-0.9953806,0.01528913,0.0947703
-0.001506684,-0.995059,0.01528419,0.09809039
-0.001559022,-0.9947172,0.01527894,0.1014978
-0.001612382,-0.9943566,0.01527341,0.1049717
-0.001666785,-0.9939764,0.01526757,0.1085136
-0.00177873,-0.9931536,0.01525493,0.1158016
-0.001836555,-0.9927074,0.01524808,0.1195662
-0.001895418,-0.9922384,0.01524087,0.1233984
-0.001955307,-0.9917457,0.0152333,0.1272974
-0.002016226,-0.9912286,0.01522536,0.1312635
-0.002141123,-0.9901178,0.0152083,0.1393948
-0.002205404,-0.9895195,0.01519911,0.1435796
-0.002270675,-0.9888937,0.0151895,0.147829
-0.002336983,-0.9882387,0.01517944,0.152146
-0.002404298,-0.9875541,0.01516892,0.1565284
-0.002472613,-0.9868389,0.01515793,0.160976
-0.002612842,-0.9853061,0.01513439,0.1701054
-0.00268446,-0.9844899,0.01512185,0.174768
-0.002757057,-0.9836391,0.01510879,0.1794944
-0.002830649,-0.9827528,0.01509517,0.1842855
-0.002905218,-0.98183,0.015081,0.1891402
-0.003057864,-0.9798633,0.01505079,0.1990781
-0.003135614,-0.9788213,0.01503478,0.2041399
-0.00321435,-0.9777381,0.01501815,0.2092659
-0.003294024,-0.9766136,0.01500087,0.214453
-0.003456224,-0.9742348,0.01496433,0.2250128
-0.003539022,-0.9729741,0.01494497,0.2304032
-0.003622754,-0.9716671,0.01492489,0.2358545
-0.003707396,-0.9703129,0.01490409,0.241365
-0.003792955,-0.9689103,0.01488255,0.2469353
-0.00387942,-0.9674582,0.01486025,0.2525645
-0.00405563,-0.9643905,0.01481313,0.2640364
-0.004145066,-0.9627774,0.01478835,0.269859
-0.004235368,-0.9611102,0.01476274,0.275738
-0.004326525,-0.9593876,0.01473628,0.2816727
-0.004418556,-0.9576082,0.01470895,0.2876642
-0.004605716,-0.9538631,0.01465142,0.299849
-0.004700544,-0.9519004,0.01462128,0.3060227
-0.004796186,-0.9498761,0.01459018,0.3122493
-0.004892624,-0.9477891,0.01455813,0.3185278
-0.004958131,-0.9463452,0.01453595,0.3227926
-0.004984654,-0.9457544,0.01452687,0.3245194
-0.004984654,-0.9457544,0.01452687,0.3245194
-0.004984654,-0.9457544,0.01452687,0.3245194
-0.004984654,-0.9457544,0.01452687,0.3245194
-0.004984654,-0.9457544,0.01452687,0.3245194
-0.004984654,-0.9457544,0.01452687,0.3245194
-0.004984654,-0.9457544,0.01452687,0.3245194
-0.004984654,-0.9457544,0.01452687,0.3245194
-0.004984654,-0.9457544,0.01452687,0.3245194
-0.004984654,-0.9457544,0.01452687,0.3245194
-0.004984654,-0.9457544,0.01452687,0.3245194
-0.004984654,-0.9457544,0.01452687,0.3245194
-0.004984654,-0.9457544,0.01452687,0.3245194
-0.004984654,-0.9457544,0.01452687,0.3245194
-0.004984654,-0.9457544,0.01452687,0.3245194
-0.004984654,-0.9457544,0.01452687,0.3245194
-0.004984654,-0.9457544,0.01452687,0.3245194
-0.004984654,-0.9457544,0.01452687,0.3245194
-0.004984654,-0.9457544,0.01452687,0.3245194
-0.004984654,-0.9457544,0.01452687,0.3245194
-0.004984654,-0.9457544,0.01452687,0.3245194
-0.004984654,-0.9457544,0.01452687,0.3245194
-0.004984654,-0.9457544,0.01452687,0.3245194
-0.004984654,-0.9457544,0.01452687,0.3245194
-0.004984654,-0.9457544,0.01452687,0.3245194
-0.004984654,-0.9457544,0.01452687,0.3245194
-0.004984654,-0.9457544,0.01452687,0.3245194
-0.004984654,-0.9457544,0.01452687,0.3245194
-0.004984654,-0.9457544,0.01452687,0.3245194
-0.004984654,-0.9457544,0.01452687,0.3245194
-0.004984654,-0.9457544,0.01452687,0.3245194
-0.004984654,-0.9457544,0.01452687,0.3245194
-0.004984654,-0.9457544,0.01452687,0.3245194
-0.004984654,-0.9457544,0.01452687,0.3245194
-0.004984654,-0.9457544,0.01452687,0.3245194
-0.004984654,-0.9457544,0.01452687,0.3245194
-0.004984654,-0.9457544,0.01452687,0.3245194
-0.004984654,-0.9457544,0.01452687,0.3245194
-0.004984654,-0.9457544,0.01452687,0.3245194
-0.004984654,-0.9457544,0.01452687,0.3245194
-0.004984654,-0.9457544,0.01452687,0.3245194
-0.004984654,-0.9457544,0.01452687,0.3245194
-0.004984654,-0.9457544,0.01452687,0.3245194
-0.004984654,-0.9457544,0.01452687,0.3245194
-0.004984654,-0.9457544,0.01452687,0.3245194
-0.004984654,-0.9457544,0.01452687,0.3245194
-0.004984654,-0.9457544,0.01452687,0.3245194
-0.004984654,-0.9457544,0.01452687,0.3245194
-0.004984654,-0.9457544,0.01452687,0.3245194
-0.004984654,-0.9457544,0.01452687,0.3245194
-0.004984654,-0.9457544,0.01452687,0.3245194
-0.004984654,-0.9457544,0.01452687,0.3245194
-0.004984654,-0.9457544,0.01452687,0.3245194
-0.004984654,-0.9457544,0.01452687,0.3245194
-0.004984654,-0.9457544,0.01452687,0.3245194
-0.004984654,-0.9457544,0.01452687,0.3245194
-0.004984654,-0.9457544,0.01452687,0.3245194
-0.004984654,-0.9457544,0.01452687,0.3245194
-0.004984654,-0.9457544,0.01452687,0.3245194
-0.004984654,-0.9457544,0.01452687,0.3245194
-0.004984654,-0.9457544,0.01452687,0.3245194
-0.004984654,-0.9457544,0.01452687,0.3245194
-0.004984654,-0.9457544,0.01452687,0.3245194
-0.004984654,-0.9457544,0.01452687,0.3245194
-0.004984654,-0.9457544,0.01452687,0.3245194
-0.004981651,-0.9458215,0.01452791,0.3243239
-0.004978628,-0.9458889,0.01452894,0.324127
-0.004974598,-0.9459788,0.01453032,0.3238647
-0.004969562,-0.9460909,0.01453205,0.3235368
-0.004963228,-0.9462319,0.01453421,0.3231244
-0.004947532,-0.9465802,0.01453956,0.3221026
-0.004938167,-0.9467875,0.01454274,0.3214929
-0.004927793,-0.9470166,0.01454626,0.3208174
-0.004916405,-0.9472673,0.01455011,0.3200761
-0.004903716,-0.9475461,0.0145544,0.31925
-0.004875297,-0.9481674,0.01456394,0.3173998
-0.004859557,-0.9485099,0.0145692,0.316375
-0.0048428,-0.9488731,0.01457478,0.3152841
-0.004824739,-0.949263,0.01458077,0.3141083
-0.004805677,-0.9496728,0.01458706,0.3128672
-0.004764455,-0.9505526,0.01460057,0.3101835
-0.004742304,-0.951022,0.01460779,0.3087415
-0.004719136,-0.9515104,0.01461529,0.3072331
-0.004694936,-0.9520177,0.01462308,0.3056576
-0.004669417,-0.9525495,0.01463125,0.3039962
-0.004615282,-0.953667,0.01464841,0.3004718
-0.004586669,-0.9542519,0.0146574,0.298609
-0.004557011,-0.9548541,0.01466664,0.2966781
-0.004526043,-0.9554781,0.01467623,0.294662
-0.004494043,-0.9561181,0.01468606,0.2925787
-0.004426898,-0.9574449,0.01470644,0.2882073
-0.004391751,-0.9581307,0.01471697,0.2859191
-0.00435556,-0.9588307,0.01472773,0.2835629
-0.004318026,-0.95955,0.01473877,0.2811193
-0.004279454,-0.9602821,0.01475002,0.2786081
-0.004199115,-0.9617842,0.01477309,0.2733777
-0.004157352,-0.9625528,0.0147849,0.2706589
-0.004114248,-0.9633375,0.01479695,0.2678526
-0.004070083,-0.9641324,0.01480916,0.2649772
-0.004024839,-0.9649371,0.01482152,0.2620317
-0.003931167,-0.9665725,0.01484664,0.2559333
-0.003882726,-0.967402,0.01485938,0.2527797
-0.0038332,-0.9682387,0.01487223,0.2495553
-0.003782301,-0.9690868,0.01488526,0.2462416
-0.003730358,-0.9699398,0.01489836,0.2428599
-0.00362319,-0.9716601,0.01492479,0.2358828
-0.003567971,-0.9725258,0.01493808,0.2322879
-0.00351167,-0.973394,0.01495142,0.2286225
-0.003453991,-0.9742684,0.01496485,0.2248674
-0.003395219,-0.9751436,0.01497829,0.221041
-0.003274403,-0.9768932,0.01500517,0.2131755
-0.003212337,-0.9777663,0.01501858,0.2091347
-0.003148884,-0.9786407,0.01503201,0.2050037
-0.003084331,-0.9795117,0.01504539,0.2008011
-0.003018675,-0.9803782,0.0150587,0.1965266
-0.002884049,-0.9820945,0.01508506,0.1877619
-0.002815078,-0.9829423,0.01509808,0.1832717
-0.002744689,-0.9837857,0.01511104,0.1786891
-0.002673197,-0.9846198,0.01512385,0.1740347
-0.00260059,-0.9854436,0.0151365,0.1693077
-0.002452052,-0.9870563,0.01516127,0.1596373
-0.00237612,-0.9878432,0.01517336,0.1546938
-0.002299067,-0.9886156,0.01518522,0.1496774
-0.002220604,-0.9893755,0.01519689,0.1445692
-0.00214102,-0.9901187,0.01520831,0.139388
-0.001978528,-0.9915505,0.0152303,0.1288091
-0.001895599,-0.9922369,0.01524085,0.1234101
-0.001811253,-0.9929045,0.0152511,0.1179188
-0.001725801,-0.9935494,0.01526101,0.1123556
-0.001639231,-0.9941705,0.01527055,0.1067196
-0.001462753,-0.9953369,0.01528846,0.09523018
-0.001372843,-0.9958795,0.0152968,0.0893767
-0.001281823,-0.9963935,0.01530469,0.08345099
-0.001189393,-0.9968792,0.01531215,0.07743338
-0.00109586,-0.9973335,0.01531913,0.07134406
-0.0009054711,-0.9981429,0.01533156,0.05894902
-0.0008086287,-0.9984953,0.01533697,0.05264421
-0.0007103879,-0.998812,0.01534184,0.04624836
-0.0006110758,-0.9990904,0.01534611,0.03978276
-0.0005106513,-0.9993293,0.01534978,0.03324475
-0.0003065341,-0.9996829,0.01535522,0.01995594
-0.0002025576,-0.9997951,0.01535694,0.01318668
-9.74972E-05,-0.999862,0.01535797,0.006346845
8.631684E-06,-0.9998819,0.01535827,-0.0005625488
0.0001158337,-0.9998537,0.01535784,-0.00754181
0.000333406,-0.9996465,0.01535466,-0.02170659
0.000443767,-0.9994646,0.01535186,-0.02889151
0.0005554472,-0.999228,0.01534823,-0.03616232
0.000668179,-0.9989353,0.01534373,-0.04350158
0.0007819437,-0.9985853,0.01533836,-0.0509081
0.001012539,-0.9977067,0.01532486,-0.06592074
0.001129356,-0.9971751,0.01531669,-0.07352594
0.001247463,-0.9965783,0.01530753,-0.08121519
0.001366556,-0.995916,0.01529736,-0.08896857
0.001486631,-0.9951867,0.01528615,-0.09678591
0.001729684,-0.9935207,0.01526056,-0.1126096
0.001852651,-0.9925805,0.01524612,-0.1206152
0.001976832,-0.9915646,0.01523052,-0.1286999
0.00210195,-0.9904733,0.01521376,-0.1368455
0.002227981,-0.9893051,0.01519581,-0.1450506
0.002482716,-0.9867312,0.01515628,-0.1616349
0.002611407,-0.9853221,0.01513463,-0.1700131
0.002741249,-0.9838262,0.01511166,-0.1784663
0.002871938,-0.9822447,0.01508736,-0.1869747
0.003003445,-0.9805763,0.01506174,-0.1955363
0.003171211,-0.9783348,0.01502731,-0.2064585
0.003198793,-0.9779541,0.01502146,-0.2082542
0.003198793,-0.9779541,0.01502146,-0.2082542
0.003198793,-0.9779541,0.01502146,-0.2082542
0.003198793,-0.9779541,0.01502146,-0.2082542
0.003198793,-0.9779541,0.01502146,-0.2082542
0.003198793,-0.9779541,0.01502146,-0.2082542
0.003198793,-0.9779541,0.01502146,-0.2082542
0.003198793,-0.9779541,0.01502146,-0.2082542
0.003198793,-0.9779541,0.01502146,-0.2082542
0.003198793,-0.9779541,0.01502146,-0.2082542
0.003198793,-0.9779541,0.01502146,-0.2082542
0.003198793,-0.9779541,0.01502146,-0.2082542
0.003198793,-0.9779541,0.01502146,-0.2082542
0.003198793,-0.9779541,0.01502146,-0.2082542
0.003198793,-0.9779541,0.01502146,-0.2082542
0.003198793,-0.9779541,0.01502146,-0.2082542
0.003198793,-0.9779541,0.01502146,-0.2082542
0.003198793,-0.9779541,0.01502146,-0.2082542
0.003198793,-0.9779541,0.01502146,-0.2082542
0.003198793,-0.9779541,0.01502146,-0.2082542
0.003198793,-0.9779541,0.01502146,-0.2082542
0.003198793,-0.9779541,0.01502146,-0.2082542
0.003198793,-0.9779541,0.01502146,-0.2082542
0.003198793,-0.9779541,0.01502146,-0.2082542
0.003198793,-0.9779541,0.01502146,-0.2082542
0.003198793,-0.9779541,0.01502146,-0.2082542
0.003198793,-0.9779541,0.01502146,-0.2082542
0.003198793,-0.9779541,0.01502146,-0.2082542
0.003198793,-0.9779541,0.01502146,-0.2082542
0.003198793,-0.9779541,0.01502146,-0.2082542
0.003198793,-0.9779541,0.01502146,-0.2082542
0.003198793,-0.9779541,0.01502146,-0.2082542
0.003198793,-0.9779541,0.01502146,-0.2082542
0.003198793,-0.9779541,0.01502146,-0.2082542
0.003198793,-0.9779541,0.01502146,-0.2082542
0.003198793,-0.9779541,0.01502146,-0.2082542
0.003198793,-0.9779541,0.01502146,-0.2082542
0.003198793,-0.9779541,0.01502146,-0.2082542
0.003198793,-0.9779541,0.01502146,-0.2082542
0.003200122,-0.9779357,0.01502118,-0.2083407
0.003205901,-0.9778556,0.01501995,-0.2087169
0.003210362,-0.9777935,0.01501899,-0.2090074
0.003215858,-0.9777169,0.01501781,-0.2093652
0.003222401,-0.9776256,0.01501641,-0.2097912
0.003229987,-0.9775195,0.01501478,-0.210285
0.003248866,-0.9772543,0.01501071,-0.2115141
0.003259879,-0.9770988,0.01500832,-0.2122311
0.003271932,-0.9769281,0.0150057,-0.2130158
0.003285019,-0.9767419,0.01500284,-0.2138678
0.003299447,-0.9765357,0.01499967,-0.2148071
0.003331406,-0.9760758,0.01499261,-0.2168878
0.003348934,-0.9758215,0.0149887,-0.2180289
0.0033675,-0.9755507,0.01498454,-0.2192376
0.003387095,-0.9752631,0.01498013,-0.2205133
0.003407737,-0.9749582,0.01497544,-0.2218572
0.003452711,-0.9742873,0.01496514,-0.2247852
0.003476742,-0.9739251,0.01495957,-0.2263497
0.003501807,-0.9735444,0.01495373,-0.2279815
0.003527895,-0.973145,0.01494759,-0.22968
0.003555298,-0.9727222,0.0149411,-0.231464
0.003613166,-0.971818,0.01492721,-0.2352314
0.003643645,-0.9713356,0.0149198,-0.2372157
0.003675145,-0.9708325,0.01491207,-0.2392665
0.003707664,-0.9703082,0.01490402,-0.2413836
0.003741485,-0.9697579,0.01489556,-0.2435855
0.003812165,-0.9685904,0.01487763,-0.248187
0.003849023,-0.9679723,0.01486814,-0.2505866
0.003886899,-0.9673306,0.01485828,-0.2530525
0.003925788,-0.9666648,0.01484805,-0.2555843
0.00396596,-0.9659696,0.01483737,-0.2581996
0.004049299,-0.9645029,0.01481485,-0.2636254
0.004092461,-0.9637305,0.01480298,-0.2664354
0.00413661,-0.9629313,0.0147907,-0.2693096
0.004181759,-0.9621044,0.014778,-0.2722489
0.004227891,-0.9612494,0.01476487,-0.2752523
0.00432368,-0.9594417,0.0147371,-0.2814886
0.004373047,-0.9584929,0.01472253,-0.2847025
0.004423387,-0.9575133,0.01470748,-0.2879799
0.004474983,-0.9564967,0.01469187,-0.291339
0.00452754,-0.9554477,0.01467576,-0.2947607
0.004635542,-0.9532501,0.014642,-0.301792
0.00469097,-0.9521002,0.01462434,-0.3054006
0.004747332,-0.9509153,0.01460614,-0.3090699
0.004804635,-0.9496947,0.01458739,-0.3128006
0.004862884,-0.9484372,0.01456807,-0.3165928
0.004982738,-0.9457968,0.01452752,-0.3243958
0.005044056,-0.9444181,0.01450634,-0.3283878
0.005106282,-0.9429997,0.01448455,-0.332439
0.005169716,-0.9415337,0.01446204,-0.3365688
0.005234043,-0.9400261,0.01443888,-0.3407567
0.005365369,-0.9368827,0.0143906,-0.3493066
0.005432369,-0.9352448,0.01436544,-0.3536685
0.00550025,-0.9335616,0.01433958,-0.3580878
0.005569006,-0.9318323,0.01431302,-0.3625641
0.005638898,-0.9300491,0.01428563,-0.3671143
0.005781231,-0.9263378,0.01422863,-0.3763807
0.005853668,-0.9244077,0.01419898,-0.3810967
0.005926932,-0.9224268,0.01416855,-0.3858665
0.006001298,-0.9203866,0.01413721,-0.390708
0.006076459,-0.918294,0.01410507,-0.3956012
0.006229245,-0.9139447,0.01403827,-0.4055482
0.006306818,-0.911687,0.01400359,-0.4105985
0.006385172,-0.9093724,0.01396804,-0.4156996
0.006464567,-0.9069917,0.01393147,-0.4208685
0.006544718,-0.904552,0.01389399,-0.4260866
0.006707238,-0.899492,0.01381627,-0.4366673
0.006788631,-0.8969002,0.01377646,-0.4419663
0.00683979,-0.8952512,0.01375113,-0.445297
0.006853262,-0.8948144,0.01374443,-0.446174
0.006836829,-0.8953471,0.01375261,-0.4451042
0.006801091,-0.8965001,0.01377032,-0.4427775
0.006781762,-0.8971204,0.01377985,-0.4415191
0.006761459,-0.8977697,0.01378982,-0.4401973
0.006739915,-0.8984562,0.01380036,-0.4387947
0.006717392,-0.8991708,0.01381134,-0.4373284
0.006669414,-0.9006833,0.01383457,-0.4342048
0.006643956,-0.9014803,0.01384682,-0.4325474
0.006617516,-0.9023043,0.01385947,-0.430826
0.006589811,-0.9031633,0.01387267,-0.4290224
0.006561117,-0.9040483,0.01388626,-0.4271543
0.006500751,-0.9058948,0.01391462,-0.4232242
0.006469064,-0.9068558,0.01392938,-0.4211613
0.006436375,-0.9078411,0.01394452,-0.4190331
0.006402412,-0.9088583,0.01396014,-0.416822
0.006367436,-0.9098993,0.01397613,-0.4145449
0.006294466,-0.9120487,0.01400915,-0.4097943
0.006256444,-0.9131568,0.01402617,-0.4073189
0.006217128,-0.9142944,0.01404364,-0.4047593
0.006176812,-0.9154518,0.01406142,-0.4021345
0.006135446,-0.9166301,0.01407952,-0.3994414
0.006049615,-0.9190449,0.01411661,-0.3938535
0.006005142,-0.9202803,0.01413559,-0.3909582
0.005959348,-0.9215412,0.01415495,-0.3879768
0.005912507,-0.9228191,0.01417458,-0.3849273
0.005864611,-0.9241136,0.01419446,-0.3818091
0.005765665,-0.9267489,0.01423494,-0.3753673
0.005714596,-0.9280887,0.01425552,-0.3720426
0.005662469,-0.9294419,0.01427631,-0.3686489
0.005608993,-0.9308152,0.0142974,-0.3651674
0.00555444,-0.9322007,0.01431868,-0.3616158
0.0054421,-0.9350049,0.01436176,-0.354302
0.005384308,-0.936422,0.01438352,-0.3505396
0.005325152,-0.9378547,0.01440553,-0.3466882
0.005264893,-0.9392956,0.01442766,-0.3427652
0.005203551,-0.9407433,0.0144499,-0.3387716
0.005077548,-0.9436571,0.01449465,-0.3305683
0.005012895,-0.945121,0.01451714,-0.3263592
0.004947129,-0.9465888,0.01453969,-0.3220775
0.004879964,-0.9480653,0.01456237,-0.3177048
0.004811686,-0.9495434,0.01458507,-0.3132596
0.00467176,-0.9525004,0.01463049,-0.30415
0.004600103,-0.9539775,0.01465318,-0.2994848
0.004527036,-0.9554577,0.01467591,-0.2947279
0.004452836,-0.9569345,0.0146986,-0.2898972
0.004377501,-0.9584067,0.01472121,-0.2849926
0.004223423,-0.9613326,0.01476615,-0.2749615
0.004144662,-0.9627844,0.01478845,-0.2698339
0.004064471,-0.9642324,0.01481069,-0.2646132
0.003983131,-0.96567,0.01483277,-0.2593176
0.003900631,-0.9670963,0.01485468,-0.2539465
0.003732181,-0.9699098,0.0148979,-0.2429798
0.003646227,-0.9712945,0.01491917,-0.2373839
0.003559108,-0.9726632,0.01494019,-0.2317121
0.003470534,-0.9740189,0.01496101,-0.2259456
0.003380802,-0.9753556,0.01498154,-0.2201037
0.003197843,-0.9779673,0.01502166,-0.2081924
0.003104618,-0.9792397,0.0150412,-0.202123
0.003009922,-0.9804921,0.01506044,-0.195958
0.002914068,-0.9817187,0.01507928,-0.1897175
0.002817046,-0.9829183,0.01509771,-0.183401
0.002619524,-0.9852309,0.01513323,-0.1705416
0.002519008,-0.9863412,0.01515028,-0.1639976
0.002417031,-0.9874222,0.01516689,-0.1573585
0.00231389,-0.9884688,0.01518296,-0.1506437
0.002209584,-0.9894799,0.0151985,-0.1438529
0.001997497,-0.9913892,0.01522782,-0.1300453
0.001889717,-0.9922844,0.01524157,-0.1230284
0.001780481,-0.9931402,0.01525472,-0.1159167
0.001670095,-0.9939527,0.0152672,-0.1087302
0.00155856,-0.9947202,0.01527899,-0.1014687
0.001332063,-0.9961141,0.0153004,-0.08672298
0.001217103,-0.9967374,0.01530997,-0.07923865
0.001100708,-0.9973108,0.01531878,-0.07166091
0.0009831957,-0.9978311,0.01532677,-0.06401037
0.0008645582,-0.9982965,0.01533392,-0.05628661
0.0006239294,-0.9990566,0.01534559,-0.04062077
0.0005016591,-0.9993486,0.01535008,-0.03266051
0.0003782814,-0.9995788,0.01535361,-0.02462816
0.0002538346,-0.9997455,0.01535618,-0.0165262
0.0001283017,-0.9998472,0.01535774,-0.008353522
-0.000126022,-0.9998484,0.01535776,0.008203919
-0.0002547759,-0.9997445,0.01535616,0.01658628
-0.0003848729,-0.9995681,0.01535345,0.0250561
-0.0005160064,-0.9993176,0.0153496,0.03359339
-0.0006481678,-0.9989913,0.01534459,0.04219759
-0.0008166954,-0.9984674,0.01533655,0.05316938
-0.0008439416,-0.9983714,0.01533507,0.05494321
-0.0008439416,-0.9983714,0.01533507,0.05494321
-0.0008439416,-0.9983714,0.01533507,0.05494321
-0.0008439416,-0.9983714,0.01533507,0.05494321
-0.0008439416,-0.9983714,0.01533507,0.05494321
-0.0008439416,-0.9983714,0.01533507,0.05494321
-0.0008439416,-0.9983714,0.01533507,0.05494321
-0.0008439416,-0.9983714,0.01533507,0.05494321
-0.0008439416,-0.9983714,0.01533507,0.05494321
-0.0008439416,-0.9983714,0.01533507,0.05494321
-0.0008439416,-0.9983714,0.01533507,0.05494321
-0.0008439416,-0.9983714,0.01533507,0.05494321
-0.0008439416,-0.9983714,0.01533507,0.05494321
-0.0008439416,-0.9983714,0.01533507,0.05494321
-0.0008439416,-0.9983714,0.01533507,0.05494321
-0.0008439416,-0.9983714,0.01533507,0.05494321
-0.0008439416,-0.9983714,0.01533507,0.05494321
-0.0008439416,-0.9983714,0.01533507,0.05494321
-0.0008439416,-0.9983714,0.01533507,0.05494321
-0.0008439416,-0.9983714,0.01533507,0.05494321
-0.0008439416,-0.9983714,0.01533507,0.05494321
-0.0008439416,-0.9983714,0.01533507,0.05494321
-0.0008439416,-0.9983714,0.01533507,0.05494321
-0.0008439416,-0.9983714,0.01533507,0.05494321
-0.0008439416,-0.9983714,0.01533507,0.05494321
-0.0008439416,-0.9983714,0.01533507,0.05494321
-0.0008439416,-0.9983714,0.01533507,0.05494321
-0.0008439416,-0.9983714,0.01533507,0.05494321
-0.0008439416,-0.9983714,0.01533507,0.05494321
-0.0008439416,-0.9983714,0.01533507,0.05494321
-0.0008439416,-0.9983714,0.01533507,0.05494321
-0.0008439416,-0.9983714,0.01533507,0.05494321
-0.0008439416,-0.9983714,0.01533507,0.05494321
-0.0008439416,-0.9983714,0.01533507,0.05494321
-0.0008439416,-0.9983714,0.01533507,0.05494321
-0.0008439416,-0.9983714,0.01533507,0.05494321
-0.0008439416,-0.9983714,0.01533507,0.05494321
-0.0008439416,-0.9983714,0.01533507,0.05494321
-0.0008439416,-0.9983714,0.01533507,0.05494321
-0.0008439416,-0.9983714,0.01533507,0.05494321
-0.0008439416,-0.9983714,0.01533507,0.05494321
-0.0008439416,-0.9983714,0.01533507,0.05494321
-0.0008439416,-0.9983714,0.01533507,0.05494321
-0.0008439416,-0.9983714,0.01533507,0.05494321
-0.0008439416,-0.9983714,0.01533507,0.05494321
-0.0008439416,-0.9983714,0.01533507,0.05494321
-0.0008439416,-0.9983714,0.01533507,0.05494321
-0.0008439416,-0.9983714,0.01533507,0.05494321
-0.0008439416,-0.9983714,0.01533507,0.05494321
-0.0008439416,-0.9983714,0.01533507,0.05494321
-0.0008439416,-0.9983714,0.01533507,0.05494321
-0.0008439416,-0.9983714,0.01533507,0.05494321
-0.0008439416,-0.9983714,0.01533507,0.05494321
-0.0008439416,-0.9983714,0.01533507,0.05494321
-0.0008439416,-0.9983714,0.01533507,0.05494321
-0.0008439416,-0.9983714,0.01533507,0.05494321
-0.0008439416,-0.9983714,0.01533507,0.05494321
-0.0008439416,-0.9983714,0.01533507,0.05494321
-0.0008439416,-0.9983714,0.01533507,0.05494321
-0.0008439416,-0.9983714,0.01533507,0.05494321
-0.0008439416,-0.9983714,0.01533507,0.05494321
-0.0008439416,-0.9983714,0.01533507,0.05494321
-0.0008439416,-0.9983714,0.01533507,0.05494321
-0.0008439416,-0.9983714,0.01533507,0.05494321
-0.0008439416,-0.9983714,0.01533507,0.05494321
-0.0008439416,-0.9983714,0.01533507,0.05494321
-0.0008439416,-0.9983714,0.01533507,0.05494321
-0.0008439416,-0.9983714,0.01533507,0.05494321
-0.0008439416,-0.9983714,0.01533507,0.05494321
-0.0008439416,-0.9983714,0.01533507,0.05494321
-0.0008439416,-0.9983714,0.01533507,0.05494321
-0.0008439416,-0.9983714,0.01533507,0.05494321
-0.0008439416,-0.9983714,0.01533507,0.05494321
-0.0008439416,-0.9983714,0.01533507,0.05494321
-0.0008439416,-0.9983714,0.01533507,0.05494321
-0.0008439416,-0.9983714,0.01533507,0.05494321
-0.0008439416,-0.9983714,0.01533507,0.05494321
-0.0008439416,-0.9983714,0.01533507,0.05494321
-0.0008439416,-0.9983714,0.01533507,0.05494321
-0.00084477,-0.9983684,0.01533503,0.05499715
-0.0008501505,-0.998349,0.01533473,0.05534744
-0.0008544536,-0.9983335,0.01533449,0.05562758
-0.0008598164,-0.998314,0.01533419,0.05597672
-0.0008662471,-0.9982904,0.01533383,0.05639539
-0.000874037,-0.9982616,0.01533339,0.05690254
-0.000892773,-0.9981914,0.01533231,0.05812232
-0.000903758,-0.9981495,0.01533166,0.05883749
-0.0009158099,-0.9981029,0.01533095,0.05962211
-0.0009292204,-0.9980504,0.01533014,0.06049519
-0.0009436749,-0.9979928,0.01532926,0.06143623
-0.0009758267,-0.9978618,0.01532724,0.06352943
-0.0009934949,-0.9977879,0.01532611,0.0646797
-0.001012219,-0.9977081,0.01532489,0.06589874
-0.00103201,-0.9976222,0.01532357,0.06718718
-0.001052868,-0.9975298,0.01532215,0.0685451
-0.001098381,-0.9973218,0.01531895,0.07150821
-0.001122724,-0.9972069,0.01531718,0.073093
-0.001148137,-0.9970843,0.0153153,0.07474749
-0.001174906,-0.9969521,0.01531327,0.07649024
-0.001202737,-0.9968114,0.01531111,0.07830212
-0.00126158,-0.9965031,0.01530637,0.08213308
-0.001292571,-0.9963347,0.01530379,0.08415072
-0.001324629,-0.9961563,0.01530105,0.08623777
-0.001358045,-0.9959655,0.01529812,0.08841333
-0.001392494,-0.9957639,0.01529502,0.09065605
-0.001464591,-0.9953254,0.01528828,0.09534986
-0.001502221,-0.9950876,0.01528463,0.09779973
-0.001540908,-0.9948369,0.01528078,0.1003184
-0.001580666,-0.9945725,0.01527672,0.1029067
-0.001621751,-0.994292,0.01527241,0.1055816
-0.001707027,-0.9936869,0.01526312,0.1111334
-0.001751259,-0.9933606,0.0152581,0.114013
-0.001796528,-0.9930179,0.01525284,0.1169602
-0.001842846,-0.9926581,0.01524731,0.1199757
-0.001890493,-0.9922782,0.01524148,0.1230777
-0.001988917,-0.9914625,0.01522895,0.1294855
-0.002039677,-0.9910251,0.01522223,0.1327901
-0.00209147,-0.9905676,0.0152152,0.136162
-0.002144303,-0.9900887,0.01520785,0.1396017
-0.002198465,-0.989585,0.01520011,0.1431279
-0.002309844,-0.9885091,0.01518359,0.150379
-0.002367077,-0.9879351,0.01517477,0.1541051
-0.002425621,-0.9873331,0.01516552,0.1579165
-0.002485185,-0.9867049,0.01515587,0.1617944
-0.002545763,-0.9860502,0.01514581,0.1657382
-0.002669926,-0.9846574,0.01512442,0.1738217
-0.002733522,-0.9839175,0.01511306,0.177962
-0.002798123,-0.9831476,0.01510123,0.1821678
-0.002864022,-0.9823429,0.01508887,0.1864581
-0.002930903,-0.9815064,0.01507602,0.1908123
-0.003067633,-0.9797339,0.0150488,0.1997139
-0.003137466,-0.9787962,0.01503439,0.2042603
-0.003208273,-0.9778228,0.01501944,0.2088701
-0.003280345,-0.9768088,0.01500387,0.2135623
-0.003353388,-0.9757569,0.01498771,0.2183177
-0.003502344,-0.9735364,0.0149536,0.2280153
-0.003578249,-0.9723658,0.01493562,0.232957
-0.003655102,-0.9711534,0.014917,0.2379604
-0.003692234,-0.9705579,0.01490785,0.2403779
-0.003698165,-0.9704622,0.01490638,0.240764
-0.003698165,-0.9704622,0.01490638,0.240764
-0.003698165,-0.9704622,0.01490638,0.240764
-0.003698165,-0.9704622,0.01490638,0.240764
-0.003698165,-0.9704622,0.01490638,0.240764
-0.003698165,-0.9704622,0.01490638,0.240764
-0.003698165,-0.9704622,0.01490638,0.240764
-0.003697124,-0.970479,0.01490664,0.2406963
-0.003695049,-0.9705125,0.01490716,0.2405612
-0.003691655,-0.9705672,0.01490799,0.2403402
-0.003687218,-0.9706388,0.01490909,0.2400513
-0.003675227,-0.9708315,0.01491205,0.2392706
-0.003667678,-0.9709525,0.01491391,0.2387792
-0.003658803,-0.9710944,0.01491609,0.2382014
-0.003648905,-0.9712522,0.01491852,0.237557
-0.003637977,-0.971426,0.01492119,0.2368456
-0.003612961,-0.9718215,0.01492726,0.2352169
-0.003598893,-0.9720428,0.01493066,0.234301
-0.003583783,-0.9722794,0.01493429,0.2333173
-0.003567338,-0.9725357,0.01493823,0.2322467
-0.003549857,-0.9728068,0.01494239,0.2311086
-0.003511751,-0.9733928,0.0149514,0.2286278
-0.003491136,-0.9737071,0.01495622,0.2272856
-0.003469472,-0.9740352,0.01496126,0.2258753
-0.003446468,-0.9743813,0.01496658,0.2243776
-0.00342242,-0.9747404,0.0149721,0.222812
-0.003371177,-0.975497,0.01498372,0.2194758
-0.003343976,-0.9758938,0.01498981,0.217705
-0.003315453,-0.9763062,0.01499615,0.2158481
-0.003285851,-0.9767303,0.01500266,0.2139209
-0.003255195,-0.9771653,0.01500934,0.211925
-0.003190707,-0.9780663,0.01502318,0.2077266
-0.00315659,-0.9785355,0.01503039,0.2055054
-0.003121426,-0.9790134,0.01503773,0.2032162
-0.003085193,-0.9795001,0.0150452,0.2008572
-0.003047893,-0.979995,0.01505281,0.1984288
-0.002970095,-0.981007,0.01506835,0.193364
-0.002929584,-0.981523,0.01507628,0.1907265
-0.002887719,-0.9820488,0.01508435,0.1880009
-0.002844788,-0.9825798,0.01509251,0.185206
-0.002800784,-0.9831153,0.01510074,0.1823412
-0.002709544,-0.9841986,0.01511738,0.1764011
-0.002662309,-0.9847448,0.01512577,0.1733259
-0.002613704,-0.9852965,0.01513424,0.1701616
-0.002564021,-0.9858497,0.01514274,0.166927
-0.002513254,-0.9864036,0.01515124,0.1636219
-0.00240848,-0.9875109,0.01516825,0.1568007
-0.002354173,-0.9880658,0.01517677,0.1532651
-0.002298778,-0.9886185,0.01518526,0.1496586
-0.002242299,-0.9891681,0.01519371,0.1459817
-0.002184727,-0.989714,0.01520209,0.1422335
-0.00206633,-0.9907911,0.01521864,0.1345253
-0.002005199,-0.9913234,0.01522681,0.1305455
-0.001942977,-0.9918485,0.01523488,0.1264946
-0.00187967,-0.9923654,0.01524282,0.1223731
-0.001815271,-0.9928734,0.01525062,0.1181804
-0.001683194,-0.9938592,0.01526576,0.1095818
-0.001615518,-0.9943351,0.01527307,0.1051758
-0.001546473,-0.9948003,0.01528022,0.1006807
-0.001476311,-0.995252,0.01528715,0.09611286
-0.001405061,-0.995689,0.01529387,0.09147422
-0.001259252,-0.9965155,0.01530656,0.0819815
-0.001184417,-0.9969043,0.01531253,0.07710944
-0.001108504,-0.9972743,0.01531822,0.07216725
-0.001031483,-0.9976245,0.0153236,0.06715286
-0.0009533698,-0.9979538,0.01532866,0.0620674
-0.0007938627,-0.9985455,0.01533774,0.05168287
-0.0007121811,-0.9988065,0.01534175,0.04636509
-0.0006294044,-0.9990421,0.01534537,0.04097601
-0.000545547,-0.9992511,0.01534858,0.03551657
-0.0004606039,-0.9994324,0.01535137,0.02998645
-0.0002875003,-0.9997069,0.01535558,0.01871675
-0.0001993301,-0.9997979,0.01535698,0.01297654
-0.0001097833,-0.9998565,0.01535788,0.007146695
-1.91594E-05,-0.9998813,0.01535826,0.001246736
7.251309E-05,-0.999871,0.0153581,-0.004721492
0.0002590498,-0.9997399,0.01535609,-0.01686574
0.0003541927,-0.9996162,0.01535419,-0.02305991
0.0004504126,-0.9994521,0.01535167,-0.02932419
0.0005476704,-0.9992462,0.01534851,-0.03565605
0.0006459721,-0.9989972,0.01534468,-0.04205586
0.0008456862,-0.9983651,0.01533497,-0.05505801
0.0009473997,-0.9979778,0.01532902,-0.06167995
0.001050105,-0.9975421,0.01532233,-0.06836648
0.00115385,-0.9970562,0.01531487,-0.07512066
0.001258588,-0.996519,0.01530661,-0.0819395
0.001471087,-0.9952846,0.01528766,-0.09577398
0.001579105,-0.9945828,0.01527688,-0.1028064
0.001688103,-0.9938238,0.01526522,-0.1099025
0.001798096,-0.9930058,0.01525265,-0.1170635
0.001909041,-0.9921276,0.01523916,-0.1242865
0.002133825,-0.9901844,0.01520932,-0.1389208
0.002247929,-0.9891137,0.01519287,-0.1463494
0.002362943,-0.9879768,0.01517541,-0.1538372
0.002478885,-0.9867719,0.0151569,-0.1613854
0.002595722,-0.9854978,0.01513733,-0.168992
0.002832088,-0.982735,0.01509489,-0.1843803
0.002951885,-0.9812396,0.01507192,-0.1921796
0.003072541,-0.9796685,0.01504779,-0.2000347
0.003194041,-0.97802,0.01502247,-0.2079448
0.003316372,-0.9762927,0.01499594,-0.215909
0.003439815,-0.9744806,0.0149681,-0.2239457
0.003689061,-0.9706088,0.01490863,-0.2401725
0.003814876,-0.9685451,0.01487693,-0.2483636
0.003941448,-0.9663946,0.0148439,-0.2566039
0.004068758,-0.9641557,0.01480951,-0.2648923
0.004196805,-0.9618266,0.01477374,-0.2732286
0.004455573,-0.9568806,0.01469777,-0.2900754
0.004585963,-0.9542659,0.0146576,-0.2985643
0.004717013,-0.9515545,0.01461596,-0.3070962
0.004848697,-0.948745,0.0145728,-0.3156693
0.004981255,-0.9458299,0.01452803,-0.3242992
0.00524816,-0.9396924,0.01443375,-0.3416758
0.005382461,-0.9364671,0.01438421,-0.3504193
0.005517289,-0.9331354,0.01433304,-0.3591971
0.00565262,-0.929696,0.01428021,-0.3680076
0.005925004,-0.9224793,0.01416936,-0.3857409
0.006061993,-0.9186992,0.0141113,-0.3946593
0.006199371,-0.9148053,0.01405148,-0.4036032
0.006337137,-0.9107955,0.01398989,-0.4125723
0.006475254,-0.9066685,0.0139265,-0.4215642
0.006613977,-0.9024144,0.01386116,-0.4305956
0.006892298,-0.8935428,0.01372489,-0.4487154
0.007031837,-0.8889227,0.01365393,-0.4577999
0.007171586,-0.8841777,0.01358104,-0.4668981
0.007311514,-0.8793069,0.01350623,-0.4760079
0.007451599,-0.8743082,0.01342945,-0.485128
0.00763127,-0.8677148,0.01332817,-0.4968252
0.007678734,-0.8659381,0.01330088,-0.4999153
0.007698704,-0.8651863,0.01328933,-0.5012155
0.007698704,-0.8651863,0.01328933,-0.5012155
0.007698704,-0.8651863,0.01328933,-0.5012155
0.007698704,-0.8651863,0.01328933,-0.5012155
0.007698704,-0.8651863,0.01328933,-0.5012155
0.007698704,-0.8651863,0.01328933,-0.5012155
0.007698704,-0.8651863,0.01328933,-0.5012155
0.007698704,-0.8651863,0.01328933,-0.5012155
0.007698704,-0.8651863,0.01328933,-0.5012155
0.007698704,-0.8651863,0.01328933,-0.5012155
0.007698704,-0.8651863,0.01328933,-0.5012155
0.007698704,-0.8651863,0.01328933,-0.5012155
0.007698704,-0.8651863,0.01328933,-0.5012155
0.007698704,-0.8651863,0.01328933,-0.5012155
0.007698704,-0.8651863,0.01328933,-0.5012155
0.007698704,-0.8651863,0.01328933,-0.5012155
0.007698704,-0.8651863,0.01328933,-0.5012155
0.007698704,-0.8651863,0.01328933,-0.5012155
0.007698704,-0.8651863,0.01328933,-0.5012155
0.007698704,-0.8651863,0.01328933,-0.5012155
0.007698704,-0.8651863,0.01328933,-0.5012155
0.007698704,-0.8651863,0.01328933,-0.5012155
0.007698704,-0.8651863,0.01328933,-0.5012155
0.007698704,-0.8651863,0.01328933,-0.5012155
0.007698704,-0.8651863,0.01328933,-0.5012155
0.007698704,-0.8651863,0.01328933,-0.5012155
0.007698704,-0.8651863,0.01328933,-0.5012155
0.007698704,-0.8651863,0.01328933,-0.5012155
0.007698704,-0.8651863,0.01328933,-0.5012155
0.007698704,-0.8651863,0.01328933,-0.5012155
0.007698704,-0.8651863,0.01328933,-0.5012155
0.007698704,-0.8651863,0.01328933,-0.5012155
0.007698704,-0.8651863,0.01328933,-0.5012155
0.007698704,-0.8651863,0.01328933,-0.5012155
0.007698704,-0.8651863,0.01328933,-0.5012155
0.007698704,-0.8651863,0.01328933,-0.5012155
0.007698704,-0.8651863,0.01328933,-0.5012155
0.007699883,-0.8651418,0.01328865,-0.5012922
0.007704979,-0.8649495,0.0132857,-0.501624
0.007708924,-0.8648005,0.01328341,-0.5018808
0.00771379,-0.8646165,0.01328058,-0.5021976
0.007719578,-0.8643975,0.01327722,-0.5025745
0.00772655,-0.8641334,0.01327316,-0.5030284
0.007743252,-0.8634996,0.01326342,-0.5041158
0.007752978,-0.8631296,0.01325774,-0.504749
0.007763613,-0.8627243,0.01325152,-0.5054414
0.007775171,-0.8622831,0.01324474,-0.5061939
0.007787898,-0.8617959,0.01323726,-0.5070225
0.007816077,-0.8607141,0.01322064,-0.508857
0.007831538,-0.8601182,0.01321148,-0.5098636
0.007847902,-0.8594858,0.01320177,-0.5109289
0.007865171,-0.8588165,0.01319149,-0.5120532
0.007883589,-0.8581004,0.01318049,-0.5132523
0.007923129,-0.8565555,0.01315676,-0.5158265
0.007944246,-0.8557261,0.01314402,-0.5172012
0.007966251,-0.8548585,0.0131307,-0.5186339
0.007989151,-0.8539522,0.01311677,-0.5201248
0.008013179,-0.8529975,0.01310211,-0.5216891
0.008063888,-0.8509696,0.01307096,-0.5249904
0.008090569,-0.8498955,0.01305446,-0.5267274
0.008118118,-0.8487813,0.01303735,-0.5285209
0.008146799,-0.8476158,0.01301945,-0.5303882
0.008176335,-0.8464096,0.01300092,-0.5323111
0.008237976,-0.8438724,0.01296195,-0.5363241
0.008270071,-0.8425407,0.01294149,-0.5384137
0.008303261,-0.8411559,0.01292022,-0.5405746
0.008337274,-0.8397288,0.0128983,-0.5427889
0.008372148,-0.8382569,0.01287569,-0.5450593
0.008444393,-0.8351797,0.01282843,-0.5497627
0.008481739,-0.8335741,0.01280377,-0.5521941
0.008519909,-0.8319226,0.0127784,-0.5546792
0.008559138,-0.8302141,0.01275216,-0.557233
0.008599175,-0.8284587,0.01272519,-0.5598396
0.008681612,-0.8248064,0.01266909,-0.5652065
0.008724019,-0.8229079,0.01263993,-0.5679674
0.008767423,-0.8209502,0.01260986,-0.5707932
0.008811603,-0.8189429,0.01257903,-0.5736694
0.00885657,-0.8168843,0.01254741,-0.576597
0.008948752,-0.8126151,0.01248183,-0.5825983
0.008995955,-0.810403,0.01244786,-0.5856714
0.009043895,-0.8081384,0.01241307,-0.5887925
0.009092805,-0.8058087,0.01237729,-0.5919768
0.009142429,-0.8034254,0.01234068,-0.5952075
0.00924379,-0.7984943,0.01226494,-0.6018065
0.009295504,-0.7959457,0.01222579,-0.6051732
0.009347902,-0.7933404,0.01218577,-0.6085845
0.009401209,-0.790666,0.0121447,-0.612055
0.009455172,-0.7879339,0.01210273,-0.6155683
0.009565043,-0.782293,0.01201608,-0.6227213
0.009620927,-0.779383,0.01197139,-0.6263595
0.009677435,-0.7764122,0.01192576,-0.6300384
0.009734785,-0.7733675,0.01187899,-0.6337721
0.009792726,-0.7702606,0.01183127,-0.6375443
0.009910353,-0.7638575,0.01173291,-0.6452022
0.009970013,-0.7605598,0.01168226,-0.6490863
0.01003045,-0.7571842,0.01163041,-0.6530209
0.01009142,-0.7537424,0.01157754,-0.6569906
0.01015292,-0.7502341,0.01152366,-0.660994
0.0102774,-0.7430149,0.01141277,-0.6690987
0.0103404,-0.739301,0.01135573,-0.6731999
0.01040407,-0.7355052,0.01129742,-0.677345
0.01046819,-0.7316386,0.01123803,-0.6815197
0.01053274,-0.7277017,0.01117756,-0.6857219
0.0106631,-0.7196096,0.01105326,-0.6942091
0.0107291,-0.7154397,0.01098921,-0.6985056
0.01079547,-0.7111953,0.01092402,-0.7028268
0.01086221,-0.7068754,0.01085766,-0.7071714
0.01092928,-0.7024796,0.01079015,-0.7115383
0.01106437,-0.6934583,0.01065158,-0.7203332
0.01113237,-0.6888305,0.01058049,-0.7247598
0.01120085,-0.6841089,0.01050797,-0.7292183
0.01126957,-0.6793081,0.01043423,-0.7336925
0.01133853,-0.6744272,0.01035926,-0.7381817
0.01147707,-0.6644201,0.01020555,-0.7472015
0.01154662,-0.659293,0.01012679,-0.7517293
0.01161653,-0.6540671,0.01004652,-0.7562807
0.01168657,-0.6487572,0.009964964,-0.7608405
0.01175672,-0.6433622,0.009882097,-0.7654079
0.01189728,-0.6323159,0.009712425,-0.7745584
0.01196764,-0.6266627,0.00962559,-0.7791393
0.01203822,-0.6209066,0.009537177,-0.7837341
0.0121088,-0.615062,0.009447404,-0.7883292
0.01217936,-0.6091283,0.009356262,-0.792923
0.01226078,-0.6021647,0.009249302,-0.7982242
0.01226608,-0.601707,0.009242271,-0.7985692
0.01225156,-0.6029596,0.00926151,-0.7976239
0.01223637,-0.604266,0.009281578,-0.7966346
0.01222049,-0.6056262,0.00930247,-0.7956011
0.01218669,-0.6085063,0.00934671,-0.7934004
0.01216875,-0.6100262,0.009370055,-0.7922324
0.01214993,-0.6116143,0.009394449,-0.791007
0.01213039,-0.6132554,0.009419656,-0.7897354
0.01211017,-0.6149473,0.009445644,-0.7884187
0.01206757,-0.6184869,0.009500013,-0.7856451
0.01204518,-0.6203341,0.009528386,-0.7841874
0.01202187,-0.6222474,0.009557775,-0.78267
0.01199782,-0.6242113,0.009587941,-0.7811046
0.01197304,-0.6262248,0.009618868,-0.7794913
0.01192121,-0.6304019,0.00968303,-0.776117
0.01189396,-0.6325803,0.00971649,-0.7743425
0.01186594,-0.6348068,0.009750689,-0.7725183
0.01183714,-0.6370813,0.009785626,-0.7706437
0.01180756,-0.6394036,0.009821298,-0.7687179
0.01174602,-0.6441905,0.009894824,-0.7647109
0.01171404,-0.646654,0.009932662,-0.7626289
0.01168105,-0.6491785,0.00997144,-0.7604811
0.01164723,-0.6517485,0.01001092,-0.7582797
0.01161259,-0.6543636,0.01005108,-0.7560241
0.0115771,-0.6570235,0.01009194,-0.7537137
0.01150319,-0.6625026,0.0101761,-0.7489022
0.01146494,-0.6653075,0.01021918,-0.7464115
0.01142581,-0.6681547,0.01026291,-0.7438639
0.01138579,-0.6710437,0.01030729,-0.7412588
0.01134489,-0.6739737,0.0103523,-0.7385957
0.01125996,-0.6799836,0.01044461,-0.7330664
0.01121611,-0.6830478,0.01049167,-0.7302122
0.01117134,-0.6861505,0.01053933,-0.7272975
0.01112564,-0.6892907,0.01058757,-0.7243221
0.011079,-0.6924677,0.01063636,-0.7212854
0.0109824,-0.6989594,0.01073608,-0.7149965
0.01093265,-0.7022575,0.01078674,-0.7117574
0.01088191,-0.70559,0.01083792,-0.708454
0.01083017,-0.708956,0.01088963,-0.7050855
0.01072366,-0.7157854,0.01099452,-0.6981515
0.01066865,-0.7192608,0.01104791,-0.6945705
0.01061262,-0.7227658,0.01110174,-0.6909224
0.01055554,-0.7263003,0.01115603,-0.687206
0.0104974,-0.7298631,0.01121076,-0.6834208
0.01043819,-0.7334533,0.01126591,-0.6795664
0.01031611,-0.7407382,0.0113778,-0.6716182
0.01025342,-0.7444181,0.01143433,-0.6675372
0.01018962,-0.748122,0.01149122,-0.6633834
0.01012471,-0.7518482,0.01154845,-0.6591575
0.009991492,-0.7593642,0.0116639,-0.6504846
0.009922934,-0.7631651,0.01172228,-0.6460212
0.009853217,-0.766984,0.01178094,-0.6414824
0.009782337,-0.7708201,0.01183986,-0.6368678
0.009710276,-0.7746723,0.01189903,-0.6321763
0.009637026,-0.7785396,0.01195844,-0.6274076
0.00948645,-0.7863389,0.01207823,-0.6176044
0.009409339,-0.7902561,0.0121384,-0.6125842
0.009330994,-0.7941836,0.01219873,-0.6074837
0.009251414,-0.79812,0.01225919,-0.6023027
0.0090885,-0.8060145,0.01238045,-0.5916965
0.00900491,-0.8099814,0.01244139,-0.5862545
0.008946946,-0.8126994,0.01248313,-0.5824808
0.008914902,-0.8141906,0.01250604,-0.5803946
0.008909017,-0.8144634,0.01251023,-0.5800115
0.008909018,-0.8144635,0.01251023,-0.5800115
0.008909018,-0.8144635,0.01251023,-0.5800115
0.008909018,-0.8144635,0.01251023,-0.5800115
0.008909018,-0.8144635,0.01251023,-0.5800115
0.008909018,-0.8144635,0.01251023,-0.5800115
0.008909018,-0.8144635,0.01251023,-0.5800115
0.008909018,-0.8144635,0.01251023,-0.5800115
0.008909018,-0.8144635,0.01251023,-0.5800115
0.008909018,-0.8144635,0.01251023,-0.5800115
0.008909018,-0.8144635,0.01251023,-0.5800115
0.008909018,-0.8144635,0.01251023,-0.5800115
0.008909018,-0.8144635,0.01251023,-0.5800115
0.008909018,-0.8144635,0.01251023,-0.5800115
0.008909018,-0.8144635,0.01251023,-0.5800115
0.008909018,-0.8144635,0.01251023,-0.5800115
0.008909018,-0.8144635,0.01251023,-0.5800115
0.008909018,-0.8144635,0.01251023,-0.5800115
0.008908138,-0.8145043,0.01251086,-0.5799543
0.008906386,-0.8145854,0.0125121,-0.5798402
0.008903771,-0.8147067,0.01251397,-0.57967
0.008900035,-0.8148797,0.01251662,-0.5794268
0.00888997,-0.8153452,0.01252377,-0.5787715
0.008883622,-0.8156384,0.01252828,-0.5783583
0.008876394,-0.8159719,0.0125334,-0.5778877
0.008868298,-0.8163449,0.01253913,-0.5773607
0.008859087,-0.8167686,0.01254564,-0.5767609
0.008838044,-0.8177342,0.01256047,-0.575391
0.008826192,-0.8182767,0.0125688,-0.5746194
0.008813458,-0.8188582,0.01257773,-0.5737904
0.0087996,-0.8194897,0.01258743,-0.5728881
0.008784854,-0.82016,0.01259773,-0.5719281
0.008752692,-0.8216162,0.0126201,-0.5698342
0.008735281,-0.8224011,0.01263215,-0.5687007
0.008716972,-0.8232242,0.0126448,-0.5675086
0.008697763,-0.8240849,0.01265802,-0.5662581
0.008677655,-0.8249829,0.01267181,-0.5649489
0.008634233,-0.8269116,0.01270144,-0.562122
0.008611162,-0.8279308,0.01271709,-0.56062
0.008587179,-0.8289859,0.0127333,-0.5590586
0.008562273,-0.8300771,0.01275006,-0.5574371
0.008536203,-0.8312144,0.01276753,-0.5557399
0.008481286,-0.8335937,0.01280407,-0.5521646
0.008452431,-0.834835,0.01282314,-0.550286
0.008422644,-0.8361101,0.01284273,-0.5483467
0.008391921,-0.8374184,0.01286282,-0.5463465
0.008360001,-0.8387706,0.01288359,-0.5442684
0.008293321,-0.8415716,0.01292662,-0.5399273
0.008258546,-0.8430198,0.01294886,-0.5376633
0.00822281,-0.8444991,0.01297158,-0.5353368
0.008186111,-0.8460089,0.01299477,-0.5329476
0.008148196,-0.8475589,0.01301858,-0.5304792
0.008069433,-0.8507467,0.01306755,-0.5253515
0.008028565,-0.852384,0.01309269,-0.5226908
0.007986709,-0.854049,0.01311827,-0.5199658
0.00794386,-0.8557412,0.01314426,-0.5171762
0.007899747,-0.8574703,0.01317082,-0.5143043
0.007808512,-0.8610051,0.01322512,-0.5083646
0.007761374,-0.8628095,0.01325283,-0.5052957
0.007713221,-0.864638,0.01328092,-0.5021607
0.007664032,-0.8664899,0.01330936,-0.4989584
0.007613555,-0.8683739,0.0133383,-0.4956721
0.007509492,-0.8722062,0.01339717,-0.4888973
0.00745588,-0.8741535,0.01342708,-0.4854069
0.007401212,-0.8761204,0.01345729,-0.4818478
0.007345494,-0.8781055,0.01348778,-0.4782204
0.007288456,-0.8801178,0.01351869,-0.474507
0.007171147,-0.8841927,0.01358128,-0.4668697
0.007140058,-0.8852585,0.01359765,-0.4648457
0.00713724,-0.8853548,0.01359913,-0.4646623
0.00713724,-0.8853548,0.01359913,-0.4646623
0.00713724,-0.8853548,0.01359913,-0.4646623
0.00713724,-0.8853548,0.01359913,-0.4646623
0.00713724,-0.8853548,0.01359913,-0.4646623
0.00713724,-0.8853548,0.01359913,-0.4646623
0.00713724,-0.8853548,0.01359913,-0.4646623
0.00713724,-0.8853548,0.01359913,-0.4646623
0.00713724,-0.8853548,0.01359913,-0.4646623
0.00713724,-0.8853548,0.01359913,-0.4646623
0.00713724,-0.8853548,0.01359913,-0.4646623
0.00713724,-0.8853548,0.01359913,-0.4646623
0.00713724,-0.8853548,0.01359913,-0.4646623
