-0.01535787,-0.007276645,0.0001117386,0.9998556
-0.01535821,0.002914921,-4.480476E-05,0.9998778
-0.01535733,0.01107527,-0.0001701484,0.9998207
-0.01535487,0.02106369,-0.0003235714,0.9996602
-0.01535423,0.02294149,-0.0003524145,0.9996189
-0.01535423,0.02294149,-0.0003524145,0.9996189
-0.01535423,0.02294149,-0.0003524145,0.9996189
-0.01535423,0.02294149,-0.0003524145,0.9996189
-0.01535423,0.02294149,-0.0003524145,0.9996189
-0.01535423,0.02294149,-0.0003524145,0.9996189
-0.01535423,0.02294149,-0.0003524145,0.9996189
-0.01535423,0.02294149,-0.0003524145,0.9996189
-0.01535423,0.02294149,-0.0003524145,0.9996189
-0.01535423,0.02294149,-0.0003524145,0.9996189
-0.01535423,0.02294149,-0.0003524145,0.9996189
-0.01535423,0.02294149,-0.0003524145,0.9996189
-0.01535423,0.02294149,-0.0003524145,0.9996189
-0.01535423,0.02294149,-0.0003524145,0.9996189
-0.01535423,0.02294149,-0.0003524145,0.9996189
-0.01535423,0.02294149,-0.0003524145,0.9996189
-0.01535423,0.02294149,-0.0003524145,0.9996189
-0.01535423,0.02294149,-0.0003524145,0.9996189
-0.01535423,0.02294149,-0.0003524145,0.9996189
-0.01535423,0.02294149,-0.0003524145,0.9996189
-0.01535423,0.02294149,-0.0003524145,0.9996189
-0.01535423,0.02294149,-0.0003524145,0.9996189
-0.01535423,0.02294149,-0.0003524145,0.9996189
-0.01535423,0.02294149,-0.0003524145,0.9996189
-0.01535423,0.02294149,-0.0003524145,0.9996189
-0.01535423,0.02294149,-0.0003524145,0.9996189
-0.01535423,0.02294149,-0.0003524145,0.9996189
-0.01535423,0.02294149,-0.0003524145,0.9996189
-0.01535423,0.02294149,-0.0003524145,0.9996189
-0.01535423,0.02294149,-0.0003524145,0.9996189
-0.01535423,0.02294149,-0.0003524145,0.9996189
-0.01535423,0.02294149,-0.0003524145,0.9996189
-0.01535423,0.02294149,-0.0003524145,0.9996189
-0.01535423,0.02294149,-0.0003524145,0.9996189
-0.01535423,0.02294149,-0.0003524145,0.9996189
-0.01535423,0.02294149,-0.0003524145,0.9996189
-0.01535423,0.02294149,-0.0003524145,0.9996189
-0.01535423,0.02294149,-0.0003524145,0.9996189
-0.01535423,0.02294149,-0.0003524145,0.9996189
-0.01535423,0.02294149,-0.0003524145,0.9996189
-0.01535423,0.02294149,-0.0003524145,0.9996189
-0.01535423,0.02294149,-0.0003524145,0.9996189
-0.01535423,0.02294149,-0.0003524145,0.9996189
-0.01535423,0.02294149,-0.0003524145,0.9996189
-0.01535423,0.02294149,-0.0003524145,0.9996189
-0.01535423,0.02294149,-0.0003524145,0.9996189
-0.01535423,0.02294149,-0.0003524145,0.9996189
-0.01535423,0.02294149,-0.0003524145,0.9996189
-0.01535423,0.02294149,-0.0003524145,0.9996189
-0.01535423,0.02294149,-0.0003524145,0.9996189
-0.01535423,0.02294149,-0.0003524145,0.9996189
-0.01535423,0.02294149,-0.0003524145,0.9996189
-0.01535423,0.02294149,-0.0003524145,0.9996189
-0.01535423,0.02294149,-0.0003524145,0.9996189
-0.01535423,0.02294149,-0.0003524145,0.9996189
-0.01535423,0.02294149,-0.0003524145,0.9996189
-0.01535423,0.02294149,-0.0003524145,0.9996189
-0.01535423,0.02294149,-0.0003524145,0.9996189
-0.01535423,0.02294149,-0.0003524145,0.9996189
-0.01535423,0.02294149,-0.0003524145,0.9996189
-0.01535423,0.02294149,-0.0003524145,0.9996189
-0.01535423,0.02294149,-0.0003524145,0.9996189
-0.01535423,0.02294149,-0.0003524145,0.9996189
-0.01535423,0.02294149,-0.0003524145,0.9996189
-0.01535423,0.02294149,-0.0003524145,0.9996189
-0.01535423,0.02294149,-0.0003524145,0.9996189
-0.01535423,0.02294149,-0.0003524145,0.9996189
-0.01535426,0.02287248,-0.0003513545,0.9996205
-0.0153543,0.02273404,-0.0003492281,0.9996237
-0.01535447,0.02224879,-0.0003417745,0.9996346
-0.0153546,0.02188219,-0.0003361436,0.9996427
-0.01535474,0.02144614,-0.0003294458,0.9996521
-0.01535491,0.02094044,-0.0003216782,0.9996628
-0.01535509,0.02036582,-0.0003128521,0.9996747
-0.01535529,0.01972139,-0.0003029535,0.9996876
-0.01535574,0.01818539,-0.0002793604,0.9997168
-0.01535597,0.01731309,-0.0002659619,0.9997321
-0.01535622,0.01637167,-0.0002515016,0.9997481
-0.01535646,0.01536084,-0.0002359751,0.9997641
-0.01535695,0.01313123,-0.0002017282,0.9997959
-0.01535719,0.01189294,-0.000182708,0.9998114
-0.01535741,0.0105844,-0.0001626087,0.9998261
-0.01535762,0.009206629,-0.000141446,0.9998397
-0.01535781,0.007759376,-0.000119216,0.999852
-0.01535811,0.004656417,-7.15543E-05,0.9998713
-0.01535821,0.002980945,-4.581891E-05,0.9998776
-0.01535826,0.001236079,-1.901762E-05,0.9998813
-0.01535827,-0.0005778714,8.844814E-06,0.9998819
-0.01535823,-0.002461346,3.777514E-05,0.9998791
-0.01535812,-0.004414903,6.778196E-05,0.9998723
-0.01535771,-0.008568482,0.0001315813,0.9998454
-0.01535739,-0.01074921,0.0001650774,0.9998243
-0.01535698,-0.01299959,0.0001996434,0.9997976
-0.01535647,-0.01531914,0.000235272,0.9997647
-0.01535515,-0.0201662,0.0003097232,0.9996787
-0.01535431,-0.02271315,0.0003488446,0.9996241
-0.01535335,-0.02532978,0.0003890363,0.9995612
-0.01535224,-0.02801592,0.0004302956,0.9994895
-0.015351,-0.03077068,0.000472609,0.9994085
-0.01534959,-0.03361415,0.0005162848,0.9993169
-0.01534628,-0.03950836,0.0006068204,0.9991012
-0.01534436,-0.04255905,0.0006536794,0.9989759
-0.01534224,-0.045679,0.000701602,0.9988381
-0.01533992,-0.04886754,0.0007505783,0.9986872
-0.01533738,-0.05214487,0.0008009183,0.9985214
-0.0153316,-0.05890506,0.0009047555,0.9981455
-0.01532835,-0.06238811,0.0009582556,0.9979338
-0.01532484,-0.06594048,0.00101282,0.9977054
-0.01532107,-0.06956106,0.001068433,0.9974595
-0.01531699,-0.0732695,0.001125395,0.997194
-0.01530794,-0.08089122,0.001242465,0.9966046
-0.01530294,-0.08480404,0.001302566,0.9962793
-0.01529761,-0.08878384,0.001363696,0.9959325
-0.01529194,-0.09283151,0.001425869,0.9955634
-0.01528592,-0.09694753,0.001489091,0.995171
-0.01527268,-0.10542,0.001619229,0.9943092
-0.01526547,-0.1097568,0.001685842,0.9938398
-0.01525785,-0.1141594,0.001753466,0.9933438
-0.0152498,-0.1186294,0.001822127,0.9928198
-0.01524128,-0.1231856,0.00189211,0.9922648
-0.01522284,-0.1324966,0.002035128,0.9910645
-0.0152129,-0.1372505,0.002108149,0.9904173
-0.01520246,-0.1420705,0.002182185,0.9897374
-0.0151915,-0.1469557,0.002257221,0.9890239
-0.01517996,-0.1519233,0.002333523,0.988273
-0.01515522,-0.1620567,0.002489174,0.9866619
-0.01514198,-0.1672199,0.002568481,0.9858
-0.01512814,-0.1724463,0.00264876,0.9848992
-0.01511369,-0.1777367,0.002730021,0.9839583
-0.01510461,-0.1809797,0.002779833,0.9833669
-0.01510288,-0.1815911,0.002789224,0.9832542
-0.01510288,-0.1815911,0.002789224,0.9832542
-0.01510288,-0.1815911,0.002789224,0.9832542
-0.01510288,-0.1815911,0.002789224,0.9832542
-0.01510288,-0.1815911,0.002789224,0.9832542
-0.01510288,-0.1815911,0.002789224,0.9832542
-0.01510288,-0.1815911,0.002789224,0.9832542
-0.01510288,-0.1815911,0.002789224,0.9832542
-0.01510288,-0.1815911,0.002789224,0.9832542
-0.01510288,-0.1815911,0.002789224,0.9832542
-0.01510288,-0.1815911,0.002789224,0.9832542
-0.01510288,-0.1815911,0.002789224,0.9832542
-0.01510288,-0.1815911,0.002789224,0.9832542
-0.01510288,-0.1815911,0.002789224,0.9832542
-0.01510288,-0.1815911,0.002789224,0.9832542
-0.01510288,-0.1815911,0.002789224,0.9832542
-0.01510288,-0.1815911,0.002789224,0.9832542
-0.01510288,-0.1815911,0.002789224,0.9832542
-0.01510288,-0.1815911,0.002789224,0.9832542
-0.01510288,-0.1815911,0.002789224,0.9832542
-0.01510288,-0.1815911,0.002789224,0.9832542
-0.01510288,-0.1815911,0.002789224,0.9832542
-0.01510288,-0.1815911,0.002789224,0.9832542
-0.01510288,-0.1815911,0.002789224,0.9832542
-0.01510288,-0.1815911,0.002789224,0.9832542
-0.01510288,-0.1815911,0.002789224,0.9832542
-0.01510307,-0.181523,0.002788179,0.9832668
-0.01510346,-0.1813866,0.002786084,0.9832919
-0.01510404,-0.1811817,0.002782936,0.9833297
-0.01510486,-0.180889,0.00277844,0.9833836
-0.01510709,-0.1800993,0.00276631,0.9835286
-0.01510849,-0.1796016,0.002758665,0.9836196
-0.01511007,-0.1790356,0.002749972,0.9837227
-0.01511184,-0.1784016,0.002740234,0.983838
-0.01511385,-0.1776798,0.002729147,0.9839686
-0.0151184,-0.1760305,0.002703813,0.984265
-0.01512094,-0.175103,0.002689566,0.9844303
-0.01512365,-0.1741072,0.002674271,0.9846069
-0.01512659,-0.1730234,0.002657624,0.984798
-0.01512968,-0.1718729,0.002639951,0.9849994
-0.01513636,-0.1693629,0.002601399,0.9854341
-0.01513993,-0.1680051,0.002580541,0.9856665
-0.01514365,-0.1665784,0.002558627,0.9859086
-0.01514751,-0.1650826,0.002535652,0.9861602
-0.01515157,-0.1634985,0.00251132,0.9864241
-0.01516007,-0.1601237,0.002459483,0.9869775
-0.0151645,-0.1583321,0.002431963,0.9872665
-0.01516906,-0.1564717,0.002403388,0.9875631
-0.01517377,-0.1545232,0.002373458,0.9878698
-0.01517859,-0.1525063,0.002342479,0.9881831
-0.0151885,-0.1482625,0.002277293,0.9888288
-0.01519359,-0.1460373,0.002243115,0.9891599
-0.01519875,-0.1437422,0.002207862,0.989496
-0.01520403,-0.141358,0.00217124,0.9898394
-0.01520936,-0.1389034,0.002133538,0.9901868
-0.01522018,-0.133787,0.002054949,0.9908912
-0.01522565,-0.1311237,0.002014041,0.9912471
-0.01523114,-0.1283911,0.001972068,0.9916047
-0.01523669,-0.1255691,0.001928722,0.991966
-0.01524225,-0.1226771,0.001884299,0.9923279
-0.01525335,-0.116683,0.00179223,0.9930505
-0.01525887,-0.1135811,0.001744585,0.9934101
-0.01526436,-0.1104085,0.001695853,0.9937676
-0.01526985,-0.1071466,0.001645749,0.9941247
-0.01527528,-0.1038148,0.001594573,0.9944781
-0.01528593,-0.09694,0.001488976,0.9951718
-0.01529113,-0.093397,0.001434555,0.9955105
-0.01529627,-0.08976435,0.001378757,0.9958446
-0.01530129,-0.08606106,0.001321874,0.9961715
-0.01530618,-0.08228754,0.001263912,0.9964903
-0.01531556,-0.0745289,0.001144739,0.9971007
-0.01532001,-0.07054418,0.001083533,0.9973905
-0.01532429,-0.06648771,0.001021226,0.9976691
-0.0153284,-0.06234216,0.0009575498,0.9979367
-0.01533231,-0.05812675,0.0008928006,0.9981911
-0.01533946,-0.04948401,0.0007600473,0.9986569
-0.01534268,-0.04505792,0.0006920623,0.9988663
-0.01534565,-0.0405427,0.000622708,0.9990598
-0.01534835,-0.03595673,0.0005522671,0.9992353
-0.01535075,-0.03130007,0.0004807404,0.999392
-0.01535464,-0.0217767,0.0003344606,0.9996449
-0.01535608,-0.01690972,0.0002597033,0.9997391
-0.01535718,-0.01197287,0.0001838728,0.9998104
-0.01535791,-0.006948053,0.0001066912,0.999858
-0.01535825,-0.001852678,2.842578E-05,0.9998804
-0.01535772,0.00854729,-0.0001313187,0.9998456
-0.01535681,0.01385116,-0.0002127866,0.9997861
-0.01535543,0.01924334,-0.000295611,0.9996969
-0.01535359,0.02470425,-0.000379491,0.9995769
-0.01535126,0.03023287,-0.0004644112,0.9994249
-0.01534504,0.04149736,-0.0006374347,0.9990206
-0.01534113,0.04723195,-0.0007255185,0.9987659
-0.01533664,0.05305398,-0.0008149454,0.9984736
-0.01533157,0.0589433,-0.0009054058,0.9981433
-0.01532589,0.06490028,-0.0009969056,0.9977736
-0.01531265,0.07701306,-0.001182959,0.9969118
-0.01530503,0.08318882,-0.001277819,0.9964155
-0.01529672,0.08942997,-0.001373684,0.9958748
-0.01528771,0.09573618,-0.001470548,0.9952883
-0.01527798,0.1021091,-0.001568436,0.9946547
-0.01525627,0.115049,-0.001767194,0.9932411
-0.01524425,0.1216158,-0.00186806,0.9924585
-0.01523138,0.1282646,-0.001970186,0.9916211
-0.01521769,0.1349765,-0.002073281,0.9907298
-0.01520315,0.1417513,-0.002177343,0.9897832
-0.01517144,0.1554863,-0.002388313,0.9877186
-0.01515418,0.1624645,-0.0024955,0.9865949
-0.01513598,0.1695033,-0.002603616,0.98541
-0.01511682,0.1766019,-0.002712651,0.9841626
-0.01509668,0.1837597,-0.002822596,0.9828513
-0.01505336,0.1982493,-0.003045158,0.9800313
-0.01503008,0.2055986,-0.003158043,0.9785159
-0.01500573,0.2130047,-0.003271802,0.9769304
-0.01498028,0.2204667,-0.003386419,0.9752735
-0.01495371,0.2279835,-0.003501877,0.9735439
-0.01489714,0.2431765,-0.003735243,0.9698605
-0.014867,0.2508716,-0.00385344,0.9678985
-0.01483566,0.2586163,-0.0039724,0.965858
-0.01480307,0.266413,-0.004092157,0.9637366
-0.01476923,0.2742578,-0.004212654,0.9615335
-0.01469768,0.2900932,-0.004455887,0.9568751
-0.01465983,0.2980998,-0.004578868,0.9544111
-0.01462063,0.3061503,-0.004702525,0.9518593
-0.01458005,0.3142458,-0.004826873,0.9492174
-0.01453808,0.3223837,-0.004951871,0.9464845
-0.01444981,0.3387854,-0.005203802,0.9407383
-0.01440338,0.3470642,-0.005330966,0.9377156
-0.01435546,0.3553806,-0.005458706,0.9345955
-0.01430601,0.3637337,-0.005587012,0.9313764
-0.01425502,0.372122,-0.005715857,0.9280568
-0.01414832,0.3889992,-0.005975091,0.9211101
-0.01409244,0.397503,-0.00610571,0.9174724
-0.01403493,0.4060356,-0.006236772,0.9137282
-0.01397575,0.4145971,-0.006368277,0.9098755
-0.01391489,0.4231846,-0.006500181,0.9059133
-0.01385233,0.4317971,-0.006632471,0.90184
-0.01372173,0.4491233,-0.006898602,0.8933378
-0.01365378,0.4578176,-0.007032146,0.8889136
-0.01358403,0.4665285,-0.007165947,0.8843729
-0.01351246,0.4752564,-0.007300009,0.8797132
-0.01336377,0.492754,-0.007568771,0.8700331
-0.01328647,0.501536,-0.007703665,0.8650004
-0.01320726,0.5103257,-0.007838675,0.8598441
-0.01312614,0.5191218,-0.007973783,0.8545623
-0.01304306,0.5279229,-0.008108968,0.8491535
-0.01287098,0.5455293,-0.008379404,0.8379511
-0.01278178,0.5543472,-0.008514847,0.8321437
-0.01269056,0.5631607,-0.008650223,0.8262047
-0.01259729,0.5719676,-0.008785496,0.8201324
-0.01250196,0.5807649,-0.008920625,0.8139264
-0.01240456,0.589551,-0.00905558,0.8075851
-0.0122741,0.6010126,-0.009231632,0.799092
-0.01223712,0.6042005,-0.009280597,0.7966844
-0.01221939,0.6057191,-0.009303924,0.7955303
-0.01221939,0.6057191,-0.009303924,0.7955303
-0.01221939,0.6057191,-0.009303924,0.7955303
-0.01221939,0.6057191,-0.009303924,0.7955303
-0.01221939,0.6057191,-0.009303924,0.7955303
-0.01221939,0.6057191,-0.009303924,0.7955303
-0.01221939,0.6057191,-0.009303924,0.7955303
-0.01221939,0.6057191,-0.009303924,0.7955303
-0.01221939,0.6057191,-0.009303924,0.7955303
-0.01221939,0.6057191,-0.009303924,0.7955303
-0.01221939,0.6057191,-0.009303924,0.7955303
-0.01221939,0.6057191,-0.009303924,0.7955303
-0.01221939,0.6057191,-0.009303924,0.7955303
-0.01221939,0.6057191,-0.009303924,0.7955303
-0.01221939,0.6057191,-0.009303924,0.7955303
-0.01221939,0.6057191,-0.009303924,0.7955303
-0.01221939,0.6057191,-0.009303924,0.7955303
-0.01221939,0.6057191,-0.009303924,0.7955303
-0.01221939,0.6057191,-0.009303924,0.7955303
-0.01221939,0.6057191,-0.009303924,0.7955303
-0.01221939,0.6057191,-0.009303924,0.7955303
-0.01221939,0.6057191,-0.009303924,0.7955303
-0.01221939,0.6057191,-0.009303924,0.7955303
-0.01221939,0.6057191,-0.009303924,0.7955303
-0.01221939,0.6057191,-0.009303924,0.7955303
-0.01221939,0.6057191,-0.009303924,0.7955303
-0.01221939,0.6057191,-0.009303924,0.7955303
-0.01221939,0.6057191,-0.009303924,0.7955303
-0.01221939,0.6057191,-0.009303924,0.7955303
-0.01221939,0.6057191,-0.009303924,0.7955303
-0.01221939,0.6057191,-0.009303924,0.7955303
-0.01221939,0.6057191,-0.009303924,0.7955303
-0.01221939,0.6057191,-0.009303924,0.7955303
-0.01221939,0.6057191,-0.009303924,0.7955303
-0.01221939,0.6057191,-0.009303924,0.7955303
-0.01221939,0.6057191,-0.009303924,0.7955303
-0.01221939,0.6057191,-0.009303924,0.7955303
-0.01221939,0.6057191,-0.009303924,0.7955303
-0.01221939,0.6057191,-0.009303924,0.7955303
-0.01221939,0.6057191,-0.009303924,0.7955303
-0.01221939,0.6057191,-0.009303924,0.7955303
-0.01221939,0.6057191,-0.009303924,0.7955303
-0.01221939,0.6057191,-0.009303924,0.7955303
-0.01221939,0.6057191,-0.009303924,0.7955303
-0.01221939,0.6057191,-0.009303924,0.7955303
-0.01221939,0.6057191,-0.009303924,0.7955303
-0.01221939,0.6057191,-0.009303924,0.7955303
-0.01221939,0.6057191,-0.009303924,0.7955303
-0.01221939,0.6057191,-0.009303924,0.7955303
-0.01221875,0.6057746,-0.009304775,0.7954881
-0.01221745,0.605885,-0.009306471,0.795404
-0.01221551,0.6060512,-0.009309024,0.7952774
-0.01221275,0.6062871,-0.009312647,0.7950976
-0.01220526,0.6069254,-0.009322451,0.7946104
-0.01220054,0.6073277,-0.009328631,0.794303
-0.01219517,0.6077845,-0.009335647,0.7939535
-0.01218916,0.608296,-0.009343505,0.7935617
-0.0121823,0.6088781,-0.009352447,0.7931151
-0.0121666,0.6102069,-0.009372856,0.7920933
-0.01215776,0.6109527,-0.009384313,0.791518
-0.01214827,0.6117532,-0.009396607,0.7908996
-0.01213792,0.6126232,-0.009409971,0.7902259
-0.01212708,0.6135319,-0.009423928,0.7895206
-0.01210303,0.6155419,-0.009454802,0.7879546
-0.01208998,0.6166275,-0.009471476,0.7871053
-0.01207626,0.6177664,-0.009488971,0.7862117
-0.01206185,0.6189587,-0.009507283,0.7852735
-0.01204656,0.6202195,-0.009526649,0.784278
-0.01201389,0.6228989,-0.009567805,0.7821516
-0.01199651,0.6243172,-0.009589589,0.7810199
-0.01197843,0.6257873,-0.009612171,0.7798426
-0.01195963,0.6273096,-0.009635552,0.7786186
-0.01193992,0.6288989,-0.009659964,0.7773355
-0.01189833,0.6322306,-0.009711141,0.774628
-0.01187644,0.6339725,-0.009737897,0.7732031
-0.01185382,0.635765,-0.009765429,0.7717299
-0.01183045,0.6376075,-0.00979373,0.7702084
-0.01180613,0.6395148,-0.009823026,0.7686254
-0.01175522,0.6434771,-0.009883887,0.7653112
-0.01172862,0.6455315,-0.009915444,0.7635792
-0.01170125,0.6476337,-0.009947733,0.761797
-0.01167309,0.6497841,-0.009980762,0.7599636
-0.01164394,0.6519968,-0.01001475,0.7580662
-0.01158325,0.656563,-0.01008489,0.7541148
-0.0115517,0.6589149,-0.01012101,0.7520608
-0.01151932,0.6613126,-0.01015784,0.7499532
-0.01148612,0.6637557,-0.01019537,0.7477918
-0.01145191,0.6662568,-0.01023379,0.7455642
-0.01138091,0.6713935,-0.01031268,0.740942
-0.01134413,0.6740265,-0.01035313,0.7385476
-0.01130648,0.6767024,-0.01039423,0.7360965
-0.01126794,0.6794215,-0.010436,0.7335874
-0.01122833,0.6821954,-0.0104786,0.7310086
-0.01114643,0.6878648,-0.01056569,0.7256764
-0.01110411,0.6907595,-0.01061015,0.7229216
-0.01106068,0.6937067,-0.01065542,0.7200939
-0.01101633,0.6966912,-0.01070126,0.7172067
-0.01097104,0.6997144,-0.01074769,0.7142577
-0.01087759,0.705871,-0.01084226,0.708174
-0.01082943,0.7090025,-0.01089036,0.7050388
-0.0107803,0.7121691,-0.010939,0.70184
-0.01072998,0.7153829,-0.01098836,0.6985638
-0.01067865,0.7186306,-0.01103825,0.6952224
-0.010573,0.7252221,-0.01113949,0.6883438
-0.01051864,0.7285644,-0.01119083,0.6848052
-0.01046326,0.7319368,-0.01124263,0.6811994
-0.01040661,0.7353522,-0.01129509,0.6775112
-0.01034891,0.7387955,-0.01134798,0.6737547
-0.01023034,0.7457621,-0.01145499,0.6660354
-0.01016943,0.7492847,-0.0115091,0.6620699
-0.0101072,0.7528449,-0.01156378,0.6580189
-0.01004387,0.7564288,-0.01161883,0.6538959
-0.009979437,0.7600349,-0.01167422,0.6497008
-0.009847209,0.7673101,-0.01178597,0.6410923
-0.00977938,0.7709782,-0.01184231,0.6366764
-0.009710409,0.7746643,-0.01189893,0.6321861
-0.009640056,0.7783797,-0.011956,0.6276059
-0.009568525,0.7821118,-0.01201332,0.6229489
-0.009421907,0.7896203,-0.01212865,0.6134036
-0.009346804,0.7933943,-0.01218662,0.6085141
-0.009270475,0.7971811,-0.01224479,0.6035449
-0.009192713,0.8009889,-0.01230328,0.5984823
-0.00911371,0.8048063,-0.01236191,0.5933389
-0.008952004,0.8124624,-0.01247951,0.5828112
-0.008869273,0.8162992,-0.01253844,0.5774251
-0.00878528,0.8201399,-0.01259744,0.5719569
-0.008734678,0.8224276,-0.01263258,0.5686625
-0.008710207,0.8235267,-0.01264946,0.5670694
-0.008710208,0.8235268,-0.01264946,0.5670695
-0.008710208,0.8235268,-0.01264946,0.5670695
-0.008710208,0.8235268,-0.01264946,0.5670695
-0.008710208,0.8235268,-0.01264946,0.5670695
-0.008710208,0.8235268,-0.01264946,0.5670695
-0.008710208,0.8235268,-0.01264946,0.5670695
-0.008710208,0.8235268,-0.01264946,0.5670695
-0.008710208,0.8235268,-0.01264946,0.5670695
-0.008710208,0.8235268,-0.01264946,0.5670695
-0.008710208,0.8235268,-0.01264946,0.5670695
-0.008710208,0.8235268,-0.01264946,0.5670695
-0.008710208,0.8235268,-0.01264946,0.5670695
-0.008710208,0.8235268,-0.01264946,0.5670695
-0.008710208,0.8235268,-0.01264946,0.5670695
-0.008710208,0.8235268,-0.01264946,0.5670695
-0.008710208,0.8235268,-0.01264946,0.5670695
-0.008710208,0.8235268,-0.01264946,0.5670695
-0.008710208,0.8235268,-0.01264946,0.5670695
-0.008711068,0.8234882,-0.01264887,0.5671254
-0.008712822,0.8234096,-0.01264766,0.5672396
-0.008718962,0.8231341,-0.01264343,0.5676394
-0.008723347,0.8229371,-0.0126404,0.5679249
-0.008728858,0.8226894,-0.0126366,0.5682837
-0.008735225,0.8224029,-0.0126322,0.5686982
-0.008742488,0.8220758,-0.01262717,0.569171
-0.008759627,0.8213021,-0.01261529,0.5702868
-0.008769508,0.8208551,-0.01260842,0.5709301
-0.008780486,0.8203575,-0.01260078,0.5716448
-0.008792347,0.8198189,-0.01259251,0.572417
-0.008805076,0.8192397,-0.01258361,0.5732456
-0.00883311,0.8179595,-0.01256395,0.5750707
-0.008848671,0.8172464,-0.01255299,0.5760838
-0.008865093,0.8164917,-0.0125414,0.5771529
-0.008882369,0.8156955,-0.01252917,0.5782776
-0.008900499,0.8148574,-0.0125163,0.579458
-0.008939287,0.8130557,-0.01248862,0.5819833
-0.008960197,0.8120796,-0.01247363,0.5833446
-0.008981945,0.8110606,-0.01245798,0.5847604
-0.009004521,0.809999,-0.01244167,0.5862302
-0.009027937,0.8088934,-0.01242469,0.5877547
-0.00907727,0.80655,-0.0123887,0.5909664
-0.009103165,0.805312,-0.01236968,0.5926523
-0.009130127,0.8040172,-0.01234979,0.5944077
-0.009157892,0.8026777,-0.01232922,0.5962153
-0.009186466,0.8012924,-0.01230794,0.5980756
-0.009246035,0.7983832,-0.01226326,0.6019538
-0.009277253,0.7968468,-0.01223966,0.6039862
-0.009309253,0.7952635,-0.01221534,0.6060694
-0.009342037,0.7936323,-0.01219028,0.6082038
-0.009375599,0.791953,-0.01216449,0.6103888
-0.009445039,0.788448,-0.01211065,0.6149096
-0.009481139,0.7866095,-0.01208241,0.6172598
-0.009517975,0.7847217,-0.01205342,0.619658
-0.00955557,0.7827828,-0.01202363,0.6221055
-0.009593905,0.7807928,-0.01199307,0.6246013
-0.009672782,0.776657,-0.01192954,0.6297365
-0.009713531,0.7744985,-0.01189639,0.6323894
-0.009754971,0.7722877,-0.01186243,0.6350873
-0.009797137,0.770022,-0.01182763,0.6378325
-0.00983999,0.7677026,-0.011792,0.6406224
-0.009927748,0.7628985,-0.01171821,0.6463357
-0.009972869,0.7604001,-0.01167984,0.6492733
-0.01001865,0.757845,-0.01164059,0.6522538
-0.01006508,0.7552327,-0.01160047,0.6552768
-0.01011216,0.7525628,-0.01155946,0.6583413
-0.01015987,0.7498344,-0.01151755,0.6614473
-0.01025759,0.7441735,-0.0114306,0.6678098
-0.01030735,0.7412539,-0.01138575,0.6710491
-0.01035772,0.7382719,-0.01133995,0.6743284
-0.01040865,0.7352293,-0.01129321,0.6776444
-0.0104394,0.7333795,-0.0112648,0.679646
-0.0104394,0.7333795,-0.0112648,0.679646
-0.0104394,0.7333795,-0.0112648,0.679646
-0.01043862,0.7334266,-0.01126552,0.6795952
-0.01043705,0.733521,-0.01126697,0.6794933
-0.0104347,0.7336627,-0.01126915,0.6793402
-0.01042723,0.734113,-0.01127606,0.6788537
-0.01042231,0.7344088,-0.01128061,0.6785336
-0.0104166,0.7347519,-0.01128588,0.678162
-0.01041011,0.7351418,-0.01129187,0.6777394
-0.01040283,0.7355783,-0.01129857,0.6772656
-0.01038549,0.7366166,-0.01131452,0.6761361
-0.01037561,0.7372062,-0.01132358,0.6754933
-0.01036494,0.7378421,-0.01133334,0.6747986
-0.01035347,0.7385243,-0.01134382,0.6740519
-0.01032814,0.7400264,-0.0113669,0.6724024
-0.01031404,0.7408592,-0.01137969,0.6714848
-0.01029914,0.7417374,-0.01139318,0.6705146
-0.01028342,0.7426609,-0.01140736,0.6694915
-0.01026691,0.743629,-0.01142223,0.6684162
-0.01024956,0.7446423,-0.01143779,0.6672871
-0.01021197,0.7468283,-0.01147137,0.6648397
-0.01019194,0.7479874,-0.01148918,0.6635352
-0.01017107,0.7491902,-0.01150765,0.6621769
-0.01014937,0.7504365,-0.01152679,0.6607641
-0.01012684,0.7517256,-0.01154659,0.6592972
-0.01007879,0.7544581,-0.01158857,0.6561686
-0.01005348,0.7558879,-0.01161053,0.6545209
-0.01002732,0.7573592,-0.01163313,0.6528178
-0.01000029,0.758872,-0.01165637,0.6510586
-0.009972414,0.7604256,-0.01168023,0.6492435
-0.009913568,0.7636797,-0.01173021,0.6454126
-0.009882826,0.7653667,-0.01175612,0.6434112
-0.009851203,0.7670928,-0.01178264,0.6413524
-0.009818691,0.7688575,-0.01180974,0.6392357
-0.009785039,0.7706738,-0.01183764,0.6370449
-0.009715052,0.7744175,-0.01189514,0.6324885
-0.009678682,0.7763454,-0.01192476,0.6301207
-0.00964139,0.7783096,-0.01195493,0.6276928
-0.009603174,0.7803096,-0.01198565,0.6252048
-0.009563789,0.7823572,-0.0120171,0.6226407
-0.009482198,0.7865554,-0.01208158,0.6173288
-0.009439971,0.7887053,-0.0121146,0.6145797
-0.009396786,0.790888,-0.01214813,0.6117681
-0.009352642,0.7931027,-0.01218215,0.6088942
-0.009307286,0.795361,-0.01221684,0.6059414
-0.009213627,0.7999697,-0.01228763,0.5998439
-0.009165311,0.8023187,-0.01232371,0.5966983
-0.009115993,0.8046967,-0.01236023,0.5934875
-0.009065429,0.8071142,-0.01239737,0.5901956
-0.009014091,0.8095476,-0.01243474,0.5868533
-0.008907851,0.8145168,-0.01251107,0.5799367
-0.008853183,0.8170392,-0.01254981,0.5763776
-0.008797471,0.8195859,-0.01258893,0.5727506
-0.008740715,0.8221557,-0.0126284,0.5690555
-0.00868265,0.8247594,-0.0126684,0.5652753
-0.008563321,0.8300306,-0.01274936,0.5575065
-0.008502038,0.8326965,-0.01279031,0.5535167
-0.008439667,0.8353814,-0.01283155,0.5494561
-0.008376203,0.8380843,-0.01287307,0.5453244
-0.00831139,0.8408149,-0.01291501,0.5411049
-0.00817844,0.8463226,-0.01299961,0.5324493
-0.008110273,0.8490984,-0.01304225,0.5280113
-0.008040978,0.8518873,-0.01308508,0.5235
-0.007970545,0.8546882,-0.01312811,0.5189145
-0.007898708,0.8575101,-0.01317145,0.5142376
-0.007751562,0.8631829,-0.01325858,0.5046579
-0.007676244,0.8660309,-0.01330233,0.4997544
-0.007599748,0.8688858,-0.01334618,0.4947743
-0.007522077,0.8717459,-0.01339011,0.4897176
-0.007442955,0.8746197,-0.01343425,0.4845665
-0.007281117,0.8803747,-0.01352265,0.4740302
-0.007198395,0.8832533,-0.01356687,0.4686447
-0.007114458,0.8861312,-0.01361107,0.4631801
-0.007029273,0.8890079,-0.01365526,0.4576342
-0.00694261,0.8918897,-0.01369952,0.4519922
-0.00676558,0.8976375,-0.01378781,0.4404669
-0.006675201,0.900501,-0.01383179,0.4345829
-0.006583571,0.9033557,-0.01387564,0.4286174
-0.006490408,0.9062084,-0.01391946,0.4225522
-0.006395993,0.9090493,-0.01396309,0.4164054
-0.006203362,0.91469,-0.01404973,0.4038644
-0.006105138,0.9174868,-0.01409269,0.3974697
-0.006005636,0.9202661,-0.01413538,0.3909917
-0.005904575,0.9230338,-0.0141779,0.3844123
-0.005802224,0.9257808,-0.01422009,0.3777488
-0.005593653,0.9312059,-0.01430342,0.3641701
-0.005487425,0.933881,-0.01434451,0.3572542
-0.005379887,0.9365291,-0.01438518,0.3502531
-0.00527077,0.9391553,-0.01442552,0.3431492
-0.005160336,0.9417512,-0.0144654,0.3359596
-0.004935538,0.9468446,-0.01454363,0.3213244
-0.004821179,0.9493387,-0.01458194,0.3138792
-0.004705509,0.9517955,-0.01461968,0.3063486
-0.004588232,0.9542193,-0.01465691,0.2987135
-0.004501235,0.9559739,-0.01468386,0.2930496
-0.004418293,0.9576125,-0.01470903,0.2876498
-0.004418293,0.9576125,-0.01470903,0.2876498
-0.004418293,0.9576125,-0.01470903,0.2876498
-0.004418293,0.9576125,-0.01470903,0.2876498
-0.004418293,0.9576125,-0.01470903,0.2876498
-0.004418293,0.9576125,-0.01470903,0.2876498
-0.004418293,0.9576125,-0.01470903,0.2876498
-0.004418293,0.9576125,-0.01470903,0.2876498
-0.004418293,0.9576125,-0.01470903,0.2876498
-0.004418293,0.9576125,-0.01470903,0.2876498
-0.004418293,0.9576125,-0.01470903,0.2876498
-0.004418293,0.9576125,-0.01470903,0.2876498
-0.004418293,0.9576125,-0.01470903,0.2876498
-0.004418293,0.9576125,-0.01470903,0.2876498
-0.004418293,0.9576125,-0.01470903,0.2876498
-0.004418293,0.9576125,-0.01470903,0.2876498
-0.004418293,0.9576125,-0.01470903,0.2876498
-0.004418293,0.9576125,-0.01470903,0.2876498
-0.004418293,0.9576125,-0.01470903,0.2876498
-0.004418293,0.9576125,-0.01470903,0.2876498
-0.004418293,0.9576125,-0.01470903,0.2876498
-0.004418293,0.9576125,-0.01470903,0.2876498
-0.004418293,0.9576125,-0.01470903,0.2876498
-0.004418293,0.9576125,-0.01470903,0.2876498
-0.004418293,0.9576125,-0.01470903,0.2876498
-0.004418293,0.9576125,-0.01470903,0.2876498
-0.004418293,0.9576125,-0.01470903,0.2876498
-0.004418293,0.9576125,-0.01470903,0.2876498
-0.004418293,0.9576125,-0.01470903,0.2876498
-0.004418293,0.9576125,-0.01470903,0.2876498
-0.004418293,0.9576125,-0.01470903,0.2876498
-0.004418293,0.9576125,-0.01470903,0.2876498
-0.004418293,0.9576125,-0.01470903,0.2876498
-0.004418293,0.9576125,-0.01470903,0.2876498
-0.004418293,0.9576125,-0.01470903,0.2876498
-0.004418293,0.9576125,-0.01470903,0.2876498
-0.004418293,0.9576125,-0.01470903,0.2876498
-0.004418293,0.9576125,-0.01470903,0.2876498
-0.004418293,0.9576125,-0.01470903,0.2876498
-0.004418293,0.9576125,-0.01470903,0.2876498
-0.004417266,0.9576326,-0.01470933,0.2875829
-0.004415222,0.9576725,-0.01470995,0.2874499
-0.004411857,0.9577383,-0.01471096,0.2872308
-0.004407475,0.9578238,-0.01471227,0.2869455
-0.004402071,0.9579291,-0.01471389,0.2865937
-0.004388195,0.958199,-0.01471803,0.2856903
-0.00437972,0.9583633,-0.01472056,0.2851385
-0.004369935,0.9585526,-0.01472346,0.2845015
-0.004359121,0.9587613,-0.01472667,0.2837975
-0.004347289,0.958989,-0.01473017,0.2830272
-0.004320526,0.9595014,-0.01473804,0.2812848
-0.004305602,0.9597858,-0.01474241,0.2803132
-0.004289365,0.9600939,-0.01474714,0.2792561
-0.0042721,0.9604201,-0.01475215,0.2781321
-0.004253801,0.9607643,-0.01475744,0.2769408
-0.004214122,0.9615052,-0.01476882,0.2743575
-0.004192446,0.9619067,-0.01477498,0.2729463
-0.004169729,0.9623252,-0.01478141,0.2714673
-0.004145965,0.9627602,-0.01478809,0.2699202
-0.004121176,0.9632112,-0.01479502,0.2683064
-0.004068465,0.9641605,-0.0148096,0.2648747
-0.004040262,0.9646631,-0.01481732,0.2630386
-0.004011041,0.9651798,-0.01482526,0.2611362
-0.003980747,0.9657112,-0.01483342,0.259164
-0.003949408,0.9662565,-0.0148418,0.2571237
-0.003883558,0.9673871,-0.01485917,0.2528366
-0.003849047,0.9679715,-0.01486814,0.2505898
-0.003813201,0.9685727,-0.01487737,0.2482561
-0.003776302,0.9691852,-0.01488678,0.2458538
-0.003738347,0.9698088,-0.01489636,0.2433828
-0.003699332,0.9704427,-0.0149061,0.2408428
-0.003617828,0.9717441,-0.01492609,0.2355366
-0.003575335,0.9724106,-0.01493632,0.2327701
-0.003531775,0.973085,-0.01494668,0.2299342
-0.003487146,0.973767,-0.01495716,0.2270287
-0.003394682,0.9751509,-0.01497841,0.2210089
-0.003346544,0.9758559,-0.01498924,0.217875
-0.003297335,0.9765657,-0.01500014,0.2146713
-0.003247042,0.9772797,-0.01501111,0.211397
-0.003195681,0.977997,-0.01502213,0.2080532
-0.003143235,0.978717,-0.01503319,0.2046388
-0.00303452,0.9801703,-0.01505551,0.197561
-0.002978519,0.9808981,-0.01506669,0.1939152
-0.002921429,0.9816256,-0.01507786,0.1901984
-0.00286325,0.9823518,-0.01508902,0.1864108
-0.002803977,0.9830763,-0.01510015,0.1825518
-0.002681564,0.9845228,-0.01512237,0.1745823
-0.002618709,0.9852397,-0.01513338,0.1704902
-0.002554756,0.9859511,-0.0151443,0.1663266
-0.00248971,0.9866562,-0.01515513,0.1620919
-0.002356299,0.9880438,-0.01517645,0.1534063
-0.002287674,0.9887272,-0.01518694,0.1489386
-0.002217923,0.9894006,-0.01519729,0.1443975
-0.002147068,0.9900628,-0.01520746,0.1397846
-0.002075108,0.990713,-0.01521745,0.1350997
-0.001927888,0.9919729,-0.0152368,0.1255151
-0.001852314,0.992583,-0.01524617,0.120595
-0.001775651,0.9931767,-0.01525529,0.1156039
-0.001730874,0.9935117,-0.01526043,0.1126887
-0.001717854,0.9936075,-0.01526191,0.1118411
-0.001717854,0.9936075,-0.01526191,0.1118411
-0.001717854,0.9936075,-0.01526191,0.1118411
-0.001717854,0.9936075,-0.01526191,0.1118411
-0.001717854,0.9936075,-0.01526191,0.1118411
-0.001717854,0.9936075,-0.01526191,0.1118411
-0.001717854,0.9936075,-0.01526191,0.1118411
-0.001717854,0.9936075,-0.01526191,0.1118411
-0.001717854,0.9936075,-0.01526191,0.1118411
-0.001718908,0.9935997,-0.01526179,0.1119097
-0.001721018,0.9935842,-0.01526155,0.1120471
-0.001724188,0.993561,-0.01526119,0.1122535
-0.001734333,0.9934861,-0.01526004,0.1129139
-0.001740988,0.9934368,-0.01525928,0.1133472
-0.001748712,0.9933792,-0.0152584,0.1138501
-0.001757489,0.9933136,-0.01525739,0.1144215
-0.001767319,0.9932396,-0.01525626,0.1150614
-0.001790765,0.9930617,-0.01525352,0.1165879
-0.001804058,0.9929597,-0.01525196,0.1174533
-0.001818419,0.9928487,-0.01525025,0.1183883
-0.001833832,0.9927285,-0.01524841,0.1193917
-0.001850305,0.992599,-0.01524642,0.1204641
-0.001887009,0.9923059,-0.01524192,0.1228537
-0.001906945,0.9921444,-0.01523944,0.1241516
-0.001927943,0.9919724,-0.01523679,0.1255187
-0.001949994,0.9917896,-0.01523399,0.1269543
-0.001973391,0.9915935,-0.01523097,0.1284775
-0.002023355,0.9911666,-0.01522442,0.1317304
-0.002049907,0.9909353,-0.01522086,0.133459
-0.002077516,0.9906916,-0.01521712,0.1352565
-0.002106181,0.9904351,-0.01521318,0.1371226
-0.002135885,0.9901653,-0.01520904,0.1390565
-0.00219903,0.9895793,-0.01520004,0.1431675
-0.002232176,0.9892647,-0.0151952,0.1453254
-0.002266355,0.9889353,-0.01519015,0.1475506
-0.00230158,0.9885904,-0.01518485,0.1498438
-0.00233785,0.9882296,-0.01517931,0.1522052
-0.002414077,0.9874525,-0.01516737,0.1571678
-0.002453771,0.9870377,-0.015161,0.1597521
-0.002494498,0.9866049,-0.01515435,0.1624036
-0.002536259,0.9861535,-0.01514742,0.1651224
-0.002579046,0.9856831,-0.01514019,0.167908
-0.002668306,0.9846755,-0.01512471,0.1737192
-0.002714463,0.9841406,-0.0151165,0.1767241
-0.002761662,0.9835839,-0.01510795,0.1797969
-0.002809879,0.9830049,-0.01509906,0.1829361
-0.002859415,0.9823992,-0.01508975,0.1861611
-0.002961503,0.9811165,-0.01507005,0.1928074
-0.003014072,0.9804377,-0.01505962,0.1962298
-0.003067646,0.9797332,-0.0150488,0.1997177
-0.003122226,0.9790021,-0.01503757,0.203271
-0.003178106,0.9782397,-0.01502586,0.206909
-0.003292849,0.9766298,-0.01500114,0.2143792
-0.003351718,0.9757806,-0.01498809,0.2182119
-0.003411577,0.974901,-0.01497458,0.2221089
-0.003472412,0.9739901,-0.01496059,0.2260695
-0.003534525,0.9730427,-0.01494604,0.2301133
-0.003661674,0.9710478,-0.0149154,0.2383912
-0.003726704,0.9699987,-0.01489928,0.2426248
-0.00379269,0.968914,-0.01488262,0.2469208
-0.003859648,0.9677926,-0.0148654,0.25128
-0.0038877,0.9673166,-0.01485809,0.2531063
-0.0038877,0.9673166,-0.01485809,0.2531063
-0.0038877,0.9673166,-0.01485809,0.2531063
-0.0038877,0.9673166,-0.01485809,0.2531063
-0.0038877,0.9673166,-0.01485809,0.2531063
-0.0038877,0.9673166,-0.01485809,0.2531063
-0.0038877,0.9673166,-0.01485809,0.2531063
-0.0038877,0.9673166,-0.01485809,0.2531063
-0.0038877,0.9673166,-0.01485809,0.2531063
-0.0038877,0.9673166,-0.01485809,0.2531063
-0.0038877,0.9673166,-0.01485809,0.2531063
-0.0038877,0.9673166,-0.01485809,0.2531063
-0.0038877,0.9673166,-0.01485809,0.2531063
-0.0038877,0.9673166,-0.01485809,0.2531063
-0.0038877,0.9673166,-0.01485809,0.2531063
-0.0038877,0.9673166,-0.01485809,0.2531063
-0.0038877,0.9673166,-0.01485809,0.2531063
-0.0038877,0.9673166,-0.01485809,0.2531063
-0.0038877,0.9673166,-0.01485809,0.2531063
-0.0038877,0.9673166,-0.01485809,0.2531063
-0.0038877,0.9673166,-0.01485809,0.2531063
-0.0038877,0.9673166,-0.01485809,0.2531063
-0.0038877,0.9673166,-0.01485809,0.2531063
-0.0038877,0.9673166,-0.01485809,0.2531063
-0.0038877,0.9673166,-0.01485809,0.2531063
-0.0038877,0.9673166,-0.01485809,0.2531063
-0.0038877,0.9673166,-0.01485809,0.2531063
-0.0038877,0.9673166,-0.01485809,0.2531063
-0.0038877,0.9673166,-0.01485809,0.2531063
-0.0038877,0.9673166,-0.01485809,0.2531063
-0.0038877,0.9673166,-0.01485809,0.2531063
-0.0038877,0.9673166,-0.01485809,0.2531063
-0.0038877,0.9673166,-0.01485809,0.2531063
-0.0038877,0.9673166,-0.01485809,0.2531063
-0.0038877,0.9673166,-0.01485809,0.2531063
-0.0038877,0.9673166,-0.01485809,0.2531063
-0.0038877,0.9673166,-0.01485809,0.2531063
-0.0038877,0.9673166,-0.01485809,0.2531063
-0.0038877,0.9673166,-0.01485809,0.2531063
-0.0038877,0.9673166,-0.01485809,0.2531063
-0.0038877,0.9673166,-0.01485809,0.2531063
-0.0038877,0.9673166,-0.01485809,0.2531063
-0.0038877,0.9673166,-0.01485809,0.2531063
-0.0038877,0.9673166,-0.01485809,0.2531063
-0.0038877,0.9673166,-0.01485809,0.2531063
-0.0038877,0.9673166,-0.01485809,0.2531063
-0.0038877,0.9673166,-0.01485809,0.2531063
-0.0038877,0.9673166,-0.01485809,0.2531063
-0.0038877,0.9673166,-0.01485809,0.2531063
-0.0038877,0.9673166,-0.01485809,0.2531063
-0.0038877,0.9673166,-0.01485809,0.2531063
-0.0038877,0.9673166,-0.01485809,0.2531063
-0.0038877,0.9673166,-0.01485809,0.2531063
-0.0038877,0.9673166,-0.01485809,0.2531063
-0.0038877,0.9673166,-0.01485809,0.2531063
-0.0038877,0.9673166,-0.01485809,0.2531063
-0.0038877,0.9673166,-0.01485809,0.2531063
-0.0038877,0.9673166,-0.01485809,0.2531063
-0.0038877,0.9673166,-0.01485809,0.2531063
-0.0038877,0.9673166,-0.01485809,0.2531063
-0.0038877,0.9673166,-0.01485809,0.2531063
-0.0038877,0.9673166,-0.01485809,0.2531063
-0.0038877,0.9673166,-0.01485809,0.2531063
-0.0038877,0.9673166,-0.01485809,0.2531063
-0.0038877,0.9673166,-0.01485809,0.2531063
-0.0038877,0.9673166,-0.01485809,0.2531063
-0.0038877,0.9673166,-0.01485809,0.2531063
-0.0038877,0.9673166,-0.01485809,0.2531063
-0.0038877,0.9673166,-0.01485809,0.2531063
-0.0038877,0.9673166,-0.01485809,0.2531063
-0.0038877,0.9673166,-0.01485809,0.2531063
-0.0038877,0.9673166,-0.01485809,0.2531063
-0.0038877,0.9673166,-0.01485809,0.2531063
-0.0038877,0.9673166,-0.01485809,0.2531063
-0.0038877,0.9673166,-0.01485809,0.2531063
-0.0038877,0.9673166,-0.01485809,0.2531063
-0.0038877,0.9673166,-0.01485809,0.2531063
-0.0038877,0.9673166,-0.01485809,0.2531063
-0.0038877,0.9673166,-0.01485809,0.2531063
-0.0038877,0.9673166,-0.01485809,0.2531063
-0.0038877,0.9673166,-0.01485809,0.2531063
-0.0038877,0.9673166,-0.01485809,0.2531063
-0.0038877,0.9673166,-0.01485809,0.2531063
-0.0038877,0.9673166,-0.01485809,0.2531063
-0.0038877,0.9673166,-0.01485809,0.2531063
-0.0038877,0.9673166,-0.01485809,0.2531063
-0.0038877,0.9673166,-0.01485809,0.2531063
-0.0038877,0.9673166,-0.01485809,0.2531063
-0.0038877,0.9673166,-0.01485809,0.2531063
-0.0038877,0.9673166,-0.01485809,0.2531063
-0.0038877,0.9673166,-0.01485809,0.2531063
-0.0038877,0.9673166,-0.01485809,0.2531063
-0.0038877,0.9673166,-0.01485809,0.2531063
-0.0038877,0.9673166,-0.01485809,0.2531063
-0.0038877,0.9673166,-0.01485809,0.2531063
-0.0038877,0.9673166,-0.01485809,0.2531063
-0.0038877,0.9673166,-0.01485809,0.2531063
-0.0038877,0.9673166,-0.01485809,0.2531063
-0.0038877,0.9673166,-0.01485809,0.2531063
-0.0038877,0.9673166,-0.01485809,0.2531063
-0.0038877,0.9673166,-0.01485809,0.2531063
-0.0038877,0.9673166,-0.01485809,0.2531063
-0.0038877,0.9673166,-0.01485809,0.2531063
-0.0038877,0.9673166,-0.01485809,0.2531063
-0.0038877,0.9673166,-0.01485809,0.2531063
-0.0038877,0.9673166,-0.01485809,0.2531063
-0.0038877,0.9673166,-0.01485809,0.2531063
-0.0038877,0.9673166,-0.01485809,0.2531063
-0.0038877,0.9673166,-0.01485809,0.2531063
-0.0038877,0.9673166,-0.01485809,0.2531063
-0.0038877,0.9673166,-0.01485809,0.2531063
-0.0038877,0.9673166,-0.01485809,0.2531063
-0.0038877,0.9673166,-0.01485809,0.2531063
-0.0038877,0.9673166,-0.01485809,0.2531063
-0.0038877,0.9673166,-0.01485809,0.2531063
-0.0038877,0.9673166,-0.01485809,0.2531063
-0.0038877,0.9673166,-0.01485809,0.2531063
-0.0038877,0.9673166,-0.01485809,0.2531063
-0.0038877,0.9673166,-0.01485809,0.2531063
-0.0038877,0.9673166,-0.01485809,0.2531063
-0.0038877,0.9673166,-0.01485809,0.2531063
-0.0038877,0.9673166,-0.01485809,0.2531063
-0.0038877,0.9673166,-0.01485809,0.2531063
-0.0038877,0.9673166,-0.01485809,0.2531063
-0.0038877,0.9673166,-0.01485809,0.2531063
-0.0038877,0.9673166,-0.01485809,0.2531063
-0.0038877,0.9673166,-0.01485809,0.2531063
-0.0038877,0.9673166,-0.01485809,0.2531063
-0.003886642,0.9673346,-0.01485836,0.2530374
-0.003884576,0.9673698,-0.0148589,0.2529029
-0.003881483,0.9674224,-0.01485971,0.2527015
-0.003872189,0.9675803,-0.01486214,0.2520965
-0.003865696,0.9676903,-0.01486383,0.2516738
-0.003858164,0.9678177,-0.01486578,0.2511834
-0.003849597,0.9679623,-0.014868,0.2506257
-0.003840003,0.9681238,-0.01487048,0.250001
-0.003817695,0.9684977,-0.01487623,0.2485487
-0.003804701,0.9687144,-0.01487956,0.2477027
-0.003790668,0.9689476,-0.01488314,0.2467891
-0.003775593,0.969197,-0.01488697,0.2458077
-0.003759484,0.9694623,-0.01489105,0.2447589
-0.00374234,0.9697434,-0.01489536,0.2436428
-0.00370439,0.9703609,-0.01490485,0.2411721
-0.003683838,0.9706925,-0.01490994,0.2398341
-0.003662239,0.9710388,-0.01491526,0.238428
-0.003639597,0.9713995,-0.0149208,0.2369539
-0.003591183,0.972163,-0.01493253,0.2338019
-0.003565136,0.9725692,-0.01493877,0.2321061
-0.003538021,0.9729888,-0.01494521,0.2303409
-0.003509857,0.9734211,-0.01495185,0.2285073
-0.003480638,0.9738657,-0.01495868,0.226605
-0.003450367,0.9743221,-0.01496569,0.2246343
-0.00338609,0.9752775,-0.01498037,0.2204496
-0.003352349,0.9757714,-0.01498795,0.2182529
-0.003317557,0.9762753,-0.01499569,0.2159878
-0.003281707,0.9767886,-0.01500358,0.2136539
-0.003244791,0.9773113,-0.01501161,0.2112505
-0.003167184,0.9783898,-0.01502817,0.206198
-0.003126781,0.9789404,-0.01503663,0.2035677
-0.003085308,0.979498,-0.01504519,0.2008676
-0.003042763,0.9800619,-0.01505386,0.1980978
-0.002999148,0.9806316,-0.01506261,0.1952582
-0.0029081,0.9817933,-0.01508045,0.1893307
-0.002860971,0.98238,-0.01508946,0.1862624
-0.002812762,0.9829699,-0.01509852,0.1831238
-0.00276349,0.9835621,-0.01510762,0.179916
-0.002713138,0.9841561,-0.01511674,0.1766379
-0.002608587,0.9853535,-0.01513513,0.1698313
-0.002554689,0.9859518,-0.01514433,0.1663223
-0.002499706,0.986549,-0.0151535,0.1627427
-0.002443639,0.9871442,-0.01516264,0.1590926
-0.00238646,0.987737,-0.01517174,0.15537
-0.00226828,0.9889166,-0.01518986,0.147676
-0.002207555,0.9894989,-0.01519881,0.1437226
-0.002145745,0.990075,-0.01520766,0.1396985
-0.002082851,0.990644,-0.0152164,0.1356039
-0.002018853,0.9912055,-0.01522502,0.1314374
-0.001886989,0.9923061,-0.01524193,0.1228525
-0.001819408,0.9928409,-0.01525014,0.1184528
-0.001750736,0.9933642,-0.01525818,0.113982
-0.00168097,0.9938748,-0.01526602,0.1094399
-0.001610105,0.994372,-0.01527366,0.1048264
-0.001464493,0.9953257,-0.01528831,0.09534652
-0.001390034,0.9957781,-0.01529526,0.09049893
-0.001314489,0.9962129,-0.01530193,0.08558068
-0.001237843,0.996629,-0.01530833,0.08059072
-0.001160107,0.9970253,-0.01531441,0.07552987
-0.001000774,0.9977569,-0.01532565,0.06515665
-0.0009194611,0.9980885,-0.01533074,0.05986289
-0.0008370558,0.9983958,-0.01533546,0.054498
-0.0007535595,0.9986777,-0.01533979,0.04906207
-0.000668668,0.9989339,-0.01534373,0.04353532
-0.0004956404,0.9993612,-0.01535029,0.03227058
-0.0004075049,0.99953,-0.01535288,0.02653263
-0.0003182942,0.9996673,-0.01535499,0.02072468
-0.0002279975,0.9997719,-0.0153566,0.01484603
-0.0001363405,0.9998427,-0.01535768,0.008878811
5.020744E-05,0.9998768,-0.01535821,-0.003266156
0.0001450843,0.9998375,-0.0153576,-0.009442998
0.0002410322,0.999759,-0.01535639,-0.01568956
0.00033802,0.9996399,-0.01535457,-0.02200384
0.0004363632,0.9994785,-0.01535209,-0.02840635
0.0006361658,0.999024,-0.0153451,-0.04141425
0.0007376437,0.9987283,-0.01534056,-0.04802084
0.000840148,0.998385,-0.01533529,-0.05469426
0.000943994,0.9979917,-0.01532925,-0.06145503
0.001048858,0.9975479,-0.01532243,-0.06828205
0.001261621,0.996503,-0.01530638,-0.08213375
0.001369506,0.9958991,-0.0152971,-0.08915744
0.001478381,0.9952391,-0.01528697,-0.09624563
0.001588239,0.9945215,-0.01527594,-0.1033978
0.00165707,0.9940454,-0.01526863,-0.1078789
0.001699694,0.9937404,-0.01526394,-0.1106539
0.001699694,0.9937404,-0.01526394,-0.1106539
0.001699694,0.9937404,-0.01526394,-0.1106539
0.001699694,0.9937404,-0.01526394,-0.1106539
0.001699694,0.9937404,-0.01526394,-0.1106539
0.001699694,0.9937404,-0.01526394,-0.1106539
0.001699694,0.9937404,-0.01526394,-0.1106539
0.001699694,0.9937404,-0.01526394,-0.1106539
0.001699694,0.9937404,-0.01526394,-0.1106539
0.001699694,0.9937404,-0.01526394,-0.1106539
0.001699694,0.9937404,-0.01526394,-0.1106539
0.001699694,0.9937404,-0.01526394,-0.1106539
0.001699694,0.9937404,-0.01526394,-0.1106539
0.001699694,0.9937404,-0.01526394,-0.1106539
0.001699694,0.9937404,-0.01526394,-0.1106539
0.001699694,0.9937404,-0.01526394,-0.1106539
0.001699694,0.9937404,-0.01526394,-0.1106539
0.001699694,0.9937404,-0.01526394,-0.1106539
0.001699694,0.9937404,-0.01526394,-0.1106539
0.001699694,0.9937404,-0.01526394,-0.1106539
0.001699694,0.9937404,-0.01526394,-0.1106539
0.001699694,0.9937404,-0.01526394,-0.1106539
0.001699694,0.9937404,-0.01526394,-0.1106539
0.001699694,0.9937404,-0.01526394,-0.1106539
0.001699694,0.9937404,-0.01526394,-0.1106539
0.001699694,0.9937404,-0.01526394,-0.1106539
0.001699694,0.9937404,-0.01526394,-0.1106539
0.001698624,0.9937481,-0.01526406,-0.1105843
0.001696507,0.9937634,-0.0152643,-0.1104465
0.001693032,0.9937886,-0.01526469,-0.1102202
0.001682901,0.9938614,-0.0152658,-0.1095607
0.00167625,0.9939091,-0.01526654,-0.1091277
0.001668534,0.9939641,-0.01526738,-0.1086253
0.001659456,0.9940286,-0.01526837,-0.1080343
0.00164931,0.9941001,-0.01526947,-0.1073737
0.001625844,0.9942639,-0.01527199,-0.105846
0.001612519,0.9943559,-0.0152734,-0.1049785
0.001598136,0.9944543,-0.01527491,-0.1040421
0.001582387,0.9945611,-0.01527655,-0.1030168
0.001565576,0.9946738,-0.01527828,-0.1019223
0.001528778,0.9949164,-0.01528201,-0.09952667
0.001508778,0.9950458,-0.015284,-0.09822458
0.00148771,0.9951802,-0.01528606,-0.096853
0.001465281,0.9953213,-0.01528823,-0.09539277
0.001441785,0.9954667,-0.01529046,-0.09386312
0.001391601,0.9957693,-0.01529511,-0.09059594
0.001364908,0.9959259,-0.01529752,-0.08885808
0.00133715,0.9960855,-0.01529997,-0.08705095
0.001308025,0.9962494,-0.01530248,-0.08515479
0.001277827,0.9964154,-0.01530504,-0.08318882
0.001214239,0.9967524,-0.01531021,-0.07904898
0.001180842,0.9969225,-0.01531282,-0.07687472
0.001146374,0.997093,-0.01531544,-0.0746307
0.001110541,0.9972649,-0.01531808,-0.07229785
0.001073629,0.9974362,-0.01532072,-0.06989472
0.0009966036,0.9977748,-0.01532592,-0.0648801
0.0009564771,0.9979413,-0.01532848,-0.06226771
0.000914981,0.9981062,-0.01533101,-0.05956616
0.0008724218,0.9982677,-0.01533349,-0.05679539
0.0008287904,0.9984252,-0.01533591,-0.05395482
0.0007383044,0.9987262,-0.01534053,-0.04806385
0.0006914553,0.9988683,-0.01534271,-0.0450138
0.0006432325,0.9990049,-0.01534481,-0.04187431
0.0005939407,0.9991342,-0.0153468,-0.03866523
0.0005435697,0.9992558,-0.01534867,-0.03538589
0.0004396058,0.9994724,-0.01535199,-0.02861744
0.0003860217,0.9995663,-0.01535343,-0.02512892
0.0003310696,0.9996498,-0.01535472,-0.02155133
0.0002750438,0.9997218,-0.01535582,-0.01790384
0.0002179619,0.9997814,-0.01535674,-0.01418759
0.0001005743,0.9998607,-0.01535796,-0.006545214
4.027181E-05,0.9998787,-0.01535823,-0.002619298
-2.138761E-05,0.9998811,-0.01535827,0.001394961
-8.412692E-05,0.9998671,-0.01535806,0.005479526
-0.0001479235,0.9998357,-0.01535757,0.009632925
-0.0002787061,0.9997174,-0.01535576,0.01814736
-0.0003459924,0.9996283,-0.01535439,0.02252795
-0.0004143386,0.999518,-0.0153527,0.02697754
-0.0004837389,0.9993859,-0.01535067,0.03149576
-0.0005542,0.9992308,-0.01534828,0.03608305
-0.0006982847,0.998848,-0.0153424,0.04546349
-0.0007722009,0.9986173,-0.01533886,0.05027572
-0.0008471404,0.9983597,-0.01533491,0.05515456
-0.0009231432,0.9980741,-0.01533052,0.06010263
-0.0009671635,0.9978974,-0.0153278,0.06296852
-0.0009791774,0.9978477,-0.01532704,0.06375067
-0.0009791774,0.9978477,-0.01532704,0.06375067
-0.0009791774,0.9978477,-0.01532704,0.06375067
-0.0009791774,0.9978477,-0.01532704,0.06375067
-0.0009791774,0.9978477,-0.01532704,0.06375067
-0.0009791774,0.9978477,-0.01532704,0.06375067
-0.0009791774,0.9978477,-0.01532704,0.06375067
-0.0009791774,0.9978477,-0.01532704,0.06375067
-0.0009791774,0.9978477,-0.01532704,0.06375067
-0.0009791774,0.9978477,-0.01532704,0.06375067
-0.0009791774,0.9978477,-0.01532704,0.06375067
-0.0009791774,0.9978477,-0.01532704,0.06375067
-0.0009791774,0.9978477,-0.01532704,0.06375067
-0.0009791774,0.9978477,-0.01532704,0.06375067
-0.0009791774,0.9978477,-0.01532704,0.06375067
-0.0009791774,0.9978477,-0.01532704,0.06375067
-0.0009791774,0.9978477,-0.01532704,0.06375067
-0.0009791774,0.9978477,-0.01532704,0.06375067
-0.0009791774,0.9978477,-0.01532704,0.06375067
-0.0009791774,0.9978477,-0.01532704,0.06375067
-0.0009791774,0.9978477,-0.01532704,0.06375067
-0.0009791774,0.9978477,-0.01532704,0.06375067
-0.0009791774,0.9978477,-0.01532704,0.06375067
-0.0009791774,0.9978477,-0.01532704,0.06375067
-0.0009791774,0.9978477,-0.01532704,0.06375067
-0.0009791774,0.9978477,-0.01532704,0.06375067
-0.0009781111,0.9978521,-0.01532711,0.06368124
-0.0009759821,0.997861,-0.01532724,0.06354263
-0.00097278,0.9978743,-0.01532745,0.06333417
-0.0009685247,0.9978918,-0.01532772,0.06305712
-0.0009632089,0.9979136,-0.01532805,0.06271105
-0.0009487561,0.9979722,-0.01532895,0.06177012
-0.0009399276,0.9980077,-0.0153295,0.06119535
-0.0009300399,0.9980469,-0.0153301,0.06055162
-0.0009190923,0.9980899,-0.01533076,0.0598389
-0.0009070732,0.9981365,-0.01533148,0.05905641
-0.0008792632,0.998242,-0.0153331,0.05724587
-0.0008637556,0.9982994,-0.01533398,0.05623627
-0.0008471822,0.9983596,-0.0153349,0.05515728
-0.0008295404,0.9984224,-0.01533587,0.05400873
-0.0008108317,0.9984875,-0.01533687,0.05279072
-0.0007696259,0.9986258,-0.01533899,0.05010808
-0.0007474213,0.9986972,-0.01534009,0.04866248
-0.0007241507,0.9987699,-0.01534121,0.04714747
-0.0006998092,0.9988434,-0.01534234,0.04556275
-0.0006741073,0.9989184,-0.01534349,0.04388946
-0.0006195142,0.9990682,-0.01534579,0.04033524
-0.0005906213,0.9991423,-0.01534693,0.0384542
-0.0005606419,0.9992156,-0.01534805,0.03650244
-0.000529599,0.9992873,-0.01534915,0.03448142
-0.0004974921,0.9993573,-0.01535023,0.03239115
-0.0004294627,0.999491,-0.01535228,0.02796218
-0.0003938421,0.9995532,-0.01535324,0.02564314
-0.0003571498,0.9996116,-0.01535413,0.02325434
-0.0003193918,0.9996657,-0.01535497,0.02079615
-0.0002805719,0.9997152,-0.01535573,0.01826883
-0.000199095,0.9997981,-0.015357,0.01296438
-0.000156766,0.99983,-0.01535749,0.0102086
-0.000113362,0.9998549,-0.01535787,0.007382837
-6.889954E-05,0.9998721,-0.01535813,0.004488165
-2.336819E-05,0.999881,-0.01535827,0.001523904
7.149648E-05,0.9998713,-0.01535812,-0.004652141
0.0001205319,0.9998513,-0.01535781,-0.007844533
0.0001706335,0.9998204,-0.01535734,-0.01110633
0.0002217904,0.9997778,-0.01535668,-0.01443684
0.0002740122,0.999723,-0.01535584,-0.01783667
0.000382269,0.9995724,-0.01535353,-0.0248846
0.0004379908,0.9994755,-0.01535204,-0.0285123
0.0004947657,0.9993632,-0.01535032,-0.03220855
0.0005525995,0.9992347,-0.01534834,-0.03597375
0.000611491,0.9990894,-0.01534611,-0.03980781
0.0007330521,0.9987426,-0.01534078,-0.04772189
0.0007954098,0.9985403,-0.01533768,-0.05178162
0.0008588086,0.9983178,-0.01533426,-0.05590911
0.0009232676,0.9980739,-0.01533051,-0.06010564
0.0009887748,0.9978079,-0.01532642,-0.0643704
0.001123527,0.9972032,-0.01531714,-0.0731433
0.00119247,0.9968638,-0.01531192,-0.07763173
0.001262446,0.9964986,-0.01530631,-0.08218743
0.001333454,0.9961065,-0.01530029,-0.08681033
0.0014058,0.9956848,-0.01529381,-0.09152028
0.001553578,0.9947535,-0.01527951,-0.1011412
0.001629007,0.994242,-0.01527165,-0.1060519
0.001705452,0.9936985,-0.01526331,-0.1110288
0.001782919,0.9931221,-0.01525445,-0.1160721
0.001861693,0.9925092,-0.01524504,-0.1212006
0.002022256,0.9911768,-0.01522457,-0.1316539
0.002104045,0.990455,-0.01521348,-0.1369787
0.002186827,0.9896947,-0.0152018,-0.1423681
0.002270594,0.9888948,-0.01518952,-0.1478217
0.002355643,0.9880513,-0.01517656,-0.1533587
0.002528691,0.9862367,-0.01514869,-0.1646248
0.002616663,0.9852636,-0.01513374,-0.170352
0.002705598,0.9842449,-0.01511809,-0.1761421
0.002795504,0.9831795,-0.01510173,-0.1819953
0.002886615,0.9820629,-0.01508458,-0.1879269
0.003071675,0.9796807,-0.01504799,-0.1999751
0.003165618,0.9784123,-0.0150285,-0.2060911
0.003260464,0.9770913,-0.01500821,-0.2122659
0.003356539,0.9757115,-0.01498702,-0.2185207
0.0034535,0.9742762,-0.01496497,-0.2248333
0.003650105,0.9712336,-0.01491824,-0.237633
0.003749704,0.9696241,-0.01489352,-0.2441173
0.003850183,0.9679537,-0.01486786,-0.2506588
0.003951515,0.9662213,-0.01484125,-0.2572559
0.004053983,0.9644204,-0.01481359,-0.263927
0.004261413,0.9606227,-0.01475525,-0.2774314
0.004366354,0.9586232,-0.01472454,-0.2842635
0.004472085,0.9565551,-0.01469277,-0.291147
0.004578605,0.9544168,-0.01465993,-0.2980819
0.004686186,0.952201,-0.01462589,-0.3050858
0.004903601,0.9475493,-0.01455444,-0.3192404
0.005013426,0.9451103,-0.01451698,-0.3263904
0.005123968,0.9425942,-0.01447833,-0.3335871
0.005235211,0.9399998,-0.01443848,-0.3408294
0.005347429,0.9373186,-0.01439729,-0.3481353
0.005573878,0.9317102,-0.01431115,-0.3628779
0.005688061,0.9287807,-0.01426615,-0.3703116
0.005802867,0.9257656,-0.01421984,-0.377786
0.005918566,0.9226558,-0.01417207,-0.3853184
0.006034856,0.9194576,-0.01412295,-0.3928893
0.006269117,0.9127898,-0.01402053,-0.4081407
0.006387064,0.9093176,-0.01396719,-0.4158194
0.006505528,0.905751,-0.01391241,-0.4235318
0.006624473,0.9020895,-0.01385617,-0.4312756
0.006744162,0.8983226,-0.01379831,-0.4390678
0.006984852,0.890493,-0.01367804,-0.4547377
0.007105818,0.8864273,-0.01361559,-0.462613
0.007227165,0.8822594,-0.01355157,-0.4705132
0.007349142,0.8779781,-0.01348581,-0.4784544
0.007471459,0.8735914,-0.01341843,-0.4864177
0.007717005,0.8644968,-0.01327874,-0.5024037
0.007840168,0.8597869,-0.0132064,-0.510422
0.007963561,0.8549668,-0.01313236,-0.5184554
0.008087402,0.8500254,-0.01305646,-0.5265179
0.008211423,0.8449706,-0.01297881,-0.534592
0.008459922,0.8345156,-0.01281822,-0.5507703
0.008584332,0.8291132,-0.01273524,-0.5588698
0.008709052,0.8235818,-0.01265028,-0.5669896
0.008833556,0.8179422,-0.01256365,-0.5750954
0.008958306,0.8121712,-0.01247501,-0.583217
0.009207693,0.8002626,-0.01229209,-0.599453
0.009332258,0.7941233,-0.01219779,-0.6075627
0.009456697,0.787859,-0.01210157,-0.6156642
0.009581216,0.7814565,-0.01200323,-0.6237708
0.009705541,0.7749264,-0.01190292,-0.6318648
0.009953454,0.7614813,-0.0116964,-0.6480049
0.01007698,0.7545636,-0.01159015,-0.6560472
0.01020018,0.7475144,-0.01148187,-0.664068
0.01029189,0.7421678,-0.01139975,-0.6700382
0.01035957,0.7381654,-0.01133827,-0.6744449
0.01042348,0.7343426,-0.01127955,-0.6786052
0.01042348,0.7343426,-0.01127955,-0.6786052
0.01042348,0.7343426,-0.01127955,-0.6786052
0.01042348,0.7343426,-0.01127955,-0.6786052
0.01042348,0.7343426,-0.01127955,-0.6786052
0.01042348,0.7343426,-0.01127955,-0.6786052
0.01042348,0.7343426,-0.01127955,-0.6786052
0.01042348,0.7343426,-0.01127955,-0.6786052
0.01042348,0.7343426,-0.01127955,-0.6786052
0.01042348,0.7343426,-0.01127955,-0.6786052
0.01042348,0.7343426,-0.01127955,-0.6786052
0.01042348,0.7343426,-0.01127955,-0.6786052
0.01042348,0.7343426,-0.01127955,-0.6786052
0.01042348,0.7343426,-0.01127955,-0.6786052
0.01042348,0.7343426,-0.01127955,-0.6786052
0.01042348,0.7343426,-0.01127955,-0.6786052
0.01042348,0.7343426,-0.01127955,-0.6786052
0.01042348,0.7343426,-0.01127955,-0.6786052
0.01042348,0.7343426,-0.01127955,-0.6786052
0.01042348,0.7343426,-0.01127955,-0.6786052
0.01042348,0.7343426,-0.01127955,-0.6786052
0.01042348,0.7343426,-0.01127955,-0.6786052
0.01042348,0.7343426,-0.01127955,-0.6786052
0.01042348,0.7343426,-0.01127955,-0.6786052
0.01042348,0.7343426,-0.01127955,-0.6786052
0.01042348,0.7343426,-0.01127955,-0.6786052
0.01042348,0.7343426,-0.01127955,-0.6786052
0.01042348,0.7343426,-0.01127955,-0.6786052
0.01042348,0.7343426,-0.01127955,-0.6786052
0.01042348,0.7343426,-0.01127955,-0.6786052
0.01042348,0.7343426,-0.01127955,-0.6786052
0.01042348,0.7343426,-0.01127955,-0.6786052
0.01042348,0.7343426,-0.01127955,-0.6786052
0.01042348,0.7343426,-0.01127955,-0.6786052
0.01042348,0.7343426,-0.01127955,-0.6786052
0.01042348,0.7343426,-0.01127955,-0.6786052
0.01042348,0.7343426,-0.01127955,-0.6786052
0.01042348,0.7343426,-0.01127955,-0.6786052
0.01042348,0.7343426,-0.01127955,-0.6786052
0.01042348,0.7343426,-0.01127955,-0.6786052
0.01042348,0.7343426,-0.01127955,-0.6786052
0.01042348,0.7343426,-0.01127955,-0.6786052
0.01042348,0.7343426,-0.01127955,-0.6786052
0.01042348,0.7343426,-0.01127955,-0.6786052
0.01042348,0.7343426,-0.01127955,-0.6786052
0.01042426,0.7342954,-0.01127883,-0.6786563
0.01042605,0.7341879,-0.01127717,-0.6787726
0.01042862,0.7340332,-0.0112748,-0.6789399
0.01043197,0.733831,-0.01127169,-0.6791584
0.01043611,0.7335817,-0.01126786,-0.6794277
0.01044672,0.7329416,-0.01125803,-0.6801182
0.01045341,0.7325367,-0.01125181,-0.6805542
0.01046089,0.7320843,-0.01124486,-0.6810408
0.01046913,0.7315847,-0.01123719,-0.6815776
0.01047815,0.7310371,-0.01122878,-0.682165
0.01049852,0.7297978,-0.01120974,-0.6834906
0.01051006,0.729093,-0.01119892,-0.6842424
0.01052238,0.7283393,-0.01118734,-0.6850445
0.01053547,0.7275372,-0.01117502,-0.6858964
0.01054932,0.7266861,-0.01116195,-0.686798
