0.01535809,-0.005535193,8.50447E-05,-0.9998668
0.01535816,-0.004574859,7.029383E-05,-0.9998716
0.01535822,-0.003597484,5.528123E-05,-0.9998756
0.01535827,-0.002606107,4.005355E-05,-0.9998787
0.01535832,-0.0005817015,8.958412E-06,-0.9998819
0.01535832,0.0004549924,-6.965344E-06,-0.999882
0.0153583,0.001509416,-2.316142E-05,-0.999881
0.01535827,0.002574186,-3.951644E-05,-0.9998788
0.01535822,0.003652811,-5.608426E-05,-0.9998754
0.01535806,0.005851791,-8.986089E-05,-0.999865
0.01535795,0.006975834,-0.0001071263,-0.9998578
0.01535782,0.00811392,-0.0001246075,-0.9998492
0.01535766,0.009265734,-0.0001422995,-0.9998392
0.01535748,0.01043161,-0.0001602075,-0.9998276
0.01535728,0.0116114,-0.0001783293,-0.9998146
0.01535681,0.01401969,-0.0002153209,-0.9997838
0.01535654,0.01524092,-0.0002340792,-0.9997659
0.01535623,0.01647985,-0.0002531093,-0.9997463
0.01535591,0.01773293,-0.0002723567,-0.9997248
0.01535516,0.02028039,-0.0003114861,-0.9996764
0.01535475,0.02157886,-0.0003314308,-0.9996492
0.0153543,0.0228873,-0.0003515286,-0.9996201
0.01535382,0.02421344,-0.0003718983,-0.9995889
0.01535331,0.02555694,-0.0003925346,-0.9995555
0.01535218,0.02827833,-0.0004343354,-0.9994821
0.01535156,0.02966366,-0.0004556144,-0.999442
0.01535091,0.03106293,-0.0004771073,-0.9993995
0.01535022,0.03247583,-0.0004988096,-0.9993545
0.01534949,0.03390265,-0.0005207257,-0.9993072
0.01534792,0.03679751,-0.0005651913,-0.9992048
0.01534707,0.03826977,-0.0005878053,-0.9991494
0.01534618,0.03975926,-0.0006106842,-0.9990913
0.01534524,0.04125892,-0.0006337191,-0.9990305
0.01534426,0.04277249,-0.0006569678,-0.9989668
0.01534217,0.04584068,-0.0007040957,-0.9988307
0.01534106,0.04739932,-0.0007280366,-0.998758
0.01533989,0.04897181,-0.0007521903,-0.9986821
0.01533868,0.05055796,-0.0007765538,-0.9986031
0.01533741,0.05215801,-0.0008011307,-0.9985208
0.0153361,0.05377164,-0.0008259164,-0.9984352
0.01533331,0.05704734,-0.0008762315,-0.9982534
0.01533183,0.05870618,-0.0009017115,-0.9981571
0.0153303,0.06037853,-0.000927399,-0.9980574
0.01532871,0.06206472,-0.0009532991,-0.997954
0.01532536,0.065478,-0.001005728,-0.9977359
0.01532359,0.06720904,-0.001032316,-0.9976208
0.01532176,0.06895389,-0.001059118,-0.9975017
0.01531986,0.07071565,-0.001086178,-0.9973783
0.01531791,0.07248753,-0.001113395,-0.997251
0.01531589,0.07427324,-0.001140823,-0.9971197
0.01531165,0.07788912,-0.001196364,-0.9968438
0.01530943,0.07971941,-0.001224477,-0.9966991
0.01530714,0.08156335,-0.0012528,-0.9965498
0.01530478,0.08342079,-0.001281331,-0.9963961
0.01530234,0.08529188,-0.001310071,-0.9962376
0.01529725,0.08908197,-0.001368287,-0.9959059
0.01529459,0.09099729,-0.001397707,-0.9957327
0.01529185,0.09292619,-0.001427335,-0.9955546
0.01528904,0.09486838,-0.001457168,-0.9953713
0.01528614,0.09682436,-0.001487212,-0.995183
0.01528011,0.1007804,-0.001547977,-0.9947902
0.01527697,0.1027804,-0.001578697,-0.9945856
0.01527374,0.1047939,-0.001609624,-0.9943753
0.01527043,0.1068206,-0.001640755,-0.9941597
0.01526702,0.1088642,-0.001672145,-0.993938
0.01525994,0.1129924,-0.001735554,-0.9934772
0.01525627,0.1150764,-0.001767565,-0.993238
0.0152525,0.1171738,-0.001799782,-0.9929926
0.01524864,0.1192843,-0.001832199,-0.9927413
0.01524468,0.1214082,-0.001864823,-0.9924839
0.01523647,0.1257035,-0.001930798,-0.991949
0.01523221,0.1278742,-0.001964141,-0.9916714
0.01522785,0.1300547,-0.001997634,-0.9913879
0.01522339,0.1322485,-0.00203133,-0.9910976
0.01521416,0.1366791,-0.002099385,-0.9904963
0.01520938,0.1389158,-0.002133742,-0.9901851
0.01520449,0.1411657,-0.0021683,-0.9898669
0.01519949,0.1434285,-0.002203058,-0.9895416
0.01519438,0.1457044,-0.002238016,-0.9892089
0.01518915,0.1479972,-0.002273232,-0.9888685
0.01517836,0.1526208,-0.002344251,-0.9881655
0.01517278,0.1549522,-0.002380063,-0.9878026
0.01516709,0.1572965,-0.002416071,-0.987432
0.01516128,0.1596536,-0.002452277,-0.9870536
0.01514928,0.1644101,-0.002525337,-0.9862725
0.01514309,0.1668093,-0.002562189,-0.9858696
0.01513677,0.1692213,-0.002599238,-0.9854584
0.01513033,0.171646,-0.002636481,-0.985039
0.01512375,0.1740868,-0.002673972,-0.9846106
0.01511704,0.1765403,-0.002711657,-0.9841736
0.01510322,0.1814852,-0.002787612,-0.9832737
0.0150961,0.1839766,-0.002825881,-0.9828107
0.01508886,0.1864803,-0.002864338,-0.9823387
0.01508147,0.1889966,-0.002902989,-0.9818576
0.01506626,0.1940699,-0.002980915,-0.9808675
0.01505843,0.196627,-0.003020192,-0.9803581
0.01505045,0.1991999,-0.003059712,-0.9798386
0.01504234,0.2017813,-0.003099363,-0.9793102
0.01503407,0.2043751,-0.003139205,-0.9787722
0.01501708,0.2096031,-0.003219507,-0.977666
0.01500835,0.2122369,-0.003259963,-0.9770976
0.01499947,0.214883,-0.003300606,-0.976519
0.01499042,0.2175407,-0.003341429,-0.9759305
0.01498122,0.2202107,-0.00338244,-0.9753314
0.01497185,0.2228964,-0.003423693,-0.9747212
0.0149526,0.2283064,-0.003506792,-0.9734682
0.01494274,0.2310274,-0.003548587,-0.9728261
0.01493271,0.2337601,-0.003590561,-0.9721731
0.01492251,0.2365044,-0.003632715,-0.971509
0.01491213,0.239264,-0.003675103,-0.9708331
0.01489084,0.244818,-0.003760413,-0.9694474
0.01487994,0.2476123,-0.003803334,-0.9687375
0.01486884,0.2504218,-0.003846488,-0.968015
0.01485757,0.253242,-0.003889807,-0.967281
0.01484611,0.256074,-0.003933306,-0.9665352
0.01482265,0.2617716,-0.004020822,-0.9650077
0.01481064,0.2646371,-0.004064836,-0.9642258
0.01479844,0.2675134,-0.004109017,-0.9634318
0.01478606,0.270401,-0.004153371,-0.9626253
0.01477346,0.2733031,-0.004197948,-0.9618054
0.01474769,0.27914,-0.004287604,-0.9601276
0.0147345,0.2820783,-0.004332736,-0.9592685
0.01472112,0.2850234,-0.004377973,-0.9583976
0.01470754,0.2879793,-0.004423377,-0.9575135
0.01469374,0.2909493,-0.004468997,-0.9566152
0.01466553,0.296921,-0.004560723,-0.9547786
0.01465111,0.2999224,-0.004606824,-0.95384
0.01463649,0.3029338,-0.00465308,-0.9528878
0.01462165,0.3059555,-0.004699494,-0.9519219
0.01460658,0.3089912,-0.004746122,-0.9509409
0.01457578,0.3150961,-0.004839894,-0.9489355
0.01456006,0.3181617,-0.004886983,-0.9479121
0.0145441,0.3212408,-0.004934278,-0.946873
0.01452794,0.3243259,-0.004981666,-0.9458207
0.01451153,0.3274244,-0.00502926,-0.9447526
0.01447804,0.3336502,-0.005124889,-0.9425719
0.01446094,0.3367774,-0.005172923,-0.9414591
0.0144436,0.3399176,-0.005221158,-0.9403298
0.01442602,0.3430666,-0.005269527,-0.9391855
0.01440821,0.3462251,-0.005318042,-0.9380258
0.01437186,0.3525695,-0.005415494,-0.9356596
0.01435333,0.3557551,-0.005464425,-0.934453
0.01433456,0.3589494,-0.005513489,-0.9332307
0.01431554,0.3621525,-0.005562689,-0.9319924
0.01429625,0.3653679,-0.005612078,-0.9307365
0.01425692,0.3718242,-0.00571125,-0.9281761
0.01423686,0.3750684,-0.005761081,-0.9268699
0.01421654,0.3783211,-0.005811043,-0.9255471
0.01419598,0.3815783,-0.005861073,-0.9242089
0.01417515,0.3848473,-0.005911285,-0.9228525
0.01413269,0.3914092,-0.006012077,-0.9200886
0.01411107,0.3947019,-0.006062655,-0.9186809
0.01408916,0.3980056,-0.0061134,-0.9172544
0.01406698,0.4013171,-0.006164264,-0.9158104
0.01404451,0.4046391,-0.006215291,-0.9143475
0.01399879,0.4112989,-0.006317586,-0.9113712
0.0139755,0.414643,-0.006368953,-0.9098546
0.01395192,0.4179944,-0.00642043,-0.9083198
0.01392807,0.4213525,-0.006472011,-0.906767
0.01390394,0.4247175,-0.006523698,-0.9051957
0.01385482,0.4314673,-0.006627376,-0.9019979
0.0138298,0.4348554,-0.006679418,-0.9003693
0.01380448,0.438253,-0.006731605,-0.8987204
0.01377888,0.4416536,-0.006783839,-0.8970542
0.013753,0.4450603,-0.006836166,-0.8953689
0.01370034,0.4518915,-0.006941094,-0.8919407
0.01367357,0.4553159,-0.006993694,-0.8901975
0.01364646,0.4587494,-0.007046432,-0.888433
0.01361906,0.4621882,-0.007099252,-0.886649
0.01359135,0.4656326,-0.00715216,-0.8848449
0.01356333,0.4690822,-0.007205146,-0.883021
0.01350632,0.4760031,-0.007311452,-0.8793095
0.01347738,0.4794678,-0.007364671,-0.8774251
0.0134481,0.4829404,-0.007418009,-0.8755186
0.0134185,0.4864177,-0.007471421,-0.8735915
0.01335835,0.4933851,-0.007578442,-0.8696755
0.01332776,0.4968784,-0.0076321,-0.8676843
0.01329688,0.5003724,-0.007685767,-0.865674
0.01326565,0.5038737,-0.007739549,-0.8636408
0.01323407,0.5073817,-0.007793433,-0.8615845
0.01316997,0.5144023,-0.00790127,-0.8574115
0.0131374,0.5179209,-0.007955316,-0.8552907
0.01310452,0.5214393,-0.008009358,-0.8531501
0.01307127,0.5249639,-0.008063497,-0.8509859
0.01303769,0.5284914,-0.00811768,-0.8487997
0.01296952,0.5355541,-0.008226165,-0.8443613
0.01293489,0.5390924,-0.008280512,-0.8421066
0.01289991,0.5426325,-0.008334888,-0.8398299
0.01286459,0.5461748,-0.008389299,-0.8375304
0.01282893,0.5497192,-0.008443741,-0.8352083
0.01275655,0.5568128,-0.008552699,-0.8304961
0.0127198,0.5603648,-0.008607259,-0.8281035
0.01268273,0.5639149,-0.008661789,-0.8256901
0.01264527,0.5674692,-0.008716384,-0.8232514
0.01260745,0.5710245,-0.008770993,-0.8207893
0.01256928,0.5745803,-0.00882561,-0.8183041
0.01249178,0.5816992,-0.008934958,-0.813259
0.01245252,0.5852562,-0.008989594,-0.810703
0.01241287,0.588816,-0.009044272,-0.8081213
0.01237284,0.5923757,-0.00909895,-0.8055154
0.01229168,0.599494,-0.009208288,-0.8002319
0.01225052,0.6030551,-0.009262987,-0.7975517
0.01220901,0.6066124,-0.009317627,-0.7948495
0.01216709,0.6101714,-0.009372295,-0.7921206
0.01212477,0.613732,-0.009426987,-0.7893651
0.01203905,0.6208432,-0.009536215,-0.7837843
0.01199558,0.6243991,-0.009590834,-0.7809545
0.01195173,0.627953,-0.009645424,-0.7780998
0.0119075,0.6315044,-0.009699974,-0.7752201
0.01186288,0.6350536,-0.00975449,-0.7723154
0.01177249,0.6421437,-0.009863395,-0.7664305
0.01172667,0.6456872,-0.009917824,-0.7634476
0.01168043,0.6492301,-0.009972245,-0.760437
0.01163383,0.6527668,-0.01002657,-0.7574033
0.01158684,0.6562999,-0.01008084,-0.7543437
0.01149163,0.6633569,-0.01018923,-0.7481456
0.01144342,0.6668803,-0.01024335,-0.7450066
0.0113948,0.6703994,-0.01029741,-0.7418415
0.01134579,0.6739135,-0.01035138,-0.7386506
0.01129638,0.6774225,-0.01040529,-0.7354338
0.01124652,0.6809294,-0.01045915,-0.732188
0.01114561,0.6879263,-0.01056663,-0.7256181
0.01109454,0.6914163,-0.01062023,-0.7222933
0.01104307,0.6949,-0.01067374,-0.7189423
0.01099119,0.6983777,-0.01072716,-0.7155647
0.01088616,0.7053156,-0.01083373,-0.708727
0.01083301,0.7087758,-0.01088688,-0.7052667
0.01077945,0.7122285,-0.01093991,-0.7017796
0.01072543,0.7156766,-0.01099288,-0.698263
0.01067101,0.7191166,-0.01104571,-0.6947197
0.01061616,0.7225489,-0.01109844,-0.6911492
0.01050523,0.729389,-0.0112035,-0.6839268
0.01044913,0.7327962,-0.01125584,-0.6802749
0.01039258,0.7361971,-0.01130807,-0.6765929
0.01033565,0.7395864,-0.01136013,-0.6728864
0.01027825,0.7429688,-0.01141209,-0.6691499
0.0101622,0.7497045,-0.01151555,-0.6615946
0.0101035,0.7530596,-0.01156709,-0.6577731
0.01004438,0.7564045,-0.01161846,-0.6539237
0.009984872,0.7597364,-0.01166964,-0.6500498
0.009924902,0.7630597,-0.01172069,-0.6461455
0.009803684,0.7696729,-0.01182227,-0.6382537
0.009742439,0.772962,-0.01187279,-0.6342664
0.009680718,0.7762418,-0.01192317,-0.6302482
0.009618616,0.7795071,-0.01197332,-0.6262051
0.009556042,0.7827623,-0.01202332,-0.6221313
0.009429616,0.789234,-0.01212273,-0.6139004
0.009365756,0.7924504,-0.01217213,-0.6097429
0.009301469,0.7956533,-0.01222133,-0.6055576
0.009236752,0.7988424,-0.01227031,-0.6013443
0.009171558,0.8020199,-0.01231912,-0.5971
0.009039881,0.8083315,-0.01241607,-0.5885273
0.008973395,0.8114653,-0.0124642,-0.5841989
0.008906482,0.8145838,-0.01251211,-0.5798426
0.008839094,0.817689,-0.0125598,-0.5754554
0.00877127,0.8207787,-0.01260726,-0.5710397
0.008634332,0.82691,-0.01270144,-0.5621246
0.008565215,0.829951,-0.01274815,-0.5576248
0.00849567,0.8329752,-0.0127946,-0.5530972
0.008425693,0.8359823,-0.01284079,-0.5485415
0.008355239,0.8389741,-0.01288675,-0.5439547
0.008284353,0.8419482,-0.01293243,-0.5393397
0.008141252,0.8478441,-0.01302299,-0.5300233
0.008069075,0.8507636,-0.01306784,-0.5253243
0.007996418,0.8536661,-0.01311242,-0.5205941
0.007923385,0.8565477,-0.01315668,-0.5158394
0.00777593,0.8622562,-0.01324437,-0.5062395
0.00770156,0.8650806,-0.01328775,-0.5013978
0.007626762,0.8678848,-0.01333082,-0.4965281
0.00755154,0.8706683,-0.01337358,-0.4916309
0.007475841,0.8734326,-0.01341604,-0.4867026
0.007323166,0.8788977,-0.01349998,-0.4767629
0.007246189,0.8815978,-0.01354146,-0.4717514
0.007168786,0.8842759,-0.01358259,-0.4667122
0.00709091,0.8869333,-0.01362341,-0.4616422
0.007012611,0.889568,-0.01366388,-0.4565447
0.006854749,0.894768,-0.01374375,-0.4462672
0.006775141,0.8973342,-0.01378317,-0.4410845
0.006695163,0.8998749,-0.0138222,-0.4358776
0.006614764,0.9023915,-0.01386085,-0.4306433
0.006533898,0.9048852,-0.01389915,-0.4253787
0.00637092,0.9097975,-0.01397461,-0.4147682
0.006288808,0.9122157,-0.01401175,-0.4094224
0.006206288,0.914608,-0.0140485,-0.4040501
0.006123356,0.9169742,-0.01408484,-0.3986509
0.006039959,0.9193156,-0.01412081,-0.3932215
0.005871949,0.9239175,-0.01419149,-0.3822834
0.005787334,0.9261777,-0.01422621,-0.3767746
0.005708415,0.9282512,-0.01425806,-0.3716367
0.005635323,0.9301422,-0.01428711,-0.3668782
0.005569516,0.9318207,-0.01431289,-0.3625939
0.0054558,0.9346678,-0.01435662,-0.3551905
0.005407834,0.9358485,-0.01437476,-0.3520678
0.005367523,0.9368317,-0.01438986,-0.3494434
0.005332988,0.9376673,-0.01440269,-0.347195
0.005280425,0.9389271,-0.01442204,-0.343773
0.00526396,0.939319,-0.01442806,-0.342701
0.005253582,0.9395652,-0.01443185,-0.3420255
0.005250842,0.93963,-0.01443284,-0.3418471
0.005250842,0.9396301,-0.01443284,-0.3418471
0.005250842,0.9396301,-0.01443284,-0.3418471
0.005250842,0.9396301,-0.01443284,-0.3418471
0.005250842,0.9396301,-0.01443284,-0.3418471
0.005250842,0.9396301,-0.01443284,-0.3418471
0.005250842,0.9396301,-0.01443284,-0.3418471
0.005250842,0.9396301,-0.01443284,-0.3418471
0.005250842,0.9396301,-0.01443284,-0.3418471
0.005250842,0.9396301,-0.01443284,-0.3418471
0.005250842,0.9396301,-0.01443284,-0.3418471
0.005250842,0.9396301,-0.01443284,-0.3418471
0.005250587,0.9396362,-0.01443294,-0.3418305
0.005249424,0.9396637,-0.01443336,-0.3417548
0.005248565,0.939684,-0.01443367,-0.3416989
0.005247451,0.9397104,-0.01443407,-0.3416264
0.005246191,0.9397402,-0.01443453,-0.3415443
0.005244677,0.9397761,-0.01443508,-0.3414458
0.005241046,0.9398618,-0.0144364,-0.3412093
0.005238927,0.939912,-0.01443717,-0.3410714
0.005236609,0.9399667,-0.01443801,-0.3409205
0.005233985,0.9400286,-0.01443896,-0.3407497
0.005231212,0.9400941,-0.01443997,-0.3405691
0.005225061,0.9402391,-0.0144422,-0.3401687
0.005221682,0.9403186,-0.01444342,-0.3399486
0.005218046,0.9404042,-0.01444473,-0.3397119
0.005214265,0.940493,-0.0144461,-0.3394658
0.005210227,0.9405879,-0.01444755,-0.3392029
0.005205987,0.9406874,-0.01444908,-0.3389268
0.005196861,0.9409013,-0.01445237,-0.3383327
0.005192017,0.9410146,-0.01445411,-0.3380173
0.005186918,0.9411337,-0.01445594,-0.3376853
0.005181673,0.9412562,-0.01445782,-0.3373439
0.005170465,0.9415174,-0.01446183,-0.3366142
0.005164559,0.9416548,-0.01446394,-0.3362297
0.005158449,0.9417968,-0.01446612,-0.335832
0.005152082,0.9419445,-0.01446839,-0.3354174
0.005145519,0.9420965,-0.01447073,-0.3349901
0.005131775,0.9424142,-0.01447561,-0.3340954
0.005124551,0.9425808,-0.01447817,-0.333625
0.005117173,0.9427506,-0.01448078,-0.3331447
0.005109543,0.942926,-0.01448347,-0.332648
0.005101702,0.9431059,-0.01448623,-0.3321375
0.005085414,0.9434788,-0.01449196,-0.3310771
0.005076908,0.9436729,-0.01449494,-0.3305233
0.005068206,0.9438711,-0.01449799,-0.3299568
0.005059295,0.9440737,-0.0145011,-0.3293767
0.00505018,0.9442806,-0.01450428,-0.3287832
0.005031339,0.9447067,-0.01451082,-0.3275567
0.005021564,0.9449272,-0.01451421,-0.3269202
0.005011634,0.9451506,-0.01451764,-0.3262737
0.005001446,0.9453793,-0.01452115,-0.3256105
0.004997436,0.9454691,-0.01452253,-0.3253494
0.004997436,0.9454691,-0.01452253,-0.3253494
0.004997436,0.9454691,-0.01452253,-0.3253494
0.004997436,0.9454691,-0.01452253,-0.3253494
0.004997436,0.9454691,-0.01452253,-0.3253494
0.004997436,0.9454691,-0.01452253,-0.3253494
0.004997436,0.9454691,-0.01452253,-0.3253494
0.004997436,0.9454691,-0.01452253,-0.3253494
0.004997436,0.9454691,-0.01452253,-0.3253494
0.004997436,0.9454691,-0.01452253,-0.3253494
0.004997436,0.9454691,-0.01452253,-0.3253494
0.004997436,0.9454691,-0.01452253,-0.3253494
0.004997436,0.9454691,-0.01452253,-0.3253494
0.004997436,0.9454691,-0.01452253,-0.3253494
0.004997436,0.9454691,-0.01452253,-0.3253494
0.004997436,0.9454691,-0.01452253,-0.3253494
0.004997436,0.9454691,-0.01452253,-0.3253494
0.004997635,0.9454647,-0.01452247,-0.3253624
0.004998091,0.9454545,-0.01452231,-0.3253921
0.004998751,0.9454397,-0.01452208,-0.325435
0.004999617,0.9454203,-0.01452178,-0.3254914
0.005001948,0.945368,-0.01452098,-0.3256432
0.005003415,0.9453351,-0.01452047,-0.3257387
0.005005087,0.9452976,-0.0145199,-0.3258475
0.005007014,0.9452543,-0.01451923,-0.325973
0.005009148,0.9452064,-0.0145185,-0.3261119
0.00501406,0.9450961,-0.0145168,-0.3264317
0.005016793,0.9450345,-0.01451586,-0.3266097
0.005019785,0.9449672,-0.01451482,-0.3268044
0.00502298,0.9448953,-0.01451372,-0.3270124
0.005026374,0.9448187,-0.01451254,-0.3272334
0.005033769,0.9446518,-0.01450998,-0.3277149
0.005037771,0.9445614,-0.01450859,-0.3279754
0.005042029,0.9444651,-0.01450711,-0.3282526
0.00504654,0.9443631,-0.01450554,-0.3285463
0.005051199,0.9442575,-0.01450392,-0.3288496
0.005061119,0.9440322,-0.01450046,-0.3294954
0.005066382,0.9439126,-0.01449862,-0.329838
0.0050719,0.943787,-0.01449669,-0.3301973
0.00507762,0.9436566,-0.01449469,-0.3305697
0.00508354,0.9435216,-0.01449262,-0.3309551
0.005089663,0.9433815,-0.01449047,-0.3313537
0.005102612,0.9430851,-0.01448591,-0.3321967
0.00510939,0.9429296,-0.01448352,-0.332638
0.00511637,0.9427692,-0.01448106,-0.3330924
0.005123546,0.9426039,-0.01447852,-0.3335596
0.005138505,0.9422588,-0.01447322,-0.3345335
0.005146283,0.9420788,-0.01447045,-0.3350399
0.005154316,0.9418926,-0.01446759,-0.3355628
0.00516255,0.9417015,-0.01446466,-0.3360989
0.005170983,0.9415054,-0.01446165,-0.3366479
0.005179669,0.941303,-0.01445854,-0.3372134
0.005197586,0.9408843,-0.01445211,-0.3383799
0.005206869,0.9406667,-0.01444876,-0.3389843
0.005216352,0.940444,-0.01444534,-0.3396017
0.00522603,0.9402162,-0.01444184,-0.3402318
0.005235912,0.9399832,-0.01443827,-0.3408751
0.005256321,0.9395003,-0.01443085,-0.3422038
0.005266848,0.9392503,-0.01442701,-0.3428892
0.005277624,0.9389939,-0.01442307,-0.3435908
0.005288546,0.9387335,-0.01441907,-0.3443018
0.005299669,0.9384676,-0.01441498,-0.3450259
0.005322557,0.9379184,-0.01440655,-0.346516
0.005334322,0.9376351,-0.0144022,-0.3472819
0.005346285,0.9373462,-0.01439776,-0.3480608
0.005358443,0.9370519,-0.01439324,-0.3488523
0.005370801,0.936752,-0.01438863,-0.3496569
0.00538341,0.9364451,-0.01438392,-0.3504778
0.005409262,0.9358135,-0.01437422,-0.3521608
0.005422457,0.9354898,-0.01436924,-0.3530198
0.005435847,0.9351604,-0.01436418,-0.3538915
0.005463208,0.9344843,-0.0143538,-0.3556728
0.005477181,0.9341376,-0.01434848,-0.3565825
0.005491404,0.9337837,-0.01434304,-0.3575085
0.005505822,0.9334236,-0.01433751,-0.3584471
0.005520433,0.9330578,-0.01433189,-0.3593984
0.005535288,0.9326848,-0.01432616,-0.3603655
0.005565529,0.9319216,-0.01431444,-0.3623343
0.005580966,0.9315303,-0.01430843,-0.3633393
0.005596598,0.9311327,-0.01430232,-0.364357
0.005612419,0.930729,-0.01429612,-0.365387
0.005628433,0.930319,-0.01428982,-0.3664296
0.00566109,0.9294788,-0.01427692,-0.3685557
0.005677734,0.9290485,-0.0142703,-0.3696392
0.005694614,0.9286104,-0.01426358,-0.3707382
0.005711634,0.9281673,-0.01425677,-0.3718463
0.005728847,0.9277175,-0.01424986,-0.3729669
0.005763899,0.9267969,-0.01423572,-0.3752489
0.005781734,0.9263259,-0.01422849,-0.37641
0.005799759,0.9258482,-0.01422115,-0.3775835
0.005817971,0.9253638,-0.01421371,-0.3787692
0.005836373,0.9248725,-0.01420616,-0.3799672
0.005873843,0.9238665,-0.01419071,-0.3824067
0.00589286,0.9233531,-0.01418282,-0.3836447
0.005912064,0.9228326,-0.01417483,-0.384895
0.005931453,0.9223051,-0.01416673,-0.3861573
0.00595103,0.9217705,-0.01415851,-0.3874318
0.00599079,0.9206782,-0.01414174,-0.3900203
0.006010973,0.9201205,-0.01413317,-0.3913343
0.006031342,0.9195554,-0.01412449,-0.3926604
0.006051943,0.9189814,-0.01411567,-0.3940016
0.006072726,0.9184001,-0.01410674,-0.3953546
0.0061148,0.9172162,-0.01408856,-0.3980939
0.006136137,0.9166119,-0.01407928,-0.3994829
0.006157657,0.9160001,-0.01406988,-0.400884
0.00617941,0.915379,-0.01406034,-0.4023001
0.006201292,0.9147516,-0.0140507,-0.4037248
0.006245703,0.9134701,-0.01403102,-0.4066161
0.006268176,0.9128174,-0.01402099,-0.4080792
0.006290877,0.9121552,-0.01401082,-0.4095572
0.006313704,0.9114865,-0.01400055,-0.4110433
0.006336767,0.9108079,-0.01399012,-0.4125448
0.006383419,0.9094261,-0.0139689,-0.4155819
0.006407008,0.9087227,-0.0139581,-0.4171177
0.006430774,0.9080109,-0.01394716,-0.418665
0.006454768,0.907289,-0.01393607,-0.4202271
0.006478886,0.9065601,-0.01392488,-0.4217972
0.006503229,0.905821,-0.01391353,-0.4233821
0.006552532,0.9043139,-0.01389038,-0.4265919
0.006577394,0.9035485,-0.01387862,-0.4282104
0.00660248,0.9027728,-0.0138667,-0.4298436
0.006627738,0.901988,-0.01385465,-0.431488
0.006678763,0.9003913,-0.01383012,-0.43481
0.006704583,0.8995776,-0.01381763,-0.4364909
0.006730521,0.8987563,-0.01380501,-0.4381796
0.00675668,0.8979239,-0.01379223,-0.4398826
0.006783001,0.8970824,-0.0137793,-0.4415962
0.006836151,0.8953708,-0.01375301,-0.4450565
0.006862973,0.8945007,-0.01373964,-0.4468026
0.006889963,0.8936209,-0.01372613,-0.4485598
0.006917167,0.8927297,-0.01371244,-0.4503309
0.006944536,0.8918285,-0.0136986,-0.4521127
0.00699976,0.8899969,-0.01367046,-0.455708
0.007027614,0.889066,-0.01365617,-0.4575214
0.007055677,0.8881235,-0.01364169,-0.4593484
0.007083847,0.8871725,-0.01362708,-0.4611824
0.007112181,0.8862112,-0.01361231,-0.463027
0.007169424,0.8842539,-0.01358225,-0.4667537
0.00719828,0.8832598,-0.01356698,-0.4686324
0.007227293,0.882255,-0.01355155,-0.4705212
0.007256459,0.8812398,-0.01353595,-0.47242
0.007285779,0.8802138,-0.01352019,-0.4743289
0.007315307,0.8791751,-0.01350424,-0.4762513
0.007374866,0.8770636,-0.01347181,-0.4801288
0.007404849,0.8759921,-0.01345535,-0.4820808
0.007435034,0.8749078,-0.01343869,-0.484046
0.007465316,0.8738142,-0.0134219,-0.4860174
0.007526427,0.8715894,-0.01338772,-0.489996
0.007557202,0.87046,-0.01337037,-0.4919996
0.007588124,0.869319,-0.01335285,-0.4940127
0.007619244,0.8681646,-0.01333512,-0.4960387
0.007650498,0.8669989,-0.01331721,-0.4980735
0.007713449,0.8646315,-0.01328085,-0.5021719
0.007745135,0.8634301,-0.01326239,-0.5042347
0.007776962,0.8622166,-0.01324375,-0.5063068
0.007808926,0.8609914,-0.01322493,-0.5083877
0.007841081,0.8597518,-0.01320589,-0.5104812
0.007905801,0.857236,-0.01316725,-0.5146946
0.007938364,0.8559597,-0.01314765,-0.5168146
0.007971107,0.8546689,-0.01312782,-0.5189463
0.008003985,0.8533654,-0.0131078,-0.5210868
0.008036998,0.8520494,-0.01308758,-0.5232361
0.008103412,0.8493789,-0.01304656,-0.5275599
0.008136812,0.8480246,-0.01302576,-0.5297343
0.008170339,0.8466572,-0.01300476,-0.5319171
0.008204042,0.8452747,-0.01298352,-0.5341113
0.008237822,0.843881,-0.01296212,-0.5363105
0.008271776,0.8424722,-0.01294048,-0.538521
0.00834009,0.8396127,-0.01289655,-0.5429685
0.008374407,0.8381636,-0.0128743,-0.5452027
0.008408892,0.836699,-0.0128518,-0.5474477
0.008443447,0.8352227,-0.01282912,-0.5496974
0.008513004,0.8322247,-0.01278307,-0.5542258
0.008547953,0.8307048,-0.01275973,-0.5565012
0.008583019,0.8291711,-0.01273617,-0.558784
0.008618244,0.827621,-0.01271236,-0.5610773
0.008653625,0.8260547,-0.0126883,-0.5633807
0.008724621,0.8228833,-0.01263959,-0.5680029
0.008760327,0.8212739,-0.01261487,-0.5703274
0.00879609,0.8196521,-0.01258996,-0.5726557
0.008832005,0.8180135,-0.01256479,-0.5749939
0.008868023,0.8163603,-0.01253939,-0.5773388
0.00894036,0.8130093,-0.01248792,-0.5820481
0.008976725,0.8113092,-0.01246181,-0.5844157
0.00901318,0.8095943,-0.01243547,-0.586789
0.009049735,0.807864,-0.01240889,-0.5891689
0.009086336,0.8061208,-0.01238211,-0.5915518
0.009159907,0.8025839,-0.01232778,-0.5963416
0.009196826,0.8007924,-0.01230027,-0.5987452
0.009233836,0.7989852,-0.01227251,-0.6011547
0.009270974,0.7971603,-0.01224448,-0.6035725
0.009308198,0.7953195,-0.0122162,-0.605996
0.009345508,0.7934629,-0.01218768,-0.608425
0.009420455,0.7896973,-0.01212985,-0.6133044
0.009458006,0.7877926,-0.01210059,-0.6157491
0.00949568,0.7858694,-0.01207105,-0.6182018
0.009533431,0.7839298,-0.01204125,-0.6206595
0.009609151,0.7800015,-0.01198092,-0.6255891
0.009647163,0.7780103,-0.01195033,-0.6280639
0.009685198,0.7760046,-0.01191952,-0.6305401
0.009723347,0.7739801,-0.01188842,-0.6330237
0.009761599,0.7719365,-0.01185704,-0.6355141
0.009838209,0.7678031,-0.01179354,-0.6405017
0.009876651,0.7657084,-0.01176137,-0.6430044
0.009915107,0.763599,-0.01172897,-0.6455081
0.009953662,0.7614701,-0.01169627,-0.6480181
0.009992273,0.7593237,-0.0116633,-0.6505318
0.01006965,0.7549788,-0.01159656,-0.6555693
0.01010846,0.7527776,-0.01156275,-0.6580958
0.01014731,0.750559,-0.01152867,-0.660625
0.0101862,0.7483226,-0.01149432,-0.6631572
0.01022514,0.7460682,-0.01145969,-0.6656924
0.01030314,0.7415059,-0.01138961,-0.6707706
0.01034224,0.7391952,-0.01135412,-0.6733162
0.01038134,0.7368689,-0.01131839,-0.6758613
0.0104205,0.7345217,-0.01128234,-0.6784113
0.01045971,0.7321563,-0.011246,-0.6809635
0.01049893,0.7297726,-0.01120939,-0.6835174
0.01057755,0.7249448,-0.01113523,-0.6886358
0.01061686,0.7225055,-0.01109776,-0.6911947
0.01065623,0.7200447,-0.01105997,-0.6937577
0.01069561,0.7175651,-0.01102188,-0.6963221
0.01077444,0.7125494,-0.01094484,-0.7014538
0.01081387,0.7100133,-0.01090588,-0.7040209
0.01085331,0.707458,-0.01086663,-0.7065886
0.0108928,0.7048807,-0.01082704,-0.7091597
0.01093234,0.7022816,-0.01078712,-0.7117336
0.01101134,0.6970305,-0.01070647,-0.716877
0.01105084,0.6943759,-0.01066569,-0.7194486
0.01109034,0.6917017,-0.01062462,-0.7220201
0.01112987,0.6890051,-0.0105832,-0.7245938
0.0111694,0.6862888,-0.01054147,-0.727167
0.01124841,0.6807971,-0.01045712,-0.7323111
0.01128794,0.6780186,-0.01041444,-0.7348844
0.01132744,0.6752204,-0.01037146,-0.7374563
0.01136693,0.6724019,-0.01032817,-0.740027
0.01140639,0.6695631,-0.01028456,-0.7425964
0.01148525,0.6638253,-0.01019643,-0.7477301
0.01152467,0.6609231,-0.01015185,-0.7502965
0.01156406,0.6580004,-0.01010696,-0.752861
0.01160341,0.6550574,-0.01006175,-0.7554231
0.01164273,0.6520938,-0.01001623,-0.7579828
0.01168204,0.6491066,-0.009970349,-0.7605423
0.01176054,0.6430709,-0.00987764,-0.7656527
0.01179972,0.6400216,-0.009830802,-0.7682034
0.01183885,0.6369516,-0.009783647,-0.7707508
0.01187793,0.6338607,-0.00973617,-0.7732948
0.01195594,0.627613,-0.009640205,-0.778374
0.01199488,0.624456,-0.009591714,-0.7809089
0.01203376,0.6212779,-0.009542896,-0.7834398
0.01207256,0.6180786,-0.009493755,-0.7859663
0.01211133,0.6148553,-0.009444244,-0.7884904
0.01218862,0.6083473,-0.009344281,-0.7935224
0.01222717,0.6050597,-0.009293783,-0.796032
0.01226564,0.6017506,-0.009242954,-0.7985364
0.01230402,0.5984201,-0.009191797,-0.8010353
0.01234232,0.5950679,-0.009140307,-0.8035286
0.01241865,0.588299,-0.009036335,-0.8084977
0.0124567,0.5848789,-0.008983801,-0.8109753
0.01249466,0.5814372,-0.008930936,-0.8134463
0.01253252,0.5779735,-0.008877733,-0.8159111
0.01257027,0.5744879,-0.008824193,-0.818369
0.01264546,0.5674511,-0.008716106,-0.8232639
0.01268291,0.5638967,-0.00866151,-0.8257025
0.01272023,0.5603232,-0.008606622,-0.8281316
0.01275745,0.5567248,-0.00855135,-0.830555
0.01279086,0.553466,-0.008501294,-0.8327302
0.01282061,0.5505404,-0.008456356,-0.8346673
0.01286726,0.5459088,-0.008385214,-0.8377039
0.01288608,0.5440233,-0.008356253,-0.8389297
0.01290043,0.5425801,-0.008334084,-0.8398638
0.01291127,0.5414866,-0.008317288,-0.8405692
0.01292151,0.5404496,-0.008301361,-0.8412362
0.01292151,0.5404496,-0.008301361,-0.8412362
0.01292151,0.5404496,-0.008301361,-0.8412362
0.01292151,0.5404496,-0.008301361,-0.8412362
0.01292151,0.5404496,-0.008301361,-0.8412362
0.01292151,0.5404496,-0.008301361,-0.8412362
0.01292151,0.5404496,-0.008301361,-0.8412362
0.01292151,0.5404496,-0.008301361,-0.8412362
0.01292151,0.5404496,-0.008301361,-0.8412362
0.01292151,0.5404496,-0.008301361,-0.8412362
0.01292151,0.5404496,-0.008301361,-0.8412362
0.01292151,0.5404496,-0.008301361,-0.8412362
0.01292151,0.5404496,-0.008301361,-0.8412362
0.01292151,0.5404496,-0.008301361,-0.8412362
0.01292151,0.5404496,-0.008301361,-0.8412362
0.01292151,0.5404496,-0.008301361,-0.8412362
0.01292151,0.5404496,-0.008301361,-0.8412362
0.01292151,0.5404496,-0.008301361,-0.8412362
0.01292151,0.5404496,-0.008301361,-0.8412362
0.01292151,0.5404496,-0.008301361,-0.8412362
0.01292151,0.5404496,-0.008301361,-0.8412362
0.01292151,0.5404496,-0.008301361,-0.8412362
0.01292151,0.5404496,-0.008301361,-0.8412362
0.01292151,0.5404496,-0.008301361,-0.8412362
0.01292151,0.5404496,-0.008301361,-0.8412362
0.01292151,0.5404496,-0.008301361,-0.8412362
0.01292151,0.5404496,-0.008301361,-0.8412362
0.01292151,0.5404496,-0.008301361,-0.8412362
0.01292151,0.5404496,-0.008301361,-0.8412362
0.01292151,0.5404496,-0.008301361,-0.8412362
0.01292151,0.5404496,-0.008301361,-0.8412362
0.01292151,0.5404496,-0.008301361,-0.8412362
0.01292151,0.5404496,-0.008301361,-0.8412362
0.01292151,0.5404496,-0.008301361,-0.8412362
0.01292151,0.5404496,-0.008301361,-0.8412362
0.01292151,0.5404496,-0.008301361,-0.8412362
0.01292151,0.5404496,-0.008301361,-0.8412362
0.01292163,0.5404378,-0.008301179,-0.8412438
0.01292186,0.5404145,-0.00830082,-0.8412588
0.01292221,0.5403793,-0.00830028,-0.8412814
0.01292325,0.5402741,-0.008298663,-0.841349
0.01292397,0.5402007,-0.008297536,-0.841396
0.01292481,0.5401153,-0.008296224,-0.8414509
0.01292579,0.5400156,-0.008294693,-0.8415149
0.01292686,0.5399072,-0.008293028,-0.8415844
0.01292805,0.5397869,-0.00829118,-0.8416616
0.01293083,0.5395048,-0.008286849,-0.8418425
0.01293239,0.5393462,-0.008284412,-0.8419441
0.01293406,0.5391758,-0.008281794,-0.8420533
0.01293585,0.5389938,-0.008278999,-0.8421697
0.01293776,0.5388,-0.008276022,-0.8422937
0.01294197,0.5383708,-0.00826943,-0.8425682
0.01294425,0.5381386,-0.008265863,-0.8427165
0.01294664,0.5378944,-0.008262113,-0.8428723
0.01294918,0.5376353,-0.008258133,-0.8430376
0.01294918,0.5376353,-0.008258133,-0.8430376
0.01294918,0.5376353,-0.008258133,-0.8430376
0.01294918,0.5376353,-0.008258133,-0.8430376
0.01294918,0.5376353,-0.008258133,-0.8430376
0.01294918,0.5376353,-0.008258133,-0.8430376
0.01294918,0.5376353,-0.008258133,-0.8430376
0.01294918,0.5376353,-0.008258133,-0.8430376
0.01294918,0.5376353,-0.008258133,-0.8430376
0.01294918,0.5376353,-0.008258133,-0.8430376
0.0129493,0.5376238,-0.008257956,-0.8430449
0.01294952,0.5376005,-0.008257598,-0.8430598
0.01295039,0.5375122,-0.008256242,-0.8431162
0.01295099,0.5374505,-0.008255294,-0.8431555
0.01295174,0.5373744,-0.008254124,-0.843204
0.01295257,0.5372894,-0.008252819,-0.8432581
0.01295352,0.5371925,-0.00825133,-0.8433198
0.01295582,0.5369571,-0.008247714,-0.8434698
0.01295714,0.5368218,-0.008245637,-0.8435559
0.01295858,0.5366747,-0.008243377,-0.8436495
0.01296013,0.536516,-0.008240938,-0.8437504
0.0129618,0.5363454,-0.008238318,-0.8438589
0.01296361,0.5361598,-0.008235469,-0.8439769
0.0129676,0.5357504,-0.00822918,-0.8442367
0.01296976,0.5355296,-0.008225787,-0.8443769
0.01297202,0.535297,-0.008222215,-0.8445243
0.01297443,0.5350493,-0.00821841,-0.8446813
0.01297959,0.5345184,-0.008210257,-0.8450173
0.01298234,0.5342355,-0.00820591,-0.8451962
0.0129852,0.5339406,-0.00820138,-0.8453826
0.01298818,0.5336338,-0.008196669,-0.8455762
0.01299133,0.533309,-0.00819168,-0.8457811
0.0129979,0.5326298,-0.008181247,-0.846209
0.01300135,0.5322725,-0.008175759,-0.8464338
0.01300491,0.5319033,-0.008170088,-0.8466659
0.01300859,0.5315224,-0.008164237,-0.846905
0.0130124,0.5311263,-0.008158153,-0.8471535
0.01302037,0.5302982,-0.008145434,-0.8476722
0.01302455,0.5298633,-0.008138754,-0.8479441
0.01302881,0.5294195,-0.008131938,-0.8482212
0.01303317,0.5289636,-0.008124935,-0.8485055
0.01303768,0.5284927,-0.008117703,-0.8487989
0.01304702,0.5275147,-0.008102681,-0.8494071
0.01305185,0.5270077,-0.008094893,-0.8497218
0.01305683,0.5264854,-0.008086871,-0.8500455
0.01306187,0.5259544,-0.008078715,-0.850374
0.01306706,0.5254081,-0.008070325,-0.8507118
0.01307778,0.5242763,-0.00805294,-0.8514097
0.01308329,0.5236937,-0.008043991,-0.8517682
0.01308893,0.5230959,-0.008034809,-0.8521354
0.01309464,0.5224894,-0.008025492,-0.8525075
0.01310642,0.5212365,-0.008006247,-0.853274
0.01311248,0.5205902,-0.007996319,-0.8536685
0.01311864,0.5199316,-0.007986202,-0.8540698
0.01312491,0.5192608,-0.0079759,-0.8544778
0.0131313,0.518575,-0.007965364,-0.8548943
0.0131378,0.5178766,-0.007954638,-0.8553175
0.01315111,0.516443,-0.007932618,-0.8561839
0.01315792,0.5157077,-0.007921324,-0.856627
0.01316485,0.514957,-0.007909793,-0.8570785
0.01317186,0.5141971,-0.007898121,-0.8575346
0.01317899,0.5134217,-0.00788621,-0.857999
0.01318623,0.5126337,-0.007874107,-0.8584701
0.01320102,0.5110182,-0.007849291,-0.8594328
0.01320854,0.5101931,-0.007836618,-0.8599228
0.01321619,0.5093524,-0.007823706,-0.860421
0.01322392,0.5085025,-0.00781065,-0.8609236
0.0132397,0.5067586,-0.007783864,-0.8619512
0.01324776,0.5058646,-0.007770132,-0.8624762
0.01325589,0.5049613,-0.007756256,-0.8630054
0.01326414,0.504042,-0.007742136,-0.8635426
0.01327248,0.5031108,-0.007727832,-0.8640855
0.01328944,0.5012096,-0.00769863,-0.8651897
0.01329809,0.5002367,-0.007683686,-0.8657525
0.01330679,0.4992544,-0.007668597,-0.8663194
0.01331562,0.4982562,-0.007653265,-0.8668938
0.01332453,0.4972452,-0.007637736,-0.8674741
0.01334262,0.495185,-0.007606091,-0.8686519
0.01335182,0.4941322,-0.00758992,-0.8692511
0.01336111,0.493067,-0.007573558,-0.8698558
0.01337049,0.4919887,-0.007556997,-0.8704661
0.01337995,0.4908976,-0.007540236,-0.8710819
0.01339911,0.4886766,-0.007506121,-0.8723299
0.01340882,0.4875468,-0.007488768,-0.8729618
0.01341861,0.486404,-0.007471214,-0.873599
0.01342851,0.4852449,-0.00745341,-0.8742434
0.01343848,0.4840727,-0.007435404,-0.8748931
0.01344854,0.4828874,-0.007417198,-0.8755478
0.01346895,0.480471,-0.007380082,-0.8768761
0.01347923,0.4792465,-0.007361273,-0.877546
0.01348963,0.4780055,-0.007342211,-0.8782226
0.0135001,0.4767512,-0.007322945,-0.8789041
0.01352125,0.4742031,-0.007283806,-0.8802815
0.01353197,0.4729058,-0.00726388,-0.8809791
0.01354273,0.4715988,-0.007243803,-0.8816795
0.01355358,0.4702749,-0.007223468,-0.8823864
0.01356453,0.4689348,-0.007202884,-0.8830993
0.01358659,0.4662204,-0.007161191,-0.8845353
0.01359775,0.4648396,-0.007139981,-0.8852618
0.01360895,0.4634488,-0.007118618,-0.8859907
0.01362023,0.4620412,-0.007096997,-0.8867254
0.01363159,0.4606199,-0.007075165,-0.8874646
0.01365448,0.4577369,-0.007030882,-0.8889551
0.01366602,0.4562751,-0.007008429,-0.8897062
0.01367764,0.4547966,-0.006985719,-0.8904629
0.01368933,0.4533041,-0.006962794,-0.8912236
0.01370107,0.4517981,-0.006939661,-0.891988
0.01372472,0.4487445,-0.006892757,-0.8935282
0.01373663,0.4471972,-0.006868991,-0.8943036
0.0137486,0.4456362,-0.006845013,-0.8950824
0.01376064,0.4440577,-0.006820768,-0.8958666
0.01377274,0.4424652,-0.006796307,-0.8966542
0.01379711,0.4392359,-0.006746705,-0.8982405
0.01380935,0.4376019,-0.006721606,-0.8990377
0.01382167,0.4359505,-0.006696241,-0.8998396
0.01383403,0.4342851,-0.006670659,-0.9006445
0.01384644,0.4326057,-0.006644864,-0.9014524
0.01385889,0.4309122,-0.006618851,-0.9022632
0.01388395,0.4274799,-0.00656613,-0.9038944
0.01389655,0.4257405,-0.006539413,-0.904715
0.01390922,0.4239839,-0.006512431,-0.9055396
0.0139219,0.4222163,-0.006485282,-0.906365
0.01394737,0.4186384,-0.006430325,-0.9080231
0.01396015,0.4168281,-0.006402518,-0.9088556
0.013973,0.415,-0.006374438,-0.9096918
0.01398587,0.4131575,-0.006346137,-0.9105301
0.01399878,0.4113007,-0.006317617,-0.9113703
0.01401172,0.4094294,-0.006288873,-0.9122126
0.0140247,0.4075402,-0.006259854,-0.9130582
0.01405078,0.4037152,-0.006201102,-0.9147559
0.01406384,0.4017824,-0.006171415,-0.9156063
0.01407693,0.3998355,-0.00614151,-0.9164582
0.01410316,0.3958978,-0.006081026,-0.9181662
0.01411631,0.3939068,-0.006050444,-0.919022
0.0141295,0.3918979,-0.006019586,-0.9198806
0.0141427,0.3898741,-0.005988501,-0.9207401
0.01415592,0.3878357,-0.00595719,-0.9216006
0.01418241,0.3837116,-0.005893843,-0.9233252
0.01419566,0.3816289,-0.005861852,-0.9241881
0.01420894,0.3795279,-0.005829581,-0.9250529
0.01422224,0.3774119,-0.00579708,-0.9259182
0.01423553,0.3752813,-0.005764353,-0.9267838
0.01424883,0.3731357,-0.005731395,-0.9276497
0.01427549,0.3687924,-0.005664682,-0.9293849
0.01428883,0.3665952,-0.005630933,-0.9302538
0.01430216,0.3643864,-0.005597006,-0.9311212
0.01431548,0.3621623,-0.005562844,-0.9319885
0.01434213,0.3576655,-0.005493771,-0.9337235
0.01435545,0.3553928,-0.005458862,-0.9345909
0.01436876,0.3531049,-0.005423721,-0.9354576
0.01438207,0.3508021,-0.005388349,-0.9363237
0.01439536,0.3484839,-0.005352742,-0.937189
0.01440865,0.3461471,-0.005316847,-0.9380546
0.01443521,0.3414244,-0.005244306,-0.9397838
0.01444846,0.3390418,-0.00520771,-0.9406459
0.01446168,0.3366441,-0.005170879,-0.9415067
0.01447488,0.3342309,-0.005133813,-0.9423661
0.01450122,0.3293552,-0.005058922,-0.9440812
0.01451436,0.3268926,-0.005021096,-0.9449368
0.01452747,0.3244145,-0.004983032,-0.9457904
0.01454056,0.321921,-0.004944731,-0.946642
0.01455362,0.3194089,-0.004906145,-0.9474926
0.01457963,0.3143412,-0.004828305,-0.9491859
0.01459259,0.3117823,-0.004789,-0.9500294
0.0146055,0.3092079,-0.004749456,-0.9508705
0.01461838,0.3066179,-0.004709675,-0.9517088
0.01463121,0.3040124,-0.004669653,-0.9525443
0.01465676,0.2987515,-0.004588844,-0.9542074
0.01466947,0.2960957,-0.004548051,-0.9550349
0.01468214,0.2934209,-0.004506967,-0.95586
0.01469475,0.290734,-0.004465695,-0.9566807
0.0147073,0.2880315,-0.004424185,-0.9574978
0.01473225,0.2825758,-0.004340384,-0.9591221
0.01474464,0.279823,-0.004298101,-0.9599288
0.01475697,0.2770541,-0.00425557,-0.9607316
0.01476924,0.2742698,-0.004212802,-0.9615302
0.01478144,0.2714697,-0.004169792,-0.9623245
0.01479357,0.2686539,-0.004126542,-0.9631144
0.01481767,0.2629643,-0.004039148,-0.9646834
0.0148296,0.2600975,-0.003995114,-0.9654602
0.01484146,0.2572152,-0.003950842,-0.9662321
0.01485324,0.2543171,-0.003906325,-0.966999
0.01487657,0.2484699,-0.003816513,-0.9685178
0.01488812,0.2455209,-0.003771215,-0.9692696
0.01489958,0.2425559,-0.003725672,-0.9700159
0.01491096,0.239572,-0.003679839,-0.9707572
0.01492225,0.2365758,-0.003633816,-0.9714917
0.01493344,0.2335635,-0.003587548,-0.9722202
0.01495556,0.2274844,-0.003494172,-0.9736606
0.01496648,0.2244213,-0.003447121,-0.9743713
0.01497729,0.2213422,-0.003399827,-0.9750753
0.01498802,0.2182437,-0.003352234,-0.9757735
0.01499862,0.2151331,-0.003304453,-0.976464
0.01500913,0.2120029,-0.003256373,-0.9771484
0.01502985,0.2056886,-0.003159386,-0.978497
0.01504003,0.2025111,-0.003110579,-0.9791595
0.01505009,0.199318,-0.003061533,-0.9798145
0.01506986,0.1928808,-0.002962656,-0.981102
0.01507957,0.1896368,-0.002912827,-0.9817342
0.01508916,0.1863769,-0.002862755,-0.9823583
0.01509862,0.1831014,-0.002812443,-0.9829741
0.01510795,0.1798099,-0.002761885,-0.9835815
0.01511717,0.1764957,-0.002710979,-0.9841816
0.01513238,0.170882,-0.002624752,-0.9851718
0.01513818,0.1686894,-0.002591072,-0.9855496
0.01514282,0.1669149,-0.002563816,-0.9858517
0.01514607,0.1656587,-0.00254452,-0.9860635
0.01514824,0.1648166,-0.002531586,-0.9862047
0.01514939,0.1643688,-0.002524707,-0.9862794
0.01514939,0.1643688,-0.002524707,-0.9862794
0.01514939,0.1643688,-0.002524707,-0.9862794
0.01514939,0.1643688,-0.002524707,-0.9862794
0.01514939,0.1643688,-0.002524707,-0.9862794
0.01514939,0.1643688,-0.002524707,-0.9862794
0.01514939,0.1643688,-0.002524707,-0.9862794
0.01514939,0.1643688,-0.002524707,-0.9862794
0.01514939,0.1643688,-0.002524707,-0.9862794
0.01514939,0.1643688,-0.002524707,-0.9862794
0.01514939,0.1643688,-0.002524707,-0.9862794
0.01514939,0.1643688,-0.002524707,-0.9862794
0.01514939,0.1643688,-0.002524707,-0.9862794
0.01514939,0.1643688,-0.002524707,-0.9862794
0.01514939,0.1643688,-0.002524707,-0.9862794
0.01514939,0.1643688,-0.002524707,-0.9862794
0.01514939,0.1643688,-0.002524707,-0.9862794
0.01514939,0.1643688,-0.002524707,-0.9862794
0.01514939,0.1643688,-0.002524707,-0.9862794
0.01514939,0.1643688,-0.002524707,-0.9862794
0.01514939,0.1643688,-0.002524707,-0.9862794
0.01514939,0.1643688,-0.002524707,-0.9862794
0.01514939,0.1643688,-0.002524707,-0.9862794
0.01514939,0.1643688,-0.002524707,-0.9862794
0.01514939,0.1643688,-0.002524707,-0.9862794
0.01514939,0.1643688,-0.002524707,-0.9862794
0.01514939,0.1643688,-0.002524707,-0.9862794
0.01514939,0.1643688,-0.002524707,-0.9862794
0.01514939,0.1643688,-0.002524707,-0.9862794
0.01514939,0.1643688,-0.002524707,-0.9862794
0.01514939,0.1643688,-0.002524707,-0.9862794
0.01514939,0.1643688,-0.002524707,-0.9862794
0.01514939,0.1643688,-0.002524707,-0.9862794
0.01514939,0.1643688,-0.002524707,-0.9862794
0.01514939,0.1643688,-0.002524707,-0.9862794
0.01514939,0.1643688,-0.002524707,-0.9862794
0.01514939,0.1643688,-0.002524707,-0.9862794
0.01514939,0.1643688,-0.002524707,-0.9862794
0.01514939,0.1643688,-0.002524707,-0.9862794
0.01514939,0.1643688,-0.002524707,-0.9862794
0.01514939,0.1643688,-0.002524707,-0.9862794
0.01514939,0.1643688,-0.002524707,-0.9862794
0.01514939,0.1643688,-0.002524707,-0.9862794
0.01514939,0.1643688,-0.002524707,-0.9862794
0.01514939,0.1643688,-0.002524707,-0.9862794
0.01514939,0.1643688,-0.002524707,-0.9862794
0.01514939,0.1643688,-0.002524707,-0.9862794
0.01514939,0.1643688,-0.002524707,-0.9862794
0.01514939,0.1643688,-0.002524707,-0.9862794
0.01514939,0.1643688,-0.002524707,-0.9862794
0.01514939,0.1643688,-0.002524707,-0.9862794
0.01514939,0.1643688,-0.002524707,-0.9862794
0.01514939,0.1643688,-0.002524707,-0.9862794
0.01514939,0.1643688,-0.002524707,-0.9862794
0.01514939,0.1643688,-0.002524707,-0.9862794
0.01514939,0.1643688,-0.002524707,-0.9862794
0.01514939,0.1643688,-0.002524707,-0.9862794
0.01514939,0.1643688,-0.002524707,-0.9862794
0.01514939,0.1643688,-0.002524707,-0.9862794
0.01514939,0.1643688,-0.002524707,-0.9862794
0.01514939,0.1643688,-0.002524707,-0.9862794
0.01514939,0.1643688,-0.002524707,-0.9862794
0.01514939,0.1643688,-0.002524707,-0.9862794
0.01514939,0.1643688,-0.002524707,-0.9862794
0.01514939,0.1643688,-0.002524707,-0.9862794
0.01514939,0.1643688,-0.002524707,-0.9862794
0.01514939,0.1643688,-0.002524707,-0.9862794
0.01514939,0.1643688,-0.002524707,-0.9862794
0.01514939,0.1643688,-0.002524707,-0.9862794
0.01514939,0.1643688,-0.002524707,-0.9862794
0.01514939,0.1643688,-0.002524707,-0.9862794
0.01514939,0.1643688,-0.002524707,-0.9862794
0.01514939,0.1643688,-0.002524707,-0.9862794
0.01514939,0.1643688,-0.002524707,-0.9862794
0.01514939,0.1643688,-0.002524707,-0.9862794
0.01514939,0.1643688,-0.002524707,-0.9862794
0.01514939,0.1643688,-0.002524707,-0.9862794
0.01514939,0.1643688,-0.002524707,-0.9862794
0.01514939,0.1643688,-0.002524707,-0.9862794
0.01514939,0.1643688,-0.002524707,-0.9862794
0.01514939,0.1643688,-0.002524707,-0.9862794
0.01514939,0.1643688,-0.002524707,-0.9862794
0.01514939,0.1643688,-0.002524707,-0.9862794
0.01514939,0.1643688,-0.002524707,-0.9862794
0.01514939,0.1643688,-0.002524707,-0.9862794
0.01514939,0.1643688,-0.002524707,-0.9862794
0.01514939,0.1643688,-0.002524707,-0.9862794
0.01514939,0.1643688,-0.002524707,-0.9862794
0.01514939,0.1643688,-0.002524707,-0.9862794
0.01514939,0.1643688,-0.002524707,-0.9862794
0.01514939,0.1643688,-0.002524707,-0.9862794
0.01514939,0.1643688,-0.002524707,-0.9862794
0.01514939,0.1643688,-0.002524707,-0.9862794
0.01514939,0.1643688,-0.002524707,-0.9862794
0.01514939,0.1643688,-0.002524707,-0.9862794
0.01514939,0.1643688,-0.002524707,-0.9862794
0.01514939,0.1643688,-0.002524707,-0.9862794
0.01514939,0.1643688,-0.002524707,-0.9862794
0.01514939,0.1643688,-0.002524707,-0.9862794
0.01514939,0.1643688,-0.002524707,-0.9862794
0.01514939,0.1643688,-0.002524707,-0.9862794
0.01514939,0.1643688,-0.002524707,-0.9862794
0.01514939,0.1643688,-0.002524707,-0.9862794
0.01514939,0.1643688,-0.002524707,-0.9862794
0.01514939,0.1643688,-0.002524707,-0.9862794
0.01514939,0.1643688,-0.002524707,-0.9862794
0.01514939,0.1643688,-0.002524707,-0.9862794
0.01514939,0.1643688,-0.002524707,-0.9862794
0.01514939,0.1643688,-0.002524707,-0.9862794
0.01514939,0.1643688,-0.002524707,-0.9862794
0.01514939,0.1643688,-0.002524707,-0.9862794
0.01514939,0.1643688,-0.002524707,-0.9862794
0.01514939,0.1643688,-0.002524707,-0.9862794
0.01514939,0.1643688,-0.002524707,-0.9862794
0.01514939,0.1643688,-0.002524707,-0.9862794
0.01514939,0.1643688,-0.002524707,-0.9862794
0.01514939,0.1643688,-0.002524707,-0.9862794
0.01514939,0.1643688,-0.002524707,-0.9862794
0.01514939,0.1643688,-0.002524707,-0.9862794
0.01514939,0.1643688,-0.002524707,-0.9862794
0.01514939,0.1643688,-0.002524707,-0.9862794
0.01514939,0.1643688,-0.002524707,-0.9862794
0.01514939,0.1643688,-0.002524707,-0.9862794
0.01514939,0.1643688,-0.002524707,-0.9862794
0.01514939,0.1643688,-0.002524707,-0.9862794
0.01514939,0.1643688,-0.002524707,-0.9862794
0.01514939,0.1643688,-0.002524707,-0.9862794
0.01514939,0.1643688,-0.002524707,-0.9862794
0.01514939,0.1643688,-0.002524707,-0.9862794
0.01514939,0.1643688,-0.002524707,-0.9862794
0.01514939,0.1643688,-0.002524707,-0.9862794
0.01514939,0.1643688,-0.002524707,-0.9862794
0.01514939,0.1643688,-0.002524707,-0.9862794
0.01514939,0.1643688,-0.002524707,-0.9862794
0.01514939,0.1643688,-0.002524707,-0.9862794
0.01514939,0.1643688,-0.002524707,-0.9862794
0.01514939,0.1643688,-0.002524707,-0.9862794
0.01514939,0.1643688,-0.002524707,-0.9862794
0.01514939,0.1643688,-0.002524707,-0.9862794
0.01514939,0.1643688,-0.002524707,-0.9862794
0.01514939,0.1643688,-0.002524707,-0.9862794
0.01514939,0.1643688,-0.002524707,-0.9862794
0.01514939,0.1643688,-0.002524707,-0.9862794
0.01514939,0.1643688,-0.002524707,-0.9862794
0.01514939,0.1643688,-0.002524707,-0.9862794
0.01514939,0.1643688,-0.002524707,-0.9862794
0.01514939,0.1643688,-0.002524707,-0.9862794
0.01514939,0.1643688,-0.002524707,-0.9862794
0.01514939,0.1643688,-0.002524707,-0.9862794
0.01514939,0.1643688,-0.002524707,-0.9862794
0.01514939,0.1643688,-0.002524707,-0.9862794
0.01514939,0.1643688,-0.002524707,-0.9862794
0.01514939,0.1643688,-0.002524707,-0.9862794
0.01514939,0.1643688,-0.002524707,-0.9862794
0.01514939,0.1643688,-0.002524707,-0.9862794
0.01514939,0.1643688,-0.002524707,-0.9862794
0.01514939,0.1643688,-0.002524707,-0.9862794
0.01514939,0.1643688,-0.002524707,-0.9862794
0.01514939,0.1643688,-0.002524707,-0.9862794
0.01514939,0.1643688,-0.002524707,-0.9862794
0.01514939,0.1643688,-0.002524707,-0.9862794
0.01514939,0.1643688,-0.002524707,-0.9862794
0.01514939,0.1643688,-0.002524707,-0.9862794
0.01514939,0.1643688,-0.002524707,-0.9862794
0.01514939,0.1643688,-0.002524707,-0.9862794
0.01514939,0.1643688,-0.002524707,-0.9862794
0.01514939,0.1643688,-0.002524707,-0.9862794
0.01514939,0.1643688,-0.002524707,-0.9862794
0.01514939,0.1643688,-0.002524707,-0.9862794
0.01514939,0.1643688,-0.002524707,-0.9862794
0.01514939,0.1643688,-0.002524707,-0.9862794
0.01514939,0.1643688,-0.002524707,-0.9862794
0.01514942,0.1643548,-0.002524493,-0.9862818
0.0151495,0.164324,-0.002524019,-0.9862869
0.01514961,0.1642828,-0.002523387,-0.9862937
0.01514975,0.1642278,-0.002522542,-0.9863029
0.01515015,0.1640728,-0.002520162,-0.9863287
0.0151504,0.163973,-0.002518628,-0.9863453
0.01515069,0.1638594,-0.002516883,-0.9863642
0.01515103,0.1637286,-0.002514874,-0.9863859
0.01515139,0.1635877,-0.00251271,-0.9864092
0.01515179,0.1634292,-0.002510275,-0.9864355
0.01515271,0.1630675,-0.00250472,-0.9864954
0.01515322,0.1628678,-0.002501652,-0.9865284
0.01515376,0.1626506,-0.002498316,-0.9865642
0.01515434,0.1624235,-0.002494828,-0.9866016
0.01515561,0.1619207,-0.002487104,-0.9866843
0.0151563,0.1616486,-0.002482925,-0.9867289
0.01515701,0.1613627,-0.002478534,-0.9867757
0.01515777,0.1610592,-0.002473872,-0.9868253
0.01515857,0.1607424,-0.002469006,-0.9868769
0.01516025,0.160067,-0.002458632,-0.9869867
0.01516115,0.1597087,-0.002453129,-0.9870448
0.01516207,0.1593366,-0.002447412,-0.9871049
0.01516303,0.158947,-0.002441428,-0.9871677
0.01516402,0.1585474,-0.002435291,-0.987232
0.01516611,0.1576994,-0.002422266,-0.9873677
0.0151672,0.1572548,-0.002415436,-0.9874387
0.01516832,0.1567929,-0.002408341,-0.9875121
0.01516947,0.156321,-0.002401092,-0.9875869
0.01517065,0.1558351,-0.002393628,-0.9876637
0.01517312,0.1548143,-0.002377949,-0.9878243
0.01517439,0.1542834,-0.002369795,-0.9879074
0.0151757,0.1537387,-0.002361428,-0.9879922
0.01517703,0.1531803,-0.002352851,-0.988079
0.01517839,0.1526079,-0.002344058,-0.9881675
0.01517979,0.1520178,-0.002334995,-0.9882585
0.01518267,0.1507933,-0.002316186,-0.988446
0.01518414,0.150162,-0.00230649,-0.9885421
0.01518564,0.1495171,-0.002296583,-0.9886399
0.01518718,0.1488546,-0.002286408,-0.9887398
0.01519032,0.1474877,-0.002265412,-0.9889446
0.01519193,0.1467836,-0.002254597,-0.9890494
0.01519357,0.1460656,-0.002243568,-0.9891557
0.01519522,0.1453339,-0.002232329,-0.9892635
0.01519691,0.1445849,-0.002220824,-0.9893732
0.01520035,0.1430444,-0.002197162,-0.9895971
0.0152021,0.1422535,-0.002185014,-0.9897112
0.01520387,0.1414486,-0.002172651,-0.9898265
0.01520566,0.14063,-0.002160076,-0.9899431
0.01520748,0.1397936,-0.002147228,-0.9900616
0.01521118,0.1380791,-0.002120894,-0.9903021
0.01521306,0.1371977,-0.002107355,-0.9904246
0.01521495,0.1363057,-0.002093655,-0.9905478
0.01521686,0.1353999,-0.002079741,-0.990672
0.01521879,0.1344766,-0.002065559,-0.9907978
0.0152227,0.132588,-0.00203655,-0.9910523
0.01522467,0.1316226,-0.002021722,-0.991181
0.01522667,0.1306397,-0.002006625,-0.991311
0.01522867,0.1296466,-0.00199137,-0.9914413
0.0152307,0.1286359,-0.001975845,-0.991573
0.01523478,0.1265694,-0.001944104,-0.9918389
0.01523683,0.1255169,-0.001927936,-0.9919726
0.0152389,0.1244467,-0.001911498,-0.9921075
0.01524098,0.1233662,-0.001894902,-0.9922424
0.01524306,0.1222682,-0.001878037,-0.9923783
0.01524726,0.1200301,-0.001843659,-0.9926515
0.01524937,0.1188901,-0.001826148,-0.9927887
0.01525149,0.1177324,-0.001808365,-0.9929267
0.01525362,0.116557,-0.001790312,-0.9930653
0.01525574,0.1153714,-0.001772101,-0.9932038
0.01526,0.1129583,-0.001735034,-0.993481
0.01526213,0.1117306,-0.001716178,-0.9936199
0.01526427,0.1104852,-0.001697047,-0.9937592
0.01526641,0.1092257,-0.001677702,-0.9938984
0.01526855,0.1079524,-0.001658144,-0.9940375
0.01527281,0.1053636,-0.001618379,-0.9943152
0.01527495,0.1040449,-0.001598125,-0.994454
0.01527708,0.1027118,-0.001577648,-0.9945926
0.01527919,0.1013684,-0.001557014,-0.9947304
0.01528131,0.1000072,-0.001536105,-0.9948682
0.01528552,0.0972427,-0.001493642,-0.9951422
0.01528761,0.09583934,-0.001472086,-0.9952784
0.0152897,0.09441808,-0.001450255,-0.9954142
0.01529177,0.09298262,-0.001428206,-0.9955493
0.01529384,0.09152991,-0.001405892,-0.9956839
0.01529792,0.08858935,-0.001360725,-0.9959498
0.01529994,0.08709801,-0.001337818,-0.9960814
0.01530195,0.08559256,-0.001314694,-0.9962118
0.01530394,0.08406937,-0.001291297,-0.9963415
0.01530591,0.08253194,-0.001267682,-0.9964701
0.0153098,0.07941508,-0.001219807,-0.9967234
0.01531172,0.0778316,-0.001195485,-0.9968483
0.01531362,0.07623447,-0.001170952,-0.9969717
0.01531549,0.07462306,-0.001146201,-0.9970936
0.01531734,0.07299751,-0.001121232,-0.9972139
0.01532096,0.06970435,-0.001070649,-0.9974495
0.01532273,0.06803287,-0.001044975,-0.9975649
0.01532447,0.06635095,-0.00101914,-0.9976782
0.01532618,0.06465141,-0.0009930349,-0.9977897
0.01532787,0.06293768,-0.0009667118,-0.9978993
0.01532952,0.06120986,-0.0009401724,-0.9980068
0.01533273,0.05770465,-0.0008863318,-0.9982156
0.01533427,0.05593464,-0.0008591443,-0.9983163
0.01533579,0.05414689,-0.0008316841,-0.9984149
0.01533726,0.05234499,-0.0008040067,-0.998511
0.0153401,0.04869913,-0.0007480058,-0.9986954
0.01534145,0.04685125,-0.0007196222,-0.9987838
0.01534277,0.04498915,-0.00069102,-0.9988694
0.01534404,0.04310974,-0.000662152,-0.9989523
0.01534527,0.04121989,-0.0006331237,-0.9990321
0.01534758,0.03739777,-0.0005744154,-0.9991825
0.01534866,0.03546558,-0.0005447366,-0.9992529
0.01534969,0.03351565,-0.0005147856,-0.9993202
0.01535068,0.03155536,-0.0004846752,-0.999384
0.0153516,0.02957746,-0.0004542943,-0.9994445
0.0153533,0.02557927,-0.0003928816,-0.9995549
0.01535406,0.02355587,-0.0003618019,-0.9996045
0.01535477,0.02151804,-0.0003305006,-0.9996505
0.01535541,0.01947005,-0.0002990433,-0.9996925
0.015356,0.01740432,-0.0002673133,-0.9997306
0.01535652,0.01532442,-0.0002353658,-0.9997646
0.01535738,0.01111893,-0.0001707689,-0.9998202
0.0153577,0.008993497,-0.0001381219,-0.9998416
0.01535797,0.006853912,-0.0001052576,-0.9998586
0.01535816,0.004697088,-7.212851E-05,-0.9998711
0.01535832,0.000348511,-5.33377E-06,-0.999882
0.0153583,-0.001850614,2.844509E-05,-0.9998804
0.0153582,-0.004063599,6.243684E-05,-0.9998738
0.01535802,-0.006290268,9.663878E-05,-0.9998623
0.01535777,-0.008531045,0.0001310574,-0.9998457
0.01535702,-0.01305381,0.0002005277,-0.9997969
0.01535652,-0.01534012,0.0002356457,-0.9997644
0.01535593,-0.0176434,0.0002710245,-0.9997264
0.01535527,-0.01995688,0.0003065598,-0.9996829
0.01535451,-0.02228435,0.0003423101,-0.9996337
0.01535273,-0.02698047,0.0004144431,-0.999518
0.01535171,-0.02935292,0.0004508842,-0.9994512
0.01535059,-0.03173527,0.0004874774,-0.9993783
0.01534937,-0.03413522,0.000524341,-0.9992992
0.01534806,-0.03654891,0.0005614156,-0.9992139
0.01534665,-0.03897629,0.0005987004,-0.9991221
0.01534353,-0.04387918,0.0006740096,-0.9989188
0.01534182,-0.04634732,0.0007119204,-0.9988074
0.01534,-0.048833,0.0007501009,-0.9986889
0.01533807,-0.05133231,0.0007884906,-0.9985636
0.0153339,-0.05637153,0.0008658937,-0.9982918
0.01533164,-0.05891518,0.0009049646,-0.9981448
0.01532928,-0.0614685,0.0009441838,-0.9979908
0.01532679,-0.06403928,0.0009836713,-0.9978292
0.01532419,-0.066627,0.001023419,-0.9976598
0.01531863,-0.07183936,0.001103482,-0.9972981
0.01531567,-0.07446744,0.001143849,-0.9971052
0.01531259,-0.07710897,0.001184424,-0.9969044
0.01530938,-0.07976372,0.001225201,-0.9966955
0.01530604,-0.08243181,0.001266183,-0.9964784
0.01529898,-0.08781173,0.00134882,-0.9960188
0.01529525,-0.09052338,0.001390471,-0.9957759
0.01529139,-0.09324779,0.001432318,-0.9955245
0.01528739,-0.0959857,0.001474373,-0.9952642
0.01528326,-0.09873658,0.001516627,-0.9949951
0.01527457,-0.1042776,0.001601739,-0.9944296
0.01527001,-0.1070717,0.001644655,-0.9941327
0.01526531,-0.1098748,0.001687712,-0.9938268
0.01526046,-0.1126947,0.001731025,-0.993511
0.01525547,-0.1155275,0.001774539,-0.9931856
0.01525031,-0.1183772,0.00181831,-0.9928499
0.01523955,-0.124114,0.001906427,-0.9921492
0.01523393,-0.1270018,0.001950784,-0.9917836
0.01522816,-0.1299023,0.001995337,-0.9914079
0.01522223,-0.1328156,0.002040085,-0.9910218
0.01520988,-0.1386838,0.002130222,-0.9902177
0.01520345,-0.1416385,0.002175607,-0.9897993
0.01519686,-0.1446058,0.002221185,-0.9893702
0.0151901,-0.1475856,0.002266954,-0.98893
0.01518316,-0.1505813,0.002312969,-0.9884784
0.01516877,-0.1566065,0.002405517,-0.9875417
0.01516131,-0.1596393,0.002452101,-0.987056
0.01515367,-0.1626844,0.002498874,-0.9865587
0.01514586,-0.1657415,0.002545831,-0.9860497
0.01513785,-0.1688108,0.002592977,-0.9855288
0.01512129,-0.1749895,0.002687882,-0.9844505
0.01511272,-0.1780987,0.002735639,-0.9838928
0.01510396,-0.1812231,0.002783632,-0.9833221
0.01509501,-0.1843559,0.002831751,-0.9827396
0.01508587,-0.1875006,0.002880055,-0.9821444
0.01507652,-0.1906607,0.002928593,-0.9815359
0.01505723,-0.1970157,0.003026208,-0.98028
0.01504729,-0.2002107,0.003075283,-0.9796325
0.01503714,-0.203417,0.003124532,-0.9789717
0.01502678,-0.2066348,0.003173958,-0.9782976
0.01501621,-0.2098679,0.003223619,-0.9776092
0.01499441,-0.216371,0.003323508,-0.9761904
0.01498321,-0.2196377,0.003373685,-0.9754606
0.01497178,-0.2229153,0.003424028,-0.9747168
0.01496014,-0.226204,0.003474544,-0.9739589
