-0.00795866,-0.8551573,0.01313528,0.518141
-0.008039678,-0.8519392,0.01308585,0.5234156
-0.008243361,-0.8436486,0.01295851,0.5366761
-0.008406647,-0.8367912,0.01285318,0.5473067
-0.00861109,-0.827933,0.01271712,0.5606168
-0.008734202,-0.8224488,0.01263288,0.5686319
-0.008898495,-0.8149499,0.0125177,0.5793279
-0.009103975,-0.8052728,0.01236906,0.5927054
-0.009268385,-0.7972839,0.01224635,0.6034091
-0.009432845,-0.7890663,0.01212013,0.6141161
-0.009556419,-0.7827386,0.01202293,0.6221613
-0.009680073,-0.7762716,0.0119236,0.6302116
-0.009885908,-0.7651976,0.0117535,0.6436122
-0.01005013,-0.756076,0.01161339,0.6543035
-0.01025449,-0.7443543,0.01143335,0.6676083
-0.01045759,-0.7322793,0.01124787,0.6808313
-0.01057904,-0.724848,0.01113373,0.6887376
-0.01078055,-0.7121525,0.01093873,0.7018567
-0.01094076,-0.7017202,0.01077849,0.7122871
-0.01109984,-0.6910498,0.01061459,0.722644
-0.01125815,-0.6801085,0.01044653,0.7329506
-0.01137185,-0.6720432,0.01032265,0.7403527
-0.01151315,-0.6617674,0.01016481,0.7495519
-0.01158063,-0.6567581,0.01008787,0.7539449
-0.01161161,-0.654435,0.01005218,0.7559624
-0.01161187,-0.654416,0.01005189,0.7559788
-0.01161223,-0.6543889,0.01005147,0.7560022
-0.01161435,-0.654229,0.01004902,0.7561406
-0.0116176,-0.6539849,0.01004527,0.7563517
-0.01161963,-0.6538314,0.01004291,0.7564844
-0.01161963,-0.6538314,0.01004291,0.7564844
-0.01161963,-0.6538314,0.01004291,0.7564844
-0.01161963,-0.6538314,0.01004291,0.7564844
-0.01161963,-0.6538314,0.01004291,0.7564844
-0.01161963,-0.6538314,0.01004291,0.7564844
-0.01161963,-0.6538314,0.01004291,0.7564844
-0.01161963,-0.6538314,0.01004291,0.7564844
-0.01161963,-0.6538314,0.01004291,0.7564844
-0.01161963,-0.6538314,0.01004291,0.7564844
-0.01161963,-0.6538314,0.01004291,0.7564844
-0.01161963,-0.6538314,0.01004291,0.7564844
-0.01161963,-0.6538314,0.01004291,0.7564844
-0.01161963,-0.6538314,0.01004291,0.7564844
-0.01161963,-0.6538314,0.01004291,0.7564844
-0.01161963,-0.6538314,0.01004291,0.7564844
-0.01161963,-0.6538314,0.01004291,0.7564844
-0.01161963,-0.6538314,0.01004291,0.7564844
-0.01161963,-0.6538314,0.01004291,0.7564844
-0.01161963,-0.6538314,0.01004291,0.7564844
-0.01161963,-0.6538314,0.01004291,0.7564844
-0.01161963,-0.6538314,0.01004291,0.7564844
-0.01161963,-0.6538314,0.01004291,0.7564844
-0.01161963,-0.6538314,0.01004291,0.7564844
-0.01161963,-0.6538314,0.01004291,0.7564844
-0.01161963,-0.6538314,0.01004291,0.7564844
-0.01161963,-0.6538314,0.01004291,0.7564844
-0.01161963,-0.6538314,0.01004291,0.7564844
-0.01161963,-0.6538314,0.01004291,0.7564844
-0.01161963,-0.6538314,0.01004291,0.7564844
-0.01161963,-0.6538314,0.01004291,0.7564844
-0.01161963,-0.6538314,0.01004291,0.7564844
-0.01161963,-0.6538314,0.01004291,0.7564844
-0.01161963,-0.6538314,0.01004291,0.7564844
-0.01161963,-0.6538314,0.01004291,0.7564844
-0.01161963,-0.6538314,0.01004291,0.7564844
-0.01161963,-0.6538314,0.01004291,0.7564844
-0.01161963,-0.6538314,0.01004291,0.7564844
-0.01161963,-0.6538314,0.01004291,0.7564844
-0.01161963,-0.6538314,0.01004291,0.7564844
-0.01161963,-0.6538314,0.01004291,0.7564844
-0.01161963,-0.6538314,0.01004291,0.7564844
-0.01161963,-0.6538314,0.01004291,0.7564844
-0.01161963,-0.6538314,0.01004291,0.7564844
-0.01161963,-0.6538314,0.01004291,0.7564844
-0.01161963,-0.6538314,0.01004291,0.7564844
-0.01161963,-0.6538314,0.01004291,0.7564844
-0.01161963,-0.6538314,0.01004291,0.7564844
-0.01161963,-0.6538314,0.01004291,0.7564844
-0.01161963,-0.6538314,0.01004291,0.7564844
-0.01161963,-0.6538314,0.01004291,0.7564844
-0.01161963,-0.6538314,0.01004291,0.7564844
-0.01161963,-0.6538314,0.01004291,0.7564844
-0.01161963,-0.6538314,0.01004291,0.7564844
-0.01161963,-0.6538314,0.01004291,0.7564844
-0.01161963,-0.6538314,0.01004291,0.7564844
-0.01161963,-0.6538314,0.01004291,0.7564844
-0.01161963,-0.6538314,0.01004291,0.7564844
-0.01161963,-0.6538314,0.01004291,0.7564844
-0.01161963,-0.6538314,0.01004291,0.7564844
-0.01161963,-0.6538314,0.01004291,0.7564844
-0.01161963,-0.6538314,0.01004291,0.7564844
-0.01161963,-0.6538314,0.01004291,0.7564844
-0.01161963,-0.6538314,0.01004291,0.7564844
-0.01161963,-0.6538314,0.01004291,0.7564844
-0.01161963,-0.6538314,0.01004291,0.7564844
-0.01161963,-0.6538314,0.01004291,0.7564844
-0.01161963,-0.6538314,0.01004291,0.7564844
-0.01161963,-0.6538314,0.01004291,0.7564844
-0.01161963,-0.6538314,0.01004291,0.7564844
-0.01161963,-0.6538314,0.01004291,0.7564844
-0.01161963,-0.6538314,0.01004291,0.7564844
-0.01161963,-0.6538314,0.01004291,0.7564844
-0.01161963,-0.6538314,0.01004291,0.7564844
-0.01161963,-0.6538314,0.01004291,0.7564844
-0.01161963,-0.6538314,0.01004291,0.7564844
-0.01161963,-0.6538314,0.01004291,0.7564844
-0.01161963,-0.6538314,0.01004291,0.7564844
-0.01162026,-0.653784,0.01004218,0.7565253
-0.01162166,-0.6536785,0.01004056,0.7566166
-0.01162586,-0.6533625,0.01003571,0.7568895
-0.01163061,-0.653004,0.0100302,0.7571988
-0.0116383,-0.652423,0.01002128,0.7576994
-0.01164597,-0.6518429,0.01001237,0.7581985
-0.01165474,-0.6511781,0.01000216,0.7587695
-0.01166763,-0.6501984,0.009987109,0.7596092
-0.01167641,-0.6495303,0.009976847,0.7601807
-0.01169273,-0.6482842,0.009957707,0.7612435
-0.01170723,-0.6471744,0.009940661,0.7621873
-0.01172288,-0.6459729,0.009922205,0.7632059
-0.0117443,-0.6443217,0.009896845,0.7646004
-0.01176278,-0.6428909,0.009874868,0.7658038
-0.01178754,-0.640966,0.009845302,0.7674156
-0.0118088,-0.6393052,0.009819792,0.7687997
-0.01183116,-0.6375502,0.009792834,0.7702557
-0.0118548,-0.6356865,0.009764208,0.7717945
-0.01185778,-0.6354511,0.009760593,0.7719883
-0.01185778,-0.6354511,0.009760593,0.7719883
-0.01185778,-0.6354511,0.009760593,0.7719883
-0.01185778,-0.6354511,0.009760593,0.7719883
-0.01185778,-0.6354511,0.009760593,0.7719883
-0.01185778,-0.6354511,0.009760593,0.7719883
-0.01185778,-0.6354511,0.009760593,0.7719883
-0.01185778,-0.6354511,0.009760593,0.7719883
-0.01185778,-0.6354511,0.009760593,0.7719883
-0.01185778,-0.6354511,0.009760593,0.7719883
-0.01185778,-0.6354511,0.009760593,0.7719883
-0.01185778,-0.6354511,0.009760593,0.7719883
-0.01185778,-0.6354511,0.009760593,0.7719883
-0.01185778,-0.6354511,0.009760593,0.7719883
-0.01185778,-0.6354511,0.009760593,0.7719883
-0.01185778,-0.6354511,0.009760593,0.7719883
-0.01185778,-0.6354511,0.009760593,0.7719883
-0.01185778,-0.6354511,0.009760593,0.7719883
-0.01185778,-0.6354511,0.009760593,0.7719883
-0.01185778,-0.6354511,0.009760593,0.7719883
-0.01185778,-0.6354511,0.009760593,0.7719883
-0.01185778,-0.6354511,0.009760593,0.7719883
-0.01185778,-0.6354511,0.009760593,0.7719883
-0.01185778,-0.6354511,0.009760593,0.7719883
-0.01185778,-0.6354511,0.009760593,0.7719883
-0.01185778,-0.6354511,0.009760593,0.7719883
-0.01185778,-0.6354511,0.009760593,0.7719883
-0.01185778,-0.6354511,0.009760593,0.7719883
-0.01185778,-0.6354511,0.009760593,0.7719883
-0.01185778,-0.6354511,0.009760593,0.7719883
-0.01185778,-0.6354511,0.009760593,0.7719883
-0.01185778,-0.6354511,0.009760593,0.7719883
-0.01185778,-0.6354511,0.009760593,0.7719883
-0.01185778,-0.6354511,0.009760593,0.7719883
-0.01185778,-0.6354511,0.009760593,0.7719883
-0.01185778,-0.6354511,0.009760593,0.7719883
-0.01185778,-0.6354511,0.009760593,0.7719883
-0.01185778,-0.6354511,0.009760593,0.7719883
-0.01185778,-0.6354511,0.009760593,0.7719883
-0.01185778,-0.6354511,0.009760593,0.7719883
-0.01185778,-0.6354511,0.009760593,0.7719883
-0.01185778,-0.6354511,0.009760593,0.7719883
-0.01185778,-0.6354511,0.009760593,0.7719883
-0.01185778,-0.6354511,0.009760593,0.7719883
-0.01185778,-0.6354511,0.009760593,0.7719883
-0.01185778,-0.6354511,0.009760593,0.7719883
-0.01185778,-0.6354511,0.009760593,0.7719883
-0.0118567,-0.6355361,0.009761898,0.7719185
-0.01185395,-0.6357541,0.009765245,0.7717388
-0.01184946,-0.6361089,0.009770694,0.7714465
-0.01184439,-0.636509,0.00977684,0.7711164
-0.01183813,-0.6370018,0.00978441,0.7707094
-0.01182852,-0.6377584,0.009796032,0.7700833
-0.01181937,-0.638477,0.009807069,0.7694877
-0.01180905,-0.6392853,0.009819485,0.7688162
-0.01179426,-0.6404418,0.009837248,0.7678531
-0.01177774,-0.6417292,0.009857022,0.7667775
-0.01175945,-0.6431494,0.009878837,0.7655868
-0.01174332,-0.6443974,0.009898006,0.7645366
-0.01172599,-0.6457337,0.009918531,0.7634083
-0.01170237,-0.6475474,0.00994639,0.7618705
-0.01168203,-0.6491013,0.009970259,0.7605469
-0.01166768,-0.6501951,0.009987057,0.7596121
-0.01166768,-0.6501951,0.009987057,0.7596121
-0.01166768,-0.6501951,0.009987057,0.7596121
-0.01166768,-0.6501951,0.009987057,0.7596121
-0.01166768,-0.6501951,0.009987057,0.7596121
-0.01166768,-0.6501951,0.009987057,0.7596121
-0.01166768,-0.6501951,0.009987057,0.7596121
-0.01166807,-0.6501648,0.009986592,0.759638
-0.01167048,-0.6499814,0.009983777,0.759795
-0.0116738,-0.6497285,0.009979893,0.7600111
-0.01167971,-0.6492786,0.009972982,0.7603956
-0.01168597,-0.648801,0.009965646,0.7608031
-0.01169339,-0.6482342,0.009956942,0.7612861
-0.01170234,-0.6475491,0.009946418,0.761869
-0.01171267,-0.6467574,0.009934258,0.7625412
-0.01172416,-0.6458742,0.009920692,0.7632894
-0.01174039,-0.644623,0.009901473,0.7643463
-0.0117583,-0.6432379,0.009880198,0.7655123
-0.01177793,-0.6417143,0.009856795,0.7667899
-0.0117951,-0.6403765,0.009836246,0.7679076
-0.01181339,-0.6389457,0.009814269,0.7690986
-0.01183799,-0.6370131,0.009784583,0.7707
-0.01185905,-0.6353504,0.009759044,0.7720712
-0.01188122,-0.6335919,0.009732034,0.7735149
-0.01191072,-0.6312404,0.009695915,0.7754353
-0.0119355,-0.6292531,0.009665391,0.7770487
-0.01196813,-0.6266212,0.009624964,0.7791727
-0.01199555,-0.6243948,0.009590767,0.7809579
-0.01202401,-0.6220695,0.009555051,0.7828113
-0.01206127,-0.6190045,0.009507973,0.7852372
-0.01209219,-0.6164429,0.009468626,0.7872499
-0.01213237,-0.6130874,0.009417086,0.7898658
-0.01216573,-0.6102787,0.009373947,0.792038
-0.01220005,-0.6073676,0.009329232,0.7942724
-0.01224451,-0.6035639,0.009270806,0.7971667
-0.01228117,-0.600399,0.009222193,0.799553
-0.01232831,-0.5962903,0.009159081,0.802622
-0.01234003,-0.595261,0.009143271,0.8033856
-0.01234003,-0.5952611,0.009143272,0.8033856
-0.01234003,-0.5952611,0.009143272,0.8033856
-0.01234003,-0.5952611,0.009143272,0.8033856
-0.01234003,-0.5952611,0.009143272,0.8033856
-0.01234003,-0.5952611,0.009143272,0.8033856
-0.01234003,-0.5952611,0.009143272,0.8033856
-0.01234003,-0.5952611,0.009143272,0.8033856
-0.01234003,-0.5952611,0.009143272,0.8033856
-0.01234003,-0.5952611,0.009143272,0.8033856
-0.01234003,-0.5952611,0.009143272,0.8033856
-0.01234003,-0.5952611,0.009143272,0.8033856
-0.01234003,-0.5952611,0.009143272,0.8033856
-0.01234003,-0.5952611,0.009143272,0.8033856
-0.01234003,-0.5952611,0.009143272,0.8033856
-0.01234003,-0.5952611,0.009143272,0.8033856
-0.01234003,-0.5952611,0.009143272,0.8033856
-0.01234003,-0.5952611,0.009143272,0.8033856
-0.01234003,-0.5952611,0.009143272,0.8033856
-0.01234003,-0.5952611,0.009143272,0.8033856
-0.01234003,-0.5952611,0.009143272,0.8033856
-0.01234003,-0.5952611,0.009143272,0.8033856
-0.01234003,-0.5952611,0.009143272,0.8033856
-0.01234003,-0.5952611,0.009143272,0.8033856
-0.01234003,-0.5952611,0.009143272,0.8033856
-0.01234003,-0.5952611,0.009143272,0.8033856
-0.01234003,-0.5952611,0.009143272,0.8033856
-0.01234003,-0.5952611,0.009143272,0.8033856
-0.01234003,-0.5952611,0.009143272,0.8033856
-0.01234003,-0.5952611,0.009143272,0.8033856
-0.01234003,-0.5952611,0.009143272,0.8033856
-0.01234003,-0.5952611,0.009143272,0.8033856
-0.01234003,-0.5952611,0.009143272,0.8033856
-0.01234003,-0.5952611,0.009143272,0.8033856
-0.01234003,-0.5952611,0.009143272,0.8033856
-0.01234003,-0.5952611,0.009143272,0.8033856
-0.01234003,-0.5952611,0.009143272,0.8033856
-0.01234003,-0.5952611,0.009143272,0.8033856
-0.01234003,-0.5952611,0.009143272,0.8033856
-0.01234003,-0.5952611,0.009143272,0.8033856
-0.01234003,-0.5952611,0.009143272,0.8033856
-0.01234003,-0.5952611,0.009143272,0.8033856
-0.01234003,-0.5952611,0.009143272,0.8033856
-0.01234003,-0.5952611,0.009143272,0.8033856
-0.01234003,-0.5952611,0.009143272,0.8033856
-0.01234003,-0.5952611,0.009143272,0.8033856
-0.01234003,-0.5952611,0.009143272,0.8033856
-0.01234003,-0.5952611,0.009143272,0.8033856
-0.01234003,-0.5952611,0.009143272,0.8033856
-0.01234003,-0.5952611,0.009143272,0.8033856
-0.01234003,-0.5952611,0.009143272,0.8033856
-0.01234003,-0.5952611,0.009143272,0.8033856
-0.01234003,-0.5952611,0.009143272,0.8033856
-0.01234003,-0.5952611,0.009143272,0.8033856
-0.01234003,-0.5952611,0.009143272,0.8033856
-0.01234003,-0.5952611,0.009143272,0.8033856
-0.01234003,-0.5952611,0.009143272,0.8033856
-0.01234003,-0.5952611,0.009143272,0.8033856
-0.01234003,-0.5952611,0.009143272,0.8033856
-0.01234003,-0.5952611,0.009143272,0.8033856
-0.01234003,-0.5952611,0.009143272,0.8033856
-0.01233967,-0.5952934,0.009143769,0.8033617
-0.01233778,-0.595459,0.009146312,0.8032389
-0.0123343,-0.5957648,0.009151009,0.803012
-0.01232921,-0.5962108,0.00915786,0.8026811
-0.01232252,-0.5967969,0.009166863,0.8022454
-0.01231421,-0.5975235,0.009178024,0.8017043
-0.01230622,-0.5982208,0.009188736,0.8011842
-0.01229469,-0.5992251,0.009204163,0.8004333
-0.01228402,-0.6001516,0.009218395,0.7997388
-0.01227224,-0.6011724,0.009234074,0.7989718
-0.01225579,-0.6025931,0.009255895,0.7979008
-0.01224124,-0.6038452,0.009275128,0.7969537
-0.01222148,-0.605539,0.009301143,0.7956675
-0.01220004,-0.6073688,0.009329249,0.7942716
-0.01218611,-0.6085536,0.009347448,0.7933642
-0.01216129,-0.6106542,0.009379711,0.7917485
-0.01213999,-0.6124479,0.009407262,0.7903618
-0.0121175,-0.6143329,0.009436214,0.7888976
-0.01208748,-0.6168341,0.009474633,0.7869433
-0.01206206,-0.61894,0.009506979,0.7852882
-0.01202848,-0.6217034,0.009549424,0.7831022
-0.01199309,-0.6245943,0.00959383,0.7807984
-0.01196337,-0.6270056,0.009630867,0.7788633
-0.01192427,-0.6301544,0.009679233,0.776318
-0.01189144,-0.6327784,0.009719537,0.7741807
-0.01185732,-0.635487,0.009761141,0.7719589
-0.01181258,-0.6390086,0.009815234,0.7690463
-0.01177522,-0.6419241,0.009860015,0.7666144
-0.01173638,-0.6449324,0.009906221,0.7640853
-0.01169576,-0.6480518,0.009954136,0.7614415
-0.01165377,-0.6512506,0.01000327,0.7587074
-0.01159915,-0.6553708,0.01006656,0.7551511
-0.0115537,-0.6587645,0.01011868,0.7521924
-0.01150683,-0.6622327,0.01017195,0.7491409
-0.01144593,-0.6666909,0.01024043,0.7451761
-0.01139548,-0.6703442,0.01029655,0.7418914
-0.01133019,-0.675018,0.01036834,0.7376414
-0.01127606,-0.6788496,0.01042719,0.7341169
-0.01122036,-0.6827496,0.01048709,0.7304911
-0.01114838,-0.6877297,0.01056359,0.7258044
-0.01108885,-0.6917967,0.01062606,0.721929
-0.01104298,-0.6948996,0.01067372,0.7189428
-0.0109641,-0.7001737,0.01075473,0.7138073
-0.01089905,-0.7044654,0.01082065,0.7095723
-0.01081525,-0.7099182,0.01090441,0.7041168
-0.01074609,-0.7143562,0.01097257,0.6996137
-0.01067517,-0.7188492,0.01104159,0.6949965
-0.01058386,-0.7245489,0.01112913,0.6890523
-0.01050865,-0.7291745,0.01120018,0.6841555
-0.01043163,-0.7338467,0.01127195,0.6791415
-0.0103325,-0.7397673,0.01136289,0.6726876
-0.01025102,-0.7445564,0.01143645,0.667383
-0.0101464,-0.7506058,0.01152937,0.6605717
-0.01006035,-0.7554994,0.01160453,0.6549694
-0.009972322,-0.7604296,0.01168026,0.6492388
-0.009859357,-0.7666477,0.01177577,0.6418843
-0.009766581,-0.7716646,0.01185283,0.6358443
-0.009671798,-0.7767081,0.0119303,0.6296735
-0.009550145,-0.7830625,0.0120279,0.6217535
-0.009450417,-0.7881741,0.01210642,0.6152608
-0.009322698,-0.7945948,0.01220504,0.6069459
-0.009217918,-0.7997594,0.01228437,0.6001242
-0.009110972,-0.8049369,0.0123639,0.5931616
-0.00897406,-0.8114297,0.01246363,0.5842482
-0.008861909,-0.8166375,0.01254362,0.5769466
-0.008747526,-0.821848,0.01262365,0.5694999
-0.008630472,-0.8270766,0.01270396,0.5618793
-0.008480927,-0.8336077,0.01280428,0.5521432
-0.008327917,-0.8401209,0.01290432,0.5421817
-0.008202668,-0.8453276,0.0129843,0.5340275
-0.008043011,-0.8518054,0.0130838,0.5236331
-0.007879816,-0.8582461,0.01318273,0.5130085
-0.007746445,-0.863377,0.01326154,0.5043254
-0.007610714,-0.8684785,0.0133399,0.4954889
-0.007437358,-0.874821,0.01343732,0.4842028
-0.007295885,-0.8798559,0.01351465,0.4749924
-0.007115535,-0.8860941,0.01361047,0.4632509
-0.006931561,-0.8922536,0.01370508,0.4512735
-0.006781613,-0.8971242,0.0137799,0.4415113
-0.006590521,-0.9031405,0.01387231,0.4290705
-0.006434667,-0.9078915,0.01394528,0.4189239
-0.006236419,-0.9137364,0.01403506,0.4060171
-0.006074751,-0.9183411,0.01410579,0.3954919
-0.00591059,-0.9228704,0.01417536,0.3848044
-0.00570166,-0.9284251,0.01426068,0.3712022
-0.005531511,-0.9327777,0.01432753,0.3601248
-0.005358889,-0.9370392,0.01439299,0.3488864
-0.005139251,-0.9422398,0.01447287,0.3345871
-0.005005274,-0.9452918,0.01451975,0.3258647
-0.004778651,-0.9502497,0.0145959,0.3111106
-0.004622426,-0.9535195,0.01464613,0.3009398
-0.004520779,-0.9555829,0.01467782,0.2943222
-0.004445453,-0.9570796,0.01470081,0.2894181
-0.004368261,-0.958585,0.01472393,0.2843926
-0.004268901,-0.9604803,0.01475304,0.2779239
-0.004187097,-0.9620054,0.01477647,0.2725981
-0.004103409,-0.9635327,0.01479993,0.2671496
-0.004027422,-0.9648907,0.01482079,0.2622026
-0.004018728,-0.9650443,0.01482315,0.2616366
-0.004018728,-0.9650443,0.01482315,0.2616366
-0.004018728,-0.9650443,0.01482315,0.2616366
-0.004018728,-0.9650443,0.01482315,0.2616366
-0.004018728,-0.9650443,0.01482315,0.2616366
-0.004018728,-0.9650443,0.01482315,0.2616366
-0.004018728,-0.9650443,0.01482315,0.2616366
-0.004018728,-0.9650443,0.01482315,0.2616366
-0.004018728,-0.9650443,0.01482315,0.2616366
-0.004018728,-0.9650443,0.01482315,0.2616366
-0.004018131,-0.9650549,0.01482331,0.2615978
-0.004015751,-0.9650968,0.01482395,0.2614428
-0.004010072,-0.9651969,0.01482549,0.2610731
-0.004003344,-0.9653153,0.01482731,0.2606351
-0.003994861,-0.9654641,0.0148296,0.2600828
-0.003981429,-0.9656994,0.01483321,0.2592083
-0.003965404,-0.9659787,0.0148375,0.2581651
-0.003946774,-0.9663022,0.01484247,0.2569521
-0.003934004,-0.9665228,0.01484586,0.2561208
-0.003915045,-0.966849,0.01485087,0.2548865
-0.003888631,-0.9673008,0.01485781,0.2531668
-0.003865285,-0.9676973,0.0148639,0.2516469
-0.003840197,-0.9681205,0.0148704,0.2500136
-0.003805946,-0.9686937,0.0148792,0.2477838
-0.003776456,-0.9691828,0.01488671,0.2458639
-0.003736975,-0.9698312,0.01489667,0.2432935
-0.003703078,-0.9703821,0.01490514,0.2410866
-0.003667513,-0.9709544,0.01491393,0.2387712
-0.003620129,-0.9717078,0.0149255,0.2356864
-0.003570125,-0.9724917,0.01493754,0.2324309
-0.003517449,-0.9733049,0.01495003,0.2290015
-0.00347299,-0.9739814,0.01496042,0.226107
-0.003426733,-0.9746757,0.01497108,0.2230955
-0.003366119,-0.9755704,0.01498483,0.2191494
-0.003315361,-0.976307,0.01499614,0.2158448
-0.003262811,-0.977057,0.01500766,0.2124236
-0.003194182,-0.9780177,0.01502242,0.2079556
-0.003137124,-0.9788002,0.01503444,0.2042409
-0.003063116,-0.9797933,0.01504969,0.1994226
-0.00300154,-0.9806007,0.01506209,0.1954138
-0.002938133,-0.9814143,0.01507459,0.1912858
-0.002856033,-0.9824409,0.01509036,0.1859408
-0.002788065,-0.9832681,0.01510307,0.1815158
-0.002718248,-0.9840964,0.01511579,0.1769704
-0.002627999,-0.9851349,0.01513174,0.1710948
-0.002553621,-0.9859636,0.01514447,0.1662525
-0.00245791,-0.9869941,0.0151603,0.1600213
-0.002378939,-0.9878139,0.01517289,0.15488
-0.002298105,-0.9886247,0.01518534,0.1496175
-0.002194191,-0.9896249,0.01520071,0.1428522
-0.002108753,-0.9904119,0.0152128,0.1372899
-0.002021453,-0.9911831,0.01522464,0.1316063
-0.001931612,-0.9919422,0.0152363,0.1257573
-0.001839713,-0.9926824,0.01524767,0.1197743
-0.001722079,-0.9935764,0.0152614,0.1121159
-0.001625542,-0.9942656,0.01527199,0.1058309
-0.001527126,-0.9949267,0.01528214,0.09942371
-0.001401218,-0.9957117,0.0152942,0.09122658
-0.001298176,-0.9963036,0.0153033,0.08451815
-0.00116677,-0.9969923,0.01531387,0.0759631
-0.001032604,-0.9976195,0.01532351,0.06722841
-0.0009231631,-0.9980741,0.01533049,0.06010336
-0.0007834915,-0.9985801,0.01533826,0.05101019
-0.0006694566,-0.9989316,0.01534366,0.04358608
-0.0006115108,-0.9990891,0.01534608,0.03981359
-0.0004636732,-0.9994262,0.01535125,0.03018879
-0.0003733205,-0.9995866,0.01535372,0.02430648
-0.0002200749,-0.9997794,0.01535668,0.01432959
-9.518635E-05,-0.9998629,0.01535796,0.006198861
6.344399E-05,-0.9998736,0.01535812,-0.004128592
0.0001927212,-0.9998034,0.01535704,-0.01254504
0.0003237927,-0.9996599,0.01535484,-0.02107831
0.0004904275,-0.9993722,0.01535042,-0.03192688
0.000625947,-0.9990514,0.01534549,-0.04074973
0.0007977961,-0.9985322,0.01533752,-0.05193777
0.0009722392,-0.9978767,0.01532745,-0.0632947
0.001113835,-0.9972492,0.01531781,-0.07251311
0.001293362,-0.9963304,0.0153037,-0.084201
0.001439204,-0.9954824,0.01529068,-0.09369589
0.001549967,-0.9947773,0.01527985,-0.100907
0.001737005,-0.9934668,0.01525972,-0.1130839
0.001850653,-0.9925966,0.01524635,-0.1204829
0.002042584,-0.991,0.01522182,-0.1329783
0.002198233,-0.9895874,0.01520013,-0.1431116
0.00235546,-0.988053,0.01517656,-0.1533477
0.002554405,-0.9859557,0.01514434,-0.1662999
0.002715465,-0.9841295,0.01511629,-0.1767855
0.002918835,-0.9816591,0.01507835,-0.1900257
0.003072953,-0.9796634,0.01504769,-0.2000594
0.003175726,-0.9782732,0.01502634,-0.2067503
0.003221936,-0.9776326,0.0150165,-0.2097587
0.003221936,-0.9776326,0.0150165,-0.2097587
0.003221936,-0.9776326,0.0150165,-0.2097587
0.003221936,-0.9776326,0.0150165,-0.2097587
0.003221936,-0.9776326,0.0150165,-0.2097587
0.003221936,-0.9776326,0.0150165,-0.2097587
0.003221936,-0.9776326,0.0150165,-0.2097587
0.003221936,-0.9776326,0.0150165,-0.2097587
0.003221936,-0.9776326,0.0150165,-0.2097587
0.003221936,-0.9776326,0.0150165,-0.2097587
0.003221936,-0.9776326,0.0150165,-0.2097587
0.003221936,-0.9776326,0.0150165,-0.2097587
0.003221936,-0.9776326,0.0150165,-0.2097587
0.003221936,-0.9776326,0.0150165,-0.2097587
0.003221936,-0.9776326,0.0150165,-0.2097587
0.003221936,-0.9776326,0.0150165,-0.2097587
0.003221936,-0.9776326,0.0150165,-0.2097587
0.003221936,-0.9776326,0.0150165,-0.2097587
0.003221936,-0.9776326,0.0150165,-0.2097587
0.003221936,-0.9776326,0.0150165,-0.2097587
0.003221936,-0.9776326,0.0150165,-0.2097587
0.003221936,-0.9776326,0.0150165,-0.2097587
0.003221936,-0.9776326,0.0150165,-0.2097587
0.003221936,-0.9776326,0.0150165,-0.2097587
0.003221936,-0.9776326,0.0150165,-0.2097587
0.003221936,-0.9776326,0.0150165,-0.2097587
0.003221936,-0.9776326,0.0150165,-0.2097587
0.003221936,-0.9776326,0.0150165,-0.2097587
0.003221936,-0.9776326,0.0150165,-0.2097587
0.003221936,-0.9776326,0.0150165,-0.2097587
0.003221936,-0.9776326,0.0150165,-0.2097587
0.003221936,-0.9776326,0.0150165,-0.2097587
0.003221936,-0.9776326,0.0150165,-0.2097587
0.003221936,-0.9776326,0.0150165,-0.2097587
0.003221936,-0.9776326,0.0150165,-0.2097587
0.003221936,-0.9776326,0.0150165,-0.2097587
0.003221936,-0.9776326,0.0150165,-0.2097587
0.003221936,-0.9776326,0.0150165,-0.2097587
0.003221936,-0.9776326,0.0150165,-0.2097587
0.003221936,-0.9776326,0.0150165,-0.2097587
0.003221936,-0.9776326,0.0150165,-0.2097587
0.003221936,-0.9776326,0.0150165,-0.2097587
0.003221936,-0.9776326,0.0150165,-0.2097587
0.003221936,-0.9776326,0.0150165,-0.2097587
0.003221936,-0.9776326,0.0150165,-0.2097587
0.003221936,-0.9776326,0.0150165,-0.2097587
0.003221936,-0.9776326,0.0150165,-0.2097587
0.003221936,-0.9776326,0.0150165,-0.2097587
0.003221936,-0.9776326,0.0150165,-0.2097587
0.003221936,-0.9776326,0.0150165,-0.2097587
0.003221936,-0.9776326,0.0150165,-0.2097587
0.003221936,-0.9776326,0.0150165,-0.2097587
0.003221936,-0.9776326,0.0150165,-0.2097587
0.003221936,-0.9776326,0.0150165,-0.2097587
0.003221936,-0.9776326,0.0150165,-0.2097587
0.003221936,-0.9776326,0.0150165,-0.2097587
0.003221936,-0.9776326,0.0150165,-0.2097587
0.003221936,-0.9776326,0.0150165,-0.2097587
0.003221936,-0.9776326,0.0150165,-0.2097587
0.003221936,-0.9776326,0.0150165,-0.2097587
0.003221936,-0.9776326,0.0150165,-0.2097587
0.003221936,-0.9776326,0.0150165,-0.2097587
0.003221936,-0.9776326,0.0150165,-0.2097587
0.003221936,-0.9776326,0.0150165,-0.2097587
0.003221936,-0.9776326,0.0150165,-0.2097587
0.003221936,-0.9776326,0.0150165,-0.2097587
0.003221936,-0.9776326,0.0150165,-0.2097587
0.003221936,-0.9776326,0.0150165,-0.2097587
0.003221936,-0.9776326,0.0150165,-0.2097587
0.003221936,-0.9776326,0.0150165,-0.2097587
0.003221936,-0.9776326,0.0150165,-0.2097587
0.003221936,-0.9776326,0.0150165,-0.2097587
0.003221936,-0.9776326,0.0150165,-0.2097587
0.003221936,-0.9776326,0.0150165,-0.2097587
0.003221936,-0.9776326,0.0150165,-0.2097587
0.003221936,-0.9776326,0.0150165,-0.2097587
0.003221936,-0.9776326,0.0150165,-0.2097587
0.003221936,-0.9776326,0.0150165,-0.2097587
0.003221936,-0.9776326,0.0150165,-0.2097587
0.003221936,-0.9776326,0.0150165,-0.2097587
0.003221936,-0.9776326,0.0150165,-0.2097587
0.003221936,-0.9776326,0.0150165,-0.2097587
0.003221936,-0.9776326,0.0150165,-0.2097587
0.003221936,-0.9776326,0.0150165,-0.2097587
0.003221936,-0.9776326,0.0150165,-0.2097587
0.003221936,-0.9776326,0.0150165,-0.2097587
0.003221936,-0.9776326,0.0150165,-0.2097587
0.003221936,-0.9776326,0.0150165,-0.2097587
0.003221936,-0.9776326,0.0150165,-0.2097587
0.003221936,-0.9776326,0.0150165,-0.2097587
0.003221936,-0.9776326,0.0150165,-0.2097587
0.003221936,-0.9776326,0.0150165,-0.2097587
0.003221936,-0.9776326,0.0150165,-0.2097587
0.003221936,-0.9776326,0.0150165,-0.2097587
0.003221936,-0.9776326,0.0150165,-0.2097587
0.003221936,-0.9776326,0.0150165,-0.2097587
0.003221936,-0.9776326,0.0150165,-0.2097587
0.003221936,-0.9776326,0.0150165,-0.2097587
0.003221936,-0.9776326,0.0150165,-0.2097587
0.003221936,-0.9776326,0.0150165,-0.2097587
0.003221936,-0.9776326,0.0150165,-0.2097587
0.003221936,-0.9776326,0.0150165,-0.2097587
0.003221936,-0.9776326,0.0150165,-0.2097587
0.003221936,-0.9776326,0.0150165,-0.2097587
0.003221936,-0.9776326,0.0150165,-0.2097587
0.003221936,-0.9776326,0.0150165,-0.2097587
0.003221936,-0.9776326,0.0150165,-0.2097587
0.003221936,-0.9776326,0.0150165,-0.2097587
0.003221936,-0.9776326,0.0150165,-0.2097587
0.003221936,-0.9776326,0.0150165,-0.2097587
0.003221936,-0.9776326,0.0150165,-0.2097587
0.003221936,-0.9776326,0.0150165,-0.2097587
0.003221936,-0.9776326,0.0150165,-0.2097587
0.003221936,-0.9776326,0.0150165,-0.2097587
0.003221936,-0.9776326,0.0150165,-0.2097587
0.003221936,-0.9776326,0.0150165,-0.2097587
0.003221936,-0.9776326,0.0150165,-0.2097587
0.003221936,-0.9776326,0.0150165,-0.2097587
0.003221936,-0.9776326,0.0150165,-0.2097587
0.003221936,-0.9776326,0.0150165,-0.2097587
0.003221936,-0.9776326,0.0150165,-0.2097587
0.003221936,-0.9776326,0.0150165,-0.2097587
0.003221936,-0.9776326,0.0150165,-0.2097587
0.003221936,-0.9776326,0.0150165,-0.2097587
0.003221936,-0.9776326,0.0150165,-0.2097587
0.003221936,-0.9776326,0.0150165,-0.2097587
0.003221936,-0.9776326,0.0150165,-0.2097587
0.003221936,-0.9776326,0.0150165,-0.2097587
0.003221936,-0.9776326,0.0150165,-0.2097587
0.003221936,-0.9776326,0.0150165,-0.2097587
0.003221936,-0.9776326,0.0150165,-0.2097587
0.003221936,-0.9776326,0.0150165,-0.2097587
0.003221936,-0.9776326,0.0150165,-0.2097587
0.003221936,-0.9776326,0.0150165,-0.2097587
0.003221936,-0.9776326,0.0150165,-0.2097587
0.003221936,-0.9776326,0.0150165,-0.2097587
0.003221936,-0.9776326,0.0150165,-0.2097587
0.003221936,-0.9776326,0.0150165,-0.2097587
0.003221936,-0.9776326,0.0150165,-0.2097587
0.003221936,-0.9776326,0.0150165,-0.2097587
0.003221936,-0.9776326,0.0150165,-0.2097587
0.003221936,-0.9776326,0.0150165,-0.2097587
0.003221936,-0.9776326,0.0150165,-0.2097587
0.003221936,-0.9776326,0.0150165,-0.2097587
0.003221936,-0.9776326,0.0150165,-0.2097587
0.003221936,-0.9776326,0.0150165,-0.2097587
0.003221936,-0.9776326,0.0150165,-0.2097587
0.003221936,-0.9776326,0.0150165,-0.2097587
0.003221936,-0.9776326,0.0150165,-0.2097587
0.003221936,-0.9776326,0.0150165,-0.2097587
0.003221936,-0.9776326,0.0150165,-0.2097587
0.003221936,-0.9776326,0.0150165,-0.2097587
0.003221936,-0.9776326,0.0150165,-0.2097587
0.003221936,-0.9776326,0.0150165,-0.2097587
0.003221936,-0.9776326,0.0150165,-0.2097587
0.003221936,-0.9776326,0.0150165,-0.2097587
0.003221936,-0.9776326,0.0150165,-0.2097587
0.003221936,-0.9776326,0.0150165,-0.2097587
0.003221936,-0.9776326,0.0150165,-0.2097587
0.003221936,-0.9776326,0.0150165,-0.2097587
0.003221936,-0.9776326,0.0150165,-0.2097587
0.003221936,-0.9776326,0.0150165,-0.2097587
0.003221936,-0.9776326,0.0150165,-0.2097587
0.003221936,-0.9776326,0.0150165,-0.2097587
0.003221936,-0.9776326,0.0150165,-0.2097587
0.003221936,-0.9776326,0.0150165,-0.2097587
0.003221936,-0.9776326,0.0150165,-0.2097587
0.003221936,-0.9776326,0.0150165,-0.2097587
0.003221936,-0.9776326,0.0150165,-0.2097587
0.003221936,-0.9776326,0.0150165,-0.2097587
0.003221936,-0.9776326,0.0150165,-0.2097587
0.003221936,-0.9776326,0.0150165,-0.2097587
0.003221936,-0.9776326,0.0150165,-0.2097587
0.003221936,-0.9776326,0.0150165,-0.2097587
0.003221936,-0.9776326,0.0150165,-0.2097587
0.003221936,-0.9776326,0.0150165,-0.2097587
0.003221936,-0.9776326,0.0150165,-0.2097587
0.003221936,-0.9776326,0.0150165,-0.2097587
0.003221936,-0.9776326,0.0150165,-0.2097587
0.003221936,-0.9776326,0.0150165,-0.2097587
0.003221936,-0.9776326,0.0150165,-0.2097587
0.003221936,-0.9776326,0.0150165,-0.2097587
0.003221936,-0.9776326,0.0150165,-0.2097587
0.003221936,-0.9776326,0.0150165,-0.2097587
0.003221936,-0.9776326,0.0150165,-0.2097587
0.003221936,-0.9776326,0.0150165,-0.2097587
0.003221936,-0.9776326,0.0150165,-0.2097587
0.003221936,-0.9776326,0.0150165,-0.2097587
0.003221936,-0.9776326,0.0150165,-0.2097587
0.003221936,-0.9776326,0.0150165,-0.2097587
0.003221936,-0.9776326,0.0150165,-0.2097587
0.003221936,-0.9776326,0.0150165,-0.2097587
0.003221936,-0.9776326,0.0150165,-0.2097587
0.003221936,-0.9776326,0.0150165,-0.2097587
0.003221936,-0.9776326,0.0150165,-0.2097587
0.003221936,-0.9776326,0.0150165,-0.2097587
0.003221936,-0.9776326,0.0150165,-0.2097587
0.003221936,-0.9776326,0.0150165,-0.2097587
0.003221936,-0.9776326,0.0150165,-0.2097587
0.003221936,-0.9776326,0.0150165,-0.2097587
0.003221936,-0.9776326,0.0150165,-0.2097587
0.003221936,-0.9776326,0.0150165,-0.2097587
0.003221936,-0.9776326,0.0150165,-0.2097587
0.003221936,-0.9776326,0.0150165,-0.2097587
0.003221936,-0.9776326,0.0150165,-0.2097587
0.003221936,-0.9776326,0.0150165,-0.2097587
0.003221936,-0.9776326,0.0150165,-0.2097587
0.003221936,-0.9776326,0.0150165,-0.2097587
0.003221936,-0.9776326,0.0150165,-0.2097587
0.003221936,-0.9776326,0.0150165,-0.2097587
0.003221936,-0.9776326,0.0150165,-0.2097587
0.003221936,-0.9776326,0.0150165,-0.2097587
0.003221936,-0.9776326,0.0150165,-0.2097587
0.003221936,-0.9776326,0.0150165,-0.2097587
0.003221936,-0.9776326,0.0150165,-0.2097587
0.003221936,-0.9776326,0.0150165,-0.2097587
0.003221936,-0.9776326,0.0150165,-0.2097587
0.003221936,-0.9776326,0.0150165,-0.2097587
0.003221936,-0.9776326,0.0150165,-0.2097587
0.003221936,-0.9776326,0.0150165,-0.2097587
0.003221936,-0.9776326,0.0150165,-0.2097587
0.003221936,-0.9776326,0.0150165,-0.2097587
0.003221936,-0.9776326,0.0150165,-0.2097587
0.003221936,-0.9776326,0.0150165,-0.2097587
0.003221936,-0.9776326,0.0150165,-0.2097587
0.003221936,-0.9776326,0.0150165,-0.2097587
0.003221936,-0.9776326,0.0150165,-0.2097587
0.003221936,-0.9776326,0.0150165,-0.2097587
0.003221936,-0.9776326,0.0150165,-0.2097587
0.003221936,-0.9776326,0.0150165,-0.2097587
0.003221936,-0.9776326,0.0150165,-0.2097587
0.003221936,-0.9776326,0.0150165,-0.2097587
0.003221936,-0.9776326,0.0150165,-0.2097587
0.003221936,-0.9776326,0.0150165,-0.2097587
0.003221936,-0.9776326,0.0150165,-0.2097587
0.003221936,-0.9776326,0.0150165,-0.2097587
0.003221936,-0.9776326,0.0150165,-0.2097587
0.003221936,-0.9776326,0.0150165,-0.2097587
0.003221936,-0.9776326,0.0150165,-0.2097587
0.003221936,-0.9776326,0.0150165,-0.2097587
0.003221936,-0.9776326,0.0150165,-0.2097587
0.003221936,-0.9776326,0.0150165,-0.2097587
0.003221936,-0.9776326,0.0150165,-0.2097587
0.003221936,-0.9776326,0.0150165,-0.2097587
0.003221936,-0.9776326,0.0150165,-0.2097587
0.003221936,-0.9776326,0.0150165,-0.2097587
0.003221936,-0.9776326,0.0150165,-0.2097587
0.003221936,-0.9776326,0.0150165,-0.2097587
0.003221936,-0.9776326,0.0150165,-0.2097587
0.003221936,-0.9776326,0.0150165,-0.2097587
0.003221936,-0.9776326,0.0150165,-0.2097587
0.003221936,-0.9776326,0.0150165,-0.2097587
0.003221936,-0.9776326,0.0150165,-0.2097587
0.003221936,-0.9776326,0.0150165,-0.2097587
0.003221936,-0.9776326,0.0150165,-0.2097587
0.003221936,-0.9776326,0.0150165,-0.2097587
0.003221936,-0.9776326,0.0150165,-0.2097587
0.003221936,-0.9776326,0.0150165,-0.2097587
0.003221936,-0.9776326,0.0150165,-0.2097587
0.003221936,-0.9776326,0.0150165,-0.2097587
0.003221936,-0.9776326,0.0150165,-0.2097587
0.003221936,-0.9776326,0.0150165,-0.2097587
0.003221936,-0.9776326,0.0150165,-0.2097587
0.003221936,-0.9776326,0.0150165,-0.2097587
0.003221936,-0.9776326,0.0150165,-0.2097587
0.003221936,-0.9776326,0.0150165,-0.2097587
0.003221936,-0.9776326,0.0150165,-0.2097587
0.003221936,-0.9776326,0.0150165,-0.2097587
0.003221936,-0.9776326,0.0150165,-0.2097587
0.003221936,-0.9776326,0.0150165,-0.2097587
0.003221936,-0.9776326,0.0150165,-0.2097587
0.003221936,-0.9776326,0.0150165,-0.2097587
0.003221936,-0.9776326,0.0150165,-0.2097587
0.003221936,-0.9776326,0.0150165,-0.2097587
0.003221936,-0.9776326,0.0150165,-0.2097587
0.003221936,-0.9776326,0.0150165,-0.2097587
0.003221936,-0.9776326,0.0150165,-0.2097587
0.003221936,-0.9776326,0.0150165,-0.2097587
0.003221936,-0.9776326,0.0150165,-0.2097587
0.003221936,-0.9776326,0.0150165,-0.2097587
0.003221936,-0.9776326,0.0150165,-0.2097587
0.003221936,-0.9776326,0.0150165,-0.2097587
0.003221936,-0.9776326,0.0150165,-0.2097587
0.003221936,-0.9776326,0.0150165,-0.2097587
0.003221936,-0.9776326,0.0150165,-0.2097587
0.003221936,-0.9776326,0.0150165,-0.2097587
0.003221936,-0.9776326,0.0150165,-0.2097587
0.003221936,-0.9776326,0.0150165,-0.2097587
0.003221936,-0.9776326,0.0150165,-0.2097587
0.003221936,-0.9776326,0.0150165,-0.2097587
0.003221936,-0.9776326,0.0150165,-0.2097587
0.003221936,-0.9776326,0.0150165,-0.2097587
0.003221936,-0.9776326,0.0150165,-0.2097587
0.003221936,-0.9776326,0.0150165,-0.2097587
0.003221936,-0.9776326,0.0150165,-0.2097587
0.003221936,-0.9776326,0.0150165,-0.2097587
0.003221936,-0.9776326,0.0150165,-0.2097587
0.003221936,-0.9776326,0.0150165,-0.2097587
0.003221936,-0.9776326,0.0150165,-0.2097587
0.003221936,-0.9776326,0.0150165,-0.2097587
0.003221936,-0.9776326,0.0150165,-0.2097587
0.003221936,-0.9776326,0.0150165,-0.2097587
0.003221936,-0.9776326,0.0150165,-0.2097587
0.003221936,-0.9776326,0.0150165,-0.2097587
0.003221936,-0.9776326,0.0150165,-0.2097587
0.003221936,-0.9776326,0.0150165,-0.2097587
0.003221936,-0.9776326,0.0150165,-0.2097587
0.003221936,-0.9776326,0.0150165,-0.2097587
0.003222567,-0.9776238,0.01501636,-0.2097998
0.003225728,-0.9775796,0.01501569,-0.2100056
0.003230358,-0.9775148,0.01501469,-0.210307
0.003238749,-0.9773971,0.01501288,-0.2108533
0.00324975,-0.9772424,0.0150105,-0.2115695
0.003263383,-0.9770497,0.01500755,-0.2124571
0.003279629,-0.9768191,0.015004,-0.2135147
0.003294824,-0.9766024,0.01500067,-0.214504
0.003316317,-0.9762939,0.01499594,-0.2159034
0.003335824,-0.9760123,0.01499161,-0.2171733
0.003362518,-0.975624,0.01498565,-0.2189112
0.003386015,-0.9752795,0.01498035,-0.2204409
0.003411662,-0.9749005,0.01497453,-0.2221107
0.003439074,-0.9744922,0.01496826,-0.2238953
0.003476204,-0.9739337,0.01495968,-0.2263126
0.003507966,-0.9734508,0.01495227,-0.2283805
0.003550254,-0.9728008,0.01494228,-0.2311336
0.003586378,-0.972239,0.01493365,-0.2334854
0.003624256,-0.9716435,0.0149245,-0.2359514
0.003674299,-0.9708465,0.01491226,-0.2392094
0.003716467,-0.970166,0.01490181,-0.2419547
0.003760379,-0.9694486,0.01489079,-0.2448136
0.003818072,-0.9684923,0.0148761,-0.2485696
0.003866253,-0.9676818,0.01486365,-0.2517064
0.00392902,-0.9666097,0.01484719,-0.2557927
0.003981463,-0.9656997,0.01483321,-0.2592071
0.004035618,-0.9647464,0.01481857,-0.2627328
0.004105956,-0.9634876,0.01479923,-0.267312
0.004164344,-0.9624249,0.01478291,-0.2711133
0.004224394,-0.961315,0.01476586,-0.2750228
0.004302199,-0.9598514,0.01474338,-0.2800883
0.004366414,-0.9586216,0.01472449,-0.2842689
0.004449125,-0.9570083,0.01469971,-0.2896537
0.004517439,-0.9556509,0.01467886,-0.2941012
0.004587397,-0.9542374,0.01465715,-0.2986557
0.00467738,-0.9523841,0.01462868,-0.304514
0.00473291,-0.9512205,0.01461081,-0.3081292
0.004827722,-0.9491988,0.01457975,-0.3143019
0.00490555,-0.9475061,0.01455375,-0.3193688
0.004984946,-0.9457481,0.01452675,-0.3245378
0.005086789,-0.9434468,0.0144914,-0.3311683
0.005170098,-0.9415254,0.01446189,-0.336592
0.00527651,-0.9390199,0.0144234,-0.3435198
0.00536363,-0.9369254,0.01439123,-0.3491917
0.005452256,-0.9347547,0.01435789,-0.3549616
0.005565381,-0.9319248,0.01431442,-0.3623265
0.005657732,-0.9295648,0.01427817,-0.3683389
0.005751541,-0.9271215,0.01424064,-0.3744462
0.005871166,-0.9239379,0.01419174,-0.3822343
0.005944234,-0.9219554,0.01416129,-0.3869913
0.006068114,-0.9185286,0.01410865,-0.3950563
0.006193955,-0.9149613,0.01405385,-0.4032491
0.00629605,-0.912003,0.01400841,-0.4098959
0.006425879,-0.9081568,0.01394934,-0.4183483
0.00653127,-0.9049645,0.0139003,-0.4252097
0.006664907,-0.9008254,0.01383672,-0.43391
0.00677349,-0.897386,0.0137839,-0.4409791
0.00688328,-0.8938381,0.0137294,-0.4481269
0.007022408,-0.8892393,0.01365876,-0.4571846
0.007135192,-0.8854256,0.01360018,-0.4645273
0.007249085,-0.8814958,0.01353982,-0.4719422
0.007393308,-0.876404,0.01346161,-0.4813316
0.007509947,-0.8721905,0.01339689,-0.4889253
0.00765729,-0.8667434,0.01331322,-0.498518
0.007776529,-0.8622319,0.01324392,-0.5062808
0.007896695,-0.8575903,0.01317263,-0.5141041
0.008048374,-0.8515925,0.0130805,-0.5239791
0.008170865,-0.8466341,0.01300434,-0.5319538
0.008294162,-0.8415372,0.01292605,-0.5399808
0.00844969,-0.8349534,0.01282492,-0.5501064
0.008575009,-0.8295203,0.01274147,-0.5582653
0.008732693,-0.8225184,0.01263392,-0.5685312
0.008859796,-0.8167368,0.01254511,-0.5768061
0.008987476,-0.8108023,0.01245396,-0.5851185
0.009148009,-0.8031567,0.01233652,-0.5955699
0.009277144,-0.7968538,0.01223971,-0.6039771
0.009406676,-0.790391,0.01214044,-0.6124101
0.00956942,-0.7820668,0.01201258,-0.6230054
0.009686992,-0.7759076,0.01191797,-0.6306597
0.009773579,-0.7712912,0.01184707,-0.636297
0.009787871,-0.7705228,0.01183526,-0.6372275
0.009787871,-0.7705228,0.01183526,-0.6372275
0.009787871,-0.7705228,0.01183526,-0.6372275
0.009787871,-0.7705228,0.01183526,-0.6372275
0.009787871,-0.7705228,0.01183526,-0.6372275
0.009787871,-0.7705228,0.01183526,-0.6372275
0.009787871,-0.7705228,0.01183526,-0.6372275
0.009787871,-0.7705228,0.01183526,-0.6372275
0.009787871,-0.7705228,0.01183526,-0.6372275
0.009787871,-0.7705228,0.01183526,-0.6372275
0.009787871,-0.7705228,0.01183526,-0.6372275
0.009787871,-0.7705228,0.01183526,-0.6372275
0.009787871,-0.7705228,0.01183526,-0.6372275
0.009787871,-0.7705228,0.01183526,-0.6372275
0.009787871,-0.7705228,0.01183526,-0.6372275
0.009787871,-0.7705228,0.01183526,-0.6372275
0.009787871,-0.7705228,0.01183526,-0.6372275
0.009787871,-0.7705228,0.01183526,-0.6372275
0.009787871,-0.7705228,0.01183526,-0.6372275
0.009787871,-0.7705228,0.01183526,-0.6372275
0.009787871,-0.7705228,0.01183526,-0.6372275
0.009787871,-0.7705228,0.01183526,-0.6372275
0.009787871,-0.7705228,0.01183526,-0.6372275
0.009787871,-0.7705228,0.01183526,-0.6372275
0.009787871,-0.7705228,0.01183526,-0.6372275
0.009787871,-0.7705228,0.01183526,-0.6372275
0.009787871,-0.7705228,0.01183526,-0.6372275
0.009787871,-0.7705228,0.01183526,-0.6372275
0.009787871,-0.7705228,0.01183526,-0.6372275
0.009787871,-0.7705228,0.01183526,-0.6372275
0.009787871,-0.7705228,0.01183526,-0.6372275
0.009787871,-0.7705228,0.01183526,-0.6372275
0.009787871,-0.7705228,0.01183526,-0.6372275
0.009787871,-0.7705228,0.01183526,-0.6372275
0.009787871,-0.7705228,0.01183526,-0.6372275
0.009787871,-0.7705228,0.01183526,-0.6372275
0.009787871,-0.7705228,0.01183526,-0.6372275
0.009787871,-0.7705228,0.01183526,-0.6372275
0.009787871,-0.7705228,0.01183526,-0.6372275
0.009787871,-0.7705228,0.01183526,-0.6372275
0.009787871,-0.7705228,0.01183526,-0.6372275
0.009787871,-0.7705228,0.01183526,-0.6372275
0.009787871,-0.7705228,0.01183526,-0.6372275
0.009787871,-0.7705228,0.01183526,-0.6372275
0.009787871,-0.7705228,0.01183526,-0.6372275
0.009787871,-0.7705228,0.01183526,-0.6372275
0.009787871,-0.7705228,0.01183526,-0.6372275
0.009787871,-0.7705228,0.01183526,-0.6372275
0.009787871,-0.7705228,0.01183526,-0.6372275
0.009787871,-0.7705228,0.01183526,-0.6372275
0.009787871,-0.7705228,0.01183526,-0.6372275
0.009787871,-0.7705228,0.01183526,-0.6372275
0.009787871,-0.7705228,0.01183526,-0.6372275
0.009787871,-0.7705228,0.01183526,-0.6372275
0.009787871,-0.7705228,0.01183526,-0.6372275
0.009787871,-0.7705228,0.01183526,-0.6372275
0.009787871,-0.7705228,0.01183526,-0.6372275
0.009787871,-0.7705228,0.01183526,-0.6372275
0.009787871,-0.7705228,0.01183526,-0.6372275
0.009787871,-0.7705228,0.01183526,-0.6372275
0.009787871,-0.7705228,0.01183526,-0.6372275
0.009787871,-0.7705228,0.01183526,-0.6372275
0.009787871,-0.7705228,0.01183526,-0.6372275
0.009787871,-0.7705228,0.01183526,-0.6372275
0.009787871,-0.7705228,0.01183526,-0.6372275
0.009787871,-0.7705228,0.01183526,-0.6372275
0.009787871,-0.7705228,0.01183526,-0.6372275
0.009787871,-0.7705228,0.01183526,-0.6372275
0.009787871,-0.7705228,0.01183526,-0.6372275
0.009787871,-0.7705228,0.01183526,-0.6372275
0.009787871,-0.7705228,0.01183526,-0.6372275
0.009787871,-0.7705228,0.01183526,-0.6372275
0.009787871,-0.7705228,0.01183526,-0.6372275
0.009787871,-0.7705228,0.01183526,-0.6372275
0.009787871,-0.7705228,0.01183526,-0.6372275
0.009787871,-0.7705228,0.01183526,-0.6372275
0.009787871,-0.7705228,0.01183526,-0.6372275
0.009787871,-0.7705228,0.01183526,-0.6372275
0.009787871,-0.7705228,0.01183526,-0.6372275
0.009787871,-0.7705228,0.01183526,-0.6372275
0.009787871,-0.7705228,0.01183526,-0.6372275
0.009787871,-0.7705228,0.01183526,-0.6372275
0.009787871,-0.7705228,0.01183526,-0.6372275
0.009787871,-0.7705228,0.01183526,-0.6372275
0.009787871,-0.7705228,0.01183526,-0.6372275
0.009787871,-0.7705228,0.01183526,-0.6372275
0.009787871,-0.7705228,0.01183526,-0.6372275
0.009787871,-0.7705228,0.01183526,-0.6372275
0.009787871,-0.7705228,0.01183526,-0.6372275
0.009787871,-0.7705228,0.01183526,-0.6372275
0.009787871,-0.7705228,0.01183526,-0.6372275
0.009787871,-0.7705228,0.01183526,-0.6372275
0.009787871,-0.7705228,0.01183526,-0.6372275
0.009787871,-0.7705228,0.01183526,-0.6372275
0.009787871,-0.7705228,0.01183526,-0.6372275
0.009787871,-0.7705228,0.01183526,-0.6372275
0.009787871,-0.7705228,0.01183526,-0.6372275
0.009787871,-0.7705228,0.01183526,-0.6372275
0.009787871,-0.7705228,0.01183526,-0.6372275
0.009787871,-0.7705228,0.01183526,-0.6372275
0.009787871,-0.7705228,0.01183526,-0.6372275
0.009787871,-0.7705228,0.01183526,-0.6372275
0.009787871,-0.7705228,0.01183526,-0.6372275
0.009787871,-0.7705228,0.01183526,-0.6372275
0.009787871,-0.7705228,0.01183526,-0.6372275
0.009787871,-0.7705228,0.01183526,-0.6372275
0.009787871,-0.7705228,0.01183526,-0.6372275
0.009787871,-0.7705228,0.01183526,-0.6372275
0.009787871,-0.7705228,0.01183526,-0.6372275
0.009787871,-0.7705228,0.01183526,-0.6372275
0.009787871,-0.7705228,0.01183526,-0.6372275
0.009787871,-0.7705228,0.01183526,-0.6372275
0.009787871,-0.7705228,0.01183526,-0.6372275
0.009787871,-0.7705228,0.01183526,-0.6372275
0.009787871,-0.7705228,0.01183526,-0.6372275
0.009787871,-0.7705228,0.01183526,-0.6372275
0.009787871,-0.7705228,0.01183526,-0.6372275
0.009787871,-0.7705228,0.01183526,-0.6372275
0.009787871,-0.7705228,0.01183526,-0.6372275
0.009787871,-0.7705228,0.01183526,-0.6372275
0.009787871,-0.7705228,0.01183526,-0.6372275
0.009787871,-0.7705228,0.01183526,-0.6372275
0.009787871,-0.7705228,0.01183526,-0.6372275
0.009787871,-0.7705228,0.01183526,-0.6372275
0.009787871,-0.7705228,0.01183526,-0.6372275
0.009787871,-0.7705228,0.01183526,-0.6372275
0.009787871,-0.7705228,0.01183526,-0.6372275
0.009787871,-0.7705228,0.01183526,-0.6372275
0.009787871,-0.7705228,0.01183526,-0.6372275
0.009787871,-0.7705228,0.01183526,-0.6372275
0.009787871,-0.7705228,0.01183526,-0.6372275
0.009787871,-0.7705228,0.01183526,-0.6372275
0.009787871,-0.7705228,0.01183526,-0.6372275
0.009787871,-0.7705228,0.01183526,-0.6372275
0.009787871,-0.7705228,0.01183526,-0.6372275
0.009787871,-0.7705228,0.01183526,-0.6372275
0.009787871,-0.7705228,0.01183526,-0.6372275
0.009787871,-0.7705228,0.01183526,-0.6372275
0.009787871,-0.7705228,0.01183526,-0.6372275
0.009787871,-0.7705228,0.01183526,-0.6372275
0.009787871,-0.7705228,0.01183526,-0.6372275
0.009787871,-0.7705228,0.01183526,-0.6372275
0.009787871,-0.7705228,0.01183526,-0.6372275
0.009787871,-0.7705228,0.01183526,-0.6372275
0.009787871,-0.7705228,0.01183526,-0.6372275
0.009787871,-0.7705228,0.01183526,-0.6372275
0.009787871,-0.7705228,0.01183526,-0.6372275
0.009787871,-0.7705228,0.01183526,-0.6372275
0.009787871,-0.7705228,0.01183526,-0.6372275
0.009787871,-0.7705228,0.01183526,-0.6372275
0.009787871,-0.7705228,0.01183526,-0.6372275
0.009787871,-0.7705228,0.01183526,-0.6372275
0.009787871,-0.7705228,0.01183526,-0.6372275
0.009787871,-0.7705228,0.01183526,-0.6372275
0.009787871,-0.7705228,0.01183526,-0.6372275
0.009787871,-0.7705228,0.01183526,-0.6372275
0.009787871,-0.7705228,0.01183526,-0.6372275
0.009787871,-0.7705228,0.01183526,-0.6372275
0.009787871,-0.7705228,0.01183526,-0.6372275
0.009787871,-0.7705228,0.01183526,-0.6372275
0.009787871,-0.7705228,0.01183526,-0.6372275
0.009787871,-0.7705228,0.01183526,-0.6372275
0.009787871,-0.7705228,0.01183526,-0.6372275
0.009787871,-0.7705228,0.01183526,-0.6372275
0.009787871,-0.7705228,0.01183526,-0.6372275
0.009787871,-0.7705228,0.01183526,-0.6372275
0.009787871,-0.7705228,0.01183526,-0.6372275
0.009787871,-0.7705228,0.01183526,-0.6372275
0.009787871,-0.7705228,0.01183526,-0.6372275
0.009787871,-0.7705228,0.01183526,-0.6372275
0.009787871,-0.7705228,0.01183526,-0.6372275
0.009787871,-0.7705228,0.01183526,-0.6372275
0.009787871,-0.7705228,0.01183526,-0.6372275
0.009787871,-0.7705228,0.01183526,-0.6372275
0.009787871,-0.7705228,0.01183526,-0.6372275
0.009787871,-0.7705228,0.01183526,-0.6372275
0.009787871,-0.7705228,0.01183526,-0.6372275
0.009787871,-0.7705228,0.01183526,-0.6372275
0.009787871,-0.7705228,0.01183526,-0.6372275
0.009787871,-0.7705228,0.01183526,-0.6372275
0.009787871,-0.7705228,0.01183526,-0.6372275
0.009787871,-0.7705228,0.01183526,-0.6372275
0.009787871,-0.7705228,0.01183526,-0.6372275
0.009787871,-0.7705228,0.01183526,-0.6372275
0.009787871,-0.7705228,0.01183526,-0.6372275
0.009787871,-0.7705228,0.01183526,-0.6372275
0.009787871,-0.7705228,0.01183526,-0.6372275
0.009787871,-0.7705228,0.01183526,-0.6372275
0.009787871,-0.7705228,0.01183526,-0.6372275
0.009787871,-0.7705228,0.01183526,-0.6372275
0.009787871,-0.7705228,0.01183526,-0.6372275
0.009787871,-0.7705228,0.01183526,-0.6372275
0.009787871,-0.7705228,0.01183526,-0.6372275
0.009787871,-0.7705228,0.01183526,-0.6372275
0.009787871,-0.7705228,0.01183526,-0.6372275
0.009787871,-0.7705228,0.01183526,-0.6372275
0.009787871,-0.7705228,0.01183526,-0.6372275
0.009787871,-0.7705228,0.01183526,-0.6372275
0.009787871,-0.7705228,0.01183526,-0.6372275
0.009787871,-0.7705228,0.01183526,-0.6372275
0.009787871,-0.7705228,0.01183526,-0.6372275
0.009787871,-0.7705228,0.01183526,-0.6372275
0.009787871,-0.7705228,0.01183526,-0.6372275
0.009787871,-0.7705228,0.01183526,-0.6372275
0.009787871,-0.7705228,0.01183526,-0.6372275
0.009787871,-0.7705228,0.01183526,-0.6372275
0.009787871,-0.7705228,0.01183526,-0.6372275
0.009787871,-0.7705228,0.01183526,-0.6372275
0.009787871,-0.7705228,0.01183526,-0.6372275
0.009787871,-0.7705228,0.01183526,-0.6372275
0.009787871,-0.7705228,0.01183526,-0.6372275
0.009787871,-0.7705228,0.01183526,-0.6372275
0.009787871,-0.7705228,0.01183526,-0.6372275
0.009788149,-0.7705078,0.01183503,-0.6372457
0.009789587,-0.7704303,0.01183384,-0.6373393
0.009791605,-0.7703216,0.01183217,-0.6374706
0.009794405,-0.7701709,0.01182986,-0.6376528
0.00979811,-0.769971,0.01182678,-0.637894
0.009801453,-0.7697906,0.01182401,-0.6381117
0.009808047,-0.7694346,0.01181855,-0.638541
0.009814191,-0.7691025,0.01181344,-0.638941
0.009821026,-0.7687325,0.01180776,-0.639386
0.009828733,-0.7683148,0.01180135,-0.6398878
0.009837295,-0.7678503,0.01179421,-0.6404451
0.009846748,-0.7673365,0.01178632,-0.6410606
0.009856986,-0.7667793,0.01177776,-0.6417271
0.009867913,-0.7661833,0.01176861,-0.6424385
0.009882679,-0.7653761,0.01175621,-0.6434
0.00989526,-0.7646868,0.01174562,-0.644219
0.009912046,-0.7637649,0.01173146,-0.6453118
0.009926328,-0.7629784,0.01171938,-0.6462416
0.009937488,-0.7623624,0.01170992,-0.6469681
0.00994933,-0.7617075,0.01169986,-0.6477391
0.009965972,-0.7607848,0.01168568,-0.6488226
0.009987772,-0.7595719,0.01166706,-0.6502419
0.01000608,-0.7585501,0.01165136,-0.6514336
0.01002505,-0.7574875,0.01163504,-0.652669
0.01004979,-0.7560971,0.01161369,-0.6542793
0.01007039,-0.7549341,0.01159582,-0.6556208
0.01008099,-0.7543345,0.01158661,-0.6563106
0.01009767,-0.7533879,0.01157207,-0.6573969
0.01012631,-0.751757,0.01154702,-0.6592615
0.01015006,-0.7503983,0.01152615,-0.6608074
0.01017441,-0.7489995,0.01150467,-0.6623925
0.01020588,-0.7471823,0.01147676,-0.6644417
0.01023181,-0.7456782,0.01145366,-0.6661293
0.01025839,-0.7441283,0.01142985,-0.6678602
0.01027214,-0.7433237,0.01141749,-0.6687556
0.01030027,-0.7416719,0.01139212,-0.6705871
0.0103364,-0.7395386,0.01135935,-0.6729391
0.01036605,-0.7377776,0.0113323,-0.6748692
0.0103963,-0.7359712,0.01130455,-0.6768387
0.0104351,-0.7336403,0.01126875,-0.6793645
0.01046683,-0.7317221,0.01123929,-0.6814301
0.01049107,-0.7302487,0.01121666,-0.6830087
0.01051602,-0.7287266,0.01119328,-0.6846326
0.01055832,-0.726129,0.01115338,-0.687387
0.01059292,-0.7239904,0.01112053,-0.6896391
0.01062802,-0.7218065,0.01108698,-0.6919246
0.01067281,-0.7189998,0.01104387,-0.6948406
0.01070018,-0.7172732,0.01101735,-0.6966228
0.01074661,-0.7143252,0.01097207,-0.6996453
0.01076559,-0.713113,0.01095345,-0.7008809
0.01079442,-0.7112637,0.01092505,-0.7027575
0.01084329,-0.7081053,0.01087653,-0.7059398
0.0108929,-0.7048711,0.01082685,-0.7091693
0.01094322,-0.7015595,0.01077599,-0.7124453
0.01097394,-0.6995228,0.0107447,-0.7144452
0.01101537,-0.6967576,0.01070223,-0.7171423
0.01105737,-0.6939319,0.01065883,-0.7198768
0.01108942,-0.691761,0.01062548,-0.7219632
0.01114341,-0.6880736,0.01056884,-0.7254784
0.01117622,-0.6858147,0.01053414,-0.7276142
0.01122049,-0.6827438,0.01048697,-0.7304965
0.0112765,-0.6788209,0.01042672,-0.7341433
0.01132184,-0.6756145,0.01037747,-0.7370951
0.01136758,-0.6723516,0.01032735,-0.7400726
0.01140233,-0.669853,0.01028897,-0.742335
0.01143752,-0.6673051,0.01024984,-0.7446262
0.01149671,-0.6629802,0.01018341,-0.7484794
0.01154453,-0.6594487,0.01012916,-0.7515927
0.01159269,-0.6558581,0.01007401,-0.754728
0.01165347,-0.6512761,0.01000363,-0.7586854
0.01170245,-0.647543,0.009946287,-0.7618742
0.0117518,-0.6437436,0.009887929,-0.7650872
0.01180166,-0.6398662,0.009828373,-0.7683329
0.01185178,-0.6359271,0.009767867,-0.7715964
0.01191494,-0.630905,0.009690729,-0.7757081
0.01196574,-0.6268169,0.009627934,-0.7790153
0.01202965,-0.6216102,0.009547957,-0.7831762
0.01208109,-0.6173674,0.009482788,-0.786525
0.01213273,-0.6130596,0.00941662,-0.7898874
0.01218473,-0.6086729,0.009349239,-0.7932727
0.01222397,-0.6053284,0.009297868,-0.7958276
0.0122897,-0.5996611,0.009210818,-0.8001068
0.01234251,-0.5950465,0.009139938,-0.8035445
0.01239544,-0.5903646,0.009068022,-0.8069906
0.01246187,-0.5844061,0.0089765,-0.811316
0.01251516,-0.57956,0.008902063,-0.8147849
0.01258191,-0.5734013,0.008807465,-0.8191308
0.01260874,-0.5708973,0.008769002,-0.8208779
0.01264919,-0.5670925,0.008710559,-0.8235109
0.01271675,-0.5606515,0.008611625,-0.8279095
0.01277083,-0.5554163,0.008531213,-0.8314306
0.01283846,-0.5487684,0.0084291,-0.8358334
0.01289262,-0.5433605,0.008346033,-0.839359
0.01293714,-0.5388567,0.008276856,-0.8422575
0.01296415,-0.5360981,0.008234482,-0.844016
0.01296549,-0.5359603,0.008232365,-0.8441034
0.01296549,-0.5359604,0.008232366,-0.8441035
0.01296549,-0.5359604,0.008232366,-0.8441035
0.01296549,-0.5359604,0.008232366,-0.8441035
0.01296549,-0.5359604,0.008232366,-0.8441035
0.01296549,-0.5359604,0.008232366,-0.8441035
0.01296549,-0.5359604,0.008232366,-0.8441035
0.01296549,-0.5359604,0.008232366,-0.8441035
0.01296549,-0.5359604,0.008232366,-0.8441035
0.01296549,-0.5359604,0.008232366,-0.8441035
0.01296549,-0.5359604,0.008232366,-0.8441035
0.01296549,-0.5359604,0.008232366,-0.8441035
0.01296549,-0.5359604,0.008232366,-0.8441035
0.01296549,-0.5359604,0.008232366,-0.8441035
0.01296549,-0.5359604,0.008232366,-0.8441035
0.01296549,-0.5359604,0.008232366,-0.8441035
0.01296549,-0.5359604,0.008232366,-0.8441035
0.01296549,-0.5359604,0.008232366,-0.8441035
0.01296549,-0.5359604,0.008232366,-0.8441035
0.01296549,-0.5359604,0.008232366,-0.8441035
0.01296543,-0.5359662,0.008232456,-0.8440998
0.01296473,-0.5360386,0.008233568,-0.8440538
0.01296387,-0.5361263,0.008234913,-0.8439981
0.01296259,-0.5362581,0.008236939,-0.8439144
0.01295972,-0.5365513,0.008241444,-0.843728
0.01295685,-0.5368455,0.008245963,-0.8435408
0.01295253,-0.5372868,0.00825274,-0.8432598
0.01294846,-0.5377033,0.008259139,-0.8429943
0.01294387,-0.5381708,0.008266319,-0.8426958
0.01293738,-0.5388321,0.008276475,-0.8422732
0.01293301,-0.5392761,0.008283293,-0.841989
0.01292506,-0.5400837,0.008295699,-0.8414712
0.01291806,-0.5407932,0.008306597,-0.8410155
0.01291059,-0.541549,0.008318207,-0.8405289
0.01290043,-0.5425745,0.008333959,-0.8398672
0.01289171,-0.5434526,0.008347446,-0.8392994
0.01288005,-0.5446228,0.008365419,-0.8385406
0.0128726,-0.5453685,0.008376872,-0.8380557
0.0128621,-0.5464177,0.008392988,-0.8373719
0.01284818,-0.5478044,0.008414288,-0.8364655
0.01283639,-0.5489746,0.008432263,-0.835698
0.01283023,-0.5495839,0.008441621,-0.8352973
0.01281401,-0.5511858,0.008466227,-0.8342412
0.01280041,-0.5525236,0.008486775,-0.8333557
0.01278262,-0.5542665,0.008513547,-0.8321975
0.01277141,-0.5553601,0.008530344,-0.8314682
0.01276751,-0.5557401,0.00853618,-0.8312142
0.01274738,-0.557696,0.008566223,-0.8299032
0.01273062,-0.559316,0.008591108,-0.8288122
0.01270884,-0.561411,0.008623287,-0.8273946
0.0126907,-0.5631475,0.00864996,-0.8262136
0.01267199,-0.5649306,0.008677348,-0.8249955
0.01264772,-0.5672312,0.008712686,-0.8234155
0.01264271,-0.5677052,0.008719967,-0.8230887
0.01262205,-0.5696505,0.008749845,-0.8217435
0.01259527,-0.5721568,0.008788344,-0.8200004
0.01257315,-0.5742149,0.008819957,-0.8185605
0.01254462,-0.5768541,0.008860496,-0.8167028
0.01252101,-0.5790238,0.008893822,-0.815166
0.01249679,-0.5812374,0.008927823,-0.8135891
0.01247185,-0.5835032,0.008962627,-0.8119656
0.01246541,-0.5840869,0.008971591,-0.8115458
0.01243245,-0.5870567,0.009017207,-0.8094001
0.01240537,-0.5894799,0.009054426,-0.8076371
0.01237053,-0.5925754,0.009101973,-0.8053686
0.01234185,-0.5951046,0.009140821,-0.8035015
0.01231251,-0.5976751,0.009180305,-0.8015913
0.01227476,-0.6009572,0.009230717,-0.7991337
0.01225931,-0.6022925,0.009251227,-0.7981278
0.01221965,-0.6056985,0.009303542,-0.7955461
0.01218707,-0.608474,0.009346175,-0.7934253
0.01215379,-0.611289,0.009389413,-0.7912585
0.01211107,-0.6148723,0.009444453,-0.7884772
0.01207605,-0.6177847,0.009489188,-0.7861974
0.01203121,-0.6214818,0.009545976,-0.7832781
0.01200368,-0.6237341,0.009580572,-0.7814857
0.01198497,-0.6252573,0.009603969,-0.7802675
0.01193706,-0.6291297,0.00966345,-0.7771486
0.01190765,-0.6314873,0.009699663,-0.775234
0.01185757,-0.6354693,0.009760827,-0.7719733
0.01181655,-0.6386995,0.009810444,-0.7693029
0.01177474,-0.6419637,0.009860582,-0.7665812
