-0.01101749,-0.6966194,0.01070016,0.7172766
-0.01102104,-0.6963813,0.0106965,0.7175077
-0.01102305,-0.6962459,0.01069442,0.717639
-0.01102522,-0.6961005,0.01069219,0.7177801
-0.01102758,-0.6959423,0.01068976,0.7179334
-0.01103004,-0.6957768,0.01068722,0.7180939
-0.01103549,-0.6954103,0.01068159,0.7184488
-0.01103848,-0.6952095,0.0106785,0.7186431
-0.01104157,-0.6950012,0.0106753,0.7188445
-0.01104481,-0.6947829,0.01067195,0.7190556
-0.0110482,-0.6945546,0.01066844,0.7192761
-0.01105551,-0.6940618,0.01066087,0.7197516
-0.01105938,-0.6938003,0.01065686,0.7200037
-0.0110634,-0.6935288,0.01065269,0.7202653
-0.01106756,-0.693247,0.01064836,0.7205365
-0.01107187,-0.6929552,0.01064388,0.7208171
-0.01108105,-0.692333,0.01063432,0.7214147
-0.01108584,-0.6920078,0.01062933,0.7217267
-0.01109077,-0.6916727,0.01062418,0.7220478
-0.01109585,-0.6913272,0.01061887,0.7223786
-0.01110649,-0.6906028,0.01060775,0.7230711
-0.01111205,-0.690224,0.01060193,0.7234328
-0.01111775,-0.6898347,0.01059595,0.723804
-0.01112363,-0.6894329,0.01058977,0.7241868
-0.01112961,-0.6890233,0.01058348,0.7245765
-0.01113574,-0.6886032,0.01057703,0.7249756
-0.01114852,-0.6877267,0.01056357,0.7258072
-0.01115512,-0.687273,0.0105566,0.7262369
-0.01116186,-0.6868088,0.01054947,0.7266759
-0.01116879,-0.6863315,0.01054214,0.7271268
-0.01117581,-0.6858464,0.01053469,0.7275843
-0.01118302,-0.6853482,0.01052703,0.7280536
-0.0111979,-0.6843179,0.01051121,0.7290221
-0.01120553,-0.6837883,0.01050307,0.7295188
-0.01121334,-0.6832454,0.01049474,0.7300273
-0.01122125,-0.6826949,0.01048628,0.7305422
-0.01123756,-0.6815563,0.01046879,0.7316045
-0.01124593,-0.6809713,0.0104598,0.7321491
-0.01125443,-0.6803755,0.01045065,0.7327027
-0.01126311,-0.6797665,0.0104413,0.7332677
-0.01127193,-0.6791469,0.01043178,0.7338417
-0.01128998,-0.677875,0.01041224,0.7350168
-0.0112992,-0.677223,0.01040223,0.7356176
-0.01130857,-0.6765601,0.01039205,0.7362272
-0.01131811,-0.6758836,0.01038165,0.7368484
-0.01132778,-0.6751966,0.0103711,0.737478
-0.01134753,-0.6737895,0.01034949,0.7387637
-0.0113576,-0.6730696,0.01033843,0.7394197
-0.01136785,-0.6723362,0.01032717,0.7400867
-0.01137823,-0.6715915,0.01031573,0.7407625
-0.01138874,-0.6708359,0.01030412,0.7414469
-0.01141016,-0.6692916,0.0102804,0.7428411
-0.01142106,-0.668503,0.01026829,0.743551
-0.0114321,-0.6677032,0.010256,0.7442693
-0.0114433,-0.6668894,0.0102435,0.7449985
-0.01145459,-0.6660671,0.01023087,0.7457337
-0.01146605,-0.6652309,0.01021803,0.7464798
-0.01148938,-0.6635221,0.01019178,0.7479991
-0.01150122,-0.6626522,0.01017842,0.7487699
-0.01151323,-0.6617681,0.01016484,0.7495514
-0.01152536,-0.6608724,0.01015108,0.7503411
-0.01154999,-0.6590474,0.01012305,0.7519447
-0.01156249,-0.6581177,0.01010877,0.7527584
-0.01157511,-0.6571764,0.01009431,0.7535803
-0.0115879,-0.6562207,0.01007963,0.7544127
-0.01160084,-0.6552507,0.01006473,0.7552553
-0.01162702,-0.6532815,0.01003448,0.7569594
-0.01164028,-0.6522795,0.01001909,0.757823
-0.01165367,-0.6512657,0.01000352,0.7586944
-0.01166721,-0.6502373,0.009987724,0.759576
-0.01168083,-0.6492001,0.009971793,0.7604626
-0.01170849,-0.6470845,0.009939296,0.7622636
-0.0117225,-0.6460088,0.009922775,0.7631754
-0.01173665,-0.6449186,0.009906027,0.764097
-0.01175092,-0.6438162,0.009889094,0.7650262
-0.01176527,-0.6427047,0.009872022,0.7659601
-0.01179438,-0.6404395,0.009837226,0.767855
-0.0118091,-0.639289,0.009819555,0.7688133
-0.01182392,-0.6381262,0.009801695,0.7697787
-0.0118389,-0.6369483,0.009783602,0.7707536
-0.01185394,-0.6357612,0.009765368,0.771733
-0.01186913,-0.6345588,0.009746899,0.7727221
-0.01188512,-0.6332896,0.009727403,0.7737626
-0.01188808,-0.633054,0.009723784,0.7739553
-0.01188808,-0.633054,0.009723784,0.7739553
-0.01188808,-0.633054,0.009723784,0.7739553
-0.01188808,-0.633054,0.009723784,0.7739553
-0.01188808,-0.633054,0.009723784,0.7739553
-0.01188808,-0.633054,0.009723784,0.7739553
-0.01188808,-0.633054,0.009723784,0.7739553
-0.01188808,-0.633054,0.009723784,0.7739553
-0.01188808,-0.633054,0.009723784,0.7739553
-0.01188808,-0.633054,0.009723784,0.7739553
-0.01188808,-0.633054,0.009723784,0.7739553
-0.01188808,-0.633054,0.009723784,0.7739553
-0.01188808,-0.633054,0.009723784,0.7739553
-0.01188808,-0.633054,0.009723784,0.7739553
-0.01188808,-0.633054,0.009723784,0.7739553
-0.01188808,-0.633054,0.009723784,0.7739553
-0.01188808,-0.633054,0.009723784,0.7739553
-0.01188808,-0.633054,0.009723784,0.7739553
-0.01188808,-0.633054,0.009723784,0.7739553
-0.01188808,-0.633054,0.009723784,0.7739553
-0.01188808,-0.633054,0.009723784,0.7739553
-0.01188808,-0.633054,0.009723784,0.7739553
-0.01188808,-0.633054,0.009723784,0.7739553
-0.01188808,-0.633054,0.009723784,0.7739553
-0.01188808,-0.633054,0.009723784,0.7739553
-0.01188808,-0.633054,0.009723784,0.7739553
-0.01188808,-0.633054,0.009723784,0.7739553
-0.01188808,-0.633054,0.009723784,0.7739553
-0.01188808,-0.633054,0.009723784,0.7739553
-0.01188808,-0.633054,0.009723784,0.7739553
-0.01188808,-0.633054,0.009723784,0.7739553
-0.01188808,-0.633054,0.009723784,0.7739553
-0.01188808,-0.633054,0.009723784,0.7739553
-0.01188808,-0.633054,0.009723784,0.7739553
-0.01188808,-0.633054,0.009723784,0.7739553
-0.01188808,-0.633054,0.009723784,0.7739553
-0.01188808,-0.633054,0.009723784,0.7739553
-0.01188808,-0.633054,0.009723784,0.7739553
-0.01188808,-0.633054,0.009723784,0.7739553
-0.01188808,-0.633054,0.009723784,0.7739553
-0.01188808,-0.633054,0.009723784,0.7739553
-0.01188808,-0.633054,0.009723784,0.7739553
-0.01188808,-0.633054,0.009723784,0.7739553
-0.01188808,-0.633054,0.009723784,0.7739553
-0.01188808,-0.633054,0.009723784,0.7739553
-0.01188808,-0.633054,0.009723784,0.7739553
-0.01188808,-0.633054,0.009723784,0.7739553
-0.01188808,-0.633054,0.009723784,0.7739553
-0.01188808,-0.633054,0.009723784,0.7739553
-0.01188808,-0.633054,0.009723784,0.7739553
-0.01188808,-0.633054,0.009723784,0.7739553
-0.01188808,-0.633054,0.009723784,0.7739553
-0.01188808,-0.633054,0.009723784,0.7739553
-0.01188808,-0.633054,0.009723784,0.7739553
-0.01188808,-0.633054,0.009723784,0.7739553
-0.01188808,-0.633054,0.009723784,0.7739553
-0.01188808,-0.633054,0.009723784,0.7739553
-0.01188808,-0.633054,0.009723784,0.7739553
-0.01188808,-0.633054,0.009723784,0.7739553
-0.01188808,-0.633054,0.009723784,0.7739553
-0.01188808,-0.633054,0.009723784,0.7739553
-0.01188808,-0.633054,0.009723784,0.7739553
-0.01188808,-0.633054,0.009723784,0.7739553
-0.01188808,-0.633054,0.009723784,0.7739553
-0.01188808,-0.633054,0.009723784,0.7739553
-0.01188808,-0.633054,0.009723784,0.7739553
-0.01188808,-0.633054,0.009723784,0.7739553
-0.01188808,-0.633054,0.009723784,0.7739553
-0.01188808,-0.633054,0.009723784,0.7739553
-0.01188808,-0.633054,0.009723784,0.7739553
-0.01188808,-0.633054,0.009723784,0.7739553
-0.01188808,-0.633054,0.009723784,0.7739553
-0.01188808,-0.633054,0.009723784,0.7739553
-0.01188808,-0.633054,0.009723784,0.7739553
-0.01188808,-0.633054,0.009723784,0.7739553
-0.01188808,-0.633054,0.009723784,0.7739553
-0.01188808,-0.633054,0.009723784,0.7739553
-0.01188808,-0.633054,0.009723784,0.7739553
-0.01188808,-0.633054,0.009723784,0.7739553
-0.01188808,-0.633054,0.009723784,0.7739553
-0.01188808,-0.633054,0.009723784,0.7739553
-0.01188808,-0.633054,0.009723784,0.7739553
-0.01188808,-0.633054,0.009723784,0.7739553
-0.01188808,-0.633054,0.009723784,0.7739553
-0.01188808,-0.633054,0.009723784,0.7739553
-0.01188808,-0.633054,0.009723784,0.7739553
-0.01188808,-0.633054,0.009723784,0.7739553
-0.01188808,-0.633054,0.009723784,0.7739553
-0.01188808,-0.633054,0.009723784,0.7739553
-0.01188808,-0.633054,0.009723784,0.7739553
-0.01188808,-0.633054,0.009723784,0.7739553
-0.01188808,-0.633054,0.009723784,0.7739553
-0.01188808,-0.633054,0.009723784,0.7739553
-0.01188808,-0.633054,0.009723784,0.7739553
-0.01188808,-0.633054,0.009723784,0.7739553
-0.01188808,-0.633054,0.009723784,0.7739553
-0.01188808,-0.633054,0.009723784,0.7739553
-0.01188808,-0.633054,0.009723784,0.7739553
-0.01188808,-0.633054,0.009723784,0.7739553
-0.01188808,-0.633054,0.009723784,0.7739553
-0.01188808,-0.633054,0.009723784,0.7739553
-0.01188808,-0.633054,0.009723784,0.7739553
-0.01188808,-0.633054,0.009723784,0.7739553
-0.01188808,-0.633054,0.009723784,0.7739553
-0.01188808,-0.633054,0.009723784,0.7739553
-0.01188808,-0.633054,0.009723784,0.7739553
-0.01188808,-0.633054,0.009723784,0.7739553
-0.01188808,-0.633054,0.009723784,0.7739553
-0.01188808,-0.633054,0.009723784,0.7739553
-0.01188808,-0.633054,0.009723784,0.7739553
-0.01188808,-0.633054,0.009723784,0.7739553
-0.01188808,-0.633054,0.009723784,0.7739553
-0.01188808,-0.633054,0.009723784,0.7739553
-0.01188808,-0.633054,0.009723784,0.7739553
-0.01188808,-0.633054,0.009723784,0.7739553
-0.01188808,-0.633054,0.009723784,0.7739553
-0.01188808,-0.633054,0.009723784,0.7739553
-0.01188808,-0.633054,0.009723784,0.7739553
-0.01188808,-0.633054,0.009723784,0.7739553
-0.01188808,-0.633054,0.009723784,0.7739553
-0.01188808,-0.633054,0.009723784,0.7739553
-0.01188791,-0.6330673,0.009723988,0.7739444
-0.01188764,-0.6330885,0.009724314,0.7739271
-0.01188724,-0.6331208,0.00972481,0.7739007
-0.01188595,-0.6332232,0.009726383,0.7738169
-0.0118851,-0.6332906,0.009727417,0.7737617
-0.01188412,-0.6333688,0.009728619,0.7736977
-0.01188301,-0.6334575,0.009729981,0.7736251
-0.01188175,-0.6335571,0.009731513,0.7735435
-0.01188033,-0.6336705,0.009733254,0.7734507
-0.01187703,-0.6339319,0.00973727,0.7732365
-0.0118752,-0.6340775,0.009739506,0.7731169
-0.01187323,-0.6342337,0.009741905,0.7729889
-0.01187113,-0.6344007,0.009744471,0.7728518
-0.01186643,-0.6347728,0.009750185,0.7725462
-0.01186388,-0.6349748,0.009753287,0.7723802
-0.01186119,-0.6351877,0.009756557,0.7722052
-0.01185837,-0.6354111,0.009759989,0.7720213
-0.01185538,-0.635648,0.009763626,0.7718263
-0.01184901,-0.636151,0.009771354,0.7714117
-0.0118456,-0.6364201,0.009775486,0.7711898
-0.01184205,-0.6366999,0.009779783,0.7709588
-0.01183837,-0.6369901,0.009784241,0.7707191
-0.01183455,-0.6372911,0.009788863,0.7704701
-0.01182641,-0.6379309,0.009798692,0.7699404
-0.0118221,-0.6382693,0.009803889,0.7696599
-0.01181769,-0.6386157,0.009809209,0.7693726
-0.01181314,-0.6389725,0.00981469,0.7690763
-0.01180358,-0.6397207,0.009826182,0.768454
-0.01179857,-0.6401122,0.009832195,0.768128
-0.01179342,-0.6405141,0.009838369,0.7677928
-0.01178813,-0.6409265,0.009844703,0.7674486
-0.01178271,-0.6413495,0.009851201,0.7670952
-0.01177714,-0.6417828,0.009857856,0.7667327
-0.01176547,-0.6426893,0.009871781,0.765973
-0.01175944,-0.643157,0.009878964,0.7655804
-0.01175327,-0.643635,0.009886306,0.7651786
-0.01174695,-0.6441233,0.009893806,0.7647676
-0.0117339,-0.6451309,0.009909284,0.7639177
-0.01172712,-0.6456532,0.009917308,0.7634763
-0.01172019,-0.6461859,0.009925489,0.7630255
-0.01171309,-0.6467314,0.009933868,0.7625632
-0.01170588,-0.6472846,0.009942365,0.7620937
-0.01169852,-0.6478481,0.009951022,0.7616147
-0.0116833,-0.6490115,0.009968891,0.7606236
-0.01167547,-0.6496084,0.009978061,0.7601139
-0.0116675,-0.6502155,0.009987386,0.7595947
-0.01165937,-0.6508327,0.009996867,0.7590659
-0.01165111,-0.65146,0.0100065,0.7585276
-0.01164265,-0.6521004,0.01001634,0.7579771
-0.01162526,-0.6534138,0.01003651,0.7568451
-0.01161636,-0.6540844,0.01004681,0.7562657
-0.01160728,-0.6547678,0.01005731,0.7556741
-0.01159808,-0.6554582,0.01006791,0.7550753
-0.01157916,-0.6568746,0.01008967,0.7538435
-0.01156947,-0.6575977,0.01010078,0.7532128
-0.01155963,-0.6583307,0.01011204,0.7525722
-0.01154964,-0.6590734,0.01012344,0.7519218
-0.01153946,-0.6598285,0.01013504,0.7512593
-0.01151864,-0.6613688,0.0101587,0.7499037
-0.011508,-0.6621535,0.01017075,0.749211
-0.01149721,-0.6629479,0.01018296,0.7485081
-0.01148622,-0.6637548,0.01019535,0.7477926
-0.01147511,-0.6645684,0.01020785,0.7470697
-0.01145235,-0.6662303,0.01023337,0.7455879
-0.01144071,-0.667078,0.01024639,0.7448296
-0.01142894,-0.6679325,0.01025952,0.7440634
-0.01141701,-0.6687966,0.01027279,0.7432868
-0.01140488,-0.669673,0.01028625,0.7424973
-0.01138015,-0.6714538,0.01031361,0.7408873
-0.01136755,-0.6723582,0.0103275,0.7400666
-0.01135478,-0.6732718,0.01034153,0.7392356
-0.01134186,-0.6741948,0.01035571,0.7383939
-0.01132873,-0.6751298,0.01037007,0.7375391
-0.01130194,-0.6770298,0.01039926,0.7357954
-0.01128832,-0.6779922,0.01041404,0.7349088
-0.01127454,-0.6789634,0.01042896,0.7340115
-0.01126059,-0.6799439,0.01044402,0.7331033
-0.01124644,-0.680936,0.01045926,0.732182
-0.01121763,-0.682947,0.01049015,0.7303065
-0.01120298,-0.6839659,0.01050579,0.7293525
-0.01118815,-0.6849935,0.01052158,0.7283874
-0.01117312,-0.6860324,0.01053754,0.7274089
-0.01115792,-0.6870802,0.01055363,0.7264193
-0.01112701,-0.6892018,0.01058622,0.7244067
-0.0111113,-0.6902755,0.01060271,0.7233837
-0.01109537,-0.6913605,0.01061938,0.7223467
-0.01107931,-0.6924512,0.01063613,0.7213013
-0.01106304,-0.693553,0.01065305,0.7202419
-0.01104659,-0.6946633,0.01067011,0.719171
-0.01101313,-0.6969112,0.01070463,0.716993
-0.01099616,-0.6980463,0.01072207,0.7158879
-0.01097897,-0.6991923,0.01073967,0.7147688
-0.0109616,-0.7003465,0.0107574,0.7136379
-0.01092632,-0.7026789,0.01079323,0.7113413
-0.01090842,-0.703857,0.01081133,0.7101757
-0.01089033,-0.7050432,0.01082955,0.7089981
-0.01087202,-0.7062399,0.01084793,0.707806
-0.01085349,-0.707447,0.01086647,0.7065996
-0.01081596,-0.7098793,0.01090383,0.7041559
-0.01079692,-0.7111068,0.01092268,0.7029163
-0.01077769,-0.712342,0.01094166,0.7016644
-0.01075823,-0.7135875,0.01096079,0.7003977
-0.01073859,-0.7148405,0.01098003,0.6991189
-0.01069874,-0.7173686,0.01101887,0.6965246
-0.01067849,-0.7186462,0.01103849,0.6952063
-0.01065806,-0.7199307,0.01105822,0.693876
-0.01063743,-0.7212228,0.01107807,0.692533
-0.01061661,-0.722522,0.01109802,0.6911774
-0.01057439,-0.7251414,0.01113826,0.6884288
-0.01055299,-0.7264614,0.01115853,0.6870358
-0.01053139,-0.7277883,0.01117891,0.6856298
-0.01050956,-0.7291247,0.01119944,0.6842086
-0.01048753,-0.7304679,0.01122007,0.6827744
-0.01046531,-0.7318175,0.0112408,0.6813275
-0.01042023,-0.734539,0.01128261,0.6783927
-0.01039741,-0.7359083,0.01130364,0.676907
-0.01037435,-0.7372866,0.01132481,0.6754055
-0.01035108,-0.7386713,0.01134608,0.6738908
-0.01030395,-0.7414591,0.0113889,0.6708223
-0.01028008,-0.7428621,0.01141045,0.6692683
-0.010256,-0.7442712,0.01143209,0.6677009
-0.01023168,-0.7456888,0.01145387,0.6661174
-0.01020711,-0.7471147,0.01147577,0.6645178
-0.01015743,-0.7499789,0.01151977,0.6612836
-0.01013228,-0.7514195,0.01154189,0.6596461
-0.01010692,-0.7528655,0.01156411,0.6579951
-0.01008131,-0.7543198,0.01158645,0.6563275
-0.01005548,-0.7557796,0.01160887,0.6546461
-0.01000319,-0.7587146,0.01165395,0.6512421
-0.00997673,-0.7601901,0.01167661,0.6495192
-0.009950013,-0.7616728,0.01169939,0.6477798
-0.00992308,-0.7631606,0.01172224,0.6460264
-0.009895925,-0.7646536,0.01174517,0.6442586
-0.00984097,-0.7676537,0.01179126,0.6406807
-0.009813122,-0.7691633,0.01181445,0.6388677
-0.009785098,-0.7706751,0.01183767,0.6370432
-0.009756809,-0.7721937,0.01186099,0.6352016
-0.009728299,-0.7737168,0.01188439,0.6333454
-0.009670573,-0.776778,0.01193141,0.6295873
-0.009641396,-0.7783138,0.011955,0.6276878
-0.009611949,-0.7798559,0.01197869,0.6257707
-0.009582276,-0.7814022,0.01200244,0.6238388
-0.009552377,-0.7829522,0.01202624,0.6218924
-0.009491901,-0.7860634,0.01207403,0.6179551
-0.009461319,-0.7876245,0.01209801,0.6159642
-0.009430462,-0.7891914,0.01212208,0.6139553
-0.009399332,-0.7907639,0.01214623,0.6119286
-0.009368015,-0.7923375,0.01217041,0.6098897
-0.009304684,-0.795494,0.01221889,0.6057667
-0.009272669,-0.797077,0.0122432,0.6036824
-0.009240374,-0.798665,0.0122676,0.6015798
-0.009207842,-0.800256,0.01229203,0.5994619
-0.009175076,-0.8018495,0.01231651,0.5973287
-0.009108831,-0.8050444,0.01236559,0.5930158
-0.00907531,-0.8066474,0.01239021,0.5908335
-0.009041544,-0.8082529,0.01241487,0.5886352
-0.009007536,-0.8098608,0.01243957,0.5864211
-0.00897329,-0.8114705,0.01246429,0.5841916
-0.008904071,-0.8146958,0.01251383,0.5796852
-0.008869096,-0.8163111,0.01253864,0.5774082
-0.00883383,-0.8179303,0.01256351,0.5751123
-0.008798317,-0.8195511,0.01258841,0.5728003
-0.008762518,-0.8211751,0.01261336,0.5704696
-0.008690266,-0.824423,0.01266324,0.5657657
-0.008653721,-0.8260508,0.01268825,0.5633865
-0.008616927,-0.8276793,0.01271326,0.5609911
-0.008579885,-0.8293088,0.01273829,0.5585795
-0.00854259,-0.8309391,0.01276333,0.5561514
-0.008467249,-0.8342012,0.01281344,0.5512465
-0.008429149,-0.8358349,0.01283854,0.5487661
-0.008390752,-0.8374708,0.01286366,0.5462663
-0.008352146,-0.8391048,0.01288876,0.5437529
-0.008313286,-0.840739,0.01291386,0.5412229
-0.0082348,-0.8440064,0.01296405,0.5361132
-0.008195122,-0.8456416,0.01298917,0.53353
-0.008155236,-0.8472744,0.01301425,0.5309333
-0.008115043,-0.8489085,0.01303935,0.5283166
-0.008074589,-0.8505419,0.01306444,0.5256829
-0.008033879,-0.8521743,0.01308951,0.5230325
-0.007951575,-0.85544,0.01313967,0.5176743
-0.007910029,-0.857071,0.01316472,0.5149694
-0.007868221,-0.8587006,0.01318975,0.5122476
-0.007826149,-0.8603285,0.01321476,0.5095085
-0.007741217,-0.8635793,0.01326469,0.5039791
-0.007698304,-0.8652037,0.01328964,0.5011854
-0.007655121,-0.8668262,0.01331457,0.498374
-0.007611628,-0.8684479,0.01333948,0.4955425
-0.007567915,-0.8700656,0.01336432,0.4926966
-0.007523934,-0.8716808,0.01338913,0.4898333
-0.007435116,-0.874905,0.01343866,0.484051
-0.00739028,-0.8765137,0.01346337,0.4811319
-0.007345173,-0.8781193,0.01348803,0.4781953
-0.007299796,-0.8797216,0.01351264,0.4752412
-0.007254147,-0.8813205,0.0135372,0.4722693
-0.007161938,-0.8845112,0.01358621,0.4662661
-0.007115424,-0.8861009,0.01361063,0.4632379
-0.007068635,-0.8876867,0.01363499,0.4601918
-0.007021575,-0.8892683,0.01365928,0.457128
-0.006974238,-0.8908458,0.01368351,0.4540462
-0.006878692,-0.8939889,0.01373179,0.4478258
-0.006830481,-0.8955543,0.01375584,0.4446871
-0.006781992,-0.8971149,0.01377981,0.4415303
-0.00673323,-0.8986703,0.0138037,0.4383557
-0.006684141,-0.9002222,0.01382754,0.4351598
-0.006585173,-0.9033085,0.01387494,0.4287166
-0.006535248,-0.9048439,0.01389853,0.4254664
-0.006485044,-0.9063736,0.01392202,0.4221979
-0.006434566,-0.9078971,0.01394542,0.4189116
-0.006383806,-0.9094146,0.01396873,0.4156069
-0.00628134,-0.9124339,0.01401511,0.408936
-0.00622964,-0.9139349,0.01403816,0.4055702
-0.006177711,-0.9154277,0.01406109,0.4021894
-0.006125498,-0.9169136,0.01408392,0.3987901
-0.006020235,-0.9198638,0.01412923,0.3919371
-0.005967128,-0.9213293,0.01415174,0.3884797
-0.005913736,-0.9227873,0.01417414,0.3850037
-0.005860067,-0.9242374,0.01419641,0.3815096
-0.005806112,-0.9256794,0.01421856,0.3779969
-0.005751877,-0.9271135,0.01424059,0.374466
-0.005642404,-0.9299604,0.01428432,0.3673389
-0.005587268,-0.9313703,0.01430597,0.3637494
-0.005531851,-0.9327713,0.01432749,0.3601415
-0.005476151,-0.9341633,0.01434887,0.3565152
-0.005363849,-0.9369208,0.01439123,0.3492039
-0.005307247,-0.9382861,0.0144122,0.345519
-0.005250359,-0.9396416,0.01443302,0.3418154
-0.005193142,-0.9409884,0.01445371,0.3380904
-0.005135694,-0.9423238,0.01447422,0.3343502
-0.00507796,-0.9436489,0.01449457,0.3305915
-0.004961533,-0.9462703,0.01453484,0.3230118
-0.004902898,-0.9475648,0.01455472,0.3191944
-0.004843978,-0.9488484,0.01457444,0.3153585
-0.004784722,-0.9501219,0.014594,0.3115007
-0.004725242,-0.9513827,0.01461337,0.3076284
-0.00466542,-0.9526333,0.01463258,0.3037338
-0.004544881,-0.9550997,0.01467046,0.2958862
-0.004484216,-0.9563144,0.01468912,0.2919367
-0.004423273,-0.9575166,0.01470758,0.2879691
-0.004362046,-0.9587064,0.01472586,0.283983
-0.004238637,-0.9610497,0.01476185,0.2759486
-0.004176514,-0.9622018,0.01477955,0.2719042
-0.00411411,-0.9633406,0.01479704,0.2678415
-0.004051428,-0.964466,0.01481433,0.2637606
-0.003988413,-0.9655785,0.01483142,0.2596582
-0.003861541,-0.9677619,0.01486496,0.2513983
-0.003797689,-0.9688323,0.0148814,0.2472414
-0.003733558,-0.9698882,0.01489762,0.2430662
-0.003669155,-0.9709293,0.01491361,0.2388733
-0.003604473,-0.9719557,0.01492937,0.2346623
-0.003474164,-0.9739648,0.01496023,0.2261787
-0.003408549,-0.9749469,0.01497532,0.221907
-0.003342709,-0.9759126,0.01499016,0.2176205
-0.003276595,-0.9768625,0.01500475,0.2133163
-0.003210151,-0.9777971,0.0150191,0.2089905
-0.003076451,-0.9796171,0.01504706,0.2002862
-0.003009194,-0.9805022,0.01506065,0.1959075
-0.002941671,-0.9813702,0.01507399,0.1915116
-0.002873876,-0.9822212,0.01508706,0.1870978
-0.002805759,-0.9830556,0.01509987,0.1826632
-0.002668662,-0.9846722,0.01512471,0.1737377
-0.00259974,-0.9854534,0.01513671,0.1692507
-0.002530499,-0.9862171,0.01514844,0.1647428
-0.002461048,-0.9869616,0.01515987,0.1602213
-0.00239128,-0.9876883,0.01517103,0.1556792
-0.002250958,-0.989085,0.01519249,0.1465437
-0.002180406,-0.9897546,0.01520277,0.1419505
-0.002109537,-0.9904054,0.01521277,0.1373367
-0.00203842,-0.9910364,0.01522246,0.1327067
-0.001967039,-0.9916477,0.01523185,0.1280596
-0.001823514,-0.9928095,0.0152497,0.1187156
-0.001751371,-0.9933599,0.01525815,0.1140188
-0.00167898,-0.9938895,0.01526629,0.1093059
-0.001606335,-0.9943983,0.0152741,0.1045765
-0.001533383,-0.9948863,0.0152816,0.09982701
-0.001386737,-0.9957981,0.0152956,0.09027983
-0.001312995,-0.9962216,0.01530211,0.08547897
-0.001239003,-0.9966232,0.01530828,0.08066187
-0.001164829,-0.9970023,0.0153141,0.07583284
-0.001090355,-0.9973593,0.01531958,0.07098434
-0.000940691,-0.9980049,0.0153295,0.06124068
-0.0008655032,-0.9982932,0.01533393,0.05634568
-0.0007900225,-0.9985585,0.015338,0.05143163
-0.0007143089,-0.9988002,0.01534172,0.0465024
-0.0006383122,-0.9990183,0.01534507,0.04155474
-0.0004857414,-0.999382,0.01535065,0.03162184
-0.0004090585,-0.9995273,0.01535289,0.02662951
-0.0003322082,-0.9996482,0.01535474,0.02162629
-0.0002550779,-0.9997442,0.01535622,0.01660483
-0.0001777889,-0.9998151,0.01535731,0.01157304
-2.244035E-05,-0.999881,0.01535832,0.0014593
5.561789E-05,-0.9998755,0.01535824,-0.003622568
0.0001338806,-0.9998441,0.01535775,-0.008717749
0.0002123584,-0.9997865,0.01535687,-0.01382693
0.0002909883,-0.9997026,0.01535558,-0.01894601
0.0004489767,-0.9994547,0.01535177,-0.02923162
0.0005283332,-0.9992902,0.01534924,-0.03439801
0.0006078321,-0.9990987,0.0153463,-0.03957367
0.0006875848,-0.9988795,0.01534294,-0.04476585
0.0007675324,-0.9986326,0.01533915,-0.04997072
0.0008476719,-0.9983579,0.01533493,-0.05518809
0.001008568,-0.9977236,0.01532518,-0.06566299
0.001089268,-0.997364,0.01531966,-0.07091686
0.001170212,-0.9969753,0.01531369,-0.07618657
0.001251336,-0.9965577,0.01530728,-0.08146808
0.001414116,-0.9956344,0.01529309,-0.09206562
0.001495823,-0.9951283,0.01528532,-0.09738503
0.001577704,-0.9945922,0.01527708,-0.1027157
0.0016598,-0.9940257,0.01526838,-0.1080605
0.001742005,-0.9934294,0.01525922,-0.1134124
0.001906903,-0.9921449,0.01523949,-0.1241478
0.001989588,-0.9914564,0.01522892,-0.1295309
0.002072483,-0.9907364,0.01521786,-0.1349277
0.00215547,-0.9899856,0.01520633,-0.1403304
0.002238662,-0.9892028,0.0151943,-0.1457465
0.002405477,-0.9875417,0.01516879,-0.1566067
0.002489147,-0.9866624,0.01515528,-0.1620539
0.002572954,-0.9857508,0.01514128,-0.1675101
0.002656836,-0.9848072,0.01512679,-0.1729711
0.002740904,-0.9838302,0.01511178,-0.1784442
0.002909412,-0.9817771,0.01508025,-0.1894147
0.002993847,-0.9807006,0.01506371,-0.1949117
0.003078455,-0.9795897,0.01504665,-0.2004199
0.003163114,-0.9784459,0.01502908,-0.2059315
0.003247941,-0.9772673,0.01501097,-0.2114541
0.003417956,-0.9748066,0.01497318,-0.2225226
0.003503087,-0.9735248,0.01495349,-0.228065
0.003588368,-0.9722074,0.01493325,-0.2336171
0.003673741,-0.970855,0.01491248,-0.2391752
0.0037592,-0.9694674,0.01489117,-0.2447388
0.003844743,-0.9680445,0.01486931,-0.250308
0.004016121,-0.9650907,0.01482394,-0.2614653
0.004101948,-0.9635594,0.01480042,-0.267053
0.004187894,-0.9619912,0.01477633,-0.2726484
0.00427385,-0.9603875,0.0147517,-0.2782444
0.004359869,-0.9587473,0.01472651,-0.2838445
0.004532125,-0.9553555,0.01467441,-0.2950591
0.004618354,-0.9536036,0.0146475,-0.3006729
0.004704628,-0.9518145,0.01462002,-0.3062896
0.004790939,-0.9499879,0.01459196,-0.3119088
0.004877289,-0.9481238,0.01456333,-0.3175305
0.005050179,-0.9442795,0.01450428,-0.3287862
0.005136662,-0.9423002,0.01447388,-0.3344165
0.005223163,-0.9402826,0.01444289,-0.3400481
0.005309678,-0.9382266,0.01441131,-0.3456805
0.005396201,-0.936132,0.01437913,-0.3513135
0.005569306,-0.9318249,0.01431298,-0.3625832
0.005655883,-0.929612,0.01427899,-0.3682196
0.005742447,-0.9273599,0.01424439,-0.3738553
0.005829002,-0.9250683,0.0142092,-0.3794903
0.006002093,-0.9203648,0.01413695,-0.3907591
0.006088577,-0.917954,0.01409992,-0.3963896
0.006175082,-0.9155015,0.01406225,-0.4020213
0.006261549,-0.9130088,0.01402396,-0.4076506
0.00634797,-0.9104759,0.01398506,-0.413277
0.006434346,-0.9079024,0.01394553,-0.4189003
0.006607046,-0.9026299,0.01386454,-0.4301437
0.006693344,-0.8999308,0.01382308,-0.435762
0.006779531,-0.8971922,0.01378102,-0.4413731
0.006865646,-0.8944123,0.01373832,-0.4469795
0.00703763,-0.8887287,0.01365102,-0.4581763
0.007123544,-0.8858228,0.01360638,-0.4637696
0.007209311,-0.882877,0.01356113,-0.4693533
0.007295029,-0.8798875,0.01351521,-0.4749338
0.007380646,-0.876856,0.01346865,-0.4805078
0.007466204,-0.8737805,0.01342141,-0.4860779
0.007636956,-0.8675032,0.01332499,-0.4971945
0.00772215,-0.8643008,0.0132758,-0.5027409
0.007807206,-0.8610559,0.01322596,-0.5082783
0.007892126,-0.8577684,0.01317546,-0.5138069
0.008061524,-0.8510653,0.0130725,-0.5248353
0.008146042,-0.8476474,0.01302,-0.5303377
0.008230401,-0.8441864,0.01296684,-0.5358298
0.008314592,-0.8406822,0.01291302,-0.5413108
0.008398657,-0.837133,0.0128585,-0.5467837
0.008566146,-0.8299087,0.01274753,-0.5576878
0.008649655,-0.8262294,0.01269102,-0.5631245
0.00873297,-0.8225064,0.01263383,-0.5685486
0.00881608,-0.8187398,0.01257598,-0.5739594
0.008898983,-0.8149295,0.01251745,-0.5793566
0.009046797,-0.8080019,0.01241105,-0.5889797
0.00911175,-0.8049025,0.01236344,-0.5932084
0.009169999,-0.8020938,0.0123203,-0.5970006
0.00922425,-0.7994527,0.01227973,-0.6005325
0.009273194,-0.7970493,0.01224281,-0.6037189
0.009353931,-0.7930406,0.01218124,-0.6089752
0.009385883,-0.7914389,0.01215663,-0.6110553
0.009412685,-0.7900886,0.01213589,-0.6128003
0.009434455,-0.7889873,0.01211898,-0.6142176
0.009451062,-0.7881444,0.01210603,-0.6152988
0.009461229,-0.7876272,0.01209809,-0.6159607
0.009466668,-0.7873502,0.01209383,-0.6163148
0.009466668,-0.7873502,0.01209383,-0.6163148
0.009466668,-0.7873502,0.01209383,-0.6163148
0.009466668,-0.7873502,0.01209383,-0.6163148
0.009466668,-0.7873502,0.01209383,-0.6163148
0.009466668,-0.7873502,0.01209383,-0.6163148
0.009466668,-0.7873502,0.01209383,-0.6163148
0.009466668,-0.7873502,0.01209383,-0.6163148
0.009466668,-0.7873502,0.01209383,-0.6163148
0.009466668,-0.7873502,0.01209383,-0.6163148
0.009466668,-0.7873502,0.01209383,-0.6163148
0.009466668,-0.7873502,0.01209383,-0.6163148
0.009466668,-0.7873502,0.01209383,-0.6163148
0.009466668,-0.7873502,0.01209383,-0.6163148
0.009466668,-0.7873502,0.01209383,-0.6163148
0.009466668,-0.7873502,0.01209383,-0.6163148
0.009466668,-0.7873502,0.01209383,-0.6163148
0.009466668,-0.7873502,0.01209383,-0.6163148
0.009466668,-0.7873502,0.01209383,-0.6163148
0.00946684,-0.7873414,0.0120937,-0.616326
0.009467225,-0.7873218,0.0120934,-0.616351
0.00946778,-0.7872936,0.01209296,-0.6163871
0.0094685,-0.7872568,0.0120924,-0.616434
0.00946939,-0.7872114,0.0120917,-0.616492
0.009470446,-0.7871574,0.01209087,-0.6165608
0.009473152,-0.7870194,0.01208875,-0.616737
0.009474762,-0.7869373,0.01208749,-0.6168419
0.009476537,-0.7868467,0.0120861,-0.6169574
0.009478481,-0.7867475,0.01208457,-0.617084
0.009482916,-0.7865207,0.01208109,-0.6173728
0.00948541,-0.7863934,0.01207914,-0.6175351
0.009488072,-0.7862573,0.01207705,-0.6177084
0.009490943,-0.7861105,0.01207479,-0.6178953
0.009493938,-0.7859572,0.01207244,-0.6180903
0.009497102,-0.7857952,0.01206995,-0.6182963
0.009504021,-0.7854405,0.0120645,-0.6187466
0.009507729,-0.7852502,0.01206158,-0.618988
0.009511608,-0.7850511,0.01205852,-0.6192405
0.009515699,-0.7848411,0.01205529,-0.6195069
0.009519955,-0.7846221,0.01205193,-0.619784
0.009529004,-0.7841566,0.01204478,-0.6203731
0.009533758,-0.7839115,0.01204101,-0.6206826
0.009538678,-0.7836578,0.01203712,-0.6210029
0.009543765,-0.7833953,0.01203308,-0.6213341
0.009554481,-0.7828414,0.01202457,-0.6220317
0.009560108,-0.7825502,0.0120201,-0.622398
0.0095659,-0.7822502,0.01201549,-0.6227751
0.009571905,-0.7819389,0.01201071,-0.623166
0.009578068,-0.781619,0.0120058,-0.6235672
0.009584399,-0.7812898,0.01200074,-0.6239794
0.009597558,-0.780605,0.01199022,-0.624836
0.009604383,-0.7802491,0.01198475,-0.6252804
0.009611412,-0.7798821,0.01197912,-0.625738
0.009618563,-0.7795085,0.01197338,-0.6262035
0.009625922,-0.7791232,0.01196746,-0.6266826
0.009641131,-0.7783258,0.01195521,-0.6276729
0.00964902,-0.7779114,0.01194885,-0.6281864
0.009657026,-0.7774901,0.01194238,-0.6287076
0.009665198,-0.7770596,0.01193576,-0.6292397
0.009673576,-0.7766176,0.01192898,-0.6297851
0.009690814,-0.7757061,0.01191497,-0.6309074
0.009699675,-0.7752365,0.01190776,-0.6314843
0.009708742,-0.7747555,0.01190037,-0.6320745
0.009717924,-0.7742674,0.01189287,-0.6326723
0.009727308,-0.7737678,0.0118852,-0.6332833
0.009746594,-0.7727383,0.01186939,-0.6345389
0.009756458,-0.7722107,0.01186128,-0.635181
0.009766522,-0.7716712,0.011853,-0.6358362
0.009776697,-0.7711249,0.01184461,-0.6364986
0.009787077,-0.7705667,0.01183603,-0.6371744
0.009808303,-0.7694219,0.01181845,-0.6385562
0.009819153,-0.7688351,0.01180943,-0.6392626
0.009830205,-0.7682363,0.01180024,-0.6399822
0.009841452,-0.7676257,0.01179086,-0.6407144
0.009852813,-0.7670078,0.01178137,-0.641454
0.009875998,-0.765743,0.01176194,-0.6429634
0.009887823,-0.7650959,0.011752,-0.6437332
0.009899844,-0.7644367,0.01174187,-0.6445159
0.009912019,-0.7637678,0.0117316,-0.6453085
0.009924345,-0.7630891,0.01172117,-0.646111
0.009949452,-0.7617019,0.01169987,-0.6477455
0.009962274,-0.7609913,0.01168895,-0.6485803
0.009975202,-0.7602732,0.01167792,-0.649422
0.009988328,-0.7595423,0.0116667,-0.6502765
0.0100016,-0.7588016,0.01165532,-0.6511407
0.0100286,-0.7572899,0.0116321,-0.6528984
0.01004232,-0.7565188,0.01162025,-0.6537916
0.01005623,-0.755735,0.01160822,-0.6546973
0.01007029,-0.754941,0.01159602,-0.6556128
0.01008454,-0.7541347,0.01158363,-0.6565402
0.01011339,-0.7524956,0.01155846,-0.6584182
0.01012807,-0.751658,0.01154559,-0.6593742
0.01014286,-0.7508125,0.0115326,-0.6603369
0.01015783,-0.749954,0.01151942,-0.6613116
0.01017294,-0.7490852,0.01150607,-0.6622957
0.0102036,-0.7473158,0.01147889,-0.6642916
0.01021919,-0.7464127,0.01146502,-0.6653062
0.01023491,-0.7454993,0.01145099,-0.6663296
0.01025077,-0.7445748,0.01143679,-0.6673625
0.01026678,-0.7436396,0.01142243,-0.6684043
0.0102992,-0.7417369,0.0113932,-0.6705151
0.01031561,-0.7407694,0.01137834,-0.6715839
0.01033217,-0.7397909,0.01136331,-0.6726616
0.0103489,-0.7387989,0.01134807,-0.6737509
0.01036577,-0.7377958,0.01133266,-0.6748493
0.01038277,-0.7367817,0.01131709,-0.6759562
0.01041726,-0.7347155,0.01128535,-0.6782014
0.01043466,-0.7336682,0.01126926,-0.6793343
0.01045224,-0.7326071,0.01125297,-0.6804785
0.01046994,-0.7315346,0.01123649,-0.6816314
0.01050575,-0.7293556,0.01120302,-0.6839623
0.01052388,-0.7282466,0.01118599,-0.6851431
0.01054211,-0.7271288,0.01116882,-0.6863293
0.0105605,-0.7259967,0.01115143,-0.6875267
0.01057906,-0.7248506,0.01113383,-0.6887349
0.01060457,-0.7232686,0.01110953,-0.690396
0.01060907,-0.7229893,0.01110523,-0.6906886
0.01061024,-0.7229163,0.01110411,-0.690765
0.01061024,-0.7229163,0.01110411,-0.690765
0.01061024,-0.7229163,0.01110411,-0.690765
0.01061024,-0.7229163,0.01110411,-0.690765
0.01061024,-0.7229163,0.01110411,-0.690765
0.01061024,-0.7229163,0.01110411,-0.690765
0.01061024,-0.7229163,0.01110411,-0.690765
0.01061024,-0.7229163,0.01110411,-0.690765
0.01061024,-0.7229163,0.01110411,-0.690765
0.01061024,-0.7229163,0.01110411,-0.690765
0.01061024,-0.7229163,0.01110411,-0.690765
0.01061024,-0.7229163,0.01110411,-0.690765
0.01061024,-0.7229163,0.01110411,-0.690765
0.01061024,-0.7229163,0.01110411,-0.690765
0.01061024,-0.7229163,0.01110411,-0.690765
0.01061024,-0.7229163,0.01110411,-0.690765
0.01061024,-0.7229163,0.01110411,-0.690765
0.01061024,-0.7229163,0.01110411,-0.690765
0.01061024,-0.7229163,0.01110411,-0.690765
0.01061024,-0.7229163,0.01110411,-0.690765
0.01061024,-0.7229163,0.01110411,-0.690765
0.01061024,-0.7229163,0.01110411,-0.690765
0.01061024,-0.7229163,0.01110411,-0.690765
0.01061024,-0.7229163,0.01110411,-0.690765
0.01061024,-0.7229163,0.01110411,-0.690765
0.01061024,-0.7229163,0.01110411,-0.690765
0.01061024,-0.7229163,0.01110411,-0.690765
0.01061024,-0.7229163,0.01110411,-0.690765
0.01061024,-0.7229163,0.01110411,-0.690765
0.01061024,-0.7229163,0.01110411,-0.690765
0.01061024,-0.7229163,0.01110411,-0.690765
0.01061024,-0.7229163,0.01110411,-0.690765
0.01061024,-0.7229163,0.01110411,-0.690765
0.01061024,-0.7229163,0.01110411,-0.690765
0.01061024,-0.7229163,0.01110411,-0.690765
0.01061024,-0.7229163,0.01110411,-0.690765
0.01061024,-0.7229163,0.01110411,-0.690765
0.01061024,-0.7229163,0.01110411,-0.690765
0.01061024,-0.7229163,0.01110411,-0.690765
0.01061024,-0.7229163,0.01110411,-0.690765
0.01061024,-0.7229163,0.01110411,-0.690765
0.01061024,-0.7229163,0.01110411,-0.690765
0.01061024,-0.7229163,0.01110411,-0.690765
0.01061024,-0.7229163,0.01110411,-0.690765
0.01061024,-0.7229163,0.01110411,-0.690765
0.01061024,-0.7229163,0.01110411,-0.690765
0.01061024,-0.7229163,0.01110411,-0.690765
0.01061024,-0.7229163,0.01110411,-0.690765
0.01061024,-0.7229163,0.01110411,-0.690765
0.01061024,-0.7229163,0.01110411,-0.690765
0.01061035,-0.7229093,0.01110401,-0.6907722
0.01061066,-0.7228901,0.01110371,-0.6907923
0.01061112,-0.7228613,0.01110327,-0.6908224
0.01061178,-0.7228203,0.01110264,-0.6908654
0.01061356,-0.7227096,0.01110094,-0.6909813
0.01061468,-0.7226398,0.01109987,-0.6910542
0.01061595,-0.7225605,0.01109865,-0.6911371
0.01061739,-0.7224713,0.01109728,-0.6912304
0.01062071,-0.7222642,0.0110941,-0.6914468
0.01062264,-0.7221437,0.01109225,-0.6915727
0.01062473,-0.7220133,0.01109024,-0.6917087
0.01062698,-0.7218733,0.01108809,-0.6918548
0.01062941,-0.7217215,0.01108576,-0.6920132
0.01063467,-0.7213933,0.01108072,-0.6923553
0.01063757,-0.7212121,0.01107794,-0.692544
0.01064062,-0.7210212,0.01107501,-0.6927428
0.01064382,-0.7208207,0.01107193,-0.6929515
0.01064718,-0.7206103,0.01106869,-0.6931702
0.01065441,-0.7201579,0.01106174,-0.6936403
0.01065827,-0.7199157,0.01105803,-0.6938915
0.01066232,-0.7196614,0.01105412,-0.6941553
0.01066648,-0.7193999,0.0110501,-0.6944264
0.0106708,-0.7191284,0.01104593,-0.6947075
0.01067993,-0.7185536,0.0110371,-0.6953019
0.01068474,-0.7182503,0.01103244,-0.6956153
0.01068971,-0.7179371,0.01102763,-0.6959385
0.01069482,-0.7176142,0.01102267,-0.6962716
0.01070009,-0.7172812,0.01101756,-0.6966146
0.01070551,-0.7169386,0.0110123,-0.6969672
0.01071688,-0.7162184,0.01100123,-0.6977073
0.01072279,-0.7158432,0.01099547,-0.6980922
0.01072885,-0.7154583,0.01098956,-0.6984867
0.01073506,-0.7150633,0.01098349,-0.698891
0.01074793,-0.7142437,0.0109709,-0.6997287
0.01075462,-0.7138162,0.01096434,-0.7001647
0.01076147,-0.7133785,0.01095761,-0.7006106
0.01076851,-0.7129287,0.0109507,-0.7010685
0.01077565,-0.7124711,0.01094368,-0.7015334
0.01078294,-0.7120034,0.01093649,-0.7020081
0.01079805,-0.7110322,0.01092157,-0.7029917
0.01080582,-0.7105316,0.01091388,-0.7034977
0.01081374,-0.7100207,0.01090604,-0.7040133
0.0108218,-0.7094997,0.01089804,-0.7045383
0.01083001,-0.7089685,0.01088987,-0.7050729
0.01083841,-0.7084243,0.01088152,-0.7056197
0.01085567,-0.7073032,0.0108643,-0.7067435
0.01086451,-0.7067282,0.01085547,-0.7073185
0.01087348,-0.7061431,0.01084648,-0.7079027
0.0108826,-0.7055475,0.01083733,-0.7084963
0.01090134,-0.7043198,0.01081847,-0.7097167
0.01091093,-0.7036904,0.01080881,-0.7103407
0.01092066,-0.7030506,0.01079898,-0.710974
0.01093057,-0.7023975,0.01078895,-0.7116192
0.01094061,-0.7017344,0.01077876,-0.7122732
0.01096113,-0.7003756,0.01075789,-0.7136092
0.0109716,-0.6996804,0.01074721,-0.7142909
0.01098221,-0.6989747,0.01073637,-0.7149816
0.01099296,-0.6982583,0.01072537,-0.7156811
0.01100384,-0.6975312,0.0107142,-0.7163898
0.01102611,-0.6960394,0.01069129,-0.7178393
0.01103745,-0.6952774,0.01067958,-0.7185774
0.01104896,-0.6945021,0.01066767,-0.7193268
0.01106056,-0.6937186,0.01065564,-0.7200823
0.01107231,-0.6929241,0.01064343,-0.7208469
0.01109627,-0.6912972,0.01061844,-0.7224073
0.01110846,-0.6904674,0.0106057,-0.7232005
0.01112078,-0.6896265,0.01059278,-0.7240025
0.01113327,-0.6887717,0.01057965,-0.7248157
0.01114585,-0.6879086,0.01056639,-0.7256348
0.0111586,-0.6870318,0.01055293,-0.7264651
0.01118454,-0.6852422,0.01052544,-0.7281533
0.01119768,-0.6843318,0.01051145,-0.729009
0.01121099,-0.6834076,0.01049726,-0.7298754
0.01122439,-0.6824749,0.01048293,-0.7307476
0.01124707,-0.68089,0.01045859,-0.7322247
0.01125189,-0.6805524,0.0104534,-0.7325385
0.01125232,-0.6805221,0.01045294,-0.7325666
0.01125232,-0.6805221,0.01045294,-0.7325666
0.01125232,-0.6805221,0.01045294,-0.7325666
0.01125277,-0.6804911,0.01045246,-0.7325953
0.0112532,-0.6804606,0.01045199,-0.7326237
0.01125379,-0.6804197,0.01045136,-0.7326618
0.01125452,-0.6803686,0.01045058,-0.7327092
0.01125539,-0.6803072,0.01044964,-0.7327662
0.01125539,-0.6803072,0.01044964,-0.7327662
0.01125539,-0.6803072,0.01044964,-0.7327662
0.01125539,-0.6803072,0.01044964,-0.7327662
0.01125539,-0.6803072,0.01044964,-0.7327662
0.01125539,-0.6803072,0.01044964,-0.7327662
0.01125539,-0.6803072,0.01044964,-0.7327662
0.01125539,-0.6803072,0.01044964,-0.7327662
0.01125539,-0.6803072,0.01044964,-0.7327662
0.01125539,-0.6803072,0.01044964,-0.7327662
0.01125539,-0.6803072,0.01044964,-0.7327662
0.01125539,-0.6803072,0.01044964,-0.7327662
0.01125539,-0.6803072,0.01044964,-0.7327662
0.01125539,-0.6803072,0.01044964,-0.7327662
0.01125539,-0.6803072,0.01044964,-0.7327662
0.01125539,-0.6803072,0.01044964,-0.7327662
0.01125539,-0.6803072,0.01044964,-0.7327662
0.01125539,-0.6803072,0.01044964,-0.7327662
0.01125539,-0.6803072,0.01044964,-0.7327662
0.01125539,-0.6803072,0.01044964,-0.7327662
0.01125539,-0.6803072,0.01044964,-0.7327662
0.01125539,-0.6803072,0.01044964,-0.7327662
0.01125539,-0.6803072,0.01044964,-0.7327662
0.01125539,-0.6803072,0.01044964,-0.7327662
0.01125539,-0.6803072,0.01044964,-0.7327662
0.01125539,-0.6803072,0.01044964,-0.7327662
0.01125539,-0.6803072,0.01044964,-0.7327662
0.01125539,-0.6803072,0.01044964,-0.7327662
0.01125539,-0.6803072,0.01044964,-0.7327662
0.01125539,-0.6803072,0.01044964,-0.7327662
0.01125539,-0.6803072,0.01044964,-0.7327662
0.01125539,-0.6803072,0.01044964,-0.7327662
0.01125539,-0.6803072,0.01044964,-0.7327662
0.01125539,-0.6803072,0.01044964,-0.7327662
0.01125539,-0.6803072,0.01044964,-0.7327662
0.01125539,-0.6803072,0.01044964,-0.7327662
0.01125539,-0.6803072,0.01044964,-0.7327662
0.01125539,-0.6803072,0.01044964,-0.7327662
0.01125539,-0.6803072,0.01044964,-0.7327662
0.01125539,-0.6803072,0.01044964,-0.7327662
0.01125539,-0.6803072,0.01044964,-0.7327662
0.01125539,-0.6803072,0.01044964,-0.7327662
0.01125539,-0.6803072,0.01044964,-0.7327662
0.01125539,-0.6803072,0.01044964,-0.7327662
0.01125539,-0.6803072,0.01044964,-0.7327662
0.01125539,-0.6803072,0.01044964,-0.7327662
0.01125539,-0.6803072,0.01044964,-0.7327662
0.01125539,-0.6803072,0.01044964,-0.7327662
0.01125539,-0.6803072,0.01044964,-0.7327662
0.01125539,-0.6803072,0.01044964,-0.7327662
0.01125524,-0.6803175,0.01044979,-0.7327566
0.01125448,-0.6803709,0.01045061,-0.7327071
0.0112539,-0.6804116,0.01045124,-0.7326692
0.01125317,-0.6804625,0.01045202,-0.732622
0.0112523,-0.6805235,0.01045296,-0.7325653
0.01125125,-0.6805976,0.0104541,-0.7324964
0.01124869,-0.6807765,0.01045684,-0.7323303
0.0112472,-0.6808811,0.01045845,-0.7322329
0.01124552,-0.6809989,0.01046026,-0.7321235
0.0112437,-0.6811262,0.01046222,-0.7320049
0.01124173,-0.6812641,0.01046433,-0.7318766
0.01123735,-0.6815701,0.01046903,-0.7315916
0.01123494,-0.6817385,0.01047162,-0.7314348
0.01123234,-0.6819199,0.01047441,-0.7312657
0.01122964,-0.6821083,0.0104773,-0.7310899
0.01122675,-0.6823098,0.0104804,-0.7309018
0.01122053,-0.6827432,0.01048705,-0.730497
0.01121717,-0.6829776,0.01049065,-0.7302779
0.01121365,-0.6832222,0.01049441,-0.730049
0.01121003,-0.6834743,0.01049828,-0.729813
0.01120622,-0.6837391,0.01050235,-0.729565
0.01119815,-0.6842988,0.01051095,-0.72904
0.0111939,-0.6845938,0.01051548,-0.728763
0.01118946,-0.6849015,0.01052021,-0.7284738
0.0111849,-0.6852166,0.01052505,-0.7281774
0.01118017,-0.6855443,0.01053008,-0.7278689
0.01117021,-0.6862322,0.01054065,-0.7272205
0.01116502,-0.6865898,0.01054614,-0.7268828
0.01115964,-0.6869602,0.01055183,-0.7265328
0.01115416,-0.6873376,0.01055762,-0.7261757
0.01114848,-0.6877278,0.01056362,-0.7258062
0.01114266,-0.6881279,0.01056976,-0.7254269
0.01113051,-0.6889604,0.01058255,-0.7246362
0.01112419,-0.6893929,0.01058919,-0.7242249
0.01111773,-0.689835,0.01059598,-0.7238038
0.01111111,-0.6902869,0.01060293,-0.7233728
0.01109741,-0.6912203,0.01061727,-0.722481
0.01109033,-0.6917015,0.01062466,-0.7220201
0.01108306,-0.6921953,0.01063224,-0.7215469
0.01107564,-0.6926988,0.01063998,-0.7210635
0.01106806,-0.693212,0.01064786,-0.7205702
0.01106033,-0.6937349,0.01065589,-0.7200668
0.01104432,-0.6948147,0.01067248,-0.7190248
0.01103608,-0.6953692,0.01068099,-0.7184886
0.01102769,-0.6959333,0.01068966,-0.7179422
0.01101915,-0.6965068,0.01069847,-0.7173859
0.01101044,-0.69709,0.01070742,-0.7168192
0.01099252,-0.6982874,0.01072582,-0.7156528
0.01098331,-0.6989017,0.01073525,-0.7150529
0.01097394,-0.6995254,0.01074483,-0.7144427
0.01096441,-0.7001585,0.01075456,-0.7138223
0.01094484,-0.701455,0.01077447,-0.7125483
0.01093483,-0.7021161,0.01078463,-0.7118969
0.01092463,-0.7027891,0.01079496,-0.7112325
0.01091426,-0.7034714,0.01080544,-0.7105576
0.01090374,-0.704163,0.01081607,-0.7098724
0.01089305,-0.7048637,0.01082683,-0.7091765
0.01087115,-0.7062953,0.01084882,-0.7077508
0.01085993,-0.7070261,0.01086004,-0.7070206
0.01084852,-0.7077686,0.01087145,-0.7062774
0.01083698,-0.7085175,0.01088295,-0.7055262
0.01081341,-0.7100422,0.01090637,-0.7039917
0.01080137,-0.7108181,0.01091829,-0.7032083
0.01078913,-0.7116055,0.01093038,-0.7024114
0.01077673,-0.7124019,0.01094262,-0.7016038
0.01076416,-0.7132069,0.01095498,-0.7007853
0.01073851,-0.7148436,0.01098012,-0.6991157
0.0107254,-0.7156774,0.01099293,-0.6982622
0.01071212,-0.7165201,0.01100587,-0.6973974
0.01069867,-0.7173715,0.01101895,-0.6965215
0.01068505,-0.7182314,0.01103216,-0.6956348
0.01065729,-0.719977,0.01105897,-0.693828
0.01064316,-0.7208626,0.01107257,-0.6929079
0.01062881,-0.7217592,0.01108635,-0.6919739
0.01061429,-0.7226644,0.01110025,-0.6910285
0.01059956,-0.7235801,0.01111432,-0.6900696
0.01056966,-0.7254318,0.01114276,-0.6881227
0.0105544,-0.7263727,0.01115721,-0.6871295
0.01053897,-0.7273217,0.01117179,-0.6861248
0.01052337,-0.7282788,0.01118649,-0.685109
0.01050758,-0.7292441,0.01120131,-0.6840814
0.01047544,-0.7312013,0.01123138,-0.681989
0.01045908,-0.7321932,0.01124661,-0.6809239
0.01044251,-0.7331954,0.01126201,-0.6798446
0.01042579,-0.734203,0.01127748,-0.6787564
0.01040889,-0.7352185,0.01129308,-0.6776562
0.01037456,-0.7372724,0.01132463,-0.675421
0.01035708,-0.7383136,0.01134062,-0.6742827
0.01033941,-0.7393624,0.01135673,-0.6731325
0.01032156,-0.7404187,0.01137296,-0.6719705
0.01030352,-0.7414826,0.0113893,-0.6707964
0.01028531,-0.7425537,0.01140575,-0.6696104
0.01024823,-0.7447233,0.01143908,-0.6671966
0.01022941,-0.7458192,0.01145591,-0.6659714
0.0102104,-0.7469223,0.01147285,-0.664734
0.01019121,-0.7480326,0.01148991,-0.6634844
0.01015221,-0.750277,0.01152438,-0.6609452
0.0101324,-0.7514109,0.0115418,-0.6596559
0.0101124,-0.7525518,0.01155933,-0.6583539
0.01009218,-0.7537018,0.01157699,-0.6570371
0.0100718,-0.7548562,0.01159472,-0.6557105
0.01005123,-0.7560176,0.01161256,-0.6543711
0.01000946,-0.7583628,0.01164858,-0.6516518
0.009988257,-0.7595465,0.01166676,-0.6502716
0.009966862,-0.7607368,0.01168505,-0.6488788
0.009945272,-0.7619336,0.01170343,-0.6474732
0.009923484,-0.7631367,0.01172191,-0.6460546
0.009901451,-0.7643486,0.01174053,-0.6446202
0.009856753,-0.7667935,0.01177808,-0.6417102
0.009834124,-0.7680238,0.01179698,-0.640237
0.00981125,-0.7692629,0.01181601,-0.6387478
0.00978822,-0.7705054,0.0118351,-0.6372485
0.009741509,-0.7730104,0.01187357,-0.6342075
0.009717828,-0.7742727,0.01189296,-0.6326657
0.009693939,-0.7755409,0.01191244,-0.6311105
0.009669799,-0.7768171,0.01193205,-0.6295389
0.009645458,-0.7780987,0.01195173,-0.6279542
0.00959615,-0.7806786,0.01199136,-0.6247441
0.009571186,-0.7819765,0.01201129,-0.6231188
0.00954601,-0.7832797,0.01203131,-0.6214797
0.009520581,-0.7845904,0.01205144,-0.6198242
0.009494985,-0.7859039,0.01207162,-0.6181579
0.009443071,-0.7885506,0.01211227,-0.6147781
0.009416793,-0.7898812,0.01213271,-0.6130674
0.009390262,-0.791219,0.01215326,-0.61134
0.009363513,-0.7925615,0.01217388,-0.6095986
0.009336593,-0.7939064,0.01219454,-0.607846
0.009282019,-0.7966141,0.01223613,-0.6042931
0.009254406,-0.7979746,0.01225703,-0.6024954
0.009226575,-0.7993395,0.01227799,-0.6006835
0.009198477,-0.8007107,0.01229905,-0.5988542
0.009170206,-0.802084,0.01232015,-0.5970138
0.009141671,-0.8034635,0.01234133,-0.595156
0.009083894,-0.8062361,0.01238392,-0.5913945
0.009054692,-0.8076272,0.01240529,-0.5894935
0.00902527,-0.8090217,0.01242671,-0.587578
0.008995622,-0.8104201,0.01244819,-0.5856478
0.008935558,-0.8132316,0.01249138,-0.5817374
0.008905188,-0.8146424,0.01251305,-0.5797603
0.00887459,-0.8160565,0.01253477,-0.5777681
0.008843714,-0.8174759,0.01255657,-0.575758
0.008812618,-0.818898,0.01257841,-0.5737336
0.008749725,-0.8217515,0.01262224,-0.569639
0.008717935,-0.8231823,0.01264422,-0.5675693
0.008685911,-0.8246159,0.01266624,-0.5654845
0.008653658,-0.826052,0.0126883,-0.5633847
0.008621172,-0.8274904,0.01271039,-0.5612698
0.008555396,-0.8303789,0.01275476,-0.5569875
0.008522156,-0.8318263,0.01277699,-0.5548235
0.008488636,-0.8332777,0.01279929,-0.5526413
0.008454926,-0.8347291,0.01282158,-0.5504467
0.008420976,-0.8361824,0.0128439,-0.5482364
0.008352265,-0.8390983,0.01288869,-0.5437631
0.008317552,-0.8405585,0.01291112,-0.5415031
0.008282597,-0.8420202,0.01293357,-0.5392275
0.008247405,-0.843483,0.01295604,-0.5369363
0.008211968,-0.8449472,0.01297853,-0.5346292
0.008176238,-0.8464144,0.01300107,-0.5323031
0.008104005,-0.8493538,0.01304622,-0.5276004
0.008067545,-0.8508237,0.0130688,-0.5252268
0.00803079,-0.8522963,0.01309142,-0.5228338
0.007993841,-0.8537673,0.01311401,-0.5204283
0.007919099,-0.8567144,0.01315928,-0.5155624
0.007881358,-0.8581882,0.01318191,-0.5131053
0.007843369,-0.8596622,0.01320456,-0.5106321
0.00780513,-0.861136,0.01322719,-0.5081427
0.007766542,-0.8626135,0.01324989,-0.5056305
0.00768871,-0.8655638,0.0132952,-0.5005633
0.007649419,-0.8670379,0.01331785,-0.4980053
0.007609877,-0.8685115,0.01334048,-0.495431
0.00757003,-0.8699862,0.01336313,-0.4928368
0.007529979,-0.8714582,0.01338574,-0.4902294
0.00744901,-0.8744026,0.01343097,-0.484958
0.007408097,-0.8758745,0.01345358,-0.4822945
0.007366976,-0.8773434,0.01347614,-0.4796174
0.007325599,-0.8788106,0.01349868,-0.4769236
0.007283911,-0.8802781,0.01352122,-0.4742096
0.007199762,-0.8832073,0.01356621,-0.4687312
0.007157299,-0.884669,0.01358866,-0.4659667
0.007114581,-0.8861282,0.01361108,-0.4631856
0.007071599,-0.8875853,0.01363346,-0.4603873
0.007028305,-0.8890416,0.01365583,-0.4575688
0.006940887,-0.8919477,0.01370046,-0.4518776
0.006896809,-0.8933958,0.01372271,-0.4490079
0.006852471,-0.8948407,0.0137449,-0.4461213
0.00680787,-0.8962824,0.01376705,-0.4432177
0.006762952,-0.8977227,0.01378917,-0.4402934
0.006672322,-0.9005925,0.01383325,-0.434393
0.00662661,-0.9020219,0.01385521,-0.431417
0.006580577,-0.9034491,0.01387713,-0.4284202
0.006534287,-0.9048721,0.01389898,-0.4254065
0.006487726,-0.906291,0.01392078,-0.4223753
0.006393801,-0.9091157,0.01396417,-0.4162604
0.006346437,-0.9105212,0.01398576,-0.4131768
0.006298809,-0.911922,0.01400727,-0.4100761
0.00625091,-0.9133179,0.01402871,-0.4069577
0.006202689,-0.9147103,0.0140501,-0.4038184
0.006105439,-0.9174793,0.01409263,-0.397487
0.006056361,-0.9188569,0.01411379,-0.3942919
0.00600701,-0.920229,0.01413487,-0.391079
0.005957443,-0.9215937,0.01415583,-0.387852
0.00590755,-0.922954,0.01417673,-0.3846038
0.005806952,-0.925656,0.01421823,-0.3780545
0.005756246,-0.9269974,0.01423883,-0.3747534
0.005705271,-0.9283321,0.01425934,-0.3714347
0.005654024,-0.9296601,0.01427973,-0.3680983
0.005602449,-0.9309825,0.01430005,-0.3647406
0.005498439,-0.9336072,0.01434036,-0.3579692
0.005446046,-0.9349079,0.01436034,-0.3545582
0.005393327,-0.9362023,0.01438022,-0.351126
0.005340389,-0.9374877,0.01439997,-0.3476796
0.005287125,-0.9387664,0.01441961,-0.3442119
0.005179776,-0.9412996,0.01445852,-0.3372231
0.00512569,-0.9425535,0.01447778,-0.333702
0.005071277,-0.9438002,0.01449693,-0.3301595
0.005016595,-0.9450381,0.01451594,-0.3265995
0.004961636,-0.9462671,0.01453482,-0.3230215
0.004850901,-0.9486973,0.01457215,-0.3158123
0.004795121,-0.9498986,0.0145906,-0.3121808
0.004739012,-0.9510913,0.01460892,-0.3085279
0.004682684,-0.9522731,0.01462707,-0.3048607
0.004626028,-0.9534461,0.01464509,-0.3011723
0.004511896,-0.9557614,0.01468065,-0.2937419
0.004454371,-0.9569044,0.01469821,-0.2899967
0.004396567,-0.9580368,0.0147156,-0.2862335
0.004338547,-0.9591572,0.01473281,-0.2824562
0.004280198,-0.9602678,0.01474987,-0.2786575
0.00416268,-0.9624549,0.01478346,-0.2710067
0.004103514,-0.9635313,0.01479999,-0.2671548
0.004044018,-0.9645969,0.01481636,-0.2632814
0.003984309,-0.9656495,0.01483253,-0.2593941
0.003924271,-0.966691,0.01484853,-0.2554854
0.003803334,-0.9687375,0.01487996,-0.2476121
0.003742485,-0.9697415,0.01489538,-0.2436506
0.003681311,-0.9707335,0.01491062,-0.2396679
0.003619864,-0.9717124,0.01492566,-0.2356675
0.00355815,-0.9726781,0.01494049,-0.2316497
0.003433918,-0.9745687,0.01496953,-0.2235618
0.003371399,-0.9754935,0.01498373,-0.2194916
0.003308551,-0.9764051,0.01499774,-0.2154
0.003251767,-0.9772134,0.01501015,-0.2117032
0.003201222,-0.9779205,0.01502101,-0.2084124
0.00315696,-0.9785302,0.01503038,-0.2055309
0.003088911,-0.9794502,0.01504451,-0.2011006
0.003065012,-0.9797684,0.0150494,-0.1995447
0.003047516,-0.9799996,0.01505295,-0.1984057
0.003036136,-0.9801493,0.01505525,-0.1976648
0.003031234,-0.9802137,0.01505624,-0.1973457
0.003031234,-0.9802137,0.01505624,-0.1973457
0.003031234,-0.9802137,0.01505624,-0.1973457
0.003031234,-0.9802137,0.01505624,-0.1973457
0.003031234,-0.9802137,0.01505624,-0.1973457
0.003031234,-0.9802137,0.01505624,-0.1973457
0.003031234,-0.9802137,0.01505624,-0.1973457
0.003031234,-0.9802137,0.01505624,-0.1973457
0.003031234,-0.9802137,0.01505624,-0.1973457
0.003031234,-0.9802137,0.01505624,-0.1973457
0.003031234,-0.9802137,0.01505624,-0.1973457
0.003031234,-0.9802137,0.01505624,-0.1973457
0.003031234,-0.9802137,0.01505624,-0.1973457
0.003031234,-0.9802137,0.01505624,-0.1973457
0.003031234,-0.9802137,0.01505624,-0.1973457
0.003031234,-0.9802137,0.01505624,-0.1973457
0.003031234,-0.9802137,0.01505624,-0.1973457
0.003031234,-0.9802137,0.01505624,-0.1973457
0.003031234,-0.9802137,0.01505624,-0.1973457
0.003031234,-0.9802137,0.01505624,-0.1973457
0.003031234,-0.9802137,0.01505624,-0.1973457
0.003031234,-0.9802137,0.01505624,-0.1973457
0.003031234,-0.9802137,0.01505624,-0.1973457
0.003031234,-0.9802137,0.01505624,-0.1973457
0.003031234,-0.9802137,0.01505624,-0.1973457
0.003031234,-0.9802137,0.01505624,-0.1973457
0.003031234,-0.9802137,0.01505624,-0.1973457
0.003031234,-0.9802137,0.01505624,-0.1973457
0.003031234,-0.9802137,0.01505624,-0.1973457
0.003031234,-0.9802137,0.01505624,-0.1973457
0.003031234,-0.9802137,0.01505624,-0.1973457
0.003031234,-0.9802137,0.01505624,-0.1973457
0.003031234,-0.9802137,0.01505624,-0.1973457
0.003031234,-0.9802137,0.01505624,-0.1973457
0.003031234,-0.9802137,0.01505624,-0.1973457
0.003031234,-0.9802137,0.01505624,-0.1973457
0.003031234,-0.9802137,0.01505624,-0.1973457
0.003031234,-0.9802137,0.01505624,-0.1973457
0.003031234,-0.9802137,0.01505624,-0.1973457
0.003031234,-0.9802137,0.01505624,-0.1973457
0.003031234,-0.9802137,0.01505624,-0.1973457
0.003031234,-0.9802137,0.01505624,-0.1973457
0.003031234,-0.9802137,0.01505624,-0.1973457
0.003031234,-0.9802137,0.01505624,-0.1973457
0.003031234,-0.9802137,0.01505624,-0.1973457
0.003031234,-0.9802137,0.01505624,-0.1973457
0.003031234,-0.9802137,0.01505624,-0.1973457
0.003031234,-0.9802137,0.01505624,-0.1973457
0.003031234,-0.9802137,0.01505624,-0.1973457
0.003031234,-0.9802137,0.01505624,-0.1973457
0.003031234,-0.9802137,0.01505624,-0.1973457
0.003031234,-0.9802137,0.01505624,-0.1973457
0.003031234,-0.9802137,0.01505624,-0.1973457
0.003031234,-0.9802137,0.01505624,-0.1973457
0.003031234,-0.9802137,0.01505624,-0.1973457
0.003031234,-0.9802137,0.01505624,-0.1973457
0.003031234,-0.9802137,0.01505624,-0.1973457
0.003031234,-0.9802137,0.01505624,-0.1973457
0.003031234,-0.9802137,0.01505624,-0.1973457
0.003031234,-0.9802137,0.01505624,-0.1973457
0.003031234,-0.9802137,0.01505624,-0.1973457
0.003031234,-0.9802137,0.01505624,-0.1973457
0.003031234,-0.9802137,0.01505624,-0.1973457
0.003031234,-0.9802137,0.01505624,-0.1973457
0.003031234,-0.9802137,0.01505624,-0.1973457
0.003031234,-0.9802137,0.01505624,-0.1973457
0.003031234,-0.9802137,0.01505624,-0.1973457
0.003031234,-0.9802137,0.01505624,-0.1973457
0.003031234,-0.9802137,0.01505624,-0.1973457
0.003031234,-0.9802137,0.01505624,-0.1973457
0.003031234,-0.9802137,0.01505624,-0.1973457
0.003031234,-0.9802137,0.01505624,-0.1973457
0.003031234,-0.9802137,0.01505624,-0.1973457
0.003031234,-0.9802137,0.01505624,-0.1973457
0.003031234,-0.9802137,0.01505624,-0.1973457
0.003031234,-0.9802137,0.01505624,-0.1973457
0.003031234,-0.9802137,0.01505624,-0.1973457
0.003031234,-0.9802137,0.01505624,-0.1973457
0.003031234,-0.9802137,0.01505624,-0.1973457
0.003031234,-0.9802137,0.01505624,-0.1973457
0.003031234,-0.9802137,0.01505624,-0.1973457
0.003031234,-0.9802137,0.01505624,-0.1973457
0.003031234,-0.9802137,0.01505624,-0.1973457
0.003031234,-0.9802137,0.01505624,-0.1973457
0.003031234,-0.9802137,0.01505624,-0.1973457
0.003031234,-0.9802137,0.01505624,-0.1973457
0.003031234,-0.9802137,0.01505624,-0.1973457
0.003031234,-0.9802137,0.01505624,-0.1973457
0.003031234,-0.9802137,0.01505624,-0.1973457
0.003031234,-0.9802137,0.01505624,-0.1973457
0.003031234,-0.9802137,0.01505624,-0.1973457
0.003031234,-0.9802137,0.01505624,-0.1973457
0.003031234,-0.9802137,0.01505624,-0.1973457
0.003031234,-0.9802137,0.01505624,-0.1973457
0.003031234,-0.9802137,0.01505624,-0.1973457
0.003031234,-0.9802137,0.01505624,-0.1973457
0.003031234,-0.9802137,0.01505624,-0.1973457
0.003031234,-0.9802137,0.01505624,-0.1973457
0.003031234,-0.9802137,0.01505624,-0.1973457
0.003031234,-0.9802137,0.01505624,-0.1973457
0.003031234,-0.9802137,0.01505624,-0.1973457
0.003031234,-0.9802137,0.01505624,-0.1973457
0.003031234,-0.9802137,0.01505624,-0.1973457
0.003031234,-0.9802137,0.01505624,-0.1973457
0.003031234,-0.9802137,0.01505624,-0.1973457
0.003031234,-0.9802137,0.01505624,-0.1973457
0.003031234,-0.9802137,0.01505624,-0.1973457
0.003031234,-0.9802137,0.01505624,-0.1973457
0.003031234,-0.9802137,0.01505624,-0.1973457
