0.007346973,0.8780527,-0.01348696,-0.4783173
0.007450792,0.8743369,-0.01342989,-0.4850764
0.007555092,0.8705351,-0.01337149,-0.4918667
0.007660114,0.8666363,-0.0133116,-0.498704
0.007765592,0.8626482,-0.01325035,-0.5055711
0.007977793,0.8544016,-0.01312368,-0.5193861
0.008084493,0.85014,-0.01305822,-0.5263327
0.008191552,0.8457851,-0.01299133,-0.5333026
0.008298963,0.8413353,-0.01292298,-0.5402955
0.008406929,0.8367795,-0.012853,-0.5473244
0.008623755,0.8273745,-0.01270854,-0.5614406
0.00873256,0.8225232,-0.01263403,-0.5685242
0.008841596,0.8175711,-0.01255796,-0.5756229
0.008950835,0.8125173,-0.01248033,-0.5827348
0.009060494,0.8073493,-0.01240095,-0.589874
0.009280234,0.7967,-0.01223738,-0.6041799
0.009390272,0.7912161,-0.01215315,-0.6113438
0.00950039,0.7856246,-0.01206726,-0.6185129
0.009610781,0.7799128,-0.01197953,-0.6256997
0.009721184,0.7740916,-0.01189011,-0.6328874
0.009941936,0.7621153,-0.01170616,-0.6472592
0.01005222,0.7559586,-0.01161159,-0.6544393
0.01016241,0.7496886,-0.01151528,-0.6616125
0.01027248,0.7433029,-0.0114172,-0.6687788
0.0103826,0.7367893,-0.01131715,-0.675948
0.01060221,0.7234124,-0.01111168,-0.6902454
0.01071165,0.7165465,-0.01100622,-0.6973703
0.01082079,0.7095619,-0.01089893,-0.7044758
0.0109298,0.7024445,-0.01078961,-0.7115729
0.01103845,0.6952062,-0.01067843,-0.7186463
0.01125456,0.6803615,-0.01045041,-0.7327158
0.01136193,0.6727547,-0.01033357,-0.7397062
0.01146898,0.665011,-0.01021463,-0.7466756
0.01157551,0.6571417,-0.01009376,-0.7536106
0.01168144,0.6491479,-0.00997097,-0.7605072
0.01189143,0.6327812,-0.009719577,-0.7741784
0.0119954,0.6244081,-0.009590966,-0.7809473
0.01209882,0.6158926,-0.009460168,-0.7876804
0.01220145,0.6072508,-0.009327427,-0.7943619
0.01228301,0.6002413,-0.009219762,-0.7996716
0.01238683,0.5911294,-0.009079802,-0.8064306
0.01240985,0.5890788,-0.009048305,-0.8079297
0.01240985,0.5890788,-0.009048305,-0.8079297
0.01240985,0.5890788,-0.009048305,-0.8079297
0.01240985,0.5890788,-0.009048305,-0.8079297
0.01240796,0.589248,-0.009050905,-0.8078063
0.01240607,0.5894167,-0.009053496,-0.8076832
0.01240355,0.5896413,-0.009056947,-0.8075192
0.01240022,0.5899383,-0.009061508,-0.8073023
0.01239626,0.5902908,-0.009066923,-0.8070446
0.01238645,0.5911626,-0.009080313,-0.8064062
0.01238059,0.5916828,-0.009088304,-0.8060246
0.01237393,0.5922726,-0.009097364,-0.8055912
0.01236662,0.5929201,-0.009107308,-0.8051148
0.01235866,0.5936227,-0.009118101,-0.804597
0.01234082,0.5951937,-0.009142233,-0.8034355
0.01233093,0.5960624,-0.009155575,-0.8027913
0.01232038,0.5969859,-0.009169761,-0.8021047
0.01230901,0.5979791,-0.009185016,-0.8013645
0.01229698,0.5990281,-0.009201128,-0.8005808
0.01227092,0.6012885,-0.009235848,-0.7988845
0.01225689,0.6025001,-0.009254458,-0.7979711
0.012242,0.6037819,-0.009274147,-0.7970017
0.01222645,0.6051157,-0.009294634,-0.7959895
0.01221021,0.6065041,-0.00931596,-0.794932
0.01217567,0.6094405,-0.009361063,-0.7926831
0.01215735,0.6109881,-0.009384835,-0.7914908
0.01213834,0.6125886,-0.009409418,-0.7902527
0.01211843,0.6142566,-0.009435039,-0.7889569
0.01209781,0.6159769,-0.009461462,-0.7876144
0.01205443,0.6195716,-0.009516677,-0.7847899
0.01203164,0.6214457,-0.009545461,-0.7833068
0.01200795,0.6233848,-0.009575246,-0.7817644
0.01198352,0.6253744,-0.009605807,-0.7801737
0.01195833,0.6274146,-0.009637145,-0.7785338
0.01190568,0.6316443,-0.009702113,-0.7751063
0.01187821,0.6338328,-0.009735728,-0.7733177
0.01184979,0.6360838,-0.009770304,-0.7714672
0.01182057,0.6383835,-0.009805628,-0.7695653
0.01179058,0.6407304,-0.009841678,-0.7676123
0.01172816,0.6455674,-0.009915975,-0.7635489
0.01169574,0.6480556,-0.009954194,-0.7614382
0.01166233,0.6506031,-0.009993323,-0.7592627
0.01162807,0.653197,-0.01003317,-0.7570323
0.01159297,0.6558359,-0.0100737,-0.7547473
0.01152024,0.6612457,-0.01015679,-0.7500122
0.01148241,0.6640287,-0.01019954,-0.7475494
0.0114437,0.6668548,-0.01024295,-0.7450294
0.0114041,0.6697242,-0.01028703,-0.7424511
0.01136362,0.6726347,-0.01033173,-0.7398153
0.01127995,0.6785771,-0.010423,-0.7343686
0.01123655,0.6816225,-0.01046978,-0.7315428
0.01119223,0.6847058,-0.01051714,-0.7286577
0.01114698,0.6878276,-0.01056509,-0.7257116
0.01110077,0.6909879,-0.01061364,-0.7227032
0.0110055,0.6974176,-0.0107124,-0.7165005
0.01095619,0.7007002,-0.01076282,-0.7132905
0.01090591,0.7040167,-0.01081376,-0.7100173
0.01085465,0.7073669,-0.01086522,-0.7066796
0.01080237,0.7107508,-0.0109172,-0.7032762
0.01069479,0.7176138,-0.01102261,-0.696272
0.01066908,0.719234,-0.0110475,-0.6945981
0.01066703,0.7193629,-0.01104948,-0.6944647
0.01066703,0.7193629,-0.01104948,-0.6944647
0.01066703,0.7193629,-0.01104948,-0.6944647
0.01066703,0.7193629,-0.01104948,-0.6944647
0.01066703,0.7193629,-0.01104948,-0.6944647
0.01066703,0.7193629,-0.01104948,-0.6944647
0.01066703,0.7193629,-0.01104948,-0.6944647
0.01066703,0.7193629,-0.01104948,-0.6944647
0.01066703,0.7193629,-0.01104948,-0.6944647
0.01066703,0.7193629,-0.01104948,-0.6944647
0.01066703,0.7193629,-0.01104948,-0.6944647
0.01066703,0.7193629,-0.01104948,-0.6944647
0.01066703,0.7193629,-0.01104948,-0.6944647
0.01066703,0.7193629,-0.01104948,-0.6944647
0.01066703,0.7193629,-0.01104948,-0.6944647
0.01066703,0.7193629,-0.01104948,-0.6944647
0.01066703,0.7193629,-0.01104948,-0.6944647
0.01066703,0.7193629,-0.01104948,-0.6944647
0.01066703,0.7193629,-0.01104948,-0.6944647
0.01066703,0.7193629,-0.01104948,-0.6944647
0.01066703,0.7193629,-0.01104948,-0.6944647
0.01066703,0.7193629,-0.01104948,-0.6944647
0.01066703,0.7193629,-0.01104948,-0.6944647
0.01066703,0.7193629,-0.01104948,-0.6944647
0.01066703,0.7193629,-0.01104948,-0.6944647
0.01066703,0.7193629,-0.01104948,-0.6944647
0.01066703,0.7193629,-0.01104948,-0.6944647
0.01066703,0.7193629,-0.01104948,-0.6944647
0.01066703,0.7193629,-0.01104948,-0.6944647
0.01066703,0.7193629,-0.01104948,-0.6944647
0.01066703,0.7193629,-0.01104948,-0.6944647
0.01066703,0.7193629,-0.01104948,-0.6944647
0.01066703,0.7193629,-0.01104948,-0.6944647
0.01066703,0.7193629,-0.01104948,-0.6944647
0.01066703,0.7193629,-0.01104948,-0.6944647
0.01066703,0.7193629,-0.01104948,-0.6944647
0.01066703,0.7193629,-0.01104948,-0.6944647
0.01066703,0.7193629,-0.01104948,-0.6944647
0.01066703,0.7193629,-0.01104948,-0.6944647
0.01066703,0.7193629,-0.01104948,-0.6944647
0.01066703,0.7193629,-0.01104948,-0.6944647
0.01066703,0.7193629,-0.01104948,-0.6944647
0.01066703,0.7193629,-0.01104948,-0.6944647
0.01066703,0.7193629,-0.01104948,-0.6944647
0.01066703,0.7193629,-0.01104948,-0.6944647
0.01066703,0.7193629,-0.01104948,-0.6944647
0.01066703,0.7193629,-0.01104948,-0.6944647
0.01066703,0.7193629,-0.01104948,-0.6944647
0.01066703,0.7193629,-0.01104948,-0.6944647
0.01066703,0.7193629,-0.01104948,-0.6944647
0.01066703,0.7193629,-0.01104948,-0.6944647
0.01066703,0.7193629,-0.01104948,-0.6944647
0.01066703,0.7193629,-0.01104948,-0.6944647
0.01066703,0.7193629,-0.01104948,-0.6944647
0.01066703,0.7193629,-0.01104948,-0.6944647
0.01066703,0.7193629,-0.01104948,-0.6944647
0.01066703,0.7193629,-0.01104948,-0.6944647
0.01066703,0.7193629,-0.01104948,-0.6944647
0.01066703,0.7193629,-0.01104948,-0.6944647
0.01066703,0.7193629,-0.01104948,-0.6944647
0.01066703,0.7193629,-0.01104948,-0.6944647
0.01066703,0.7193629,-0.01104948,-0.6944647
0.01066703,0.7193629,-0.01104948,-0.6944647
0.01066703,0.7193629,-0.01104948,-0.6944647
0.01066703,0.7193629,-0.01104948,-0.6944647
0.01066703,0.7193629,-0.01104948,-0.6944647
0.01066703,0.7193629,-0.01104948,-0.6944647
0.0106678,0.7193142,-0.01104873,-0.6945151
0.01066954,0.719205,-0.01104705,-0.6946282
0.01067534,0.7188402,-0.01104145,-0.6950057
0.01067939,0.7185851,-0.01103753,-0.6952695
0.0106842,0.7182818,-0.01103287,-0.6955828
0.01068978,0.7179298,-0.01102747,-0.6959462
0.01069634,0.7175155,-0.0110211,-0.6963732
0.01071174,0.716541,-0.01100613,-0.697376
0.01072058,0.7159804,-0.01099752,-0.6979515
0.01073018,0.715371,-0.01098816,-0.6985761
0.01074053,0.7147124,-0.01097805,-0.6992499
0.01075163,0.7140045,-0.01096717,-0.6999727
0.01077651,0.712413,-0.01094272,-0.7015924
0.01079007,0.7115424,-0.01092935,-0.7024753
0.01080436,0.7106225,-0.01091522,-0.7034059
0.0108196,0.7096392,-0.01090012,-0.704398
0.01083557,0.7086053,-0.01088424,-0.7054378
0.01086972,0.7063857,-0.01085015,-0.7076606
0.01088789,0.7051986,-0.01083191,-0.7088435
0.01090677,0.7039604,-0.01081289,-0.7100732
0.01092638,0.7026704,-0.01079308,-0.7113497
0.01094691,0.7013147,-0.01077226,-0.7126863
0.01099008,0.6984473,-0.01072821,-0.7154967
0.01101272,0.6969339,-0.01070497,-0.7169709
0.01103605,0.6953679,-0.01068091,-0.7184898
0.01106007,0.6937487,-0.01065604,-0.7200534
0.01108498,0.6920616,-0.01063013,-0.7216751
0.01113681,0.6885257,-0.01057581,-0.7250493
0.01116373,0.6866755,-0.01054739,-0.7268018
0.0111913,0.6847702,-0.01051813,-0.7285972
0.01121953,0.6828098,-0.01048802,-0.7304348
0.01124861,0.6807787,-0.01045682,-0.7323281
0.01130866,0.6765489,-0.01039185,-0.7362376
0.01133962,0.6743485,-0.01035805,-0.7382535
0.0113712,0.6720907,-0.01032337,-0.7403095
0.01140359,0.6697609,-0.01028758,-0.7424181
0.01143658,0.6673729,-0.0102509,-0.7445654
0.01150433,0.6624185,-0.01017481,-0.7489765
0.01153907,0.6598523,-0.01013539,-0.7512385
0.01157439,0.6572255,-0.01009504,-0.7535376
0.01161025,0.6545388,-0.01005377,-0.7558724
0.01164686,0.6517764,-0.01001134,-0.7582557
0.01172168,0.6460664,-0.009923636,-0.7631267
0.01175987,0.6431178,-0.009878345,-0.7656133
0.01179857,0.6401066,-0.009832093,-0.7681325
0.01183795,0.6370178,-0.009784648,-0.7706962
0.01187782,0.6338643,-0.009736211,-0.7732918
0.01195898,0.6273627,-0.009636345,-0.7785758
0.01200024,0.6240144,-0.009584915,-0.781262
0.01204194,0.6205999,-0.009532469,-0.783977
0.01208426,0.6171037,-0.009478767,-0.786732
0.01212698,0.6135414,-0.009424049,-0.7895132
0.01221364,0.6062114,-0.00931146,-0.7951553
0.01225755,0.6024432,-0.009253581,-0.798014
0.01230182,0.5986065,-0.009194649,-0.8008959
0.01234662,0.5946845,-0.009134405,-0.8038125
0.01239175,0.590692,-0.00907308,-0.806751
0.01248296,0.5824952,-0.008947177,-0.8126891
0.01252902,0.5782887,-0.008882566,-0.8156877
0.01257535,0.5740103,-0.008816849,-0.8187041
0.01262212,0.5696425,-0.008749761,-0.8217491
0.01266913,0.5652023,-0.008681558,-0.8248094
0.01276382,0.5560989,-0.008541728,-0.8309742
0.01281148,0.5514343,-0.008470081,-0.834077
0.01285932,0.5466948,-0.00839728,-0.8371912
0.01290748,0.5418628,-0.008323061,-0.8403267
0.01295579,0.536954,-0.008247662,-0.8434718
0.01305276,0.5269054,-0.008093314,-0.8497852
0.0131014,0.521764,-0.008014344,-0.8529516
0.0131501,0.5165444,-0.00793417,-0.8561227
0.01319901,0.5112301,-0.007852542,-0.8593066
0.01324797,0.5058346,-0.007769667,-0.8624938
0.01334589,0.4948043,-0.007600241,-0.8688688
0.01339482,0.4891679,-0.007513666,-0.8720545
0.0134437,0.4834504,-0.007425844,-0.8752371
0.01349267,0.4776336,-0.007336498,-0.8784248
0.01354154,0.4717348,-0.007245891,-0.8816068
0.01363893,0.4596896,-0.007060876,-0.8879469
0.0136874,0.4535419,-0.006966447,-0.8911026
0.0137357,0.44731,-0.006870724,-0.8942471
0.01378393,0.4409765,-0.006773442,-0.8973872
0.01383194,0.4345589,-0.006674866,-0.9005125
0.01392718,0.4214677,-0.006473785,-0.9067134
0.01397438,0.414794,-0.006371276,-0.9097857
0.01402137,0.4080169,-0.006267179,-0.9128452
0.01406801,0.4011545,-0.006161773,-0.9158817
0.01411428,0.3942048,-0.006055025,-0.9188944
0.01420562,0.3800442,-0.005837515,-0.9248409
0.01425063,0.3728337,-0.005726763,-0.9277711
0.01429528,0.3655177,-0.005614388,-0.9306777
0.01433942,0.3581145,-0.005500675,-0.9335514
0.01438302,0.3506252,-0.005385637,-0.93639
0.01446854,0.3353806,-0.00515148,-0.9419576
0.01451039,0.3276266,-0.005032376,-0.9446825
0.01455161,0.3197844,-0.00491192,-0.9473659
0.01459226,0.3118353,-0.004789821,-0.9500121
0.01463219,0.3037995,-0.004666392,-0.9526122
0.01470986,0.2874626,-0.004415454,-0.9576687
0.01474753,0.279162,-0.004287958,-0.9601212
0.01478447,0.2707549,-0.004158824,-0.9625258
0.01482055,0.2622607,-0.004028353,-0.9648749
0.01485575,0.2536779,-0.003896521,-0.9671668
0.0149234,0.2362514,-0.003628848,-0.9715707
0.01495578,0.2274071,-0.003492999,-0.9736787
0.01498721,0.2184591,-0.003355558,-0.9757253
0.01501761,0.2094234,-0.003216768,-0.9777045
0.01504694,0.2003019,-0.00307666,-0.9796138
0.01510226,0.1818019,-0.0027925,-0.9832152
0.01512823,0.1724066,-0.002648188,-0.9849061
0.015153,0.1629262,-0.002502568,-0.9865187
0.01517653,0.1533616,-0.002355654,-0.9880508
0.0151988,0.1437134,-0.002207457,-0.9895002
0.01523937,0.1241717,-0.001907295,-0.992142
0.01525763,0.1142771,-0.001755314,-0.9933302
0.0152745,0.1042842,-0.001601821,-0.9944289
0.01528994,0.09421194,-0.001447111,-0.9954337
0.01530389,0.0840611,-0.001291194,-0.9963422
0.01532724,0.06352638,-0.0009757787,-0.997862
0.01533656,0.05314407,-0.0008163056,-0.9984688
0.01534428,0.04266633,-0.0006553666,-0.9989713
0.01535034,0.03211633,-0.0004933178,-0.9993662
0.01535472,0.02149224,-0.000330131,-0.9996511
0.01535827,2.894539E-05,-4.530615E-07,-0.9998821
0.01535737,-0.01080743,0.0001659946,-0.9998237
0.01535464,-0.02173143,0.000333788,-0.9996459
0.01535004,-0.0327225,0.0005026116,-0.9993465
0.01534354,-0.04377878,0.0006724371,-0.9989232
0.01532469,-0.06608222,0.00101502,-0.997696
0.01531225,-0.07734554,0.001188025,-0.996886
0.01529776,-0.08866853,0.001361947,-0.9959428
0.01528119,-0.1000474,0.001536727,-0.9948642
0.0152625,-0.1114837,0.001712389,-0.9936476
0.01521865,-0.1345168,0.00206618,-0.9907923
0.01519337,-0.1461293,0.002244549,-0.9891464
0.01516583,-0.1577888,0.00242364,-0.9873535
0.01513599,-0.1694966,0.002603472,-0.9854112
0.01510383,-0.1812489,0.002783988,-0.9833174
0.01503241,-0.2048766,0.003146912,-0.9786674
0.01499301,-0.2167673,0.003329553,-0.9761025
0.01495862,-0.2266152,0.003480819,-0.9738633
0.01493034,-0.2343868,0.003600191,-0.9720221
0.01490876,-0.2401369,0.003688513,-0.9706175
0.01488814,-0.2454997,0.003770886,-0.969275
0.01488814,-0.2454997,0.003770886,-0.969275
0.01488814,-0.2454997,0.003770886,-0.969275
0.01488814,-0.2454997,0.003770886,-0.969275
0.01488814,-0.2454997,0.003770886,-0.969275
0.01488814,-0.2454997,0.003770886,-0.969275
0.01488814,-0.2454997,0.003770886,-0.969275
0.01488814,-0.2454997,0.003770886,-0.969275
0.01488814,-0.2454997,0.003770886,-0.969275
0.01488814,-0.2454997,0.003770886,-0.969275
0.01488814,-0.2454997,0.003770886,-0.969275
0.01488814,-0.2454997,0.003770886,-0.969275
0.01488814,-0.2454997,0.003770886,-0.969275
0.01488814,-0.2454997,0.003770886,-0.969275
0.01488814,-0.2454997,0.003770886,-0.969275
0.01488814,-0.2454997,0.003770886,-0.969275
0.01488814,-0.2454997,0.003770886,-0.969275
0.01488814,-0.2454997,0.003770886,-0.969275
0.01488814,-0.2454997,0.003770886,-0.969275
0.01488814,-0.2454997,0.003770886,-0.969275
0.01488814,-0.2454997,0.003770886,-0.969275
0.01488814,-0.2454997,0.003770886,-0.969275
0.01488814,-0.2454997,0.003770886,-0.969275
0.01488814,-0.2454997,0.003770886,-0.969275
0.01488814,-0.2454997,0.003770886,-0.969275
0.01488814,-0.2454997,0.003770886,-0.969275
0.01488814,-0.2454997,0.003770886,-0.969275
0.01488814,-0.2454997,0.003770886,-0.969275
0.01488789,-0.2455661,0.003771905,-0.9692582
0.01488736,-0.2456999,0.003773961,-0.9692243
0.01488658,-0.2459021,0.003777067,-0.9691731
0.01488407,-0.2465454,0.003786947,-0.9690095
0.01488241,-0.246968,0.003793439,-0.9689019
0.01488049,-0.2474579,0.003800964,-0.9687769
0.0148783,-0.2480152,0.003809524,-0.9686344
0.01487585,-0.2486395,0.003819114,-0.9684744
0.01486996,-0.2501274,0.003841968,-0.9680912
0.0148666,-0.2509718,0.003854938,-0.9678726
0.01486297,-0.2518834,0.00386894,-0.9676358
0.01485905,-0.2528617,0.003883967,-0.9673806
0.01485027,-0.2550383,0.0039174,-0.966809
0.0148454,-0.2562368,0.003935809,-0.9664921
0.01484023,-0.2575014,0.003955232,-0.9661558
0.01483477,-0.2588327,0.003975681,-0.9658001
0.014829,-0.2602299,0.003997143,-0.9654245
0.01482285,-0.2617112,0.004019896,-0.9650241
0.01480958,-0.2648762,0.004068511,-0.9641601
0.01480246,-0.2665583,0.004094349,-0.9636964
0.014795,-0.2683066,0.004121203,-0.9632111
0.01478721,-0.2701207,0.004149067,-0.962704
0.014779,-0.2720186,0.00417822,-0.9621694
0.01476152,-0.2760139,0.004239587,-0.961031
0.01475224,-0.2781092,0.004271772,-0.9604267
0.01474258,-0.2802702,0.004304965,-0.9597983
0.01473256,-0.2824962,0.004339157,-0.9591455
0.01472206,-0.2848062,0.004374639,-0.9584621
0.01469989,-0.2896185,0.004448555,-0.9570189
0.0146882,-0.2921222,0.004487014,-0.9562577
0.01467609,-0.2946909,0.004526468,-0.9554693
0.01466356,-0.2973234,0.004566904,-0.9546533
0.01465051,-0.3000365,0.004608578,-0.9538041
0.01462307,-0.305657,0.004694909,-0.9520178
0.01460867,-0.3085628,0.004739543,-0.95108
0.01459379,-0.3115319,0.004785148,-0.9501116
0.01457844,-0.3145637,0.004831717,-0.9491121
0.01456251,-0.3176765,0.004879529,-0.9480748
0.01452913,-0.3240892,0.004978028,-0.9459019
0.01451167,-0.3273886,0.005028707,-0.944765
0.01449368,-0.3307495,0.005080332,-0.9435936
0.01447515,-0.3341715,0.005132894,-0.9423872
0.01445596,-0.3376728,0.005186674,-0.9411383
0.0144159,-0.3448563,0.005297014,-0.9385298
0.01439499,-0.3485383,0.00535357,-0.9371687
0.01437348,-0.3522803,0.005411047,-0.9357685
0.01435136,-0.3560832,0.00546946,-0.9343281
0.01432851,-0.3599615,0.005529031,-0.9328408
0.0142809,-0.3678929,0.005650858,-0.9297413
0.01425611,-0.3719457,0.005713109,-0.9281274
0.01423065,-0.3760553,0.005776233,-0.9264699
0.0142044,-0.38024,0.00584051,-0.9247603
0.01417744,-0.3844809,0.005905651,-0.9230052
0.01412137,-0.3931286,0.00603848,-0.9193553
0.01409223,-0.3975358,0.006106175,-0.9174582
0.01406234,-0.4019974,0.006174705,-0.915512
0.01403156,-0.4065309,0.00624434,-0.9135079
0.014,-0.4111175,0.006314792,-0.911453
0.01393446,-0.4204489,0.006458121,-0.9071863
0.01390046,-0.4251923,0.006530982,-0.9049727
0.01386562,-0.4299864,0.006604619,-0.9027047
0.0138298,-0.4348493,0.006679313,-0.9003723
0.01379312,-0.4397598,0.006754739,-0.8979841
0.01371705,-0.4497306,0.006907892,-0.8930323
0.01367766,-0.4547879,0.006985572,-0.8904674
0.01363733,-0.4598925,0.007063978,-0.8878419
0.01359606,-0.4650434,0.007143097,-0.8851547
0.01355368,-0.4702569,0.007223178,-0.882396
0.01346599,-0.4808166,0.007385376,-0.8766867
0.01342063,-0.4861624,0.007467487,-0.8737336
0.01337424,-0.4915504,0.007550247,-0.8707138
0.01332667,-0.4969966,0.007633901,-0.8676165
0.01327803,-0.502484,0.007718189,-0.8644501
0.01317754,-0.5135748,0.007888545,-0.8579074
0.01312563,-0.5191778,0.007974607,-0.8545282
0.0130726,-0.5248181,0.008061242,-0.8510759
0.01301844,-0.530494,0.008148425,-0.8475496
0.01296296,-0.5362215,0.0082364,-0.8439376
0.01284848,-0.5477754,0.00841387,-0.8364844
0.01279002,-0.5535433,0.008502465,-0.8326787
0.01273096,-0.5592848,0.008590654,-0.8288333
0.01268993,-0.5632227,0.008651141,-0.8261625
0.01267262,-0.5648724,0.008676481,-0.8250354
0.01267592,-0.5645579,0.00867165,-0.8252505
0.01267848,-0.5643147,0.008667913,-0.825417
0.01268164,-0.564014,0.008663296,-0.8256224
0.01268556,-0.5636398,0.008657549,-0.8258779
0.01269009,-0.563208,0.008650917,-0.8261724
0.01270091,-0.5621726,0.008635012,-0.8268773
0.01270722,-0.561568,0.008625725,-0.827288
0.01271412,-0.560906,0.008615556,-0.8277371
0.01272178,-0.5601697,0.008604247,-0.8282355
0.01273002,-0.5593752,0.008592044,-0.8287723
0.01274825,-0.5576124,0.008564966,-0.8299594
0.01275824,-0.5566435,0.008550084,-0.8306096
0.0127688,-0.5556161,0.008534304,-0.8312971
0.01278009,-0.5545152,0.008517393,-0.8320318
0.01279196,-0.5533538,0.008499553,-0.8328047
0.01281739,-0.550854,0.008461156,-0.8344603
0.01283094,-0.5495155,0.008440597,-0.8353423
0.01284504,-0.548117,0.008419117,-0.8362606
0.01285986,-0.5466421,0.008396462,-0.8372255
0.01287521,-0.5451092,0.008372916,-0.8382244
0.01290752,-0.5418606,0.008323018,-0.8403281
0.01292447,-0.5401453,0.00829667,-0.8414317
0.01294194,-0.5383696,0.008269395,-0.8425688
0.01296008,-0.5365164,0.008240929,-0.8437502
0.01297873,-0.5346026,0.008211534,-0.844964
0.01301752,-0.5305895,0.008149892,-0.8474897
0.01303766,-0.5284895,0.008117636,-0.8488009
0.01305844,-0.5263107,0.008084169,-0.8501536
0.01307969,-0.5240693,0.00804974,-0.8515372
0.01310141,-0.5217648,0.008014343,-0.8529512
0.01314621,-0.5169666,0.007940643,-0.8558679
0.01316928,-0.5144721,0.007902326,-0.8573695
0.01319292,-0.5118981,0.00786279,-0.858909
0.01321701,-0.5092583,0.007822242,-0.8604768
0.0132415,-0.5065536,0.007780699,-0.8620717
0.01329171,-0.5009495,0.007694619,-0.8653403
0.0133174,-0.4980491,0.007650069,-0.8670129
0.01334362,-0.4950656,0.007604241,-0.8687199
0.01337021,-0.4920158,0.007557396,-0.8704507
0.01339715,-0.4889001,0.007509538,-0.8722046
0.01345207,-0.482466,0.007410709,-0.8757801
0.01348002,-0.4791479,0.007359745,-0.8775998
0.01350843,-0.4757444,0.007307467,-0.8794495
0.01353714,-0.4722728,0.007254142,-0.8813187
0.01356614,-0.4687323,0.007199759,-0.8832068
0.01362496,-0.4614447,0.007087822,-0.887036
0.01365475,-0.4576965,0.007030249,-0.8889759
0.01368493,-0.4538606,0.006971329,-0.8909404
0.01371533,-0.4499546,0.006911333,-0.8929194
0.01374594,-0.4459772,0.006850241,-0.8949125
0.01380775,-0.4378099,0.00672479,-0.8989364
0.01383892,-0.4336187,0.006660413,-0.9009656
0.01387037,-0.4293375,0.006594653,-0.9030135
0.01390197,-0.424984,0.006527783,-0.9050705
0.01393369,-0.4205578,0.006459795,-0.9071358
0.01399746,-0.4114845,0.00632043,-0.9112874
0.01402947,-0.4068376,0.006249052,-0.9133714
0.01406167,-0.4020984,0.006176257,-0.9154677
0.01409392,-0.3972842,0.00610231,-0.9175672
0.01412619,-0.3923954,0.006027218,-0.9196684
0.01419077,-0.3823919,0.005873564,-0.9238726
0.01422315,-0.3772585,0.005794715,-0.9259807
0.01425549,-0.3720491,0.005714697,-0.928086
0.01428776,-0.3667647,0.005633528,-0.9301869
0.01431995,-0.3614037,0.005551183,-0.932283
0.01438405,-0.3504492,0.00538292,-0.9364558
0.01441591,-0.3448556,0.005297002,-0.9385301
0.01444772,-0.3391663,0.005209615,-0.9406011
0.01447936,-0.3333989,0.005121026,-0.9426608
0.0145108,-0.3275545,0.005031256,-0.9447075
0.01457302,-0.3156289,0.004848077,-0.9487584
0.01460376,-0.3095481,0.004754675,-0.9507598
0.01463431,-0.3033706,0.004659789,-0.9527489
0.01466457,-0.2971133,0.004563676,-0.9547188
0.0146945,-0.290777,0.004466349,-0.9566677
0.01475333,-0.2778648,0.004268016,-0.9604975
0.01478226,-0.2712705,0.004166728,-0.9623806
0.01481077,-0.2645963,0.004064211,-0.964237
0.01483884,-0.2578434,0.003960486,-0.9660647
0.01486646,-0.2510098,0.003855522,-0.9678627
0.01492023,-0.2371029,0.003641911,-0.9713632
0.0149464,-0.2300102,0.003532966,-0.9730671
0.01497201,-0.2228401,0.003422833,-0.9747341
0.01499704,-0.2155887,0.00331145,-0.9763635
0.01502146,-0.2082574,0.003198841,-0.9779536
0.01504525,-0.200846,0.003085002,-0.9795025
0.01509094,-0.1857485,0.002853102,-0.9824773
0.01511274,-0.1780789,0.002735296,-0.9838964
0.01512825,-0.1724073,0.00264818,-0.9849061
0.01513779,-0.1688188,0.002593061,-0.9855275
0.01514179,-0.1672911,0.002569594,-0.985788
0.01514179,-0.1672911,0.002569594,-0.985788
0.01514179,-0.1672911,0.002569594,-0.985788
0.01514179,-0.1672911,0.002569594,-0.985788
0.01514179,-0.1672911,0.002569594,-0.985788
0.01514179,-0.1672911,0.002569594,-0.985788
0.01514179,-0.1672911,0.002569594,-0.985788
0.01514179,-0.1672911,0.002569594,-0.985788
0.01514179,-0.1672911,0.002569594,-0.985788
0.01514179,-0.1672911,0.002569594,-0.985788
0.01514179,-0.1672911,0.002569594,-0.985788
0.01514179,-0.1672911,0.002569594,-0.985788
0.01514179,-0.1672911,0.002569594,-0.985788
0.01514179,-0.1672911,0.002569594,-0.985788
0.01514179,-0.1672911,0.002569594,-0.985788
0.01514179,-0.1672911,0.002569594,-0.985788
0.01514179,-0.1672911,0.002569594,-0.985788
0.01514179,-0.1672911,0.002569594,-0.985788
0.01514179,-0.1672911,0.002569594,-0.985788
0.01514179,-0.1672911,0.002569594,-0.985788
0.01514233,-0.1670859,0.002566443,-0.9858227
0.01514291,-0.1668625,0.002563011,-0.9858606
0.01514367,-0.1665694,0.002558509,-0.9859101
0.01514461,-0.166208,0.002552958,-0.9859711
0.01514572,-0.1657761,0.002546324,-0.9860438
0.01514701,-0.1652775,0.002538665,-0.9861276
0.0151502,-0.1640336,0.002519559,-0.9863352
0.01515205,-0.1633092,0.002508432,-0.9864554
0.01515406,-0.1625164,0.002496255,-0.9865863
0.01515623,-0.1616553,0.002483027,-0.9867278
0.01515857,-0.1607253,0.002468742,-0.9868798
0.0151638,-0.1586193,0.002436394,-0.9872204
0.01516664,-0.1574635,0.002418641,-0.9874054
0.01516963,-0.1562394,0.002399838,-0.9875998
0.01517276,-0.1549466,0.002379982,-0.9878035
0.01517602,-0.153585,0.002359067,-0.9880161
0.01518304,-0.1506178,0.002313491,-0.9884728
0.01518673,-0.1490296,0.002289096,-0.9887134
0.01519055,-0.1473726,0.002263644,-0.9889618
0.01519447,-0.1456465,0.00223713,-0.9892175
0.01519855,-0.1438315,0.002209252,-0.989483
0.015207,-0.1399949,0.002150322,-0.9900331
0.01521136,-0.1379724,0.002119255,-0.990317
0.0152158,-0.1358813,0.002087136,-0.9906061
0.01522032,-0.1337199,0.002053937,-0.9909002
0.01522494,-0.1314702,0.002019382,-0.9912012
0.01523436,-0.1267612,0.00194705,-0.9918144
0.01523914,-0.1243023,0.001909281,-0.9921256
0.01524396,-0.1217732,0.001870435,-0.9924392
0.0152488,-0.1191751,0.001830527,-0.9927545
0.01525366,-0.1165067,0.001789541,-0.9930712
0.01526348,-0.1109229,0.001703773,-0.9937103
0.01526472,-0.1102008,0.001692681,-0.9937907
0.01526472,-0.1102008,0.001692681,-0.9937907
0.01526472,-0.1102008,0.001692681,-0.9937907
0.01526472,-0.1102008,0.001692681,-0.9937907
0.01526472,-0.1102008,0.001692681,-0.9937907
0.01526472,-0.1102008,0.001692681,-0.9937907
0.01526472,-0.1102008,0.001692681,-0.9937907
0.01526472,-0.1102008,0.001692681,-0.9937907
0.01526472,-0.1102008,0.001692681,-0.9937907
0.01526472,-0.1102008,0.001692681,-0.9937907
0.01526472,-0.1102008,0.001692681,-0.9937907
0.01526472,-0.1102008,0.001692681,-0.9937907
0.01526472,-0.1102008,0.001692681,-0.9937907
0.01526472,-0.1102008,0.001692681,-0.9937907
0.01526472,-0.1102008,0.001692681,-0.9937907
0.01526472,-0.1102008,0.001692681,-0.9937907
0.01526472,-0.1102008,0.001692681,-0.9937907
0.01526472,-0.1102008,0.001692681,-0.9937907
0.01526472,-0.1102008,0.001692681,-0.9937907
0.01526472,-0.1102008,0.001692681,-0.9937907
0.01526472,-0.1102008,0.001692681,-0.9937907
0.01526472,-0.1102008,0.001692681,-0.9937907
0.01526472,-0.1102008,0.001692681,-0.9937907
0.01526472,-0.1102008,0.001692681,-0.9937907
0.01526472,-0.1102008,0.001692681,-0.9937907
0.01526472,-0.1102008,0.001692681,-0.9937907
0.01526472,-0.1102008,0.001692681,-0.9937907
0.01526472,-0.1102008,0.001692681,-0.9937907
0.01526472,-0.1102008,0.001692681,-0.9937907
0.01526472,-0.1102008,0.001692681,-0.9937907
0.01526472,-0.1102008,0.001692681,-0.9937907
0.01526472,-0.1102008,0.001692681,-0.9937907
0.01526472,-0.1102008,0.001692681,-0.9937907
0.01526472,-0.1102008,0.001692681,-0.9937907
0.01526472,-0.1102008,0.001692681,-0.9937907
0.01526472,-0.1102008,0.001692681,-0.9937907
0.01526472,-0.1102008,0.001692681,-0.9937907
0.01526472,-0.1102008,0.001692681,-0.9937907
0.01526472,-0.1102008,0.001692681,-0.9937907
0.01526472,-0.1102008,0.001692681,-0.9937907
0.01526472,-0.1102008,0.001692681,-0.9937907
0.01526472,-0.1102008,0.001692681,-0.9937907
0.01526472,-0.1102008,0.001692681,-0.9937907
0.01526472,-0.1102008,0.001692681,-0.9937907
0.01526472,-0.1102008,0.001692681,-0.9937907
0.01526472,-0.1102008,0.001692681,-0.9937907
0.01526472,-0.1102008,0.001692681,-0.9937907
0.01526472,-0.1102008,0.001692681,-0.9937907
0.01526472,-0.1102008,0.001692681,-0.9937907
0.01526472,-0.1102008,0.001692681,-0.9937907
0.01526472,-0.1102008,0.001692681,-0.9937907
0.01526472,-0.1102008,0.001692681,-0.9937907
0.01526472,-0.1102008,0.001692681,-0.9937907
0.01526472,-0.1102008,0.001692681,-0.9937907
0.01526472,-0.1102008,0.001692681,-0.9937907
0.01526472,-0.1102008,0.001692681,-0.9937907
0.01526472,-0.1102008,0.001692681,-0.9937907
0.01526472,-0.1102008,0.001692681,-0.9937907
0.01526472,-0.1102008,0.001692681,-0.9937907
0.01526472,-0.1102008,0.001692681,-0.9937907
0.01526472,-0.1102008,0.001692681,-0.9937907
0.01526472,-0.1102008,0.001692681,-0.9937907
0.01526472,-0.1102008,0.001692681,-0.9937907
0.01526472,-0.1102008,0.001692681,-0.9937907
0.01526472,-0.1102008,0.001692681,-0.9937907
0.01526472,-0.1102008,0.001692681,-0.9937907
0.01526472,-0.1102008,0.001692681,-0.9937907
0.01526472,-0.1102008,0.001692681,-0.9937907
0.01526472,-0.1102008,0.001692681,-0.9937907
0.01526472,-0.1102008,0.001692681,-0.9937907
0.01526472,-0.1102008,0.001692681,-0.9937907
0.01526472,-0.1102008,0.001692681,-0.9937907
0.01526472,-0.1102008,0.001692681,-0.9937907
0.01526483,-0.1101312,0.001691612,-0.9937984
0.01526542,-0.1097858,0.001686307,-0.9938367
0.01526589,-0.1095094,0.001682061,-0.9938672
0.01526651,-0.1091453,0.001676469,-0.9939072
0.01526724,-0.1087112,0.001669801,-0.9939548
0.01526808,-0.1082082,0.001662076,-0.9940097
0.01527009,-0.106995,0.001643441,-0.9941409
0.01527126,-0.1062847,0.00163253,-0.9942172
0.01527257,-0.105486,0.001620262,-0.9943022
0.01527398,-0.1046186,0.001606938,-0.9943939
0.01527548,-0.1036816,0.001592546,-0.9944919
0.01527879,-0.101599,0.001560558,-0.9947069
0.01528057,-0.1004543,0.001542975,-0.9948232
0.01528244,-0.09924062,0.001524332,-0.994945
0.01528442,-0.09793813,0.001504326,-0.995074
0.01528648,-0.09656575,0.001483246,-0.9952081
0.01529082,-0.09361416,0.001437909,-0.9954901
0.01529308,-0.09203433,0.001413643,-0.9956374
0.0152954,-0.09038513,0.001388311,-0.9957885
0.0152978,-0.0886464,0.001361604,-0.9959448
0.01530024,-0.08684019,0.00133386,-0.9961039
0.01530525,-0.08301543,0.001275112,-0.99643
0.0153078,-0.08099949,0.001244146,-0.9965958
0.01531039,-0.07889324,0.001211794,-0.9967648
0.015313,-0.07671761,0.001178376,-0.9969346
0.01531562,-0.07447273,0.001143895,-0.9971048
0.01532084,-0.06977391,0.001071721,-0.9974446
0.01532343,-0.06732027,0.001034033,-0.9976132
0.01532599,-0.06479698,0.0009952745,-0.9977803
0.01532855,-0.06218377,0.0009551354,-0.9979466
0.01533106,-0.05950272,0.0009139543,-0.99811
0.01533592,-0.05393015,0.0008283592,-0.9984266
0.01533825,-0.05103844,0.0007839422,-0.9985786
0.01534053,-0.04805756,0.0007381556,-0.9987265
0.01534271,-0.0450072,0.0006913018,-0.9988686
0.01534479,-0.04188675,0.0006433715,-0.9990044
0.01534863,-0.03543642,0.0005442938,-0.9992539
0.01535036,-0.03210502,0.0004931233,-0.9993665
0.01535195,-0.02868609,0.0004406082,-0.9994705
0.0153534,-0.02519735,0.0003870208,-0.9995646
0.01535468,-0.02163858,0.0003323577,-0.999648
0.0153567,-0.01431265,0.0002198309,-0.9997796
0.01535742,-0.01054528,0.0001619638,-0.9998265
0.01535793,-0.006688335,0.0001027207,-0.9998597
0.01535822,-0.0027622,4.241496E-05,-0.9998783
0.01535826,0.001232353,-1.894171E-05,-0.9998813
0.01535759,0.009433215,-0.0001449077,-0.9998376
0.01535684,0.01365757,-0.0002097941,-0.9997888
0.01535635,0.0158165,-0.0002429554,-0.999757
0.01535633,0.01589262,-0.0002441247,-0.9997558
0.01535633,0.01589262,-0.0002441247,-0.9997558
0.01535633,0.01589262,-0.0002441247,-0.9997558
0.01535633,0.01589262,-0.0002441247,-0.9997558
0.01535633,0.01589262,-0.0002441247,-0.9997558
0.01535633,0.01589262,-0.0002441247,-0.9997558
0.01535633,0.01589262,-0.0002441247,-0.9997558
0.01535633,0.01589262,-0.0002441247,-0.9997558
0.01535633,0.01589262,-0.0002441247,-0.9997558
0.01535633,0.01589262,-0.0002441247,-0.9997558
0.01535633,0.01589262,-0.0002441247,-0.9997558
0.01535633,0.01589262,-0.0002441247,-0.9997558
0.01535633,0.01589262,-0.0002441247,-0.9997558
0.01535633,0.01589262,-0.0002441247,-0.9997558
0.01535633,0.01589262,-0.0002441247,-0.9997558
0.01535633,0.01589262,-0.0002441247,-0.9997558
0.01535633,0.01589262,-0.0002441247,-0.9997558
0.01535633,0.01589262,-0.0002441247,-0.9997558
0.01535633,0.01589262,-0.0002441247,-0.9997558
0.01535633,0.01589262,-0.0002441247,-0.9997558
0.01535633,0.01589262,-0.0002441247,-0.9997558
0.01535633,0.01589262,-0.0002441247,-0.9997558
0.01535633,0.01589262,-0.0002441247,-0.9997558
0.01535633,0.01589262,-0.0002441247,-0.9997558
0.01535633,0.01589262,-0.0002441247,-0.9997558
0.01535633,0.01589262,-0.0002441247,-0.9997558
0.01535633,0.01589262,-0.0002441247,-0.9997558
0.01535633,0.01589262,-0.0002441247,-0.9997558
0.01535633,0.01589262,-0.0002441247,-0.9997558
0.01535633,0.01589262,-0.0002441247,-0.9997558
0.01535633,0.01589262,-0.0002441247,-0.9997558
0.01535633,0.01589262,-0.0002441247,-0.9997558
0.01535633,0.01589262,-0.0002441247,-0.9997558
0.01535633,0.01589262,-0.0002441247,-0.9997558
0.01535633,0.01589262,-0.0002441247,-0.9997558
0.01535633,0.01589262,-0.0002441247,-0.9997558
0.01535633,0.01589262,-0.0002441247,-0.9997558
0.01535633,0.01589262,-0.0002441247,-0.9997558
0.01535633,0.01589262,-0.0002441247,-0.9997558
0.01535633,0.01589262,-0.0002441247,-0.9997558
0.01535633,0.01589262,-0.0002441247,-0.9997558
0.01535633,0.01589262,-0.0002441247,-0.9997558
0.01535633,0.01589262,-0.0002441247,-0.9997558
0.01535633,0.01589262,-0.0002441247,-0.9997558
0.01535633,0.01589262,-0.0002441247,-0.9997558
0.01535633,0.01589262,-0.0002441247,-0.9997558
0.01535633,0.01589262,-0.0002441247,-0.9997558
0.01535633,0.01589262,-0.0002441247,-0.9997558
0.01535633,0.01589262,-0.0002441247,-0.9997558
0.01535633,0.01589262,-0.0002441247,-0.9997558
0.01535633,0.01589262,-0.0002441247,-0.9997558
0.01535633,0.01589262,-0.0002441247,-0.9997558
0.01535633,0.01589262,-0.0002441247,-0.9997558
0.01535633,0.01589262,-0.0002441247,-0.9997558
0.01535635,0.01582338,-0.0002430612,-0.9997569
0.01535639,0.01568475,-0.0002409318,-0.9997591
0.01535644,0.0154762,-0.0002377284,-0.9997624
0.0153565,0.01519894,-0.0002334697,-0.9997666
0.01535668,0.01439627,-0.0002211407,-0.9997784
0.01535679,0.01389073,-0.0002133755,-0.9997856
0.01535691,0.01331615,-0.0002045499,-0.9997934
0.01535704,0.01267191,-0.0001946543,-0.9998018
0.01535718,0.01195845,-0.0001836955,-0.9998105
0.01535746,0.01028228,-0.0001579494,-0.9998292
0.01535761,0.009340385,-0.0001434818,-0.9998384
0.01535774,0.008329039,-0.0001279474,-0.9998474
0.01535787,0.007248159,-0.000111345,-0.9998558
0.01535799,0.006077343,-9.336117E-05,-0.9998636
0.01535818,0.003529244,-5.422216E-05,-0.9998758
0.01535824,0.002151117,-3.305401E-05,-0.9998798
0.01535827,0.0007036957,-1.082149E-05,-0.9998818
0.01535827,-0.0008129822,1.247482E-05,-0.9998817
0.01535823,-0.002418825,3.714071E-05,-0.9998791
0.01535802,-0.005837823,8.965683E-05,-0.9998651
0.01535783,-0.007650856,0.0001175052,-0.9998528
0.01535758,-0.009534555,0.000146439,-0.9998366
0.01535727,-0.01148694,0.0001764278,-0.9998161
0.01535688,-0.01352875,0.0002077901,-0.9997905
0.01535584,-0.01782013,0.0002737062,-0.9997233
0.01535519,-0.02006964,0.0003082588,-0.9996806
0.01535443,-0.02238919,0.0003438873,-0.9996314
0.01535357,-0.02477723,0.0003805678,-0.9995751
0.01535258,-0.02723515,0.0004183217,-0.9995111
0.01535022,-0.032399,0.0004976388,-0.999357
0.01534882,-0.03508452,0.0005388887,-0.9992663
0.01534728,-0.03783898,0.0005811974,-0.9991658
0.01534556,-0.04068248,0.0006248739,-0.9990541
0.01534368,-0.04359541,0.0006696169,-0.9989312
0.01533936,-0.04962462,0.0007622259,-0.9986499
0.0153369,-0.05274316,0.0008101269,-0.99849
0.01533424,-0.05593076,0.0008590888,-0.9983165
0.01533135,-0.05918723,0.0009091085,-0.9981288
0.01532822,-0.06253152,0.0009604772,-0.9979249
0.01532122,-0.06942596,0.001066376,-0.9974689
0.01531732,-0.07297596,0.001120905,-0.9972155
0.01531315,-0.076594,0.001176478,-0.9969441
0.0153087,-0.0802803,0.0012331,-0.996654
0.01530392,-0.0840544,0.001291071,-0.9963428
0.01529648,-0.08961032,0.00137641,-0.9958585
0.01529648,-0.08961032,0.00137641,-0.9958585
0.01529648,-0.08961032,0.00137641,-0.9958585
0.01529648,-0.08961032,0.00137641,-0.9958585
0.01529648,-0.08961032,0.00137641,-0.9958585
0.01529648,-0.08961032,0.00137641,-0.9958585
0.01529648,-0.08961032,0.00137641,-0.9958585
0.01529648,-0.08961032,0.00137641,-0.9958585
0.01529648,-0.08961032,0.00137641,-0.9958585
0.01529648,-0.08961032,0.00137641,-0.9958585
0.01529648,-0.08961032,0.00137641,-0.9958585
0.01529648,-0.08961032,0.00137641,-0.9958585
0.01529648,-0.08961032,0.00137641,-0.9958585
0.01529648,-0.08961032,0.00137641,-0.9958585
0.01529648,-0.08961032,0.00137641,-0.9958585
0.01529648,-0.08961032,0.00137641,-0.9958585
0.01529648,-0.08961032,0.00137641,-0.9958585
0.01529648,-0.08961032,0.00137641,-0.9958585
0.01529648,-0.08961032,0.00137641,-0.9958585
0.01529648,-0.08961032,0.00137641,-0.9958585
0.01529648,-0.08961032,0.00137641,-0.9958585
0.01529648,-0.08961032,0.00137641,-0.9958585
0.01529648,-0.08961032,0.00137641,-0.9958585
0.01529648,-0.08961032,0.00137641,-0.9958585
0.01529648,-0.08961032,0.00137641,-0.9958585
0.01529648,-0.08961032,0.00137641,-0.9958585
0.01529648,-0.08961032,0.00137641,-0.9958585
0.01529648,-0.08961032,0.00137641,-0.9958585
0.01529648,-0.08961032,0.00137641,-0.9958585
0.01529648,-0.08961032,0.00137641,-0.9958585
0.01529648,-0.08961032,0.00137641,-0.9958585
0.01529648,-0.08961032,0.00137641,-0.9958585
0.01529648,-0.08961032,0.00137641,-0.9958585
0.01529648,-0.08961032,0.00137641,-0.9958585
0.01529648,-0.08961032,0.00137641,-0.9958585
0.01529648,-0.08961032,0.00137641,-0.9958585
0.01529648,-0.08961032,0.00137641,-0.9958585
0.01529648,-0.08961032,0.00137641,-0.9958585
0.01529648,-0.08961032,0.00137641,-0.9958585
0.01529648,-0.08961032,0.00137641,-0.9958585
0.01529648,-0.08961032,0.00137641,-0.9958585
0.01529648,-0.08961032,0.00137641,-0.9958585
0.01529648,-0.08961032,0.00137641,-0.9958585
0.01529648,-0.08961032,0.00137641,-0.9958585
0.01529648,-0.08961032,0.00137641,-0.9958585
0.01529648,-0.08961032,0.00137641,-0.9958585
0.01529648,-0.08961032,0.00137641,-0.9958585
0.01529648,-0.08961032,0.00137641,-0.9958585
0.01529648,-0.08961032,0.00137641,-0.9958585
0.01529648,-0.08961032,0.00137641,-0.9958585
0.01529648,-0.08961032,0.00137641,-0.9958585
0.01529648,-0.08961032,0.00137641,-0.9958585
0.01529648,-0.08961032,0.00137641,-0.9958585
0.01529648,-0.08961032,0.00137641,-0.9958585
0.01529648,-0.08961032,0.00137641,-0.9958585
0.01529648,-0.08961032,0.00137641,-0.9958585
0.01529648,-0.08961032,0.00137641,-0.9958585
0.01529648,-0.08961032,0.00137641,-0.9958585
0.01529648,-0.08961032,0.00137641,-0.9958585
0.01529648,-0.08961032,0.00137641,-0.9958585
0.01529648,-0.08961032,0.00137641,-0.9958585
0.01529648,-0.08961032,0.00137641,-0.9958585
0.01529648,-0.08961032,0.00137641,-0.9958585
0.01529648,-0.08961032,0.00137641,-0.9958585
0.01529648,-0.08961032,0.00137641,-0.9958585
0.01529648,-0.08961032,0.00137641,-0.9958585
0.01529648,-0.08961032,0.00137641,-0.9958585
0.01529648,-0.08961032,0.00137641,-0.9958585
0.01529648,-0.08961032,0.00137641,-0.9958585
0.01529648,-0.08961032,0.00137641,-0.9958585
0.01529648,-0.08961032,0.00137641,-0.9958585
0.01529648,-0.08961032,0.00137641,-0.9958585
0.01529648,-0.08961032,0.00137641,-0.9958585
0.01529648,-0.08961032,0.00137641,-0.9958585
0.01529648,-0.08961032,0.00137641,-0.9958585
0.01529648,-0.08961032,0.00137641,-0.9958585
0.01529648,-0.08961032,0.00137641,-0.9958585
0.01529648,-0.08961032,0.00137641,-0.9958585
0.01529638,-0.08967949,0.001377473,-0.9958523
0.01529619,-0.08981787,0.001379598,-0.9958398
0.01529552,-0.09030241,0.001387041,-0.995796
0.01529501,-0.0906678,0.001392653,-0.9957628
0.0152944,-0.09110226,0.001399326,-0.9957231
0.01529369,-0.09160656,0.001407073,-0.9956769
0.01529288,-0.09217829,0.001415855,-0.9956241
0.01529094,-0.09353036,0.001436622,-0.995498
0.01528981,-0.09431029,0.001448602,-0.9954244
0.01528854,-0.09517919,0.001461949,-0.9953417
0.01528716,-0.09611572,0.001476334,-0.9952517
0.01528566,-0.09712211,0.001491792,-0.995154
0.01528229,-0.09934311,0.001525907,-0.9949347
0.01528042,-0.1005568,0.00154455,-0.9948128
0.01527838,-0.101859,0.001564551,-0.9946803
0.01527621,-0.1032299,0.001585609,-0.994539
0.0152739,-0.1046702,0.001607731,-0.9943884
0.01526884,-0.1077562,0.001655133,-0.9940587
0.01526604,-0.1094208,0.001680701,-0.9938769
0.01526309,-0.1111551,0.00170734,-0.9936844
0.01525996,-0.1129567,0.001735013,-0.9934812
0.01525667,-0.1148286,0.001763765,-0.9932666
0.01524953,-0.1187772,0.001824417,-0.9928022
0.01524565,-0.1208742,0.001856626,-0.9925491
0.01524156,-0.1230391,0.001889879,-0.992283
0.01523727,-0.125272,0.001924177,-0.9920036
0.01523276,-0.1275736,0.001959529,-0.9917102
0.01522308,-0.1323805,0.002033364,-0.99108
0.01521789,-0.1348863,0.002071854,-0.9907421
0.01521241,-0.1374796,0.002111688,-0.9903856
0.01520668,-0.1401397,0.002152546,-0.9900126
0.01520069,-0.1428682,0.002194457,-0.9896225
0.01518789,-0.1485277,0.002281387,-0.988789
0.01518105,-0.1514605,0.002326436,-0.988344
0.01517388,-0.1544787,0.002372795,-0.9878768
0.01516639,-0.1575635,0.002420178,-0.9873894
0.01515859,-0.1607156,0.002468594,-0.9868813
0.01514198,-0.1672206,0.002568512,-0.9858
0.0151331,-0.170592,0.002620296,-0.985222
0.01512386,-0.1740295,0.002673098,-0.9846207
0.01511425,-0.1775333,0.002726916,-0.983995
0.01510426,-0.1811032,0.00278175,-0.9833442
0.01508306,-0.1884415,0.002894467,-0.9819643
0.01507179,-0.1922277,0.002952623,-0.9812302
0.01506007,-0.1960795,0.003011787,-0.9804678
0.01504792,-0.1999961,0.003071947,-0.9796764
0.0150353,-0.2039779,0.003133108,-0.978855
0.01500865,-0.2121347,0.003258396,-0.9771198
0.01499452,-0.2163284,0.003322813,-0.9761999
0.01497988,-0.2205855,0.003388203,-0.9752467
0.01496471,-0.2249064,0.003454571,-0.9742594
0.01494901,-0.2292897,0.0035219,-0.9732371
0.01491594,-0.2382444,0.003659445,-0.9710838
0.01489846,-0.2428345,0.003729949,-0.9699461
0.01488039,-0.2474866,0.003801405,-0.9687696
0.01486171,-0.2521999,0.003873802,-0.9675533
0.0148424,-0.2569747,0.003947143,-0.9662961
0.01480184,-0.2667055,0.00409661,-0.9636558
0.01478048,-0.2716805,0.004173025,-0.962265
0.01475843,-0.276715,0.004250356,-0.9608294
0.01473567,-0.2818083,0.00432859,-0.9593478
0.0147122,-0.2869598,0.004407717,-0.9578195
0.01468798,-0.2921702,0.004487749,-0.956243
0.01467237,-0.2954759,0.004538524,-0.9552268
0.01467237,-0.2954759,0.004538524,-0.9552268
0.01467237,-0.2954759,0.004538524,-0.9552268
0.01467237,-0.2954759,0.004538524,-0.9552268
0.01467237,-0.2954759,0.004538524,-0.9552268
0.01467237,-0.2954759,0.004538524,-0.9552268
0.01467237,-0.2954759,0.004538524,-0.9552268
0.01467237,-0.2954759,0.004538524,-0.9552268
0.01467237,-0.2954759,0.004538524,-0.9552268
0.01467237,-0.2954759,0.004538524,-0.9552268
0.01467237,-0.2954759,0.004538524,-0.9552268
0.01467237,-0.2954759,0.004538524,-0.9552268
0.01467237,-0.2954759,0.004538524,-0.9552268
0.01467237,-0.2954759,0.004538524,-0.9552268
0.01467237,-0.2954759,0.004538524,-0.9552268
0.01467237,-0.2954759,0.004538524,-0.9552268
0.01467237,-0.2954759,0.004538524,-0.9552268
0.01467237,-0.2954759,0.004538524,-0.9552268
0.01467237,-0.2954759,0.004538524,-0.9552268
0.01467237,-0.2954759,0.004538524,-0.9552268
0.01467237,-0.2954759,0.004538524,-0.9552268
0.01467237,-0.2954759,0.004538524,-0.9552268
0.01467237,-0.2954759,0.004538524,-0.9552268
0.01467237,-0.2954759,0.004538524,-0.9552268
0.01467237,-0.2954759,0.004538524,-0.9552268
0.01467237,-0.2954759,0.004538524,-0.9552268
0.01467237,-0.2954759,0.004538524,-0.9552268
0.01467237,-0.2954759,0.004538524,-0.9552268
0.01467237,-0.2954759,0.004538524,-0.9552268
0.01467237,-0.2954759,0.004538524,-0.9552268
0.01467237,-0.2954759,0.004538524,-0.9552268
0.01467237,-0.2954759,0.004538524,-0.9552268
0.01467237,-0.2954759,0.004538524,-0.9552268
0.01467237,-0.2954759,0.004538524,-0.9552268
0.01467237,-0.2954759,0.004538524,-0.9552268
0.01467237,-0.2954759,0.004538524,-0.9552268
0.01467237,-0.2954759,0.004538524,-0.9552268
0.01467237,-0.2954759,0.004538524,-0.9552268
0.01467237,-0.2954759,0.004538524,-0.9552268
0.01467237,-0.2954759,0.004538524,-0.9552268
0.01467237,-0.2954759,0.004538524,-0.9552268
0.01467237,-0.2954759,0.004538524,-0.9552268
0.01467237,-0.2954759,0.004538524,-0.9552268
0.01467237,-0.2954759,0.004538524,-0.9552268
0.01467237,-0.2954759,0.004538524,-0.9552268
0.01467237,-0.2954759,0.004538524,-0.9552268
0.01467237,-0.2954759,0.004538524,-0.9552268
0.01467237,-0.2954759,0.004538524,-0.9552268
0.01467237,-0.2954759,0.004538524,-0.9552268
0.01467237,-0.2954759,0.004538524,-0.9552268
0.01467237,-0.2954759,0.004538524,-0.9552268
0.01467237,-0.2954759,0.004538524,-0.9552268
0.01467237,-0.2954759,0.004538524,-0.9552268
0.01467237,-0.2954759,0.004538524,-0.9552268
0.01467237,-0.2954759,0.004538524,-0.9552268
0.01467237,-0.2954759,0.004538524,-0.9552268
0.01467237,-0.2954759,0.004538524,-0.9552268
0.01467237,-0.2954759,0.004538524,-0.9552268
0.01467237,-0.2954759,0.004538524,-0.9552268
0.01467237,-0.2954759,0.004538524,-0.9552268
0.01467237,-0.2954759,0.004538524,-0.9552268
0.01467237,-0.2954759,0.004538524,-0.9552268
0.01467237,-0.2954759,0.004538524,-0.9552268
0.01467237,-0.2954759,0.004538524,-0.9552268
0.01467237,-0.2954759,0.004538524,-0.9552268
0.01467237,-0.2954759,0.004538524,-0.9552268
0.01467237,-0.2954759,0.004538524,-0.9552268
0.01467237,-0.2954759,0.004538524,-0.9552268
0.01467237,-0.2954759,0.004538524,-0.9552268
0.01467237,-0.2954759,0.004538524,-0.9552268
0.01467237,-0.2954759,0.004538524,-0.9552268
0.01467237,-0.2954759,0.004538524,-0.9552268
0.01467237,-0.2954759,0.004538524,-0.9552268
0.01467237,-0.2954759,0.004538524,-0.9552268
0.01467237,-0.2954759,0.004538524,-0.9552268
0.01467237,-0.2954759,0.004538524,-0.9552268
0.01467237,-0.2954759,0.004538524,-0.9552268
0.01467237,-0.2954759,0.004538524,-0.9552268
0.01467237,-0.2954759,0.004538524,-0.9552268
0.01467237,-0.2954759,0.004538524,-0.9552268
0.01467237,-0.2954759,0.004538524,-0.9552268
0.01467237,-0.2954759,0.004538524,-0.9552268
0.01467237,-0.2954759,0.004538524,-0.9552268
0.01467237,-0.2954759,0.004538524,-0.9552268
0.01467237,-0.2954759,0.004538524,-0.9552268
0.01467237,-0.2954759,0.004538524,-0.9552268
0.01467237,-0.2954759,0.004538524,-0.9552268
0.01467237,-0.2954759,0.004538524,-0.9552268
0.01467237,-0.2954759,0.004538524,-0.9552268
0.01467237,-0.2954759,0.004538524,-0.9552268
0.01467237,-0.2954759,0.004538524,-0.9552268
0.01467237,-0.2954759,0.004538524,-0.9552268
0.01467237,-0.2954759,0.004538524,-0.9552268
0.01467237,-0.2954759,0.004538524,-0.9552268
0.01467237,-0.2954759,0.004538524,-0.9552268
0.01467237,-0.2954759,0.004538524,-0.9552268
0.01467237,-0.2954759,0.004538524,-0.9552268
0.01467237,-0.2954759,0.004538524,-0.9552268
0.01467237,-0.2954759,0.004538524,-0.9552268
0.01467197,-0.2955611,0.004539833,-0.9552004
0.01467021,-0.2959297,0.004545495,-0.9550862
0.01466886,-0.296214,0.004549862,-0.9549981
0.01466719,-0.2965645,0.004555244,-0.9548894
0.01466511,-0.2969985,0.004561912,-0.9547544
0.01466272,-0.2974989,0.004569597,-0.9545987
0.01465696,-0.2987005,0.004588054,-0.9542233
0.01465359,-0.2994005,0.004598806,-0.9540039
0.01464989,-0.3001676,0.004610588,-0.9537629
0.01464577,-0.3010184,0.004623657,-0.9534947
0.01464131,-0.3019351,0.004637738,-0.9532048
0.0146314,-0.3039659,0.004668931,-0.9525591
0.01462592,-0.3050804,0.00468605,-0.9522028
0.0146201,-0.3062601,0.00470417,-0.951824
0.01461384,-0.3075242,0.004723587,-0.9514163
0.01460723,-0.3088526,0.00474399,-0.950986
0.01459291,-0.3117081,0.004787852,-0.9500538
0.0145852,-0.3132339,0.004811288,-0.9495518
0.01457703,-0.3148431,0.004836006,-0.9490195
0.01456856,-0.3164989,0.004861438,-0.9484686
0.01455962,-0.318238,0.004888151,-0.9478865
0.01454056,-0.3219105,0.004944561,-0.9466456
0.01453043,-0.3238434,0.004974251,-0.945986
0.0145199,-0.3258405,0.005004927,-0.9453
0.01450885,-0.3279197,0.005036863,-0.9445808
0.01449738,-0.3300627,0.005069779,-0.9438341
0.01447314,-0.3345419,0.00513858,-0.9422557
0.01446035,-0.3368766,0.005174442,-0.9414235
0.01444712,-0.339275,0.005211281,-0.9405619
0.01443333,-0.3417543,0.005249363,-0.9396639
0.01441906,-0.3442967,0.005288415,-0.9387352
0.0143891,-0.3495689,0.005369396,-0.9367848
0.01437339,-0.3522986,0.005411325,-0.9357617
0.01435717,-0.3550907,0.005454212,-0.9347057
0.01434034,-0.3579617,0.005498311,-0.93361
0.01432299,-0.3608928,0.005543333,-0.9324809
0.0142867,-0.3669399,0.005636218,-0.9301179
0.01426773,-0.3700546,0.005684059,-0.9288831
0.01424809,-0.3732474,0.005733102,-0.9276047
0.01422788,-0.3765012,0.00578308,-0.9262888
0.01420709,-0.3798147,0.005833976,-0.9249352
0.01416373,-0.3866178,0.005938472,-0.9221122
0.01414114,-0.3901072,0.00599207,-0.9206414
0.0141178,-0.393673,0.00604684,-0.9191223
0.01409383,-0.3972971,0.006102507,-0.9175616
0.01406921,-0.4009781,0.006159049,-0.9159588
0.01401799,-0.4085109,0.006274752,-0.9126242
0.01399124,-0.4123802,0.006334186,-0.9108824
0.01397741,-0.4143631,0.006364642,-0.9099821
0.01397693,-0.4144323,0.006365705,-0.9099506
0.01397693,-0.4144323,0.006365705,-0.9099506
0.01397693,-0.4144323,0.006365705,-0.9099506
0.01397693,-0.4144323,0.006365705,-0.9099506
0.01397693,-0.4144323,0.006365705,-0.9099506
0.01397693,-0.4144323,0.006365705,-0.9099506
0.01397693,-0.4144323,0.006365705,-0.9099506
0.01397693,-0.4144323,0.006365705,-0.9099506
0.01397693,-0.4144323,0.006365705,-0.9099506
0.01397693,-0.4144323,0.006365705,-0.9099506
0.01397693,-0.4144323,0.006365705,-0.9099506
0.01397693,-0.4144323,0.006365705,-0.9099506
0.01397693,-0.4144323,0.006365705,-0.9099506
0.01397648,-0.4144963,0.006366689,-0.9099214
0.01397546,-0.4146415,0.006368919,-0.9098552
0.01397401,-0.4148485,0.006372099,-0.9097609
0.01397211,-0.4151199,0.006376266,-0.9096371
0.01396697,-0.4158518,0.006387508,-0.9093027
0.01396361,-0.4163307,0.006394864,-0.9090835
0.0139598,-0.4168723,0.006403183,-0.9088354
0.01395553,-0.4174769,0.006412469,-0.9085578
0.01395082,-0.4181434,0.006422706,-0.9082512
0.01394003,-0.4196663,0.006446099,-0.9075486
0.01393382,-0.4205393,0.006459508,-0.9071444
0.01392715,-0.4214746,0.006473874,-0.9067102
0.01392002,-0.4224723,0.006489199,-0.9062458
0.01391242,-0.4235319,0.006505475,-0.905751
0.01389579,-0.4258396,0.006540921,-0.9046684
0.01388665,-0.4271025,0.00656032,-0.9040729
0.013877,-0.4284289,0.006580694,-0.9034449
0.01386687,-0.4298167,0.006602011,-0.9027855
0.01385625,-0.4312663,0.006624276,-0.9020939
0.01383349,-0.4343516,0.006671667,-0.9006125
0.01382135,-0.4359866,0.006696782,-0.8998221
0.01380858,-0.437699,0.006723084,-0.8989905
0.01379528,-0.4394724,0.006750323,-0.8981248
0.01378146,-0.4413065,0.006778495,-0.897225
0.01376711,-0.4432009,0.006807594,-0.8962908
0.01373653,-0.4472043,0.006869087,-0.8943
0.01372042,-0.4492958,0.006901213,-0.893251
0.01370376,-0.4514468,0.006934252,-0.8921659
0.01368653,-0.4536567,0.006968196,-0.8910441
0.01365034,-0.4582542,0.007038814,-0.8886885
0.01363138,-0.4606408,0.007075474,-0.8874538
0.01361169,-0.4631023,0.007113283,-0.8861718
0.01359139,-0.4656223,0.007151989,-0.8848503
0.01357048,-0.4682001,0.007191585,-0.883489
0.01354895,-0.4708357,0.007232067,-0.8820873
0.01350372,-0.4763111,0.007316169,-0.8791428
0.01348014,-0.4791336,0.007359524,-0.8776076
0.01345591,-0.482012,0.007403737,-0.87603
0.01343102,-0.4849456,0.007448797,-0.8744094
0.01337921,-0.4909781,0.007541457,-0.8710365
0.01335212,-0.4940934,0.007589308,-0.8692732
0.01332435,-0.4972616,0.007637972,-0.8674648
0.01329586,-0.5004835,0.007687461,-0.8656099
0.01326664,-0.5037589,0.007737772,-0.8637078
0.013206,-0.5104671,0.00784081,-0.8597602
0.01317441,-0.5139155,0.007893777,-0.8577033
0.01314205,-0.5174149,0.007947529,-0.8555969
0.01310892,-0.5209656,0.008002067,-0.8534396
0.013075,-0.5245659,0.008057368,-0.8512314
0.01300476,-0.5319149,0.00817025,-0.8466586
0.01296826,-0.5356789,0.008228065,-0.8442822
0.01293093,-0.5394906,0.008286613,-0.8418517
0.01289274,-0.5433502,0.008345896,-0.8393656
0.01285371,-0.5472562,0.008405894,-0.8368242
0.01277302,-0.5552055,0.008527996,-0.8315713
0.01273118,-0.5592638,0.008590331,-0.8288475
0.01268843,-0.5633666,0.008653351,-0.8260643
0.01264477,-0.5675125,0.008717033,-0.8232215
0.01260018,-0.5717006,0.008781363,-0.8203185
0.01255464,-0.5759316,0.008846352,-0.8173537
0.01246035,-0.584546,0.00897867,-0.8112152
0.01241173,-0.5889137,0.009045758,-0.80805
0.01236212,-0.59332,0.009113439,-0.8048202
0.0123115,-0.5977646,0.009181708,-0.8015246
0.01225967,-0.6022625,0.009250796,-0.7981505
0.01215291,-0.6113648,0.009390607,-0.7911999
0.01209795,-0.6159676,0.009461306,-0.7876219
0.01204192,-0.6206037,0.009532517,-0.7839741
0.0119848,-0.6252725,0.009604231,-0.7802554
0.01192659,-0.6299727,0.009676426,-0.7764655
0.01180643,-0.6394945,0.009822681,-0.7686424
0.01174464,-0.644299,0.009896479,-0.7646196
0.01168169,-0.6491312,0.009970701,-0.7605215
0.01161758,-0.6539896,0.01004533,-0.7563477
0.01155229,-0.6588732,0.01012034,-0.7520972
0.01141773,-0.6687412,0.01027191,-0.7433367
0.01134862,-0.6737087,0.01034821,-0.7388375
0.01127829,-0.6786965,0.01042483,-0.7342583
0.0112067,-0.683704,0.01050174,-0.7295979
0.01113365,-0.6887441,0.01057916,-0.7248419
0.0109837,-0.6988745,0.01073476,-0.7150794
0.01090678,-0.7039617,0.0108129,-0.7100719
0.01082856,-0.7090619,0.01089124,-0.7049791
0.010749,-0.7141739,0.01096976,-0.6997999
0.01066812,-0.7192962,0.01104844,-0.6945338
0.01050185,-0.7295927,0.0112066,-0.6837094
0.01041666,-0.7347513,0.01128583,-0.6781628
0.01033008,-0.7399141,0.01136513,-0.6725262
0.01024209,-0.7450804,0.01144449,-0.6667978
0.01015269,-0.7502487,0.01152388,-0.6609774
0.009969189,-0.7606071,0.01168298,-0.6490309
0.009875268,-0.7657826,0.01176248,-0.6429163
0.009779898,-0.7709525,0.01184189,-0.6367073
0.009683053,-0.7761167,0.01192121,-0.6304023
0.009584499,-0.7812846,0.01200059,-0.623986
0.009382921,-0.7915878,0.01215885,-0.6108626
0.00927987,-0.79672,0.01223768,-0.6041536
0.009175309,-0.8018364,0.01231627,-0.5973462
0.009069214,-0.8069362,0.0123946,-0.590439
0.00896156,-0.812018,0.01247266,-0.5834303
0.008741181,-0.8221369,0.01262809,-0.5690828
0.008628644,-0.8271604,0.01270525,-0.5617562
0.008514541,-0.8321568,0.01278199,-0.5543277
0.008398864,-0.8371246,0.0128583,-0.5467966
0.008281343,-0.8420725,0.0129343,-0.5391455
0.008041538,-0.8518667,0.01308474,-0.5235334
0.007919232,-0.8567093,0.01315912,-0.5155708
0.007795329,-0.8615124,0.0132329,-0.5075042
0.007669807,-0.8662745,0.01330604,-0.4993323
0.007542406,-0.8710028,0.01337867,-0.491038
0.00731162,-0.8793042,0.01350618,-0.476013
0.007237845,-0.8818874,0.01354586,-0.47121
0.007192405,-0.8834617,0.01357004,-0.4682517
0.007182922,-0.8837886,0.01357506,-0.4676343
0.007182922,-0.8837886,0.01357506,-0.4676343
0.007182922,-0.8837886,0.01357506,-0.4676343
0.007182922,-0.8837886,0.01357506,-0.4676343
0.007182922,-0.8837886,0.01357506,-0.4676343
0.007182922,-0.8837886,0.01357506,-0.4676343
0.007182922,-0.8837886,0.01357506,-0.4676343
0.007182922,-0.8837886,0.01357506,-0.4676343
0.007182922,-0.8837886,0.01357506,-0.4676343
0.007182922,-0.8837886,0.01357506,-0.4676343
0.007182922,-0.8837886,0.01357506,-0.4676343
0.007182922,-0.8837886,0.01357506,-0.4676343
0.007182922,-0.8837886,0.01357506,-0.4676343
0.007182922,-0.8837886,0.01357506,-0.4676343
0.007182922,-0.8837886,0.01357506,-0.4676343
0.007182922,-0.8837886,0.01357506,-0.4676343
0.007182922,-0.8837886,0.01357506,-0.4676343
0.007182922,-0.8837886,0.01357506,-0.4676343
0.007182922,-0.8837886,0.01357506,-0.4676343
0.007182922,-0.8837886,0.01357506,-0.4676343
0.007182922,-0.8837886,0.01357506,-0.4676343
0.007182922,-0.8837886,0.01357506,-0.4676343
0.007182922,-0.8837886,0.01357506,-0.4676343
0.007182922,-0.8837886,0.01357506,-0.4676343
0.007182922,-0.8837886,0.01357506,-0.4676343
0.007182922,-0.8837886,0.01357506,-0.4676343
0.007182922,-0.8837886,0.01357506,-0.4676343
0.007182922,-0.8837886,0.01357506,-0.4676343
0.007182922,-0.8837886,0.01357506,-0.4676343
0.007182922,-0.8837886,0.01357506,-0.4676343
0.007182922,-0.8837886,0.01357506,-0.4676343
0.007182922,-0.8837886,0.01357506,-0.4676343
0.007182922,-0.8837886,0.01357506,-0.4676343
0.007182922,-0.8837886,0.01357506,-0.4676343
0.007182922,-0.8837886,0.01357506,-0.4676343
0.007182922,-0.8837886,0.01357506,-0.4676343
0.007182922,-0.8837886,0.01357506,-0.4676343
0.007182922,-0.8837886,0.01357506,-0.4676343
0.007182922,-0.8837886,0.01357506,-0.4676343
0.007182922,-0.8837886,0.01357506,-0.4676343
0.007182922,-0.8837886,0.01357506,-0.4676343
0.007182922,-0.8837886,0.01357506,-0.4676343
0.007182922,-0.8837886,0.01357506,-0.4676343
0.007182922,-0.8837886,0.01357506,-0.4676343
0.007182922,-0.8837886,0.01357506,-0.4676343
0.007182922,-0.8837886,0.01357506,-0.4676343
0.007182922,-0.8837886,0.01357506,-0.4676343
0.007182922,-0.8837886,0.01357506,-0.4676343
0.007182922,-0.8837886,0.01357506,-0.4676343
0.007182922,-0.8837886,0.01357506,-0.4676343
0.007182922,-0.8837886,0.01357506,-0.4676343
0.007182922,-0.8837886,0.01357506,-0.4676343
0.007182922,-0.8837886,0.01357506,-0.4676343
0.007182922,-0.8837886,0.01357506,-0.4676343
0.007182922,-0.8837886,0.01357506,-0.4676343
0.00718171,-0.8838304,0.01357571,-0.4675553
0.007179556,-0.8839045,0.01357684,-0.4674151
0.007172433,-0.8841497,0.01358061,-0.4669514
0.007167446,-0.884321,0.01358324,-0.4666268
0.007161255,-0.8845336,0.01358651,-0.4662236
0.007154116,-0.8847784,0.01359027,-0.4657589
0.007146047,-0.8850548,0.01359451,-0.4652336
0.007127044,-0.885704,0.01360448,-0.4639964
0.007116116,-0.8860763,0.0136102,-0.4632849
0.007103972,-0.8864892,0.01361655,-0.4624943
0.00709088,-0.8869334,0.01362337,-0.461642
0.007076828,-0.8874089,0.01363067,-0.4607272
0.007045853,-0.888453,0.01364671,-0.4587106
0.007028923,-0.8890212,0.01365544,-0.4576084
0.007011045,-0.8896194,0.01366463,-0.4564445
0.006991936,-0.8902566,0.01367441,-0.4552004
0.006971865,-0.8909236,0.01368466,-0.4538937
0.006928822,-0.8923456,0.0137065,-0.4510914
0.006905836,-0.8931006,0.0137181,-0.4495949
0.006881617,-0.8938926,0.01373026,-0.4480181
0.006856436,-0.8947123,0.01374285,-0.4463788
0.006830267,-0.8955603,0.01375588,-0.4446751
0.006774989,-0.8973383,0.01378319,-0.4410762
0.00674587,-0.8982676,0.01379746,-0.4391805
0.006715504,-0.8992315,0.01381227,-0.4372036
0.006684121,-0.900222,0.01382748,-0.4351604
0.006651748,-0.9012377,0.01384309,-0.4330528
0.006584008,-0.9033436,0.01387543,-0.4286426
0.006548362,-0.9044411,0.01389229,-0.4263219
0.006511702,-0.9055623,0.01390951,-0.4239352
0.006474028,-0.9067066,0.01392709,-0.4214825
0.00643534,-0.9078731,0.01394501,-0.4189638
0.006354898,-0.9102716,0.01398185,-0.4137267
0.006312871,-0.9115103,0.01400087,-0.4109905
0.00626981,-0.9127691,0.01402021,-0.4081871
0.006225711,-0.9140477,0.01403985,-0.4053161
0.006180584,-0.9153448,0.01405977,-0.4023781
0.00608719,-0.9179935,0.01410045,-0.3962978
0.006038645,-0.9193515,0.01412131,-0.3931374
0.005989039,-0.9207258,0.01414242,-0.3899078
0.005938388,-0.9221153,0.01416377,-0.3866103
0.005886662,-0.92352,0.01418534,-0.3832427
0.005780033,-0.9263703,0.01422913,-0.3763007
0.005725108,-0.9278148,0.01425131,-0.3727249
0.005668827,-0.9292784,0.01427379,-0.3690608
0.005611471,-0.9307527,0.01429644,-0.3653267
0.005553026,-0.9322372,0.01431924,-0.3615217
0.00549349,-0.9337311,0.01434219,-0.3576457
0.005370568,-0.9367572,0.01438867,-0.349643
0.005307462,-0.9382803,0.01441206,-0.3455346
0.005243257,-0.9398091,0.01443555,-0.3413545
0.005209278,-0.9406097,0.01444785,-0.3391424
0.005205299,-0.940703,0.01444928,-0.3388834
0.005205299,-0.940703,0.01444928,-0.3388834
0.005205299,-0.940703,0.01444928,-0.3388834
0.005205299,-0.940703,0.01444928,-0.3388834
0.005205299,-0.940703,0.01444928,-0.3388834
0.005205299,-0.940703,0.01444928,-0.3388834
0.005205299,-0.940703,0.01444928,-0.3388834
0.005205299,-0.940703,0.01444928,-0.3388834
0.005205299,-0.940703,0.01444928,-0.3388834
0.005205299,-0.940703,0.01444928,-0.3388834
0.005205299,-0.940703,0.01444928,-0.3388834
0.005205299,-0.940703,0.01444928,-0.3388834
0.005205299,-0.940703,0.01444928,-0.3388834
0.005205299,-0.940703,0.01444928,-0.3388834
0.005205299,-0.940703,0.01444928,-0.3388834
0.005205299,-0.940703,0.01444928,-0.3388834
0.005205299,-0.940703,0.01444928,-0.3388834
0.005205299,-0.940703,0.01444928,-0.3388834
0.005204293,-0.9407266,0.01444964,-0.3388179
0.005202285,-0.9407737,0.01445037,-0.3386871
0.005199273,-0.9408443,0.01445145,-0.3384911
0.005189646,-0.9410695,0.01445491,-0.3378643
0.005183332,-0.941217,0.01445717,-0.3374532
0.005176013,-0.9413877,0.0144598,-0.3369767
0.005167688,-0.9415815,0.01446277,-0.3364348
0.005148031,-0.9420378,0.01446978,-0.335155
0.005136408,-0.9423068,0.01447391,-0.3343983
0.005123772,-0.9425983,0.01447839,-0.3335756
0.005110133,-0.9429121,0.01448321,-0.3326877
0.005095485,-0.9432479,0.01448837,-0.331734
0.005079566,-0.9436119,0.01449396,-0.3306976
0.005044648,-0.9444054,0.01450615,-0.3284244
0.005025656,-0.9448345,0.01451274,-0.3271879
0.005005649,-0.9452846,0.01451965,-0.3258853
0.00498462,-0.9457555,0.01452689,-0.3245163
0.004962578,-0.9462467,0.01453443,-0.3230813
0.004914829,-0.9473023,0.01455064,-0.3199726
0.004889428,-0.9478593,0.0145592,-0.3183189
0.004862996,-0.9484354,0.01456805,-0.3165981
0.004835538,-0.9490303,0.01457719,-0.3148105
0.004807056,-0.9496434,0.0145866,-0.3129562
0.004746433,-0.9509349,0.01460644,-0.3090094
0.004714554,-0.9516069,0.01461676,-0.306934
0.00468164,-0.9522954,0.01462734,-0.3047912
0.004647675,-0.9530003,0.01463817,-0.3025799
0.0046124,-0.9537264,0.01464932,-0.3002834
0.004538668,-0.9552245,0.01467233,-0.2954831
0.004500238,-0.9559948,0.01468416,-0.2929812
0.004460751,-0.9567789,0.01469621,-0.2904104
0.004420213,-0.957576,0.01470845,-0.2877713
0.004378616,-0.9583857,0.01472089,-0.2850631
0.004291686,-0.9600509,0.01474646,-0.2794037
0.00424663,-0.9608998,0.0147595,-0.2764704
0.004200505,-0.9617587,0.0147727,-0.2734674
0.004153312,-0.962627,0.01478603,-0.270395
0.004105053,-0.9635039,0.0147995,-0.2672531
0.004004723,-0.965292,0.01482697,-0.2607213
0.003952945,-0.9661962,0.01484086,-0.2573503
0.003900088,-0.9671062,0.01485483,-0.2539091
0.003846157,-0.9680212,0.01486889,-0.250398
0.003790842,-0.9689456,0.01488309,-0.2467968
0.003676946,-0.9708041,0.01491163,-0.2393817
0.003618363,-0.9717366,0.01492596,-0.2355677
0.003558695,-0.9726701,0.01494029,-0.2316831
0.003497919,-0.9736041,0.01495464,-0.2277264
0.003435758,-0.9745418,0.01496904,-0.2236795
0.003308128,-0.9764117,0.01499777,-0.2153702
0.003242659,-0.9773421,0.01501206,-0.211108
0.003176083,-0.9782683,0.01502628,-0.2067736
0.003108404,-0.9791892,0.01504043,-0.2023675
0.003039619,-0.9801041,0.01505448,-0.1978893
0.002898133,-0.9819189,0.01508236,-0.1886781
0.00282572,-0.9828131,0.01509609,-0.1839637
0.002752201,-0.9836969,0.01510967,-0.1791773
0.00267756,-0.9845697,0.01512307,-0.1743179
0.002601798,-0.9854302,0.01513629,-0.1693855
0.002446326,-0.9871167,0.0151622,-0.1592637
0.002366907,-0.987937,0.0151748,-0.1540932
0.002286379,-0.9887404,0.01518714,-0.1488506
0.002237688,-0.9892125,0.01519439,-0.1456805
0.002220585,-0.9893758,0.0151969,-0.1445671
0.002220585,-0.9893758,0.0151969,-0.1445671
0.002220585,-0.9893758,0.0151969,-0.1445671
0.002220585,-0.9893758,0.0151969,-0.1445671
0.002221644,-0.9893658,0.01519674,-0.144636
0.002224057,-0.9893428,0.01519639,-0.1447931
0.002232034,-0.9892666,0.01519522,-0.1453125
0.002237606,-0.9892133,0.0151944,-0.1456752
0.002244232,-0.9891496,0.01519342,-0.1461066
0.002251918,-0.9890756,0.01519229,-0.146607
0.002260954,-0.9889882,0.01519094,-0.1471952
0.002282189,-0.9887815,0.01518777,-0.1485777
0.00229439,-0.9886618,0.01518593,-0.1493721
0.002307635,-0.9885311,0.01518392,-0.1502343
0.00232194,-0.9883891,0.01518174,-0.1511656
0.002337592,-0.9882327,0.01517934,-0.1521846
0.002372061,-0.9878845,0.01517399,-0.1544287
0.002390873,-0.9876924,0.01517104,-0.1556534
0.002410727,-0.9874878,0.0151679,-0.156946
0.002431637,-0.9872705,0.01516456,-0.1583074
0.002453892,-0.9870371,0.01516097,-0.1597562
0.002501531,-0.9865301,0.01515319,-0.1628577
0.002501531,-0.9865301,0.01515319,-0.1628577
0.002501531,-0.9865301,0.01515319,-0.1628577
0.002501531,-0.9865301,0.01515319,-0.1628577
0.002501531,-0.9865301,0.01515319,-0.1628577
0.002501531,-0.9865301,0.01515319,-0.1628577
0.002501531,-0.9865301,0.01515319,-0.1628577
0.002501531,-0.9865301,0.01515319,-0.1628577
0.002501531,-0.9865301,0.01515319,-0.1628577
0.002501531,-0.9865301,0.01515319,-0.1628577
0.002501531,-0.9865301,0.01515319,-0.1628577
0.002501531,-0.9865301,0.01515319,-0.1628577
0.002501531,-0.9865301,0.01515319,-0.1628577
0.002501531,-0.9865301,0.01515319,-0.1628577
0.002501531,-0.9865301,0.01515319,-0.1628577
0.002501531,-0.9865301,0.01515319,-0.1628577
0.002501531,-0.9865301,0.01515319,-0.1628577
0.002501531,-0.9865301,0.01515319,-0.1628577
0.002501531,-0.9865301,0.01515319,-0.1628577
0.002501531,-0.9865301,0.01515319,-0.1628577
0.002501531,-0.9865301,0.01515319,-0.1628577
0.002501531,-0.9865301,0.01515319,-0.1628577
0.002501531,-0.9865301,0.01515319,-0.1628577
0.002501531,-0.9865301,0.01515319,-0.1628577
0.002501531,-0.9865301,0.01515319,-0.1628577
0.002501531,-0.9865301,0.01515319,-0.1628577
0.002501531,-0.9865301,0.01515319,-0.1628577
0.002501531,-0.9865301,0.01515319,-0.1628577
0.002501531,-0.9865301,0.01515319,-0.1628577
0.002501531,-0.9865301,0.01515319,-0.1628577
0.002501531,-0.9865301,0.01515319,-0.1628577
0.002501531,-0.9865301,0.01515319,-0.1628577
0.002501531,-0.9865301,0.01515319,-0.1628577
0.002501531,-0.9865301,0.01515319,-0.1628577
0.002501531,-0.9865301,0.01515319,-0.1628577
0.002501531,-0.9865301,0.01515319,-0.1628577
0.002501531,-0.9865301,0.01515319,-0.1628577
0.002501531,-0.9865301,0.01515319,-0.1628577
0.002501531,-0.9865301,0.01515319,-0.1628577
0.002501531,-0.9865301,0.01515319,-0.1628577
0.002501531,-0.9865301,0.01515319,-0.1628577
0.002501531,-0.9865301,0.01515319,-0.1628577
0.002501531,-0.9865301,0.01515319,-0.1628577
0.002501531,-0.9865301,0.01515319,-0.1628577
0.002501531,-0.9865301,0.01515319,-0.1628577
0.002501531,-0.9865301,0.01515319,-0.1628577
0.002501531,-0.9865301,0.01515319,-0.1628577
0.002501531,-0.9865301,0.01515319,-0.1628577
0.002501531,-0.9865301,0.01515319,-0.1628577
0.002501531,-0.9865301,0.01515319,-0.1628577
0.002501531,-0.9865301,0.01515319,-0.1628577
0.002501531,-0.9865301,0.01515319,-0.1628577
0.002501531,-0.9865301,0.01515319,-0.1628577
0.002501531,-0.9865301,0.01515319,-0.1628577
0.002501531,-0.9865301,0.01515319,-0.1628577
0.002501531,-0.9865301,0.01515319,-0.1628577
0.002501531,-0.9865301,0.01515319,-0.1628577
0.002501531,-0.9865301,0.01515319,-0.1628577
0.002501531,-0.9865301,0.01515319,-0.1628577
0.002501531,-0.9865301,0.01515319,-0.1628577
0.002501531,-0.9865301,0.01515319,-0.1628577
0.002501531,-0.9865301,0.01515319,-0.1628577
0.002501531,-0.9865301,0.01515319,-0.1628577
0.002501531,-0.9865301,0.01515319,-0.1628577
0.002501531,-0.9865301,0.01515319,-0.1628577
0.002501531,-0.9865301,0.01515319,-0.1628577
0.002501531,-0.9865301,0.01515319,-0.1628577
0.002501531,-0.9865301,0.01515319,-0.1628577
0.002501531,-0.9865301,0.01515319,-0.1628577
0.002501531,-0.9865301,0.01515319,-0.1628577
0.002501531,-0.9865301,0.01515319,-0.1628577
0.002501531,-0.9865301,0.01515319,-0.1628577
0.002501531,-0.9865301,0.01515319,-0.1628577
0.002501531,-0.9865301,0.01515319,-0.1628577
0.002501531,-0.9865301,0.01515319,-0.1628577
0.002501531,-0.9865301,0.01515319,-0.1628577
0.002501531,-0.9865301,0.01515319,-0.1628577
0.002501531,-0.9865301,0.01515319,-0.1628577
0.002501531,-0.9865301,0.01515319,-0.1628577
0.002501531,-0.9865301,0.01515319,-0.1628577
0.002501531,-0.9865301,0.01515319,-0.1628577
0.002501531,-0.9865301,0.01515319,-0.1628577
0.002501531,-0.9865301,0.01515319,-0.1628577
0.002501531,-0.9865301,0.01515319,-0.1628577
0.002501531,-0.9865301,0.01515319,-0.1628577
0.002501531,-0.9865301,0.01515319,-0.1628577
0.002501531,-0.9865301,0.01515319,-0.1628577
0.002501531,-0.9865301,0.01515319,-0.1628577
0.002501531,-0.9865301,0.01515319,-0.1628577
0.002501531,-0.9865301,0.01515319,-0.1628577
0.002501531,-0.9865301,0.01515319,-0.1628577
0.002501531,-0.9865301,0.01515319,-0.1628577
0.002501531,-0.9865301,0.01515319,-0.1628577
