-0.01525748,0.114342,-0.001756268,0.9933228
-0.01527539,0.1037083,-0.001592935,0.9944893
-0.01529166,0.09299292,-0.001428346,0.9955484
-0.01530624,0.08219733,-0.001262525,0.9964978
-0.01533023,0.06035274,-0.0009269915,0.998059
-0.01533954,0.04930609,-0.0007573145,0.9986657
-0.01534702,0.03818297,-0.0005864629,0.9991528
-0.01535263,0.02698546,-0.0004144688,0.9995179
-0.01535633,0.01571496,-0.0002413535,0.9997585
-0.01535784,0.007081176,-0.0001087383,0.999857
-0.01535811,-0.003913565,6.014134E-05,0.9998744
-0.01535792,-0.006268868,9.631888E-05,0.9998624
-0.01535792,-0.006268868,9.631888E-05,0.9998624
-0.01535792,-0.006268868,9.631888E-05,0.9998624
-0.01535792,-0.006268868,9.631888E-05,0.9998624
-0.01535792,-0.006268868,9.631888E-05,0.9998624
-0.01535792,-0.006268868,9.631888E-05,0.9998624
-0.01535792,-0.006268868,9.631888E-05,0.9998624
-0.01535792,-0.006268868,9.631888E-05,0.9998624
-0.01535792,-0.006268868,9.631888E-05,0.9998624
-0.01535792,-0.006268868,9.631888E-05,0.9998624
-0.01535792,-0.006268868,9.631888E-05,0.9998624
-0.01535792,-0.006268868,9.631888E-05,0.9998624
-0.01535792,-0.006268868,9.631888E-05,0.9998624
-0.01535792,-0.006268868,9.631888E-05,0.9998624
-0.01535794,-0.006097954,9.369363E-05,0.9998635
-0.01535796,-0.00590746,9.076764E-05,0.9998646
-0.01535798,-0.005647301,8.677159E-05,0.9998661
-0.01535801,-0.00531743,8.170475E-05,0.9998679
-0.01535804,-0.004898213,7.526556E-05,0.9998701
-0.01535811,-0.003854984,5.924152E-05,0.9998747
-0.01535815,-0.003228297,4.961558E-05,0.9998769
-0.01535818,-0.002530821,3.890234E-05,0.9998789
-0.0153582,-0.001764626,2.713356E-05,0.9998805
-0.01535822,-0.0009113053,1.402651E-05,0.9998817
-0.01535822,0.001005791,-1.542016E-05,0.9998816
-0.01535819,0.002069263,-3.175513E-05,0.9998799
-0.01535815,0.003202796,-4.916623E-05,0.999877
-0.01535808,0.004422742,-6.790464E-05,0.9998723
-0.01535798,0.005713253,-8.772694E-05,0.9998658
-0.01535767,0.008501343,-0.0001305521,0.9998459
-0.01535746,0.01000134,-0.0001535921,0.9998321
-0.01535719,0.01158797,-0.0001779628,0.9998149
-0.01535688,0.01324423,-0.000203403,0.9997944
-0.01535651,0.01496978,-0.0002299076,0.99977
-0.01535556,0.01863209,-0.0002861607,0.9997085
-0.01535498,0.02056709,-0.0003158823,0.9996705
-0.01535431,0.02257237,-0.0003466836,0.9996272
-0.01535355,0.02466422,-0.0003788145,0.9995778
-0.01535271,0.02680826,-0.0004117471,0.9995226
-0.01535067,0.0313588,-0.0004816435,0.9993902
-0.01534949,0.03372932,-0.0005180548,0.9993131
-0.01534818,0.03616957,-0.0005555372,0.9992277
-0.01534673,0.03867951,-0.0005940899,0.9991337
-0.01534514,0.04127692,-0.0006339862,0.9990298
-0.01534148,0.0466783,-0.0007169517,0.9987919
-0.01533941,0.04948307,-0.0007600331,0.9986569
-0.01533714,0.05237619,-0.0008044715,0.9985094
-0.01533469,0.05533663,-0.000849944,0.9983496
-0.01533205,0.05834863,-0.0008962084,0.9981781
-0.01532918,0.06146668,-0.0009441017,0.997991
-0.01532276,0.06790984,-0.001043069,0.9975733
-0.01531922,0.07121614,-0.001093854,0.9973427
-0.01531541,0.07461014,-0.001145986,0.9970946
-0.01531134,0.07807301,-0.001199176,0.9968294
-0.01530699,0.08160381,-0.001253409,0.9965466
-0.0152974,0.08890428,-0.001365544,0.9959218
-0.01529214,0.09265728,-0.001423191,0.9955797
-0.01528656,0.09647933,-0.001481897,0.9952165
-0.01528065,0.1003694,-0.001541649,0.9948317
-0.01527437,0.1043432,-0.001602687,0.9944228
-0.01526075,0.1124763,-0.001727612,0.9935357
-0.01525338,0.1166353,-0.001791494,0.9930561
-0.01524558,0.1208786,-0.001856671,0.9925485
-0.01523737,0.1251886,-0.001922872,0.9920142
-0.0152287,0.1295846,-0.001990396,0.9914495
-0.01521001,0.1385755,-0.002128497,0.9902328
-0.01520001,0.143152,-0.002198792,0.9895816
-0.01518952,0.1477945,-0.002270101,0.9888989
-0.0151785,0.1525197,-0.00234268,0.9881811
-0.01515489,0.162166,-0.002490848,0.986644
-0.01514227,0.1670871,-0.002566436,0.9858226
-0.01512909,0.1720729,-0.002643017,0.9849645
-0.01511534,0.1771229,-0.002720587,0.9840689
-0.01510094,0.1822547,-0.002799412,0.9831315
-0.01507029,0.1927074,-0.002959965,0.9811361
-0.01505401,0.1980277,-0.003041685,0.9800761
-0.015037,0.2034297,-0.00312466,0.9789692
-0.01501932,0.2088927,-0.003208573,0.977818
-0.01500094,0.2144172,-0.003293429,0.9766214
-0.01496947,0.2235468,-0.00343366,0.9745722
-0.01496598,0.2245349,-0.003448837,0.974345
-0.01496598,0.2245349,-0.003448837,0.974345
-0.01496598,0.2245349,-0.003448837,0.974345
-0.01496598,0.2245349,-0.003448837,0.974345
-0.01496598,0.2245349,-0.003448837,0.974345
-0.01496598,0.2245349,-0.003448837,0.974345
-0.01496598,0.2245349,-0.003448837,0.974345
-0.01496598,0.2245349,-0.003448837,0.974345
-0.01496598,0.2245349,-0.003448837,0.974345
-0.01496598,0.2245349,-0.003448837,0.974345
-0.01496598,0.2245349,-0.003448837,0.974345
-0.01496598,0.2245349,-0.003448837,0.974345
-0.01496598,0.2245349,-0.003448837,0.974345
-0.01496598,0.2245349,-0.003448837,0.974345
-0.01496598,0.2245349,-0.003448837,0.974345
-0.01496598,0.2245349,-0.003448837,0.974345
-0.01496598,0.2245349,-0.003448837,0.974345
-0.01496598,0.2245349,-0.003448837,0.974345
-0.01496598,0.2245349,-0.003448837,0.974345
-0.01496598,0.2245349,-0.003448837,0.974345
-0.01496598,0.2245349,-0.003448837,0.974345
-0.01496598,0.2245349,-0.003448837,0.974345
-0.01496598,0.2245349,-0.003448837,0.974345
-0.01496598,0.2245349,-0.003448837,0.974345
-0.01496598,0.2245349,-0.003448837,0.974345
-0.01496598,0.2245349,-0.003448837,0.974345
-0.01496598,0.2245349,-0.003448837,0.974345
-0.01496598,0.2245349,-0.003448837,0.974345
-0.01496598,0.2245349,-0.003448837,0.974345
-0.01496598,0.2245349,-0.003448837,0.974345
-0.01496598,0.2245349,-0.003448837,0.974345
-0.01496598,0.2245349,-0.003448837,0.974345
-0.01496598,0.2245349,-0.003448837,0.974345
-0.01496598,0.2245349,-0.003448837,0.974345
-0.01496598,0.2245349,-0.003448837,0.974345
-0.01496598,0.2245349,-0.003448837,0.974345
-0.01496598,0.2245349,-0.003448837,0.974345
-0.01496598,0.2245349,-0.003448837,0.974345
-0.01496598,0.2245349,-0.003448837,0.974345
-0.01496598,0.2245349,-0.003448837,0.974345
-0.01496598,0.2245349,-0.003448837,0.974345
-0.01496598,0.2245349,-0.003448837,0.974345
-0.01496598,0.2245349,-0.003448837,0.974345
-0.01496598,0.2245349,-0.003448837,0.974345
-0.01496598,0.2245349,-0.003448837,0.974345
-0.01496598,0.2245349,-0.003448837,0.974345
-0.01496598,0.2245349,-0.003448837,0.974345
-0.01496598,0.2245349,-0.003448837,0.974345
-0.01496598,0.2245349,-0.003448837,0.974345
-0.01496598,0.2245349,-0.003448837,0.974345
-0.01496598,0.2245349,-0.003448837,0.974345
-0.01496598,0.2245349,-0.003448837,0.974345
-0.01496598,0.2245349,-0.003448837,0.974345
-0.01496598,0.2245349,-0.003448837,0.974345
-0.01496598,0.2245349,-0.003448837,0.974345
-0.01496598,0.2245349,-0.003448837,0.974345
-0.01496598,0.2245349,-0.003448837,0.974345
-0.01496598,0.2245349,-0.003448837,0.974345
-0.01496598,0.2245349,-0.003448837,0.974345
-0.01496598,0.2245349,-0.003448837,0.974345
-0.01496598,0.2245349,-0.003448837,0.974345
-0.01496598,0.2245349,-0.003448837,0.974345
-0.01496598,0.2245349,-0.003448837,0.974345
-0.01496598,0.2245349,-0.003448837,0.974345
-0.01496598,0.2245349,-0.003448837,0.974345
-0.01496598,0.2245349,-0.003448837,0.974345
-0.01496598,0.2245349,-0.003448837,0.974345
-0.01496598,0.2245349,-0.003448837,0.974345
-0.01496598,0.2245349,-0.003448837,0.974345
-0.01496598,0.2245349,-0.003448837,0.974345
-0.01496598,0.2245349,-0.003448837,0.974345
-0.01496598,0.2245349,-0.003448837,0.974345
-0.01496598,0.2245349,-0.003448837,0.974345
-0.01496598,0.2245349,-0.003448837,0.974345
-0.01496598,0.2245349,-0.003448837,0.974345
-0.01496598,0.2245349,-0.003448837,0.974345
-0.01496598,0.2245349,-0.003448837,0.974345
-0.01496598,0.2245349,-0.003448837,0.974345
-0.01496598,0.2245349,-0.003448837,0.974345
-0.01496598,0.2245349,-0.003448837,0.974345
-0.01496598,0.2245349,-0.003448837,0.974345
-0.01496598,0.2245349,-0.003448837,0.974345
-0.01496598,0.2245349,-0.003448837,0.974345
-0.01496598,0.2245349,-0.003448837,0.974345
-0.01496598,0.2245349,-0.003448837,0.974345
-0.01496598,0.2245349,-0.003448837,0.974345
-0.01496598,0.2245349,-0.003448837,0.974345
-0.01496598,0.2245349,-0.003448837,0.974345
-0.01496598,0.2245349,-0.003448837,0.974345
-0.01496598,0.2245349,-0.003448837,0.974345
-0.01496598,0.2245349,-0.003448837,0.974345
-0.01496598,0.2245349,-0.003448837,0.974345
-0.01496598,0.2245349,-0.003448837,0.974345
-0.01496598,0.2245349,-0.003448837,0.974345
-0.01496598,0.2245349,-0.003448837,0.974345
-0.01496598,0.2245349,-0.003448837,0.974345
-0.01496598,0.2245349,-0.003448837,0.974345
-0.01496598,0.2245349,-0.003448837,0.974345
-0.01496598,0.2245349,-0.003448837,0.974345
-0.01496598,0.2245349,-0.003448837,0.974345
-0.01496598,0.2245349,-0.003448837,0.974345
-0.01496598,0.2245349,-0.003448837,0.974345
-0.01496598,0.2245349,-0.003448837,0.974345
-0.01496598,0.2245349,-0.003448837,0.974345
-0.01496598,0.2245349,-0.003448837,0.974345
-0.01496598,0.2245349,-0.003448837,0.974345
-0.01496598,0.2245349,-0.003448837,0.974345
-0.01496598,0.2245349,-0.003448837,0.974345
-0.01496598,0.2245349,-0.003448837,0.974345
-0.01496598,0.2245349,-0.003448837,0.974345
-0.01496598,0.2245349,-0.003448837,0.974345
-0.01496598,0.2245349,-0.003448837,0.974345
-0.01496598,0.2245349,-0.003448837,0.974345
-0.01496598,0.2245349,-0.003448837,0.974345
-0.01496598,0.2245349,-0.003448837,0.974345
-0.01496598,0.2245349,-0.003448837,0.974345
-0.01496598,0.2245349,-0.003448837,0.974345
-0.01496598,0.2245349,-0.003448837,0.974345
-0.01496598,0.2245349,-0.003448837,0.974345
-0.01496598,0.2245349,-0.003448837,0.974345
-0.01496598,0.2245349,-0.003448837,0.974345
-0.01496598,0.2245349,-0.003448837,0.974345
-0.01496598,0.2245349,-0.003448837,0.974345
-0.01496622,0.2244664,-0.003447784,0.9743608
-0.0149667,0.2243303,-0.003445694,0.9743922
-0.01496852,0.223816,-0.003437795,0.9745104
-0.01496978,0.2234588,-0.003432308,0.9745924
-0.01497127,0.2230332,-0.003425771,0.9746899
-0.01497301,0.2225401,-0.003418196,0.9748026
-0.01497497,0.2219778,-0.003409559,0.9749308
-0.01497972,0.2206161,-0.003388643,0.9752398
-0.01498244,0.2198326,-0.003376609,0.9754167
-0.01498538,0.2189813,-0.003363533,0.9756082
-0.01498854,0.2180613,-0.003349402,0.9758143
-0.01499198,0.2170561,-0.003333961,0.9760383
-0.01499951,0.2148401,-0.003299924,0.9765285
-0.0150036,0.2136288,-0.003281317,0.9767942
-0.01500788,0.2123492,-0.003261663,0.9770731
-0.01501242,0.210984,-0.003240693,0.9773689
-0.01501716,0.2095495,-0.003218661,0.9776775
-0.0150272,0.2064752,-0.003171438,0.9783313
-0.0150325,0.2048342,-0.003146234,0.9786762
-0.01503802,0.2031089,-0.003119732,0.9790357
-0.01504372,0.2013132,-0.00309215,0.9794066
-0.01504958,0.1994472,-0.003063488,0.9797882
-0.01505559,0.1975144,-0.0030338,0.9801797
-0.01506817,0.1934057,-0.002970691,0.9809987
-0.01507468,0.1912459,-0.002937516,0.981422
-0.01508131,0.1890171,-0.002903282,0.9818537
-0.01508806,0.1867185,-0.002867976,0.9822934
-0.01509493,0.1843517,-0.00283162,0.9827403
-0.01510907,0.1793726,-0.002755141,0.9836614
-0.01511629,0.1767777,-0.002715284,0.984131
-0.01512358,0.1741127,-0.00267435,0.984606
-0.01513095,0.1713792,-0.002632363,0.9850855
-0.01513842,0.1685573,-0.002589019,0.9855722
-0.01515348,0.1627224,-0.002499394,0.9865524
-0.01516104,0.1597083,-0.002453097,0.9870448
-0.01516863,0.1566238,-0.002405719,0.9875389
-0.01517628,0.15345,-0.002356969,0.988037
-0.01518394,0.1502068,-0.002307153,0.9885353
-0.01519926,0.14349,-0.002203983,0.9895326
-0.01520686,0.140035,-0.002150914,0.9900275
-0.01521442,0.136509,-0.002096755,0.9905198
-0.01522193,0.1329127,-0.002041515,0.9910088
-0.01522941,0.1292278,-0.001984916,0.991496
-0.01524418,0.1216252,-0.001868139,0.9924573
-0.0152514,0.1177268,-0.001808259,0.9929273
-0.01525853,0.1137394,-0.001747012,0.9933919
-0.01526554,0.1096809,-0.001684674,0.9938482
-0.01527912,0.1013495,-0.001556703,0.9947323
-0.01528569,0.09705893,-0.0014908,0.9951602
-0.01529208,0.09269815,-0.001423819,0.9955758
-0.01529827,0.08826528,-0.00135573,0.9959787
-0.01530424,0.08376043,-0.001286535,0.9963676
-0.01530999,0.07918412,-0.001216243,0.9967417
-0.01532075,0.06980424,-0.001072167,0.9974425
-0.01532572,0.06501571,-0.0009986153,0.9977661
-0.01533042,0.06013862,-0.0009237031,0.9980719
-0.01533481,0.05518999,-0.0008476918,0.9983578
-0.01534261,0.04507856,-0.00069238,0.9988654
-0.01534599,0.03989933,-0.0006128267,0.9990857
-0.015349,0.03464931,-0.0005321862,0.9992815
-0.01535161,0.02932852,-0.0004504587,0.9994519
-0.01535382,0.02393644,-0.0003676363,0.9995956
-0.01535694,0.01294271,-0.0001987722,0.9997984
-0.01535781,0.007322685,-0.0001124484,0.9998553
-0.0153582,0.001632343,-2.504454E-05,0.9998808
-0.01535809,-0.004108582,6.313626E-05,0.9998736
-0.01535746,-0.009955944,0.000152952,0.9998325
-0.01535456,-0.02183947,0.0003354833,0.9996436
-0.01535225,-0.02787554,0.0004281976,0.9994935
-0.01534934,-0.03400006,0.0005222703,0.9993039
-0.0153458,-0.04020853,0.0006176326,0.9990733
-0.01534161,-0.04648659,0.0007140638,0.9988009
-0.01533127,-0.05920853,0.0009094732,0.9981275
-0.01532506,-0.0656707,0.001008732,0.9977232
-0.01531811,-0.07221641,0.001109274,0.9972708
-0.01531044,-0.07881125,0.001210571,0.9967713
-0.01530195,-0.08550785,0.001313431,0.9962192
-0.01529268,-0.09227213,0.001417331,0.9956154
-0.01527171,-0.1059746,0.001627801,0.9942502
-0.01525997,-0.1129133,0.00173438,0.9934862
-0.01524733,-0.1199328,0.0018422,0.9926633
-0.0152338,-0.1270157,0.001950993,0.9917819
-0.01521934,-0.1341607,0.002060741,0.9908406
-0.01518753,-0.1486568,0.002283402,0.9887697
-0.01517017,-0.155987,0.002395994,0.9876397
-0.01515176,-0.1633945,0.002509773,0.9864413
-0.01513232,-0.1708611,0.00262446,0.9851755
-0.01511182,-0.1783872,0.002740061,0.9838406
-0.01506742,-0.1936505,0.002974505,0.9809504
-0.01504354,-0.2013675,0.003093039,0.9793954
-0.0150185,-0.2091393,0.003212414,0.9777653
-0.01499222,-0.2169838,0.003332906,0.9760544
-0.01496474,-0.2248808,0.003454204,0.9742653
-0.01490605,-0.2408353,0.003699265,0.9704445
-0.01487487,-0.2488717,0.003822705,0.9684147
-0.0148424,-0.2569583,0.003946915,0.9663005
-0.01480853,-0.2651111,0.004072143,0.9640956
-0.01476469,-0.2752791,0.004228323,0.9612417
-0.01475783,-0.2768337,0.004252202,0.9607951
-0.01475783,-0.2768337,0.004252202,0.9607951
-0.01475783,-0.2768337,0.004252202,0.9607951
-0.01475783,-0.2768337,0.004252202,0.9607951
-0.01475783,-0.2768337,0.004252202,0.9607951
-0.01475783,-0.2768337,0.004252202,0.9607951
-0.01475783,-0.2768337,0.004252202,0.9607951
-0.01475783,-0.2768337,0.004252202,0.9607951
-0.01475783,-0.2768337,0.004252202,0.9607951
-0.01475783,-0.2768337,0.004252202,0.9607951
-0.01475783,-0.2768337,0.004252202,0.9607951
-0.01475783,-0.2768337,0.004252202,0.9607951
-0.01475783,-0.2768337,0.004252202,0.9607951
-0.01475783,-0.2768337,0.004252202,0.9607951
-0.01475783,-0.2768337,0.004252202,0.9607951
-0.01475783,-0.2768337,0.004252202,0.9607951
-0.01475783,-0.2768337,0.004252202,0.9607951
-0.01475783,-0.2768337,0.004252202,0.9607951
-0.01475783,-0.2768337,0.004252202,0.9607951
-0.01475783,-0.2768337,0.004252202,0.9607951
-0.01475783,-0.2768337,0.004252202,0.9607951
-0.01475783,-0.2768337,0.004252202,0.9607951
-0.01475783,-0.2768337,0.004252202,0.9607951
-0.01475783,-0.2768337,0.004252202,0.9607951
-0.01475783,-0.2768337,0.004252202,0.9607951
-0.01475783,-0.2768337,0.004252202,0.9607951
-0.01475783,-0.2768337,0.004252202,0.9607951
-0.01475783,-0.2768337,0.004252202,0.9607951
-0.01475783,-0.2768337,0.004252202,0.9607951
-0.01475783,-0.2768337,0.004252202,0.9607951
-0.01475783,-0.2768337,0.004252202,0.9607951
-0.01475813,-0.2767669,0.004251176,0.9608144
-0.01475872,-0.2766327,0.004249115,0.960853
-0.01475961,-0.2764314,0.004246022,0.960911
-0.01476087,-0.276146,0.004241638,0.960993
-0.0147642,-0.2753919,0.004230056,0.9612094
-0.01476626,-0.2749232,0.004222857,0.9613436
-0.01476877,-0.2743517,0.004214079,0.9615068
-0.01477156,-0.2737131,0.004204269,0.9616888
-0.01477793,-0.2722519,0.004181826,0.9621035
-0.0147815,-0.27143,0.004169202,0.9623357
-0.0147855,-0.2705051,0.004154995,0.9625961
-0.01478969,-0.2695316,0.004140042,0.9628691
-0.01479424,-0.2684721,0.004123768,0.9631651
-0.01479897,-0.2673634,0.004106738,0.9634734
-0.01480939,-0.2649074,0.004069014,0.9641516
-0.01481498,-0.2635783,0.004048599,0.9645157
-0.01482083,-0.2621815,0.004027144,0.9648964
-0.01482693,-0.2607161,0.004004636,0.9652934
-0.01483984,-0.2575822,0.003956499,0.9661344
-0.01484665,-0.255913,0.00393086,0.9665778
-0.01485376,-0.2541586,0.003903912,0.9670407
-0.01486109,-0.2523363,0.003875921,0.9675177
-0.01486864,-0.2504452,0.003846875,0.9680089
-0.01487639,-0.2484854,0.003816771,0.9685139
-0.01489264,-0.244326,0.003752884,0.9695716
-0.01490105,-0.2421426,0.003719347,0.9701191
-0.01490971,-0.2398727,0.00368448,0.9706829
-0.01491855,-0.2375328,0.003648539,0.9712581
-0.01493663,-0.2326657,0.00357378,0.9724355
-0.01494594,-0.2301184,0.003534653,0.9730415
-0.01495538,-0.2275029,0.00349448,0.9736563
-0.01496502,-0.2247991,0.003452948,0.9742841
-0.01497473,-0.222044,0.003410631,0.9749157
-0.01499447,-0.2163237,0.003322766,0.9762009
-0.01500454,-0.2133418,0.003276964,0.9768569
-0.01501477,-0.2102706,0.00322979,0.9775226
-0.01502507,-0.2071292,0.003181539,0.978193
-0.01503537,-0.2039359,0.00313249,0.9788638
-0.01505612,-0.1973387,0.003031157,0.9802151
-0.01506661,-0.1939169,0.002978597,0.9808977
-0.01507712,-0.1904239,0.002924945,0.9815818
-0.01508764,-0.1868601,0.002870204,0.9822665
-0.01509815,-0.1832243,0.002814359,0.9829512
-0.01510865,-0.179518,0.00275743,0.9836348
-0.01512965,-0.1718574,0.002639763,0.9850022
-0.01514008,-0.1679199,0.002579283,0.9856811
-0.01515044,-0.163911,0.002517706,0.9863556
-0.01516073,-0.1598305,0.002455028,0.9870251
-0.01517096,-0.1556593,0.00239096,0.9876915
-0.01519109,-0.1471019,0.002259518,0.9890022
-0.01520096,-0.1427168,0.002192162,0.9896445
-0.01521072,-0.1382404,0.002123405,0.9902796
-0.01522027,-0.1337114,0.00205384,0.9909014
-0.01522963,-0.1291103,0.001983167,0.9915113
-0.01524784,-0.1196576,0.001837973,0.9926965
-0.01525661,-0.1148234,0.00176372,0.9932672
-0.01526513,-0.1099169,0.001688355,0.9938222
-0.01527342,-0.1049195,0.001611596,0.9943622
-0.01528144,-0.0998502,0.001533731,0.994884
-0.01529656,-0.08949611,0.001374692,0.9958688
-0.01530367,-0.08419264,0.001293231,0.9963312
-0.01531042,-0.07881739,0.001210667,0.9967708
-0.01531681,-0.07336996,0.001126994,0.9971866
-0.01532837,-0.06229925,0.0009569476,0.9979393
-0.01533355,-0.05663825,0.0008699946,0.9982767
-0.01533831,-0.05088885,0.0007816837,0.9985862
-0.01534259,-0.04508535,0.0006925418,0.9988651
-0.0153464,-0.03921015,0.0006022986,0.999113
-0.01534971,-0.03326352,0.0005109583,0.9993287
-0.01535478,-0.02112354,0.0003244878,0.9996589
-0.01535649,-0.01494761,0.0002296255,0.9997703
-0.01535763,-0.008701068,0.0001336785,0.9998443
-0.01535805,-0.004592299,7.056769E-05,0.9998716
-0.01535816,-0.002524194,3.880156E-05,0.9998789
-0.01535816,-0.002524194,3.880156E-05,0.9998789
-0.01535816,-0.002524194,3.880156E-05,0.9998789
-0.01535816,-0.002524194,3.880156E-05,0.9998789
-0.01535816,-0.002524194,3.880156E-05,0.9998789
-0.01535816,-0.002524194,3.880156E-05,0.9998789
-0.01535816,-0.002524194,3.880156E-05,0.9998789
-0.01535816,-0.002524194,3.880156E-05,0.9998789
-0.01535816,-0.002524194,3.880156E-05,0.9998789
-0.01535816,-0.002524194,3.880156E-05,0.9998789
-0.01535816,-0.002524194,3.880156E-05,0.9998789
-0.01535816,-0.002524194,3.880156E-05,0.9998789
-0.01535816,-0.002524194,3.880156E-05,0.9998789
-0.01535816,-0.002524194,3.880156E-05,0.9998789
-0.01535816,-0.002524194,3.880156E-05,0.9998789
-0.01535816,-0.002524194,3.880156E-05,0.9998789
-0.01535816,-0.002524194,3.880156E-05,0.9998789
-0.01535816,-0.002524194,3.880156E-05,0.9998789
-0.01535816,-0.002524194,3.880156E-05,0.9998789
-0.01535816,-0.002524194,3.880156E-05,0.9998789
-0.01535816,-0.002524194,3.880156E-05,0.9998789
-0.01535816,-0.002524194,3.880156E-05,0.9998789
-0.01535816,-0.002524194,3.880156E-05,0.9998789
-0.01535816,-0.002524194,3.880156E-05,0.9998789
-0.01535816,-0.002524194,3.880156E-05,0.9998789
-0.01535816,-0.002524194,3.880156E-05,0.9998789
-0.01535816,-0.002524194,3.880156E-05,0.9998789
-0.01535816,-0.002524194,3.880156E-05,0.9998789
-0.01535816,-0.002524194,3.880156E-05,0.9998789
-0.01535816,-0.002524194,3.880156E-05,0.9998789
-0.01535816,-0.002524194,3.880156E-05,0.9998789
-0.01535816,-0.002524194,3.880156E-05,0.9998789
-0.01535816,-0.002524194,3.880156E-05,0.9998789
-0.01535816,-0.002524194,3.880156E-05,0.9998789
-0.01535816,-0.002524194,3.880156E-05,0.9998789
-0.01535816,-0.002524194,3.880156E-05,0.9998789
-0.01535816,-0.002524194,3.880156E-05,0.9998789
-0.01535816,-0.002524194,3.880156E-05,0.9998789
-0.01535816,-0.002524194,3.880156E-05,0.9998789
-0.01535816,-0.002524194,3.880156E-05,0.9998789
-0.01535816,-0.002524194,3.880156E-05,0.9998789
-0.01535816,-0.002524194,3.880156E-05,0.9998789
-0.01535816,-0.002524194,3.880156E-05,0.9998789
-0.01535816,-0.002524194,3.880156E-05,0.9998789
-0.01535816,-0.002524194,3.880156E-05,0.9998789
-0.01535816,-0.002524194,3.880156E-05,0.9998789
-0.01535816,-0.002524194,3.880156E-05,0.9998789
-0.01535816,-0.002524194,3.880156E-05,0.9998789
-0.01535816,-0.002524194,3.880156E-05,0.9998789
-0.01535816,-0.002524194,3.880156E-05,0.9998789
-0.01535816,-0.002524194,3.880156E-05,0.9998789
-0.01535816,-0.002524194,3.880156E-05,0.9998789
-0.01535816,-0.002524194,3.880156E-05,0.9998789
-0.01535816,-0.002524194,3.880156E-05,0.9998789
-0.01535816,-0.002524194,3.880156E-05,0.9998789
-0.01535816,-0.002524194,3.880156E-05,0.9998789
-0.01535816,-0.002524194,3.880156E-05,0.9998789
-0.01535816,-0.002524194,3.880156E-05,0.9998789
-0.01535816,-0.002524194,3.880156E-05,0.9998789
-0.01535816,-0.002524194,3.880156E-05,0.9998789
-0.01535816,-0.002524194,3.880156E-05,0.9998789
-0.01535816,-0.002524194,3.880156E-05,0.9998789
-0.01535816,-0.002524194,3.880156E-05,0.9998789
-0.01535816,-0.002524194,3.880156E-05,0.9998789
-0.01535816,-0.002524194,3.880156E-05,0.9998789
-0.01535816,-0.002524194,3.880156E-05,0.9998789
-0.01535816,-0.002524194,3.880156E-05,0.9998789
-0.01535816,-0.002524194,3.880156E-05,0.9998789
-0.01535816,-0.002524194,3.880156E-05,0.9998789
-0.01535816,-0.002524194,3.880156E-05,0.9998789
-0.01535816,-0.002524194,3.880156E-05,0.9998789
-0.01535816,-0.002524194,3.880156E-05,0.9998789
-0.01535816,-0.002524194,3.880156E-05,0.9998789
-0.01535816,-0.002524194,3.880156E-05,0.9998789
-0.01535816,-0.002524194,3.880156E-05,0.9998789
-0.01535816,-0.002524194,3.880156E-05,0.9998789
-0.01535816,-0.002524194,3.880156E-05,0.9998789
-0.01535816,-0.002524194,3.880156E-05,0.9998789
-0.01535816,-0.002524194,3.880156E-05,0.9998789
-0.01535816,-0.002524194,3.880156E-05,0.9998789
-0.01535816,-0.002524194,3.880156E-05,0.9998789
-0.01535816,-0.002524194,3.880156E-05,0.9998789
-0.01535816,-0.002524194,3.880156E-05,0.9998789
-0.01535816,-0.002524194,3.880156E-05,0.9998789
-0.01535816,-0.002524194,3.880156E-05,0.9998789
-0.01535816,-0.002524194,3.880156E-05,0.9998789
-0.01535816,-0.002524194,3.880156E-05,0.9998789
-0.01535816,-0.002524194,3.880156E-05,0.9998789
-0.01535816,-0.002524194,3.880156E-05,0.9998789
-0.01535816,-0.002524194,3.880156E-05,0.9998789
-0.01535816,-0.002524194,3.880156E-05,0.9998789
-0.01535816,-0.002524194,3.880156E-05,0.9998789
-0.01535816,-0.002524194,3.880156E-05,0.9998789
-0.01535816,-0.002524194,3.880156E-05,0.9998789
-0.01535816,-0.002524194,3.880156E-05,0.9998789
-0.01535816,-0.002524194,3.880156E-05,0.9998789
-0.01535816,-0.002524194,3.880156E-05,0.9998789
-0.01535816,-0.002524194,3.880156E-05,0.9998789
-0.01535816,-0.002524194,3.880156E-05,0.9998789
-0.01535816,-0.002524194,3.880156E-05,0.9998789
-0.01535816,-0.002524194,3.880156E-05,0.9998789
-0.01535816,-0.002524194,3.880156E-05,0.9998789
-0.01535816,-0.002524194,3.880156E-05,0.9998789
-0.01535816,-0.002594113,3.987551E-05,0.9998787
-0.01535815,-0.002733914,4.202286E-05,0.9998783
-0.01535814,-0.002943777,4.524636E-05,0.9998778
-0.01535813,-0.00322297,4.953476E-05,0.9998769
-0.01535808,-0.004029238,6.191906E-05,0.9998739
-0.01535805,-0.004517257,6.941505E-05,0.9998719
-0.01535801,-0.005094699,7.828457E-05,0.9998691
-0.01535795,-0.005759564,8.849691E-05,0.9998655
-0.01535789,-0.00649443,9.978448E-05,0.999861
-0.0153577,-0.008173601,0.0001255766,0.9998487
-0.01535757,-0.00911755,0.0001400756,0.9998405
-0.01535742,-0.01013045,0.0001556338,0.9998308
-0.01535724,-0.01123145,0.0001725452,0.999819
-0.01535703,-0.01240237,0.0001905306,0.9998052
-0.01535649,-0.01495309,0.0002297097,0.9997703
-0.01535616,-0.01633345,0.000250912,0.9997487
-0.01535578,-0.01778348,0.0002731845,0.999724
-0.01535534,-0.01931916,0.0002967726,0.9996954
-0.01535485,-0.02092471,0.0003214339,0.9996631
-0.01535366,-0.02434683,0.0003739977,0.9995856
-0.01535295,-0.02616248,0.0004018862,0.9995397
-0.01535217,-0.02804777,0.0004308442,0.9994886
-0.01535129,-0.03000116,0.0004608483,0.9994319
-0.01535032,-0.03204263,0.0004922054,0.9993685
-0.01534807,-0.03633403,0.0005581214,0.9992217
-0.01534678,-0.03856603,0.0005924049,0.9991381
-0.01534536,-0.04088679,0.0006280518,0.9990458
-0.01534381,-0.04329357,0.00066502,0.9989443
-0.01534211,-0.0457702,0.0007030612,0.998834
-0.01533827,-0.05093098,0.0007823309,0.9985842
-0.01533613,-0.05359685,0.0008232786,0.9984446
-0.0153338,-0.05634952,0.0008655597,0.998293
-0.01533129,-0.05917192,0.0009089118,0.9981297
-0.0153257,-0.06502401,0.0009988,0.9977655
-0.01532259,-0.06805385,0.001045338,0.9975634
-0.01531925,-0.0711695,0.001093195,0.997346
-0.01531568,-0.07435445,0.001142116,0.9971136
-0.01531188,-0.07760844,0.001192097,0.9968656
-0.01530782,-0.08093126,0.001243136,0.9966014
-0.01529886,-0.08781672,0.001348897,0.9960183
-0.01529396,-0.09136311,0.001403369,0.9956993
-0.01528876,-0.09497741,0.001458885,0.995361
-0.01528326,-0.09866001,0.00151545,0.9950027
-0.01527744,-0.1024105,0.001573058,0.9946237
-0.01526473,-0.1101504,0.001691942,0.9937963
-0.01525784,-0.1141219,0.001752945,0.9933481
-0.01525059,-0.1181607,0.001814982,0.9928758
-0.01524295,-0.1222671,0.001878056,0.9923784
-0.01523492,-0.1264398,0.001942148,0.9918554
-0.01521753,-0.1350222,0.002073974,0.9907236
-0.01520819,-0.1394133,0.002141422,0.9901152
-0.01519839,-0.1438709,0.00220989,0.9894773
-0.01518808,-0.1484118,0.002279639,0.9888064
-0.01517729,-0.1530188,0.002350402,0.9881039
-0.01515421,-0.1624282,0.002494931,0.9866009
-0.01514187,-0.1672316,0.002568711,0.9857981
-0.015129,-0.1720991,0.002643475,0.98496
-0.01511552,-0.1770491,0.002719507,0.9840822
-0.01510147,-0.1820613,0.002796495,0.9831672
-0.01507155,-0.1922805,0.002953463,0.9812198
-0.01505567,-0.1974852,0.003033406,0.9801856
-0.01503914,-0.2027526,0.003114314,0.9791095
-0.0150219,-0.2080984,0.003196425,0.9779873
-0.01500398,-0.2135067,0.003279496,0.9768209
-0.01496605,-0.2245084,0.003448484,0.9743511
-0.01494599,-0.2301016,0.003534395,0.9730455
-0.0149252,-0.2357534,0.003621207,0.9716916
-0.01490364,-0.2414649,0.003708935,0.9702881
-0.01488123,-0.2472525,0.003797832,0.9688293
-0.014834,-0.2590027,0.003978315,0.9657545
-0.01480914,-0.2649653,0.004069901,0.9641356
-0.01478342,-0.2709842,0.004162351,0.9624613
-0.01475675,-0.277077,0.004255936,0.960725
-0.01472919,-0.2832258,0.004350382,0.9589303
-0.01467129,-0.2956875,0.004541795,0.9551613
-0.01464093,-0.3019994,0.004638746,0.9531844
-0.01460959,-0.3083647,0.004736518,0.9511443
-0.01457726,-0.3147826,0.004835097,0.9490396
-0.01454384,-0.3212681,0.004934713,0.9468638
-0.01447389,-0.3343903,0.005136271,0.9423096
-0.01443732,-0.341026,0.005238195,0.9399284
-0.01439965,-0.3477101,0.005340863,0.9374763
-0.01436088,-0.3544414,0.005444257,0.9349521
-0.01427992,-0.3680441,0.005653194,0.9296815
-0.0142376,-0.3749296,0.005758956,0.9269261
-0.01419397,-0.3818769,0.005865666,0.9240856
-0.01414924,-0.388849,0.005972757,0.9211735
-0.01410316,-0.3958808,0.006080765,0.9181734
-0.01400734,-0.4100466,0.006298352,0.9119353
-0.01395744,-0.4171959,0.006408165,0.9086869
-0.01390623,-0.4243829,0.006518558,0.9053526
-0.01385355,-0.4316233,0.006629771,0.9019232
-0.01379952,-0.438899,0.006741526,0.8984052
-0.0137441,-0.4462083,0.006853796,0.8947973
-0.01368728,-0.4535501,0.006966566,0.8910985
-0.01356914,-0.4683555,0.007193978,0.8834066
-0.01350787,-0.4758027,0.007308366,0.879418
-0.01344514,-0.4832753,0.007423146,0.8753337
-0.01338104,-0.4907581,0.007538082,0.8711605
-0.01324799,-0.5058261,0.007769525,0.8624988
-0.01317913,-0.5133936,0.007885762,0.8580159
-0.01310869,-0.5209814,0.008002311,0.8534299
-0.01303652,-0.5286017,0.00811936,0.8487311
-0.01296272,-0.5362387,0.008236663,0.8439267
-0.0128102,-0.5515555,0.008471929,0.8339969
-0.01273143,-0.5592325,0.008589849,0.8288686
-0.01265098,-0.5669183,0.008707902,0.8236309
-0.01256881,-0.5746129,0.00882609,0.8182813
-0.01250884,-0.5801331,0.008910881,0.8143769
-0.01244402,-0.5860117,0.009001176,0.8101571
-0.01243965,-0.5864044,0.009007209,0.8098728
-0.01243965,-0.5864044,0.009007209,0.8098728
-0.01243965,-0.5864044,0.009007209,0.8098728
-0.01243965,-0.5864044,0.009007209,0.8098728
-0.01243965,-0.5864044,0.009007209,0.8098728
-0.01243965,-0.5864044,0.009007209,0.8098728
-0.01243965,-0.5864044,0.009007209,0.8098728
-0.01243965,-0.5864044,0.009007209,0.8098728
-0.01243965,-0.5864044,0.009007209,0.8098728
-0.01243965,-0.5864044,0.009007209,0.8098728
-0.01243965,-0.5864044,0.009007209,0.8098728
-0.01243965,-0.5864044,0.009007209,0.8098728
-0.01243965,-0.5864044,0.009007209,0.8098728
-0.01243965,-0.5864044,0.009007209,0.8098728
-0.01243965,-0.5864044,0.009007209,0.8098728
-0.01243965,-0.5864044,0.009007209,0.8098728
-0.01243965,-0.5864044,0.009007209,0.8098728
-0.01243965,-0.5864044,0.009007209,0.8098728
-0.01243965,-0.5864044,0.009007209,0.8098728
-0.01243965,-0.5864044,0.009007209,0.8098728
-0.01243965,-0.5864044,0.009007209,0.8098728
-0.01243965,-0.5864044,0.009007209,0.8098728
-0.01243965,-0.5864044,0.009007209,0.8098728
-0.01243965,-0.5864044,0.009007209,0.8098728
-0.01243965,-0.5864044,0.009007209,0.8098728
-0.01243965,-0.5864044,0.009007209,0.8098728
-0.01243965,-0.5864044,0.009007209,0.8098728
-0.01243965,-0.5864044,0.009007209,0.8098728
-0.01243965,-0.5864044,0.009007209,0.8098728
-0.01243965,-0.5864044,0.009007209,0.8098728
-0.01243965,-0.5864044,0.009007209,0.8098728
-0.01243965,-0.5864044,0.009007209,0.8098728
-0.01243965,-0.5864044,0.009007209,0.8098728
-0.01243902,-0.5864613,0.009008083,0.8098316
-0.01243778,-0.586573,0.009009799,0.8097507
-0.01243322,-0.5869823,0.009016085,0.8094541
-0.01243008,-0.5872641,0.009020413,0.8092497
-0.01242631,-0.587602,0.009025604,0.8090044
-0.01242192,-0.5879959,0.009031653,0.8087181
-0.01241655,-0.588476,0.009039028,0.8083689
-0.01240392,-0.5896035,0.009056346,0.8075468
-0.01239665,-0.590252,0.009066306,0.807073
-0.01238873,-0.5909559,0.009077119,0.8065577
-0.01238016,-0.5917163,0.009088799,0.8059999
-0.0123708,-0.5925462,0.009101546,0.8053901
-0.01235012,-0.5943714,0.00912958,0.8040439
-0.01233879,-0.5953679,0.009144886,0.8033065
-0.01232681,-0.5964192,0.009161035,0.8025262
-0.01231417,-0.5975245,0.009178013,0.8017036
-0.01230071,-0.598699,0.009196052,0.8008269
-0.01227194,-0.6011958,0.009234403,0.7989542
-0.01225662,-0.6025192,0.009254731,0.7979566
-0.01224046,-0.6039099,0.009276093,0.7969046
-0.01222361,-0.6053542,0.009298277,0.795808
-0.01218784,-0.6084035,0.009345114,0.7934793
-0.0121689,-0.6100082,0.009369763,0.7922463
-0.0121491,-0.6116791,0.009395427,0.790957
-0.01212858,-0.6134026,0.009421901,0.7896211
-0.01210735,-0.6151781,0.009449173,0.7882385
-0.0120627,-0.6188849,0.009506108,0.7853316
-0.01203927,-0.6208149,0.009535753,0.7838067
-0.01201495,-0.6228093,0.009566388,0.7822229
-0.01198987,-0.6248544,0.009597802,0.7805902
-0.01196404,-0.6269497,0.009629984,0.7789084
-0.01191008,-0.6312889,0.009696635,0.7753957
-0.01188194,-0.6335322,0.009731091,0.7735639
-0.01185286,-0.6358373,0.009766497,0.7716703
-0.01182298,-0.6381907,0.009802646,0.7697251
-0.0117923,-0.6405918,0.009839526,0.767728
-0.01172854,-0.6455345,0.009915447,0.7635766
-0.01169525,-0.6480896,0.009954693,0.7614092
-0.01166113,-0.6506904,0.009994642,0.7591878
-0.01162618,-0.6533355,0.01003527,0.7569128
-0.01159038,-0.6560262,0.0100766,0.7545819
-0.01155355,-0.6587738,0.0101188,0.7521843
-0.01147748,-0.664386,0.010205,0.7472319
-0.01143822,-0.6672496,0.01024899,0.7446759
-0.01139791,-0.6701672,0.0102938,0.7420512
-0.01135668,-0.6731269,0.01033926,0.7393675
-0.01127151,-0.6791676,0.01043205,0.7338226
-0.01122736,-0.6822601,0.01047955,0.7309483
-0.01118228,-0.6853911,0.01052764,0.7280132
-0.01113624,-0.6885608,0.01057633,0.725016
-0.01108926,-0.6917676,0.01062558,0.7219569
-0.01104112,-0.6950237,0.0106756,0.7188228
-0.0109419,-0.7016427,0.01077726,0.7123635
-0.01089081,-0.705004,0.01082889,0.709037
-0.01083871,-0.7083985,0.01088103,0.7056456
-0.01078562,-0.7118248,0.01093366,0.7021891
-0.0107313,-0.7152963,0.01098698,0.6986526
-0.01061954,-0.7223312,0.01109504,0.6913767
-0.0105621,-0.7258922,0.01114974,0.687637
-0.01050359,-0.7294819,0.01120488,0.6838277
-0.01044399,-0.7331,0.01126045,0.6799475
-0.01038312,-0.736756,0.01131661,0.6759843
-0.01025807,-0.7441434,0.01143008,0.6678434
-0.0101941,-0.7478604,0.01148717,0.6636784
-0.01012857,-0.7516244,0.01154498,0.6594125
-0.01006192,-0.7554096,0.01160313,0.6550729
-0.009994105,-0.7592155,0.01166158,0.6506581
-0.009855002,-0.766884,0.01177937,0.641602
-0.00978348,-0.7707558,0.01183884,0.6369457
-0.009710771,-0.7746433,0.01189855,0.632212
-0.009636861,-0.7785456,0.01195849,0.6274002
-0.009485662,-0.7863766,0.01207878,0.6175565
-0.009408323,-0.7903048,0.01213912,0.6125214
-0.009329546,-0.7942532,0.01219976,0.6073927
-0.009249523,-0.7982104,0.01226055,0.6021829
-0.009168241,-0.8021753,0.01232145,0.596891
-0.009001627,-0.8101338,0.01244369,0.5860438
-0.008916524,-0.8141131,0.01250481,0.5805033
-0.008857489,-0.8168401,0.0125467,0.5766598
-0.008831024,-0.8180537,0.01256534,0.5749368
-0.008831024,-0.8180537,0.01256534,0.5749368
-0.008831024,-0.8180537,0.01256534,0.5749368
-0.008831024,-0.8180537,0.01256534,0.5749368
-0.008831024,-0.8180537,0.01256534,0.5749368
-0.008831024,-0.8180537,0.01256534,0.5749368
-0.008831024,-0.8180537,0.01256534,0.5749368
-0.008831024,-0.8180537,0.01256534,0.5749368
-0.008831024,-0.8180537,0.01256534,0.5749368
-0.008831024,-0.8180537,0.01256534,0.5749368
-0.008831024,-0.8180537,0.01256534,0.5749368
-0.008831024,-0.8180537,0.01256534,0.5749368
-0.008831024,-0.8180537,0.01256534,0.5749368
-0.008831024,-0.8180537,0.01256534,0.5749368
-0.008831024,-0.8180537,0.01256534,0.5749368
-0.008831024,-0.8180537,0.01256534,0.5749368
-0.008831024,-0.8180537,0.01256534,0.5749368
-0.008831024,-0.8180537,0.01256534,0.5749368
-0.008831024,-0.8180537,0.01256534,0.5749368
-0.008831024,-0.8180537,0.01256534,0.5749368
-0.008831024,-0.8180537,0.01256534,0.5749368
-0.008831024,-0.8180537,0.01256534,0.5749368
-0.008831024,-0.8180537,0.01256534,0.5749368
-0.008831024,-0.8180537,0.01256534,0.5749368
-0.008831024,-0.8180537,0.01256534,0.5749368
-0.008831024,-0.8180537,0.01256534,0.5749368
-0.008831024,-0.8180537,0.01256534,0.5749368
-0.008831024,-0.8180537,0.01256534,0.5749368
-0.008831024,-0.8180537,0.01256534,0.5749368
-0.008831024,-0.8180537,0.01256534,0.5749368
-0.008831024,-0.8180537,0.01256534,0.5749368
-0.008831024,-0.8180537,0.01256534,0.5749368
-0.008831024,-0.8180537,0.01256534,0.5749368
-0.008831024,-0.8180537,0.01256534,0.5749368
-0.008831024,-0.8180537,0.01256534,0.5749368
-0.008831024,-0.8180537,0.01256534,0.5749368
-0.008831024,-0.8180537,0.01256534,0.5749368
-0.008831024,-0.8180537,0.01256534,0.5749368
-0.008831024,-0.8180537,0.01256534,0.5749368
-0.008831024,-0.8180537,0.01256534,0.5749368
-0.008831024,-0.8180537,0.01256534,0.5749368
-0.008831024,-0.8180537,0.01256534,0.5749368
-0.008831024,-0.8180537,0.01256534,0.5749368
-0.008831024,-0.8180537,0.01256534,0.5749368
-0.008831024,-0.8180537,0.01256534,0.5749368
-0.008831024,-0.8180537,0.01256534,0.5749368
-0.008831024,-0.8180537,0.01256534,0.5749368
-0.008831024,-0.8180537,0.01256534,0.5749368
-0.008831024,-0.8180537,0.01256534,0.5749368
-0.008831024,-0.8180537,0.01256534,0.5749368
-0.008831024,-0.8180537,0.01256534,0.5749368
-0.008831024,-0.8180537,0.01256534,0.5749368
-0.008831024,-0.8180537,0.01256534,0.5749368
-0.008831024,-0.8180537,0.01256534,0.5749368
-0.008831024,-0.8180537,0.01256534,0.5749368
-0.008831024,-0.8180537,0.01256534,0.5749368
-0.008831024,-0.8180537,0.01256534,0.5749368
-0.008831024,-0.8180537,0.01256534,0.5749368
-0.008831024,-0.8180537,0.01256534,0.5749368
-0.008831024,-0.8180537,0.01256534,0.5749368
-0.008831024,-0.8180537,0.01256534,0.5749368
-0.008831024,-0.8180537,0.01256534,0.5749368
-0.008831024,-0.8180537,0.01256534,0.5749368
-0.008831024,-0.8180537,0.01256534,0.5749368
-0.008831024,-0.8180537,0.01256534,0.5749368
-0.008831024,-0.8180537,0.01256534,0.5749368
-0.008831024,-0.8180537,0.01256534,0.5749368
-0.008831024,-0.8180537,0.01256534,0.5749368
-0.008831024,-0.8180537,0.01256534,0.5749368
-0.008831024,-0.8180537,0.01256534,0.5749368
-0.008831024,-0.8180537,0.01256534,0.5749368
-0.008831024,-0.8180537,0.01256534,0.5749368
-0.008831024,-0.8180537,0.01256534,0.5749368
-0.008831024,-0.8180537,0.01256534,0.5749368
-0.008831024,-0.8180537,0.01256534,0.5749368
-0.008831024,-0.8180537,0.01256534,0.5749368
-0.008831024,-0.8180537,0.01256534,0.5749368
-0.008831024,-0.8180537,0.01256534,0.5749368
-0.008831024,-0.8180537,0.01256534,0.5749368
-0.008831024,-0.8180537,0.01256534,0.5749368
-0.008831024,-0.8180537,0.01256534,0.5749368
-0.008831024,-0.8180537,0.01256534,0.5749368
-0.008831024,-0.8180537,0.01256534,0.5749368
-0.008831024,-0.8180537,0.01256534,0.5749368
-0.008831024,-0.8180537,0.01256534,0.5749368
-0.008831024,-0.8180537,0.01256534,0.5749368
-0.008832112,-0.818004,0.01256457,0.5750076
-0.008834097,-0.8179131,0.01256318,0.5751368
-0.008840662,-0.8176123,0.01255856,0.5755643
-0.008845488,-0.8173911,0.01255516,0.5758784
-0.008851189,-0.8171294,0.01255114,0.5762496
-0.008857767,-0.8168273,0.0125465,0.5766779
-0.008865223,-0.8164843,0.01254123,0.5771633
-0.008882727,-0.8156777,0.01252884,0.5783028
-0.008892775,-0.8152134,0.01252171,0.578957
-0.008903936,-0.8146969,0.01251378,0.5796836
-0.008915718,-0.8141506,0.01250539,0.5804507
-0.008928584,-0.8135527,0.0124962,0.5812883
-0.008956906,-0.8122321,0.01247592,0.5831322
-0.008972367,-0.8115085,0.01246481,0.5841388
-0.008988895,-0.8107329,0.01245289,0.5852148
-0.00900628,-0.8099148,0.01244033,0.5863466
-0.009024499,-0.8090547,0.01242712,0.5875327
-0.009063498,-0.8072048,0.0123987,0.5900717
-0.009084479,-0.8062045,0.01238334,0.5914376
-0.009106301,-0.8051603,0.0123673,0.5928583
-0.009128955,-0.8040723,0.01235059,0.5943332
-0.009152443,-0.8029398,0.01233319,0.5958624
-0.009176766,-0.8017622,0.0123151,0.5974458
-0.009228248,-0.7992537,0.01227657,0.6007975
-0.009255231,-0.7979301,0.01225624,0.6025543
-0.009282789,-0.7965721,0.01223538,0.6043484
-0.009311154,-0.7951676,0.01221381,0.6061952
-0.009340771,-0.793694,0.01219117,0.6081233
-0.009402147,-0.7906164,0.0121439,0.6121192
-0.0094339,-0.7890116,0.01211925,0.6141864
-0.009466647,-0.7873473,0.01209369,0.6163183
-0.009500163,-0.7856345,0.01206738,0.6185004
-0.009543591,-0.7834004,0.01203306,0.6213277
-0.009543591,-0.7834004,0.01203306,0.6213277
-0.009543591,-0.7834004,0.01203306,0.6213277
-0.009543591,-0.7834004,0.01203306,0.6213277
-0.009543591,-0.7834004,0.01203306,0.6213277
-0.009543591,-0.7834004,0.01203306,0.6213277
-0.009543591,-0.7834004,0.01203306,0.6213277
-0.009543591,-0.7834004,0.01203306,0.6213277
-0.009543591,-0.7834004,0.01203306,0.6213277
-0.009543591,-0.7834004,0.01203306,0.6213277
-0.009543591,-0.7834004,0.01203306,0.6213277
-0.009543591,-0.7834004,0.01203306,0.6213277
-0.009543591,-0.7834004,0.01203306,0.6213277
-0.009543591,-0.7834004,0.01203306,0.6213277
-0.009543591,-0.7834004,0.01203306,0.6213277
-0.009543591,-0.7834004,0.01203306,0.6213277
-0.009543591,-0.7834004,0.01203306,0.6213277
-0.009543591,-0.7834004,0.01203306,0.6213277
-0.009543591,-0.7834004,0.01203306,0.6213277
-0.009543591,-0.7834004,0.01203306,0.6213277
-0.009543591,-0.7834004,0.01203306,0.6213277
-0.009543591,-0.7834004,0.01203306,0.6213277
-0.009543591,-0.7834004,0.01203306,0.6213277
-0.009543591,-0.7834004,0.01203306,0.6213277
-0.009543591,-0.7834004,0.01203306,0.6213277
-0.009543591,-0.7834004,0.01203306,0.6213277
-0.009543591,-0.7834004,0.01203306,0.6213277
-0.009543591,-0.7834004,0.01203306,0.6213277
-0.009543591,-0.7834004,0.01203306,0.6213277
-0.009543591,-0.7834004,0.01203306,0.6213277
-0.009543591,-0.7834004,0.01203306,0.6213277
-0.009543591,-0.7834004,0.01203306,0.6213277
-0.009543591,-0.7834004,0.01203306,0.6213277
-0.009543591,-0.7834004,0.01203306,0.6213277
-0.009543591,-0.7834004,0.01203306,0.6213277
-0.009543591,-0.7834004,0.01203306,0.6213277
-0.009543591,-0.7834004,0.01203306,0.6213277
-0.009543591,-0.7834004,0.01203306,0.6213277
-0.009543591,-0.7834004,0.01203306,0.6213277
-0.009543591,-0.7834004,0.01203306,0.6213277
-0.009543591,-0.7834004,0.01203306,0.6213277
-0.009543591,-0.7834004,0.01203306,0.6213277
-0.009543591,-0.7834004,0.01203306,0.6213277
-0.009543591,-0.7834004,0.01203306,0.6213277
-0.009543591,-0.7834004,0.01203306,0.6213277
-0.009543591,-0.7834004,0.01203306,0.6213277
-0.009543591,-0.7834004,0.01203306,0.6213277
-0.009543591,-0.7834004,0.01203306,0.6213277
-0.009543591,-0.7834004,0.01203306,0.6213277
-0.009543591,-0.7834004,0.01203306,0.6213277
-0.009543591,-0.7834004,0.01203306,0.6213277
-0.009543591,-0.7834004,0.01203306,0.6213277
-0.009543591,-0.7834004,0.01203306,0.6213277
-0.009543591,-0.7834004,0.01203306,0.6213277
-0.009543591,-0.7834004,0.01203306,0.6213277
-0.009543591,-0.7834004,0.01203306,0.6213277
-0.009543591,-0.7834004,0.01203306,0.6213277
-0.009543591,-0.7834004,0.01203306,0.6213277
-0.009543591,-0.7834004,0.01203306,0.6213277
-0.009543591,-0.7834004,0.01203306,0.6213277
-0.009543591,-0.7834004,0.01203306,0.6213277
-0.009543591,-0.7834004,0.01203306,0.6213277
-0.009543591,-0.7834004,0.01203306,0.6213277
-0.009543591,-0.7834004,0.01203306,0.6213277
-0.009543591,-0.7834004,0.01203306,0.6213277
-0.009543591,-0.7834004,0.01203306,0.6213277
-0.009543591,-0.7834004,0.01203306,0.6213277
-0.009543591,-0.7834004,0.01203306,0.6213277
-0.009543591,-0.7834004,0.01203306,0.6213277
-0.009543591,-0.7834004,0.01203306,0.6213277
-0.009543591,-0.7834004,0.01203306,0.6213277
-0.009543591,-0.7834004,0.01203306,0.6213277
-0.009543591,-0.7834004,0.01203306,0.6213277
-0.009543591,-0.7834004,0.01203306,0.6213277
-0.009543591,-0.7834004,0.01203306,0.6213277
-0.009543591,-0.7834004,0.01203306,0.6213277
-0.009543591,-0.7834004,0.01203306,0.6213277
-0.009543591,-0.7834004,0.01203306,0.6213277
-0.009543591,-0.7834004,0.01203306,0.6213277
-0.009543591,-0.7834004,0.01203306,0.6213277
-0.009543591,-0.7834004,0.01203306,0.6213277
-0.009543591,-0.7834004,0.01203306,0.6213277
-0.009543591,-0.7834004,0.01203306,0.6213277
-0.009543591,-0.7834004,0.01203306,0.6213277
-0.009543591,-0.7834004,0.01203306,0.6213277
-0.009543591,-0.7834004,0.01203306,0.6213277
-0.009543591,-0.7834004,0.01203306,0.6213277
-0.009543591,-0.7834004,0.01203306,0.6213277
-0.009543591,-0.7834004,0.01203306,0.6213277
-0.009543591,-0.7834004,0.01203306,0.6213277
-0.009543591,-0.7834004,0.01203306,0.6213277
-0.009543591,-0.7834004,0.01203306,0.6213277
-0.009543591,-0.7834004,0.01203306,0.6213277
-0.009543591,-0.7834004,0.01203306,0.6213277
-0.009543591,-0.7834004,0.01203306,0.6213277
-0.009543591,-0.7834004,0.01203306,0.6213277
-0.009543591,-0.7834004,0.01203306,0.6213277
-0.009543591,-0.7834004,0.01203306,0.6213277
-0.009543591,-0.7834004,0.01203306,0.6213277
-0.009543591,-0.7834004,0.01203306,0.6213277
-0.009543591,-0.7834004,0.01203306,0.6213277
-0.009543591,-0.7834004,0.01203306,0.6213277
-0.009543591,-0.7834004,0.01203306,0.6213277
-0.009543591,-0.7834004,0.01203306,0.6213277
-0.009543591,-0.7834004,0.01203306,0.6213277
-0.009543591,-0.7834004,0.01203306,0.6213277
-0.009543591,-0.7834004,0.01203306,0.6213277
-0.009543591,-0.7834004,0.01203306,0.6213277
-0.009543591,-0.7834004,0.01203306,0.6213277
-0.009543591,-0.7834004,0.01203306,0.6213277
-0.009543591,-0.7834004,0.01203306,0.6213277
-0.009543591,-0.7834004,0.01203306,0.6213277
-0.009543591,-0.7834004,0.01203306,0.6213277
-0.009543591,-0.7834004,0.01203306,0.6213277
-0.009543591,-0.7834004,0.01203306,0.6213277
-0.009543591,-0.7834004,0.01203306,0.6213277
-0.009543591,-0.7834004,0.01203306,0.6213277
-0.009543591,-0.7834004,0.01203306,0.6213277
-0.009543591,-0.7834004,0.01203306,0.6213277
-0.009543591,-0.7834004,0.01203306,0.6213277
-0.009543591,-0.7834004,0.01203306,0.6213277
-0.009543591,-0.7834004,0.01203306,0.6213277
-0.009543591,-0.7834004,0.01203306,0.6213277
-0.009543591,-0.7834004,0.01203306,0.6213277
-0.009543591,-0.7834004,0.01203306,0.6213277
-0.009543591,-0.7834004,0.01203306,0.6213277
-0.009543591,-0.7834004,0.01203306,0.6213277
-0.009543591,-0.7834004,0.01203306,0.6213277
-0.009543591,-0.7834004,0.01203306,0.6213277
-0.009543591,-0.7834004,0.01203306,0.6213277
-0.009543591,-0.7834004,0.01203306,0.6213277
-0.009543591,-0.7834004,0.01203306,0.6213277
-0.009543591,-0.7834004,0.01203306,0.6213277
-0.009543591,-0.7834004,0.01203306,0.6213277
-0.009544432,-0.7833569,0.0120324,0.6213825
-0.009548875,-0.7831273,0.01202887,0.6216717
-0.009548875,-0.7831273,0.01202887,0.6216717
-0.009548875,-0.7831273,0.01202887,0.6216717
-0.009548875,-0.7831273,0.01202887,0.6216717
-0.009548875,-0.7831273,0.01202887,0.6216717
-0.009548875,-0.7831273,0.01202887,0.6216717
-0.009548875,-0.7831273,0.01202887,0.6216717
-0.009548875,-0.7831273,0.01202887,0.6216717
-0.009548875,-0.7831273,0.01202887,0.6216717
-0.009548875,-0.7831273,0.01202887,0.6216717
-0.009548875,-0.7831273,0.01202887,0.6216717
-0.009548875,-0.7831273,0.01202887,0.6216717
-0.009548875,-0.7831273,0.01202887,0.6216717
-0.009549947,-0.783072,0.01202802,0.6217415
-0.009551851,-0.7829734,0.01202651,0.6218655
-0.009554593,-0.7828317,0.01202433,0.622044
-0.009562572,-0.7824187,0.01201799,0.6225634
-0.009567829,-0.7821463,0.0120138,0.6229057
-0.009574132,-0.7818193,0.01200878,0.623316
-0.009581256,-0.7814494,0.0120031,0.6237797
-0.009589217,-0.7810354,0.01199674,0.624298
-0.009607674,-0.7800733,0.01198196,0.6254996
-0.009618356,-0.7795151,0.01197339,0.6261951
-0.009629851,-0.7789133,0.01196415,0.6269435
-0.009642177,-0.7782667,0.01195421,0.627746
-0.00965534,-0.7775748,0.01194359,0.6286029
-0.009684076,-0.7760587,0.0119203,0.6304737
-0.009684076,-0.7760587,0.0119203,0.6304737
-0.009684076,-0.7760587,0.0119203,0.6304737
-0.009684076,-0.7760587,0.0119203,0.6304737
-0.009684076,-0.7760587,0.0119203,0.6304737
-0.009684076,-0.7760587,0.0119203,0.6304737
-0.009684076,-0.7760587,0.0119203,0.6304737
-0.009684076,-0.7760587,0.0119203,0.6304737
-0.009684076,-0.7760587,0.0119203,0.6304737
-0.009684076,-0.7760587,0.0119203,0.6304737
-0.009684909,-0.7760146,0.01191962,0.630528
-0.00968658,-0.7759261,0.01191826,0.6306368
-0.009689088,-0.7757934,0.01191623,0.6308001
-0.009692415,-0.7756174,0.01191352,0.6310166
-0.009696783,-0.7753857,0.01190996,0.631301
-0.009708009,-0.7747902,0.01190082,0.6320319
-0.009714868,-0.7744257,0.01189522,0.6324784
-0.009722549,-0.774017,0.01188894,0.6329785
-0.009731058,-0.7735637,0.01188198,0.6335325
-0.009740598,-0.7730544,0.01187415,0.6341537
-0.009750968,-0.7725003,0.01186564,0.6348287
-0.009750968,-0.7725003,0.01186564,0.6348287
-0.009750968,-0.7725003,0.01186564,0.6348287
-0.009750968,-0.7725003,0.01186564,0.6348287
-0.009750968,-0.7725003,0.01186564,0.6348287
-0.009750968,-0.7725003,0.01186564,0.6348287
-0.009750968,-0.7725003,0.01186564,0.6348287
-0.009750968,-0.7725003,0.01186564,0.6348287
-0.009750968,-0.7725003,0.01186564,0.6348287
-0.009750968,-0.7725003,0.01186564,0.6348287
-0.009748475,-0.7726337,0.01186769,0.6346664
-0.009745978,-0.7727672,0.01186974,0.6345038
-0.009742447,-0.7729558,0.01187264,0.634274
-0.009738083,-0.7731889,0.01187622,0.6339899
-0.009732891,-0.7734659,0.01188047,0.6336519
-0.009720002,-0.7741526,0.01189102,0.6328128
-0.00971209,-0.7745734,0.01189748,0.6322976
-0.009703573,-0.7750255,0.01190443,0.6317431
-0.009694217,-0.7755218,0.01191205,0.631134
-0.009683817,-0.7760723,0.01192051,0.6304569
-0.00966049,-0.7773036,0.01193942,0.6289383
-0.009647568,-0.7779835,0.01194987,0.628097
-0.009633794,-0.7787066,0.01196097,0.6272003
-0.009619174,-0.7794722,0.01197273,0.6262485
-0.009603702,-0.7802804,0.01198515,0.6252412
-0.009586938,-0.7811537,0.01199856,0.6241499
-0.009550841,-0.7830257,0.01202731,0.6217998
-0.009531721,-0.7840126,0.01204247,0.620555
-0.009511736,-0.7850406,0.01205826,0.6192539
-0.00949068,-0.78612,0.01207484,0.6178831
-0.009445944,-0.7884006,0.01210987,0.6149705
-0.009422246,-0.7896016,0.01212832,0.6134277
-0.009397438,-0.7908536,0.01214755,0.6118126
-0.009371973,-0.7921335,0.01216721,0.6101547
-0.009345407,-0.7934627,0.01218763,0.6084251
-0.009289568,-0.7962371,0.01223024,0.6047899
-0.009260302,-0.7976807,0.01225241,0.6028845
-0.009230121,-0.799162,0.01227517,0.6009196
-0.009199029,-0.80068,0.01229848,0.5988954
-0.009166786,-0.8022458,0.01232253,0.5967963
-0.009133394,-0.8038585,0.01234731,0.5946223
-0.009063817,-0.8071896,0.01239847,0.5900925
-0.009027855,-0.808896,0.01242468,0.5877513
-0.008990493,-0.8106578,0.01245174,0.5853189
-0.008952421,-0.8124415,0.01247914,0.5828403
-0.008873397,-0.8161079,0.01253546,0.5776955
-0.008832434,-0.8179892,0.01256435,0.5750286
-0.008790498,-0.8199017,0.01259373,0.5722983
-0.008747354,-0.8218552,0.01262374,0.5694895
-0.008703222,-0.8238385,0.0126542,0.5666164
-0.008658096,-0.8258516,0.01268512,0.5636784
-0.008564425,-0.8299811,0.01274855,0.5575801
-0.008516063,-0.8320876,0.0127809,0.5544315
-0.008466691,-0.8342205,0.01281366,0.5512172
-0.00841629,-0.8363793,0.01284683,0.547936
-0.008364623,-0.8385733,0.01288052,0.5445722
-0.00825819,-0.8430327,0.01294902,0.537643
-0.008203423,-0.8452961,0.01298379,0.5340774
-0.008147582,-0.8475821,0.0130189,0.530442
-0.008090682,-0.8498893,0.01305434,0.5267376
-0.008032485,-0.8522258,0.01309023,0.5229487
-0.007913124,-0.8569456,0.01316272,0.5151778
-0.007851677,-0.859338,0.01319947,0.5111774
-0.007789132,-0.8617472,0.01323648,0.5071055
-0.007725496,-0.8641718,0.01327372,0.5029626
-0.007660515,-0.8666201,0.01331132,0.498732
-0.007527221,-0.8715568,0.01338715,0.4900541
-0.007458883,-0.8740435,0.01342535,0.485605
-0.007389412,-0.876541,0.01346371,0.4810822
-0.0073188,-0.8790485,0.01350222,0.476485
-0.007247059,-0.8815642,0.01354086,0.4718144
-0.007099588,-0.8866357,0.01361876,0.4622135
-0.007053636,-0.8881888,0.01364262,0.4592218
-0.007036204,-0.8887747,0.01365162,0.4580869
-0.007036204,-0.8887747,0.01365162,0.4580869
-0.007036204,-0.8887747,0.01365162,0.4580869
-0.007036204,-0.8887747,0.01365162,0.4580869
-0.007036204,-0.8887747,0.01365162,0.4580869
-0.007036204,-0.8887747,0.01365162,0.4580869
-0.007036204,-0.8887747,0.01365162,0.4580869
-0.007036204,-0.8887747,0.01365162,0.4580869
-0.007033348,-0.8888705,0.01365309,0.457901
-0.007030485,-0.8889666,0.01365457,0.4577146
-0.00702667,-0.8890944,0.01365653,0.4574662
-0.007021921,-0.8892534,0.01365897,0.457157
-0.007009545,-0.8896672,0.01366533,0.4563513
-0.007001678,-0.8899297,0.01366936,0.4558392
-0.006992868,-0.8902233,0.01367387,0.4552656
-0.006983088,-0.8905486,0.01367887,0.4546289
-0.00697235,-0.890905,0.01368434,0.4539298
-0.006960651,-0.8912928,0.0136903,0.4531681
-0.006933881,-0.8921767,0.01370387,0.4514253
-0.006919045,-0.8926648,0.01371137,0.4504595
-0.006903247,-0.8931831,0.01371933,0.4494309
-0.006886481,-0.8937314,0.01372775,0.4483394
-0.006868746,-0.8943097,0.01373664,0.4471848
-0.006829893,-0.89557,0.01375599,0.4446554
-0.006809004,-0.896244,0.01376635,0.4432954
-0.006787136,-0.8969468,0.01377714,0.4418717
-0.006764284,-0.8976782,0.01378838,0.440384
-0.006740227,-0.8984448,0.01380015,0.4388178
-0.00668937,-0.9000545,0.01382488,0.4355068
-0.006662344,-0.9009037,0.01383792,0.4337473
-0.00663433,-0.9017795,0.01385137,0.4319234
-0.006605322,-0.9026816,0.01386523,0.4300348
-0.006544313,-0.9045631,0.01389413,0.426063
-0.006512302,-0.9055419,0.01390916,0.4239789
-0.006479041,-0.9065526,0.01392469,0.4218135
-0.006444777,-0.9075872,0.01394058,0.4195827
-0.006409493,-0.9086457,0.01395684,0.4172856
-0.006373189,-0.9097273,0.01397345,0.4149221
-0.00629704,-0.9119722,0.01400793,0.4099645
-0.00625742,-0.9131274,0.01402568,0.4073851
-0.006216765,-0.9143037,0.01404374,0.4047382
-0.006175085,-0.9155,0.01406212,0.4020247
-0.006088599,-0.9179521,0.01409978,0.3963941
-0.006043793,-0.9192062,0.01411904,0.3934771
-0.005997666,-0.9204858,0.0141387,0.3904741
-0.005950511,-0.9217821,0.01415861,0.3874041
-0.005902032,-0.9231023,0.01417889,0.3842479
-0.005852764,-0.9244308,0.0141993,0.3810404
-0.00575079,-0.9271396,0.0142409,0.3744015
-0.0056978,-0.9285251,0.01426219,0.3709516
-0.005644011,-0.9299166,0.01428356,0.3674497
-0.005589141,-0.9313203,0.01430512,0.3638774
-0.005476146,-0.9341611,0.01434875,0.356521
-0.005476146,-0.9341611,0.01434875,0.356521
-0.00535799,-0.9370607,0.01439329,0.3488286
-0.005297398,-0.9385198,0.0144157,0.3448839
-0.005235476,-0.9399914,0.01443831,0.3408525
-0.005172434,-0.9414695,0.01446101,0.3367482
-0.005043294,-0.9444345,0.01450655,0.3283406
-0.004976924,-0.9459257,0.01452946,0.3240197
-0.00490944,-0.9474193,0.0145524,0.3196262
-0.004840828,-0.9489145,0.01457536,0.3151593
-0.004771067,-0.950411,0.01459835,0.3106175
-0.00462766,-0.9534117,0.01464444,0.3012812
-0.004553985,-0.9549142,0.01466752,0.2964846
-0.004479181,-0.9564126,0.01469054,0.2916146
-0.004403222,-0.9579065,0.01471348,0.2866694
-0.004248439,-0.9608647,0.01475892,0.2765923
-0.004248439,-0.9608647,0.01475892,0.2765923
-0.004087951,-0.963811,0.01480418,0.2661439
-0.004005976,-0.9652688,0.01482657,0.260807
-0.003922873,-0.9667144,0.01484877,0.2553967
-0.0037537,-0.9695572,0.01489244,0.2443828
-0.00366711,-0.9709607,0.014914,0.2387455
-0.003579346,-0.9723479,0.0149353,0.2330317
-0.003490406,-0.9737174,0.01495634,0.2272413
-0.003400308,-0.9750677,0.01497708,0.2213756
-0.003309045,-0.9763976,0.0149975,0.215434
-0.003122412,-0.9789995,0.01503747,0.2032835
-0.003027353,-0.9802642,0.01505689,0.1970947
-0.002930851,-0.9815065,0.01507598,0.1908121
-0.002833166,-0.9827214,0.01509464,0.1844524
-0.002634855,-0.9850572,0.01513052,0.1715416
-0.00253366,-0.9861818,0.01514779,0.1649533
-0.00243131,-0.9872733,0.01516455,0.15829
-0.002327796,-0.9883301,0.01518079,0.1515508
-0.002223097,-0.9893514,0.01519647,0.1447344
-0.002116947,-0.9903377,0.01521162,0.1378237
-0.001901202,-0.9921911,0.01524009,0.1237778
-0.001791577,-0.9930555,0.01525337,0.1166408
-0.001680791,-0.9938761,0.01526597,0.1094282
-0.001568849,-0.9946515,0.01527788,0.1021403
-0.001455493,-0.9953816,0.0152891,0.09476035
-0.001225329,-0.9966946,0.01530926,0.07977576
-0.001108531,-0.9972739,0.01531816,0.07217178
-0.0009903322,-0.9978011,0.01532626,0.06447653
-0.0008710013,-0.9982727,0.0153335,0.0567076
-0.0007505509,-0.9986873,0.01533987,0.0488658
-0.0005062993,-0.9993386,0.01534987,0.03296404
-0.0003825116,-0.9995719,0.01535346,0.02490496
-0.0002573664,-0.9997416,0.01535606,0.0167575
-0.000131119,-0.9998456,0.01535766,0.008538288
-3.797331E-06,-0.999882,0.01535822,0.0002491315
0.0002540401,-0.9997453,0.01535612,-0.01653713
0.0003845397,-0.9995686,0.01535341,-0.02503318
0.0004828624,-0.9993879,0.01535063,-0.03143438
0.0005491133,-0.9992429,0.0153484,-0.03574758
0.0005751945,-0.9991806,0.01534745,-0.03744557
0.0005751945,-0.9991806,0.01534745,-0.03744557
0.0005751945,-0.9991806,0.01534745,-0.03744557
0.0005751945,-0.9991806,0.01534745,-0.03744557
0.0005751945,-0.9991806,0.01534745,-0.03744557
0.0005738683,-0.9991839,0.0153475,-0.03735923
0.0005714739,-0.9991897,0.01534759,-0.03720334
0.0005631705,-0.9992097,0.01534789,-0.03666276
0.0005575568,-0.9992231,0.0153481,-0.03629728
0.0005508739,-0.9992387,0.01534834,-0.0358622
0.0005431157,-0.9992567,0.01534862,-0.03535711
0.000533989,-0.9992776,0.01534894,-0.03476293
0.0005119988,-0.9993263,0.01534968,-0.03333128
0.0004996847,-0.9993528,0.01535009,-0.03252958
0.0004860368,-0.9993813,0.01535053,-0.03164105
0.0004713137,-0.9994112,0.01535099,-0.03068252
0.000438643,-0.9994743,0.01535196,-0.02855553
0.0004206902,-0.999507,0.01535246,-0.02738672
0.0004013957,-0.9995405,0.01535297,-0.02613057
0.0003810317,-0.9995744,0.0153535,-0.0248048
0.0003596067,-0.999608,0.01535401,-0.02340995
0.0003135049,-0.9996737,0.01535502,-0.02040853
0.0002885701,-0.9997056,0.01535551,-0.01878517
0.000262566,-0.999736,0.01535598,-0.0170922
0.0002354844,-0.9997646,0.01535642,-0.01532908
0.000207347,-0.9997909,0.01535682,-0.01349722
0.0001781177,-0.9998148,0.01535719,-0.01159427
0.0001159046,-0.9998536,0.01535778,-0.007543954
8.318617E-05,-0.9998674,0.015358,-0.005413849
4.970236E-05,-0.9998769,0.01535814,-0.003233918
1.512609E-05,-0.9998816,0.01535821,-0.000982863
-5.805613E-05,-0.9998749,0.01535811,0.003781595
-9.610831E-05,-0.9998626,0.01535792,0.006258945
-0.000135234,-0.9998434,0.01535763,0.008806185
-0.0001754252,-0.9998168,0.01535722,0.0114228
-0.0002169741,-0.9997823,0.01535669,0.0141278
-0.000259869,-0.9997389,0.01535602,0.01692043
-0.0003485777,-0.9996245,0.01535426,0.02269572
-0.0003943857,-0.9995523,0.01535316,0.02567801
-0.0004412808,-0.9994692,0.01535188,0.02873107
-0.0004897931,-0.9993734,0.01535041,0.03188942
-0.0005393681,-0.9992652,0.01534875,0.03511695
-0.0006414253,-0.9990096,0.01534482,0.04176128
-0.0006939059,-0.998861,0.01534254,0.04517798
-0.0007477382,-0.9986963,0.01534001,0.04868268
-0.0008026307,-0.9985155,0.01533723,0.05225641
-0.0008585798,-0.9983183,0.0153342,0.05589892
-0.0009738891,-0.9978697,0.01532731,0.06340601
-0.001032995,-0.9976177,0.01532344,0.06725405
-0.001093422,-0.9973447,0.01531925,0.0711881
-0.001154905,-0.9970509,0.01531473,0.07519088
-0.001281009,-0.9963977,0.0153047,0.08340079
-0.001345635,-0.9960366,0.01529915,0.08760817
-0.001411298,-0.9956514,0.01529324,0.09188312
-0.001478264,-0.9952394,0.01528691,0.09624287
-0.001546274,-0.9948013,0.01528018,0.1006706
-0.00161561,-0.9943341,0.015273,0.1051846
-0.00175738,-0.9933144,0.01525734,0.1144144
-0.001829522,-0.9927621,0.01524886,0.1191111
-0.001902942,-0.9921769,0.01523987,0.1238911
-0.001977378,-0.9915598,0.01523039,0.1287372
-0.002129309,-0.9902254,0.01520989,0.1386285
-0.002207061,-0.9895036,0.01519881,0.1436905
-0.002285813,-0.9887454,0.01518716,0.1488175
-0.002365549,-0.9879501,0.01517495,0.1540087
-0.002446294,-0.9871163,0.01516214,0.1592655
-0.002610724,-0.9853294,0.01513469,0.1699706
-0.002694683,-0.9843709,0.01511997,0.1754366
-0.002779608,-0.9833695,0.01510459,0.1809656
-0.0028655,-0.982324,0.01508853,0.1865575
-0.002952351,-0.9812333,0.01507178,0.1922118
-0.003128892,-0.9789118,0.01503612,0.2037054
-0.00321857,-0.9776787,0.01501718,0.2095438
-0.003309184,-0.9763956,0.01499747,0.2154431
-0.003400723,-0.9750615,0.01497698,0.2214027
-0.003493731,-0.9736668,0.01495555,0.2274579
-0.003681887,-0.9707237,0.01491035,0.2397076
-0.003777303,-0.9691686,0.01488646,0.2459195
-0.0038736,-0.9675562,0.0148617,0.2521888
-0.003971057,-0.9658802,0.01483595,0.2585337
-0.004069368,-0.9641442,0.01480929,0.2649342
-0.004268491,-0.9604878,0.01475313,0.2778979
-0.004369311,-0.9585644,0.01472358,0.2844616
-0.004471242,-0.95657,0.01469295,0.2910978
-0.004573968,-0.9545093,0.0146613,0.2977856
-0.004677491,-0.9523804,0.0146286,0.3045254
-0.004887121,-0.9479082,0.0145599,0.3181732
-0.004993211,-0.9455618,0.01452386,0.3250801
-0.005100049,-0.9431418,0.01448669,0.3320356
-0.005207623,-0.9406469,0.01444837,0.3390392
-0.005315905,-0.9380761,0.01440888,0.3460888
-0.005425164,-0.935421,0.0143681,0.353202
-0.005645709,-0.9298729,0.01428288,0.3675603
-0.005756978,-0.9269767,0.0142384,0.3748044
-0.005838253,-0.9248197,0.01420526,0.3800958
-0.00588255,-0.9236292,0.01418698,0.3829797
-0.005896907,-0.923241,0.01418102,0.3839144
-0.005896907,-0.923241,0.01418102,0.3839144
-0.005896907,-0.923241,0.01418102,0.3839144
-0.005896907,-0.923241,0.01418102,0.3839144
-0.005896907,-0.923241,0.01418102,0.3839144
-0.005896907,-0.923241,0.01418102,0.3839144
-0.005896907,-0.923241,0.01418102,0.3839144
-0.005896907,-0.923241,0.01418102,0.3839144
-0.005896907,-0.923241,0.01418102,0.3839144
-0.005896907,-0.923241,0.01418102,0.3839144
-0.005896907,-0.923241,0.01418102,0.3839144
-0.005896907,-0.923241,0.01418102,0.3839144
-0.005896907,-0.923241,0.01418102,0.3839144
-0.005896907,-0.923241,0.01418102,0.3839144
-0.005896907,-0.923241,0.01418102,0.3839144
-0.005896907,-0.923241,0.01418102,0.3839144
-0.005896907,-0.923241,0.01418102,0.3839144
-0.005896907,-0.923241,0.01418102,0.3839144
-0.005896907,-0.923241,0.01418102,0.3839144
-0.005896907,-0.923241,0.01418102,0.3839144
-0.00589792,-0.9232136,0.0141806,0.3839803
-0.005899905,-0.9231598,0.01417977,0.3841096
-0.005902878,-0.9230792,0.01417853,0.3843031
-0.005907093,-0.922965,0.01417677,0.3845775
-0.005912299,-0.9228237,0.0141746,0.3849164
-0.005918501,-0.9226552,0.01417202,0.3853202
-0.005934355,-0.9222234,0.01416539,0.3863524
-0.005943767,-0.9219665,0.01416144,0.3869652
-0.005954172,-0.9216818,0.01415707,0.3876426
-0.005965795,-0.9213632,0.01415217,0.3883993
-0.005991486,-0.9206564,0.01414132,0.3900719
-0.006006059,-0.9202538,0.01413513,0.3910206
-0.006021612,-0.9198229,0.01412851,0.3920332
-0.006038138,-0.9193635,0.01412146,0.3931091
-0.006055649,-0.9188753,0.01411396,0.3942491
-0.006074144,-0.9183577,0.01410601,0.3954532
-0.006114548,-0.9172206,0.01408854,0.3980837
-0.006136216,-0.9166071,0.01407912,0.3994943
-0.006159076,-0.915957,0.01406913,0.4009826
-0.006182909,-0.9152762,0.01405868,0.4025342
-0.006207701,-0.9145645,0.01404774,0.4041483
-0.006260177,-0.9130473,0.01402444,0.4075646
-0.006287855,-0.9122407,0.01401205,0.4093666
-0.006316477,-0.9114023,0.01399917,0.41123
-0.006346046,-0.9105312,0.01398579,0.413155
-0.006407998,-0.9086903,0.01395752,0.4171884
-0.006440388,-0.9077193,0.0139426,0.4192971
-0.006440388,-0.9077193,0.0139426,0.4192971
-0.006440388,-0.9077193,0.0139426,0.4192971
-0.006440388,-0.9077193,0.0139426,0.4192971
-0.006440388,-0.9077193,0.0139426,0.4192971
-0.006440388,-0.9077193,0.0139426,0.4192971
-0.006440388,-0.9077193,0.0139426,0.4192971
-0.006440388,-0.9077193,0.0139426,0.4192971
-0.006440388,-0.9077193,0.0139426,0.4192971
-0.006440388,-0.9077193,0.0139426,0.4192971
-0.006440388,-0.9077193,0.0139426,0.4192971
-0.006440388,-0.9077193,0.0139426,0.4192971
-0.006440388,-0.9077193,0.0139426,0.4192971
-0.006440388,-0.9077193,0.0139426,0.4192971
-0.006440388,-0.9077193,0.0139426,0.4192971
-0.006440388,-0.9077193,0.0139426,0.4192971
-0.006440388,-0.9077193,0.0139426,0.4192971
-0.006440388,-0.9077193,0.0139426,0.4192971
-0.006440388,-0.9077193,0.0139426,0.4192971
-0.006440388,-0.9077193,0.0139426,0.4192971
-0.006440388,-0.9077193,0.0139426,0.4192971
-0.006440388,-0.9077193,0.0139426,0.4192971
-0.006440388,-0.9077193,0.0139426,0.4192971
-0.006440388,-0.9077193,0.0139426,0.4192971
-0.006440388,-0.9077193,0.0139426,0.4192971
-0.006440388,-0.9077193,0.0139426,0.4192971
-0.006440388,-0.9077193,0.0139426,0.4192971
-0.006440388,-0.9077193,0.0139426,0.4192971
-0.006440388,-0.9077193,0.0139426,0.4192971
-0.006440388,-0.9077193,0.0139426,0.4192971
-0.006440388,-0.9077193,0.0139426,0.4192971
-0.006440388,-0.9077193,0.0139426,0.4192971
-0.006440388,-0.9077193,0.0139426,0.4192971
-0.006440388,-0.9077193,0.0139426,0.4192971
-0.006440388,-0.9077193,0.0139426,0.4192971
-0.006440388,-0.9077193,0.0139426,0.4192971
-0.006440388,-0.9077193,0.0139426,0.4192971
-0.006440388,-0.9077193,0.0139426,0.4192971
-0.006440388,-0.9077193,0.0139426,0.4192971
-0.006440388,-0.9077193,0.0139426,0.4192971
-0.006440388,-0.9077193,0.0139426,0.4192971
-0.006440388,-0.9077193,0.0139426,0.4192971
-0.006440388,-0.9077193,0.0139426,0.4192971
-0.006440388,-0.9077193,0.0139426,0.4192971
-0.006440388,-0.9077193,0.0139426,0.4192971
-0.006440388,-0.9077193,0.0139426,0.4192971
-0.006440388,-0.9077193,0.0139426,0.4192971
-0.006440388,-0.9077193,0.0139426,0.4192971
-0.006440388,-0.9077193,0.0139426,0.4192971
-0.006440388,-0.9077193,0.0139426,0.4192971
-0.006440388,-0.9077193,0.0139426,0.4192971
-0.006440388,-0.9077193,0.0139426,0.4192971
-0.006440388,-0.9077193,0.0139426,0.4192971
-0.006440388,-0.9077193,0.0139426,0.4192971
-0.006440388,-0.9077193,0.0139426,0.4192971
-0.006440388,-0.9077193,0.0139426,0.4192971
-0.006440388,-0.9077193,0.0139426,0.4192971
-0.006440388,-0.9077193,0.0139426,0.4192971
-0.006440388,-0.9077193,0.0139426,0.4192971
-0.006440388,-0.9077193,0.0139426,0.4192971
-0.006440388,-0.9077193,0.0139426,0.4192971
-0.006440388,-0.9077193,0.0139426,0.4192971
-0.006440388,-0.9077193,0.0139426,0.4192971
-0.006440388,-0.9077193,0.0139426,0.4192971
-0.006440388,-0.9077193,0.0139426,0.4192971
-0.006440388,-0.9077193,0.0139426,0.4192971
-0.006440388,-0.9077193,0.0139426,0.4192971
-0.006440388,-0.9077193,0.0139426,0.4192971
-0.006440388,-0.9077193,0.0139426,0.4192971
-0.006440388,-0.9077193,0.0139426,0.4192971
-0.006440388,-0.9077193,0.0139426,0.4192971
-0.006440388,-0.9077193,0.0139426,0.4192971
-0.006440388,-0.9077193,0.0139426,0.4192971
-0.006440388,-0.9077193,0.0139426,0.4192971
-0.006440388,-0.9077193,0.0139426,0.4192971
-0.006440388,-0.9077193,0.0139426,0.4192971
-0.006440388,-0.9077193,0.0139426,0.4192971
-0.006440388,-0.9077193,0.0139426,0.4192971
-0.006440388,-0.9077193,0.0139426,0.4192971
-0.006440388,-0.9077193,0.0139426,0.4192971
-0.006440388,-0.9077193,0.0139426,0.4192971
-0.006440388,-0.9077193,0.0139426,0.4192971
-0.006440388,-0.9077193,0.0139426,0.4192971
-0.006440388,-0.9077193,0.0139426,0.4192971
-0.006440388,-0.9077193,0.0139426,0.4192971
-0.006440388,-0.9077193,0.0139426,0.4192971
-0.006440388,-0.9077193,0.0139426,0.4192971
-0.006440388,-0.9077193,0.0139426,0.4192971
-0.006440388,-0.9077193,0.0139426,0.4192971
-0.006440388,-0.9077193,0.0139426,0.4192971
-0.006440388,-0.9077193,0.0139426,0.4192971
-0.006440388,-0.9077193,0.0139426,0.4192971
-0.006440388,-0.9077193,0.0139426,0.4192971
-0.006440388,-0.9077193,0.0139426,0.4192971
-0.006440388,-0.9077193,0.0139426,0.4192971
-0.006440388,-0.9077193,0.0139426,0.4192971
-0.006440388,-0.9077193,0.0139426,0.4192971
-0.006440388,-0.9077193,0.0139426,0.4192971
-0.006440388,-0.9077193,0.0139426,0.4192971
-0.006440388,-0.9077193,0.0139426,0.4192971
-0.006440388,-0.9077193,0.0139426,0.4192971
-0.006440388,-0.9077193,0.0139426,0.4192971
-0.006440388,-0.9077193,0.0139426,0.4192971
-0.006440388,-0.9077193,0.0139426,0.4192971
-0.006440388,-0.9077193,0.0139426,0.4192971
-0.006440388,-0.9077193,0.0139426,0.4192971
-0.006440388,-0.9077193,0.0139426,0.4192971
-0.006440388,-0.9077193,0.0139426,0.4192971
-0.006440388,-0.9077193,0.0139426,0.4192971
-0.006440388,-0.9077193,0.0139426,0.4192971
-0.006440388,-0.9077193,0.0139426,0.4192971
-0.006440388,-0.9077193,0.0139426,0.4192971
-0.006440388,-0.9077193,0.0139426,0.4192971
-0.006440388,-0.9077193,0.0139426,0.4192971
-0.006440388,-0.9077193,0.0139426,0.4192971
-0.006440388,-0.9077193,0.0139426,0.4192971
-0.006440388,-0.9077193,0.0139426,0.4192971
-0.006440388,-0.9077193,0.0139426,0.4192971
-0.006440388,-0.9077193,0.0139426,0.4192971
-0.006440388,-0.9077193,0.0139426,0.4192971
-0.006440388,-0.9077193,0.0139426,0.4192971
-0.006440388,-0.9077193,0.0139426,0.4192971
-0.006440388,-0.9077193,0.0139426,0.4192971
-0.006440388,-0.9077193,0.0139426,0.4192971
-0.006440388,-0.9077193,0.0139426,0.4192971
-0.006440388,-0.9077193,0.0139426,0.4192971
-0.006440388,-0.9077193,0.0139426,0.4192971
-0.006440388,-0.9077193,0.0139426,0.4192971
-0.006440388,-0.9077193,0.0139426,0.4192971
-0.006440388,-0.9077193,0.0139426,0.4192971
-0.006440388,-0.9077193,0.0139426,0.4192971
-0.006440388,-0.9077193,0.0139426,0.4192971
-0.006440388,-0.9077193,0.0139426,0.4192971
-0.006440388,-0.9077193,0.0139426,0.4192971
-0.006440388,-0.9077193,0.0139426,0.4192971
-0.006440388,-0.9077193,0.0139426,0.4192971
