-0.003006237,0.9805408,-0.01506118,0.1957137
-0.003006237,0.9805408,-0.01506118,0.1957137
-0.003006237,0.9805408,-0.01506118,0.1957137
-0.003006237,0.9805408,-0.01506118,0.1957137
-0.003006237,0.9805408,-0.01506118,0.1957137
-0.003006237,0.9805408,-0.01506118,0.1957137
-0.003006237,0.9805408,-0.01506118,0.1957137
-0.003006237,0.9805408,-0.01506118,0.1957137
-0.003006237,0.9805408,-0.01506118,0.1957137
-0.003006237,0.9805408,-0.01506118,0.1957137
-0.003006237,0.9805408,-0.01506118,0.1957137
-0.003006237,0.9805408,-0.01506118,0.1957137
-0.003006237,0.9805408,-0.01506118,0.1957137
-0.003006237,0.9805408,-0.01506118,0.1957137
-0.003006237,0.9805408,-0.01506118,0.1957137
-0.003006237,0.9805408,-0.01506118,0.1957137
-0.003006237,0.9805408,-0.01506118,0.1957137
-0.003006237,0.9805408,-0.01506118,0.1957137
-0.003006237,0.9805408,-0.01506118,0.1957137
-0.003006237,0.9805408,-0.01506118,0.1957137
-0.003006237,0.9805408,-0.01506118,0.1957137
-0.003006237,0.9805408,-0.01506118,0.1957137
-0.003006237,0.9805408,-0.01506118,0.1957137
-0.003006237,0.9805408,-0.01506118,0.1957137
-0.003006237,0.9805408,-0.01506118,0.1957137
-0.003006237,0.9805408,-0.01506118,0.1957137
-0.003006237,0.9805408,-0.01506118,0.1957137
-0.003006237,0.9805408,-0.01506118,0.1957137
-0.003006237,0.9805408,-0.01506118,0.1957137
-0.003006237,0.9805408,-0.01506118,0.1957137
-0.003006237,0.9805408,-0.01506118,0.1957137
-0.003006237,0.9805408,-0.01506118,0.1957137
-0.003006237,0.9805408,-0.01506118,0.1957137
-0.003006237,0.9805408,-0.01506118,0.1957137
-0.003006237,0.9805408,-0.01506118,0.1957137
-0.003006237,0.9805408,-0.01506118,0.1957137
-0.003006237,0.9805408,-0.01506118,0.1957137
-0.003006237,0.9805408,-0.01506118,0.1957137
-0.003006237,0.9805408,-0.01506118,0.1957137
-0.003006237,0.9805408,-0.01506118,0.1957137
-0.003006237,0.9805408,-0.01506118,0.1957137
-0.003006237,0.9805408,-0.01506118,0.1957137
-0.003006237,0.9805408,-0.01506118,0.1957137
-0.003006237,0.9805408,-0.01506118,0.1957137
-0.003006237,0.9805408,-0.01506118,0.1957137
-0.003006237,0.9805408,-0.01506118,0.1957137
-0.003006237,0.9805408,-0.01506118,0.1957137
-0.003006237,0.9805408,-0.01506118,0.1957137
-0.003006237,0.9805408,-0.01506118,0.1957137
-0.003006237,0.9805408,-0.01506118,0.1957137
-0.003006237,0.9805408,-0.01506118,0.1957137
-0.003006237,0.9805408,-0.01506118,0.1957137
-0.003007318,0.9805267,-0.01506096,0.1957841
-0.003011037,0.9804784,-0.01506022,0.1960262
-0.003017373,0.9803959,-0.01505895,0.1964388
-0.003024666,0.9803006,-0.01505749,0.1969136
-0.003036277,0.9801484,-0.01505515,0.1976695
-0.003050504,0.9799612,-0.01505227,0.1985957
-0.003063978,0.9797829,-0.01504953,0.1994729
-0.003083448,0.9795241,-0.01504556,0.2007405
-0.003105544,0.9792281,-0.01504101,0.202179
-0.003130254,0.9788947,-0.01503589,0.2037877
-0.003157596,0.9785224,-0.01503017,0.2055678
-0.003181664,0.9781919,-0.01502509,0.2071347
-0.003214219,0.9777407,-0.01501816,0.2092542
-0.003249355,0.9772483,-0.0150106,0.2115417
-0.003279569,0.9768205,-0.01500403,0.2135087
-0.003319912,0.9762427,-0.01499515,0.2161352
-0.003362853,0.9756195,-0.01498558,0.2189309
-0.003399187,0.9750857,-0.01497738,0.2212964
-0.003437912,0.9745101,-0.01496854,0.2238175
-0.003478582,0.9738982,-0.01495914,0.2264653
-0.003531874,0.9730849,-0.01494665,0.2299348
-0.003576785,0.9723893,-0.01493596,0.2328587
-0.00363518,0.9714711,-0.01492186,0.2366605
-0.003696136,0.9704957,-0.01490688,0.2406289
-0.003747054,0.9696677,-0.01489416,0.2439439
-0.003799696,0.9687991,-0.01488082,0.2473711
-0.003868261,0.9676484,-0.01486314,0.251835
-0.003925138,0.9666771,-0.01484822,0.2555379
-0.003998761,0.9653973,-0.01482856,0.260331
-0.004059839,0.9643162,-0.01481196,0.2643074
-0.004122629,0.9631864,-0.0147946,0.2683953
-0.004203687,0.9617004,-0.01477178,0.2736725
-0.004270633,0.9604493,-0.01475256,0.2780309
-0.004339218,0.9591455,-0.01473253,0.2824961
-0.004427635,0.9574313,-0.0147062,0.2882524
-0.004500325,0.9559938,-0.01468412,0.2929848
-0.004593557,0.9541125,-0.01465522,0.2990545
-0.004689162,0.9521392,-0.01462491,0.3052787
-0.004767446,0.9504901,-0.01459958,0.3103753
-0.004867766,0.9483325,-0.01456644,0.3169065
-0.004950013,0.9465262,-0.0145387,0.3222611
-0.005033803,0.9446515,-0.0145099,0.3277161
-0.005141079,0.9421995,-0.01447224,0.3347002
-0.005206869,0.940667,-0.0144487,0.3389834
-0.005318718,0.938011,-0.0144079,0.3462652
-0.005410098,0.9357934,-0.01437384,0.3522143
-0.005502946,0.9334959,-0.01433855,0.3582591
-0.005574181,0.9317028,-0.01431101,0.3628968
-0.005670795,0.9292284,-0.014273,0.3691868
-0.005793715,0.9260089,-0.01422355,0.3771894
-0.005893883,0.9233256,-0.01418233,0.3837107
-0.00599547,0.9205494,-0.01413969,0.3903244
-0.006124574,0.91694,-0.01408425,0.3987296
-0.006229571,0.9139371,-0.01403813,0.4055652
-0.006335861,0.9108349,-0.01399047,0.4124852
-0.006443758,0.9076209,-0.0139411,0.4195097
-0.006553384,0.9042879,-0.01388991,0.4266468
-0.006692256,0.8999668,-0.01382354,0.4356879
-0.006804979,0.8963769,-0.0137684,0.4430267
-0.006918869,0.8926739,-0.01371152,0.4504414
-0.007063099,0.8878735,-0.01363778,0.4598313
-0.007179907,0.8838935,-0.01357665,0.4674359
-0.007297765,0.8797929,-0.01351366,0.475109
-0.007446898,0.8744801,-0.01343206,0.4848182
-0.00756742,0.8700837,-0.01336453,0.4926646
-0.007719522,0.8644018,-0.01327725,0.5025671
-0.007842505,0.8596969,-0.01320498,0.5105737
-0.007966368,0.8548562,-0.01313063,0.5186376
-0.008122616,0.8486013,-0.01303456,0.5288099
-0.008248687,0.8434312,-0.01295514,0.5370176
-0.008375486,0.838118,-0.01287353,0.5452728
-0.008535309,0.8312559,-0.01276813,0.5556779
-0.00866398,0.8255945,-0.01268117,0.564055
-0.008825783,0.818298,-0.01256909,0.574589
-0.008956079,0.8122754,-0.01247658,0.5830718
-0.009086882,0.8060945,-0.01238164,0.5915877
-0.009251215,0.7981324,-0.01225934,0.6022865
-0.009383298,0.79157,-0.01215854,0.6108856
-0.009548826,0.7831351,-0.01202898,0.621662
-0.00968179,0.7761847,-0.01192223,0.6303185
-0.009814971,0.7690625,-0.01181283,0.6389891
-0.009981859,0.7599038,-0.01167215,0.6498541
-0.01011561,0.7523695,-0.01155642,0.6585622
-0.01022517,0.7460662,-0.0114596,0.6656947
-0.01029515,0.7419757,-0.01139677,0.670251
-0.01030882,0.741171,-0.01138441,0.6711406
-0.01030882,0.741171,-0.01138441,0.6711406
-0.01030882,0.741171,-0.01138441,0.6711406
-0.01030882,0.741171,-0.01138441,0.6711406
-0.01030882,0.741171,-0.01138441,0.6711406
-0.01030882,0.741171,-0.01138441,0.6711406
-0.01030882,0.741171,-0.01138441,0.6711406
-0.01030882,0.741171,-0.01138441,0.6711406
-0.01030882,0.741171,-0.01138441,0.6711406
-0.01030882,0.741171,-0.01138441,0.6711406
-0.01030882,0.741171,-0.01138441,0.6711406
-0.01030882,0.741171,-0.01138441,0.6711406
-0.01030882,0.741171,-0.01138441,0.6711406
-0.01030882,0.741171,-0.01138441,0.6711406
-0.01030882,0.741171,-0.01138441,0.6711406
-0.01030882,0.741171,-0.01138441,0.6711406
-0.01030882,0.741171,-0.01138441,0.6711406
-0.01030882,0.741171,-0.01138441,0.6711406
-0.01030882,0.741171,-0.01138441,0.6711406
-0.01030882,0.741171,-0.01138441,0.6711406
-0.01030882,0.741171,-0.01138441,0.6711406
-0.01030882,0.741171,-0.01138441,0.6711406
-0.01030882,0.741171,-0.01138441,0.6711406
-0.01030882,0.741171,-0.01138441,0.6711406
-0.01030882,0.741171,-0.01138441,0.6711406
-0.01030882,0.741171,-0.01138441,0.6711406
-0.01030882,0.741171,-0.01138441,0.6711406
-0.01030882,0.741171,-0.01138441,0.6711406
-0.01030882,0.741171,-0.01138441,0.6711406
-0.01030882,0.741171,-0.01138441,0.6711406
-0.01030882,0.741171,-0.01138441,0.6711406
-0.01030882,0.741171,-0.01138441,0.6711406
-0.01030882,0.741171,-0.01138441,0.6711406
-0.01030882,0.741171,-0.01138441,0.6711406
-0.01030882,0.741171,-0.01138441,0.6711406
-0.01030882,0.741171,-0.01138441,0.6711406
-0.01030882,0.741171,-0.01138441,0.6711406
-0.01030882,0.741171,-0.01138441,0.6711406
-0.01030882,0.741171,-0.01138441,0.6711406
-0.01030882,0.741171,-0.01138441,0.6711406
-0.01030882,0.741171,-0.01138441,0.6711406
-0.01030882,0.741171,-0.01138441,0.6711406
-0.01030882,0.741171,-0.01138441,0.6711406
-0.01030882,0.741171,-0.01138441,0.6711406
-0.01030882,0.741171,-0.01138441,0.6711406
-0.01030882,0.741171,-0.01138441,0.6711406
-0.01030882,0.741171,-0.01138441,0.6711406
-0.01030882,0.741171,-0.01138441,0.6711406
-0.01030882,0.741171,-0.01138441,0.6711406
-0.01030882,0.741171,-0.01138441,0.6711406
-0.01030882,0.741171,-0.01138441,0.6711406
-0.01030882,0.741171,-0.01138441,0.6711406
-0.01030882,0.741171,-0.01138441,0.6711406
-0.01030882,0.741171,-0.01138441,0.6711406
-0.01030882,0.741171,-0.01138441,0.6711406
-0.01030882,0.741171,-0.01138441,0.6711406
-0.01030882,0.741171,-0.01138441,0.6711406
-0.01030882,0.741171,-0.01138441,0.6711406
-0.01030882,0.741171,-0.01138441,0.6711406
-0.01030882,0.741171,-0.01138441,0.6711406
-0.01030882,0.741171,-0.01138441,0.6711406
-0.01030882,0.741171,-0.01138441,0.6711406
-0.01030882,0.741171,-0.01138441,0.6711406
-0.01030882,0.741171,-0.01138441,0.6711406
-0.01030882,0.741171,-0.01138441,0.6711406
-0.01030882,0.741171,-0.01138441,0.6711406
-0.01030882,0.741171,-0.01138441,0.6711406
-0.01030882,0.741171,-0.01138441,0.6711406
-0.01030882,0.741171,-0.01138441,0.6711406
-0.01030882,0.741171,-0.01138441,0.6711406
-0.01030882,0.741171,-0.01138441,0.6711406
-0.01030882,0.741171,-0.01138441,0.6711406
-0.01030882,0.741171,-0.01138441,0.6711406
-0.01030882,0.741171,-0.01138441,0.6711406
-0.01030929,0.7411432,-0.01138399,0.6711713
-0.01031167,0.7410029,-0.01138183,0.6713262
-0.01031603,0.7407454,-0.01137787,0.6716103
-0.01032237,0.740371,-0.01137212,0.672023
-0.01033071,0.7398778,-0.01136455,0.6725659
-0.01033904,0.7393845,-0.01135697,0.6731083
-0.01035131,0.7386562,-0.01134578,0.6739074
-0.01036556,0.7378092,-0.01133277,0.6748346
-0.01038175,0.7368435,-0.01131794,0.6758889
-0.01039991,0.735757,-0.01130125,0.6770715
-0.0104161,0.7347856,-0.01128633,0.6781256
-0.01043815,0.7334587,-0.01126595,0.6795605
-0.0104575,0.7322893,-0.01124799,0.6808205
-0.01047813,0.7310382,-0.01122877,0.6821638
-0.01050593,0.7293453,-0.01120277,0.6839734
-0.01052977,0.7278866,-0.01118036,0.6855256
-0.01055489,0.7263427,-0.01115665,0.6871611
-0.01058836,0.7242751,-0.01112489,0.6893402
-0.01062363,0.7220823,-0.01109121,0.6916368
-0.01066075,0.7197601,-0.01105554,0.694053
-0.01069205,0.7177896,-0.01102527,0.6960906
-0.01072455,0.7157312,-0.01099365,0.698207
-0.01076708,0.7130201,-0.01095201,0.7009754
-0.01080259,0.7107399,-0.01091698,0.7032872
-0.01083928,0.7083681,-0.01088055,0.7056761
-0.01088706,0.7052559,-0.01083275,0.7087865
-0.01093648,0.7020076,-0.01078286,0.7120039
-0.01098756,0.6986189,-0.0107308,0.7153292
-0.01102988,0.6957866,-0.0106873,0.7180845
-0.01107329,0.6928577,-0.01064231,0.7209108
-0.01112924,0.6890476,-0.01058379,0.7245533
-0.01117533,0.6858783,-0.01053511,0.7275541
-0.01122245,0.68261,-0.01048491,0.7306215
-0.01128302,0.6783646,-0.0104197,0.7345649
-0.01132035,0.6757236,-0.01037913,0.7369952
-0.01137132,0.6720864,-0.01032326,0.7403135
-0.01142344,0.6683294,-0.01026556,0.7437069
-0.01147647,0.6644677,-0.01020624,0.7471592
-0.01154427,0.6594709,-0.01012949,0.7515733
-0.01159954,0.6553468,-0.01006614,0.7551719
-0.01166989,0.6500317,-0.009984501,0.7597519
-0.01172727,0.6456397,-0.009917039,0.7634877
-0.01178544,0.641135,-0.009847847,0.7672744
-0.01185936,0.6353312,-0.009758699,0.772087
-0.01191944,0.6305474,-0.009685218,0.7759988
-0.0119802,0.6256481,-0.009609967,0.7799542
-0.0120573,0.6193383,-0.009513045,0.784974
-0.01210405,0.6154615,-0.009453497,0.7880174
-0.01218315,0.6088099,-0.009351329,0.7931675
-0.01224723,0.6033357,-0.009267244,0.7973394
-0.01231183,0.5977373,-0.009181253,0.8015448
-0.01239339,0.5905505,-0.009070862,0.8068545
-0.01245925,0.584647,-0.008980184,0.8111424
-0.01252549,0.5786169,-0.008887562,0.815455
-0.01260901,0.5708764,-0.008768667,0.8208923
-0.01267623,0.5645317,-0.008671213,0.8252685
-0.01276068,0.5564089,-0.008546447,0.8307667
-0.01282865,0.5497443,-0.008444078,0.8351918
-0.01289678,0.5429452,-0.008339643,0.8396277
-0.01298227,0.5342403,-0.008205934,0.8451932
-0.01305084,0.5271106,-0.008096423,0.8496579
-0.01311945,0.5198425,-0.007984783,0.8541241
-0.01320536,0.5105388,-0.007841878,0.8597175
-0.01327399,0.5029388,-0.007725141,0.8641856
-0.01335972,0.4932234,-0.007575911,0.8697671
-0.0134282,0.4852774,-0.00745386,0.8742254
-0.01349643,0.477188,-0.007329606,0.8786671
-0.01358147,0.4668486,-0.007170791,0.8842039
-0.01366586,0.4562913,-0.007008629,0.889698
-0.01374951,0.4455118,-0.006843055,0.8951443
-0.01381602,0.4367039,-0.006707763,0.8994743
-0.01388198,0.4277464,-0.006570176,0.9037683
-0.01396367,0.4163232,-0.006394715,0.9090869
-0.01401237,0.4093288,-0.00628728,0.9122577
-0.01409262,0.39748,-0.00610528,0.9174823
-0.01415603,0.3878117,-0.005956775,0.9216107
-0.01421857,0.3779905,-0.00580592,0.9256821
-0.01429551,0.3654838,-0.005613816,0.9306911
-0.01435599,0.3552928,-0.005457281,0.9346289
-0.01441539,0.344949,-0.0052984,0.9384958
-0.01448814,0.3317781,-0.005096094,0.9432325
-0.01454499,0.321062,-0.004931493,0.9469337
-0.01461425,0.3074432,-0.004722307,0.9514425
-0.01466819,0.2963563,-0.004552011,0.954954
-0.01472065,0.2851159,-0.004379358,0.95837
-0.01477168,0.2737018,-0.004204036,0.961692
-0.01482123,0.2621009,-0.004025845,0.9649183
-0.0148691,0.2503466,-0.003845299,0.9680344
-0.01492584,0.2355998,-0.003618786,0.9717289
-0.01495799,0.2267952,-0.003483547,0.9738214
-0.01497898,0.2208431,-0.003392123,0.9751884
-0.01498297,0.219693,-0.003374457,0.9754482
-0.01498297,0.219693,-0.003374457,0.9754482
-0.01498297,0.219693,-0.003374457,0.9754482
-0.01498297,0.219693,-0.003374457,0.9754482
-0.01498297,0.219693,-0.003374457,0.9754482
-0.01498297,0.219693,-0.003374457,0.9754482
-0.01498297,0.219693,-0.003374457,0.9754482
-0.01498297,0.219693,-0.003374457,0.9754482
-0.01498297,0.219693,-0.003374457,0.9754482
-0.01498297,0.219693,-0.003374457,0.9754482
-0.01498297,0.219693,-0.003374457,0.9754482
-0.01498297,0.219693,-0.003374457,0.9754482
-0.01498297,0.219693,-0.003374457,0.9754482
-0.01498297,0.219693,-0.003374457,0.9754482
-0.01498297,0.219693,-0.003374457,0.9754482
-0.01498297,0.219693,-0.003374457,0.9754482
-0.01498297,0.219693,-0.003374457,0.9754482
-0.01498297,0.219693,-0.003374457,0.9754482
-0.01498297,0.219693,-0.003374457,0.9754482
-0.01498297,0.219693,-0.003374457,0.9754482
-0.01498275,0.2197587,-0.003375467,0.9754334
-0.01498193,0.2199944,-0.003379087,0.9753802
-0.01498082,0.2203142,-0.003383999,0.9753081
-0.01497882,0.2208907,-0.003392854,0.9751777
-0.01497671,0.221495,-0.003402136,0.9750406
-0.01497419,0.2222164,-0.003413217,0.9748765
-0.01497037,0.2233056,-0.003429948,0.9746275
-0.01496684,0.2243049,-0.003445297,0.974398
-0.01496178,0.2257329,-0.003467231,0.9740682
-0.01495719,0.2270177,-0.003486966,0.9737695
-0.01495084,0.2287834,-0.003514087,0.9733562
-0.01494519,0.2303438,-0.003538055,0.9729882
-0.01493907,0.2320206,-0.00356381,0.9725897
-0.0149307,0.2342928,-0.003598711,0.9720448
-0.01492341,0.2362539,-0.003628834,0.9715701
-0.01491562,0.2383287,-0.003660704,0.9710631
-0.01490509,0.2411059,-0.003703361,0.9703773
-0.01489608,0.2434547,-0.003739439,0.9697907
-0.014884,0.2465667,-0.00378724,0.9690042
-0.01487366,0.2491977,-0.003827652,0.9683309
-0.01486275,0.2519403,-0.003869778,0.9676209
-0.01484819,0.2555533,-0.003925274,0.966673
-0.01483274,0.2593276,-0.003983247,0.9656674
-0.01481635,0.2632681,-0.004043773,0.9646004
-0.01480243,0.2665674,-0.00409445,0.9636939
-0.01479146,0.2691357,-0.0041339,0.9629798
-0.01477226,0.2735695,-0.004202003,0.9617297
-0.01475605,0.2772524,-0.004258572,0.9606744
-0.01473911,0.2810451,-0.004316829,0.9595717
-0.01471678,0.2859638,-0.00439238,0.9581174
-0.01469328,0.2910408,-0.004470365,0.9565874
-0.01466856,0.2962769,-0.004550792,0.9549786
-0.01464777,0.3006066,-0.004617296,0.9536246
-0.01462611,0.3050431,-0.004685441,0.9522147
-0.01459772,0.3107542,-0.004773165,0.9503662
-0.01458595,0.3130884,-0.004809019,0.9495998
-0.0145551,0.3191141,-0.004901575,0.9475918
-0.01452924,0.3240712,-0.004977717,0.945908
-0.01450238,0.3291311,-0.005055437,0.9441594
-0.01446727,0.3356158,-0.005155044,0.9418738
-0.01443793,0.3409305,-0.005236677,0.9399631
-0.01440749,0.3463442,-0.005319832,0.9379818
-0.01436774,0.3532751,-0.005426291,0.9353935
-0.01433459,0.3589365,-0.005513253,0.9332356
-0.01429144,0.3661568,-0.005624157,0.9304264
-0.01425543,0.3720593,-0.005714819,0.928082
-0.01421816,0.3780568,-0.005806942,0.9256551
-0.01416964,0.3857004,-0.005924349,0.9224962
-0.01412923,0.3919326,-0.006020077,0.9198658
-0.01408747,0.3982541,-0.006117175,0.9171466
-0.01403312,0.4063051,-0.006240839,0.9136084
-0.01398797,0.412851,-0.006341385,0.9106691
-0.0139294,0.4211611,-0.006469029,0.9068559
-0.0138807,0.4279221,-0.006572878,0.9036852
-0.01383043,0.4347665,-0.006678008,0.9004123
-0.01376522,0.4434507,-0.006811397,0.8961672
-0.01371111,0.4505005,-0.006919684,0.8926441
-0.01365532,0.4576263,-0.007029138,0.8890119
-0.01358297,0.4666635,-0.007167949,0.8843017
-0.01352306,0.4739811,-0.007280347,0.8804011
-0.01344557,0.4832338,-0.00742247,0.8753566
-0.01338134,0.4907325,-0.00753765,0.871175
-0.01331522,0.4982972,-0.007653845,0.8668703
-0.01325375,0.5051955,-0.007759805,0.8628682
-0.01323872,0.5068641,-0.007785433,0.8618892
-0.01323872,0.5068641,-0.007785433,0.8618892
-0.01323872,0.5068641,-0.007785433,0.8618892
-0.01323872,0.5068641,-0.007785433,0.8618892
-0.01323872,0.5068641,-0.007785433,0.8618892
-0.01323872,0.5068641,-0.007785433,0.8618892
-0.01323872,0.5068641,-0.007785433,0.8618892
-0.01323872,0.5068641,-0.007785433,0.8618892
-0.01323872,0.5068641,-0.007785433,0.8618892
-0.01323872,0.5068641,-0.007785433,0.8618892
-0.01323872,0.5068641,-0.007785433,0.8618892
-0.01323872,0.5068641,-0.007785433,0.8618892
-0.01323872,0.5068641,-0.007785433,0.8618892
-0.01323872,0.5068641,-0.007785433,0.8618892
-0.01323872,0.5068641,-0.007785433,0.8618892
-0.01323872,0.5068641,-0.007785433,0.8618892
-0.01323872,0.5068641,-0.007785433,0.8618892
-0.01323872,0.5068641,-0.007785433,0.8618892
-0.01323872,0.5068641,-0.007785433,0.8618892
-0.01323872,0.5068641,-0.007785433,0.8618892
-0.01323872,0.5068641,-0.007785433,0.8618892
-0.01323872,0.5068641,-0.007785433,0.8618892
-0.01323872,0.5068641,-0.007785433,0.8618892
-0.01323872,0.5068641,-0.007785433,0.8618892
-0.01323872,0.5068641,-0.007785433,0.8618892
-0.01323872,0.5068641,-0.007785433,0.8618892
-0.01323872,0.5068641,-0.007785433,0.8618892
-0.01323872,0.5068641,-0.007785433,0.8618892
-0.01323872,0.5068641,-0.007785433,0.8618892
-0.01323872,0.5068641,-0.007785433,0.8618892
-0.01323872,0.5068641,-0.007785433,0.8618892
-0.01323872,0.5068641,-0.007785433,0.8618892
-0.01323872,0.5068641,-0.007785433,0.8618892
-0.01323872,0.5068641,-0.007785433,0.8618892
-0.01323872,0.5068641,-0.007785433,0.8618892
-0.01323872,0.5068641,-0.007785433,0.8618892
-0.01323872,0.5068641,-0.007785433,0.8618892
-0.01323872,0.5068641,-0.007785433,0.8618892
-0.01323926,0.5068043,-0.007784514,0.8619244
-0.01324115,0.5065944,-0.007781289,0.8620478
-0.0132444,0.5062342,-0.007775757,0.8622593
-0.013249,0.5057233,-0.007767911,0.862559
-0.01325383,0.5051873,-0.007759679,0.8628731
-0.01326113,0.5043745,-0.007747193,0.8633485
-0.01326977,0.5034104,-0.007732383,0.863911
-0.01327974,0.5022951,-0.007715251,0.8645599
-0.01329104,0.5010273,-0.007695777,0.8652952
-0.01330123,0.499879,-0.007678139,0.8659591
-0.01331515,0.4983066,-0.007653988,0.8668649
-0.01333035,0.496581,-0.007627482,0.8678545
-0.01334359,0.4950714,-0.007604294,0.8687166
-0.0133577,0.4934563,-0.007579487,0.869635
-0.01337671,0.4912685,-0.007545882,0.8708729
-0.01339693,0.4889269,-0.007509913,0.8721896
-0.01341837,0.4864284,-0.007471537,0.8735854
-0.013441,0.4837732,-0.007430753,0.8750587
-0.01346479,0.4809605,-0.00738755,0.8766077
-0.01348973,0.47799,-0.007341922,0.878231
-0.01351065,0.4754793,-0.007303358,0.8795928
-0.0135323,0.4728617,-0.007263151,0.8810028
-0.01356061,0.4694124,-0.007210168,0.8828455
-0.01358409,0.4665259,-0.007165831,0.8843742
-0.01361448,0.4627554,-0.007107915,0.886353
-0.0136397,0.4595968,-0.007059399,0.8879949
-0.01366558,0.456326,-0.007009159,0.8896801
-0.01369896,0.4520647,-0.006943704,0.891853
-0.01372644,0.448517,-0.006889211,0.8936423
-0.01375453,0.4448556,-0.006832972,0.8954707
-0.01379058,0.4400985,-0.006759903,0.8978181
-0.01382009,0.4361583,-0.00669938,0.8997389
-0.01385776,0.4310625,-0.006621107,0.9021913
-0.01388083,0.4279044,-0.006572598,0.9036935
-0.01391219,0.4235654,-0.00650595,0.9057353
-0.01395212,0.4179614,-0.006419874,0.908335
-0.01398462,0.413332,-0.006348766,0.9104509
-0.01402576,0.4073811,-0.006257359,0.9131291
-0.0140674,0.4012502,-0.006163187,0.9158398
-0.01410945,0.3949426,-0.006066301,0.9185775
-0.01415187,0.3884559,-0.005966666,0.9213393
-0.0141862,0.3831108,-0.005884564,0.9235747
-0.01420352,0.3803814,-0.005842641,0.9247022
-0.01424737,0.373366,-0.005734883,0.927557
-0.01428266,0.3676079,-0.005646438,0.929854
-0.01432694,0.3602291,-0.005533098,0.9327374
-0.01436257,0.3541661,-0.00543997,0.9350564
-0.01439822,0.3479753,-0.005344879,0.9373779
-0.01444287,0.3400427,-0.005223034,0.9402847
-0.01446977,0.3351597,-0.005148031,0.9420362
-0.0145145,0.3268596,-0.005020539,0.9449481
-0.01455022,0.3200566,-0.004916044,0.947274
-0.01458577,0.313124,-0.004809558,0.9495881
-0.01462996,0.3042606,-0.004673415,0.9524651
-0.01466507,0.297009,-0.004562031,0.9547512
-0.01469986,0.2896284,-0.004448665,0.957016
-0.01474294,0.2801936,-0.004303746,0.9598206
-0.01478531,0.2705648,-0.004155847,0.9625793
-0.0148269,0.2607392,-0.004004926,0.9652871
-0.01485966,0.2527113,-0.003881617,0.9674199
-0.01489185,0.2445492,-0.003756246,0.9695153
-0.01492349,0.2362326,-0.003628503,0.9715752
-0.01495456,0.2277503,-0.003498215,0.9735985
-0.01499235,0.2169635,-0.003332528,0.9760589
-0.01502176,0.2081648,-0.003197379,0.9779732
-0.01505031,0.1992316,-0.003060164,0.9798321
-0.01508476,0.1878627,-0.002885536,0.9820753
-0.01511127,0.1786046,-0.002743332,0.9838011
-0.01514295,0.1668471,-0.002562735,0.9858632
-0.0151671,0.1572724,-0.002415668,0.9874359
-0.0151901,0.1475652,-0.002266563,0.9889331
-0.01521716,0.1352291,-0.002077079,0.9906953
-0.0152374,0.1251989,-0.001923015,0.9920129
-0.01525628,0.1150394,-0.001766965,0.9932422
-0.01527794,0.1021319,-0.001568705,0.9946523
-0.015292,0.09278391,-0.001425118,0.9955678
-0.01530128,0.08605678,-0.001321789,0.9961719
-0.01530252,0.08511784,-0.001307367,0.9962525
-0.01530252,0.08511784,-0.001307367,0.9962525
-0.01530252,0.08511784,-0.001307367,0.9962525
-0.01530252,0.08511784,-0.001307367,0.9962525
-0.01530252,0.08511784,-0.001307367,0.9962525
-0.01530252,0.08511784,-0.001307367,0.9962525
-0.01530252,0.08511784,-0.001307367,0.9962525
-0.01530252,0.08511784,-0.001307367,0.9962525
-0.01530252,0.08511784,-0.001307367,0.9962525
-0.01530252,0.08511784,-0.001307367,0.9962525
-0.01530253,0.08511107,-0.001307262,0.9962531
-0.01530272,0.08497045,-0.001305103,0.9962651
-0.01530313,0.08465681,-0.001300285,0.9962919
-0.01530365,0.08425898,-0.001294174,0.9963256
-0.0153045,0.08359685,-0.001284004,0.9963813
-0.01530557,0.08276009,-0.001271151,0.9964512
-0.01530685,0.0817512,-0.001255655,0.9965345
-0.01530833,0.08056591,-0.001237449,0.996631
-0.01531,0.07920809,-0.001216593,0.9967398
-0.01531148,0.07798894,-0.001197866,0.9968359
-0.01531351,0.07628154,-0.00117164,0.996968
-0.01531527,0.0747693,-0.001148412,0.9970826
-0.01531667,0.07354772,-0.001129649,0.9971735
-0.01531915,0.07131884,-0.001095413,0.9973353
-0.01532124,0.06939586,-0.001065876,0.997471
-0.01532394,0.06681662,-0.001026258,0.997647
-0.01532618,0.06460037,-0.0009922165,0.997793
-0.01532847,0.06226354,-0.0009563228,0.9979416
-0.01533137,0.05915908,-0.0009086379,0.9981304
-0.01533371,0.05652926,-0.0008682436,0.9982828
-0.01533662,0.05307851,-0.0008152397,0.9984723
-0.01533893,0.05016172,-0.0007704376,0.998623
-0.0153412,0.04712557,-0.0007238022,0.9987709
-0.01534397,0.04314795,-0.0006627055,0.9989507
-0.01534609,0.03981641,-0.0006115328,0.999089
-0.01534763,0.03722103,-0.0005716675,0.999189
-0.01535005,0.03271908,-0.0005025173,0.9993466
-0.01535182,0.02897721,-0.0004450418,0.9994621
-0.01535306,0.02605816,-0.000400205,0.9995425
-0.01535455,0.02202223,-0.0003382128,0.9996395
-0.01535582,0.01786771,-0.0002743989,0.9997224
-0.01535707,0.01249002,-0.0001917971,0.999804
-0.01535778,0.008041178,-0.0001234626,0.9998498
-0.01535818,0.003474502,-5.331806E-05,0.9998761
-0.01535823,-0.002426202,3.731726E-05,0.9998791
-0.01535787,-0.007286937,0.0001119786,0.9998555
-0.01535687,-0.0135367,0.0002079754,0.9997904
-0.01535559,-0.01869002,0.0002871308,0.9997074
-0.01535386,-0.0239609,0.000368092,0.999595
-0.01535101,-0.03073203,0.0004720971,0.9994097
-0.01534815,-0.03629564,0.0005575547,0.9992231
-0.01534473,-0.0419755,0.0006447976,0.9990007
-0.01533961,-0.04926495,0.0007567643,0.9986677
-0.01533482,-0.05523415,0.0008484518,0.9983553
-0.01532788,-0.06286742,0.0009656994,0.9979038
-0.01532152,-0.06912395,0.0010618,0.9974899
-0.01531443,-0.07549614,0.001159677,0.9970279
-0.01530444,-0.08364,0.001284768,0.9963777
-0.01529551,-0.09029804,0.001387036,0.9957964
-0.01528757,-0.09583174,0.001472034,0.9952791
-0.01528552,-0.0972066,0.001493152,0.9951458
-0.01528552,-0.0972066,0.001493152,0.9951458
-0.01528552,-0.0972066,0.001493152,0.9951458
-0.01528552,-0.0972066,0.001493152,0.9951458
-0.01528552,-0.0972066,0.001493152,0.9951458
-0.01528552,-0.0972066,0.001493152,0.9951458
-0.01528552,-0.0972066,0.001493152,0.9951458
-0.01528552,-0.0972066,0.001493152,0.9951458
-0.01528552,-0.0972066,0.001493152,0.9951458
-0.01528552,-0.0972066,0.001493152,0.9951458
-0.01528552,-0.0972066,0.001493152,0.9951458
-0.01528552,-0.0972066,0.001493152,0.9951458
-0.01528552,-0.0972066,0.001493152,0.9951458
-0.01528552,-0.0972066,0.001493152,0.9951458
-0.01528552,-0.0972066,0.001493152,0.9951458
-0.01528552,-0.0972066,0.001493152,0.9951458
-0.01528552,-0.0972066,0.001493152,0.9951458
-0.01528552,-0.0972066,0.001493152,0.9951458
-0.01528552,-0.0972066,0.001493152,0.9951458
-0.01528552,-0.0972066,0.001493152,0.9951458
-0.01528552,-0.0972066,0.001493152,0.9951458
-0.01528552,-0.0972066,0.001493152,0.9951458
-0.01528552,-0.0972066,0.001493152,0.9951458
-0.01528552,-0.0972066,0.001493152,0.9951458
-0.01528552,-0.0972066,0.001493152,0.9951458
-0.01528552,-0.0972066,0.001493152,0.9951458
-0.01528552,-0.0972066,0.001493152,0.9951458
-0.01528552,-0.0972066,0.001493152,0.9951458
-0.01528552,-0.0972066,0.001493152,0.9951458
-0.01528552,-0.0972066,0.001493152,0.9951458
-0.01528552,-0.0972066,0.001493152,0.9951458
-0.01528552,-0.0972066,0.001493152,0.9951458
-0.01528552,-0.0972066,0.001493152,0.9951458
-0.01528552,-0.0972066,0.001493152,0.9951458
-0.01528552,-0.0972066,0.001493152,0.9951458
-0.01528552,-0.0972066,0.001493152,0.9951458
-0.01528552,-0.0972066,0.001493152,0.9951458
-0.01528552,-0.0972066,0.001493152,0.9951458
-0.01528552,-0.0972066,0.001493152,0.9951458
-0.01528552,-0.0972066,0.001493152,0.9951458
-0.01528552,-0.0972066,0.001493152,0.9951458
-0.01528552,-0.0972066,0.001493152,0.9951458
-0.01528552,-0.0972066,0.001493152,0.9951458
-0.01528552,-0.0972066,0.001493152,0.9951458
-0.01528552,-0.0972066,0.001493152,0.9951458
-0.01528552,-0.0972066,0.001493152,0.9951458
-0.01528552,-0.0972066,0.001493152,0.9951458
-0.01528552,-0.0972066,0.001493152,0.9951458
-0.01528552,-0.0972066,0.001493152,0.9951458
-0.01528552,-0.0972066,0.001493152,0.9951458
-0.01528552,-0.0972066,0.001493152,0.9951458
-0.01528552,-0.0972066,0.001493152,0.9951458
-0.01528552,-0.0972066,0.001493152,0.9951458
-0.01528552,-0.0972066,0.001493152,0.9951458
-0.01528552,-0.0972066,0.001493152,0.9951458
-0.01528552,-0.0972066,0.001493152,0.9951458
-0.01528552,-0.0972066,0.001493152,0.9951458
-0.01528552,-0.0972066,0.001493152,0.9951458
-0.01528552,-0.0972066,0.001493152,0.9951458
-0.01528552,-0.0972066,0.001493152,0.9951458
-0.01528552,-0.0972066,0.001493152,0.9951458
-0.01528552,-0.0972066,0.001493152,0.9951458
-0.01528552,-0.0972066,0.001493152,0.9951458
-0.01528552,-0.0972066,0.001493152,0.9951458
-0.01528552,-0.0972066,0.001493152,0.9951458
-0.01528552,-0.0972066,0.001493152,0.9951458
-0.01528552,-0.0972066,0.001493152,0.9951458
-0.01528552,-0.0972066,0.001493152,0.9951458
-0.01528552,-0.0972066,0.001493152,0.9951458
-0.01528552,-0.0972066,0.001493152,0.9951458
-0.01528552,-0.0972066,0.001493152,0.9951458
-0.01528552,-0.0972066,0.001493152,0.9951458
-0.01528552,-0.0972066,0.001493152,0.9951458
-0.01528552,-0.0972066,0.001493152,0.9951458
-0.01528552,-0.0972066,0.001493152,0.9951458
-0.01528552,-0.0972066,0.001493152,0.9951458
-0.01528552,-0.0972066,0.001493152,0.9951458
-0.01528552,-0.0972066,0.001493152,0.9951458
-0.01528536,-0.09730991,0.001494739,0.9951357
-0.01528494,-0.09758706,0.001498996,0.9951085
-0.01528494,-0.09758706,0.001498996,0.9951085
-0.01528494,-0.09758706,0.001498996,0.9951085
-0.01528494,-0.09758706,0.001498996,0.9951085
-0.01528494,-0.09758706,0.001498996,0.9951085
-0.01528494,-0.09758706,0.001498996,0.9951085
-0.01528494,-0.09758706,0.001498996,0.9951085
-0.01528494,-0.09758706,0.001498996,0.9951085
-0.01528494,-0.09758706,0.001498996,0.9951085
-0.01528494,-0.09758706,0.001498996,0.9951085
-0.01528494,-0.09758706,0.001498996,0.9951085
-0.01528494,-0.09758706,0.001498996,0.9951085
-0.01528494,-0.09758706,0.001498996,0.9951085
-0.01528494,-0.09758706,0.001498996,0.9951085
-0.01528494,-0.09758706,0.001498996,0.9951085
-0.01528494,-0.09758706,0.001498996,0.9951085
-0.01528494,-0.09758706,0.001498996,0.9951085
-0.01528494,-0.09758706,0.001498996,0.9951085
-0.01528494,-0.09758706,0.001498996,0.9951085
-0.01528494,-0.09758706,0.001498996,0.9951085
-0.01528494,-0.09758706,0.001498996,0.9951085
-0.01528494,-0.09758706,0.001498996,0.9951085
-0.01528494,-0.09758706,0.001498996,0.9951085
-0.01528492,-0.09760144,0.001499217,0.9951071
-0.01528466,-0.09777632,0.001501903,0.9950899
-0.01528423,-0.09806124,0.001506279,0.9950619
-0.01528344,-0.09858105,0.001514263,0.9950105
-0.01528238,-0.09927507,0.001524923,0.9949415
-0.01528131,-0.09996875,0.001535579,0.9948721
-0.01527969,-0.1010123,0.001551608,0.9947667
-0.01527814,-0.1020005,0.001566786,0.9946658
-0.01527639,-0.1031059,0.001583765,0.9945518
-0.01527388,-0.1046684,0.001607765,0.9943886
-0.01527161,-0.1060651,0.00162922,0.9942406
-0.01526912,-0.1075778,0.001652454,0.9940781
-0.01526562,-0.1096616,0.001684462,0.9938504
-0.01526253,-0.1114656,0.001712171,0.9936496
-0.0152583,-0.1138943,0.001749476,0.9933742
-0.01525458,-0.1159905,0.001781673,0.9931316
-0.01525057,-0.1182042,0.001815677,0.9928705
-0.01524511,-0.121151,0.00186094,0.9925153
-0.01524037,-0.1236534,0.001899377,0.9922066
-0.01523399,-0.1269425,0.001949897,0.9917912
-0.01522845,-0.1297277,0.001992678,0.9914308
-0.01522255,-0.132629,0.002037243,0.9910468
-0.01521461,-0.136436,0.002095718,0.9905298
-0.0152095,-0.1388285,0.002132468,0.9901974
-0.01520225,-0.1421568,0.00218359,0.9897251
-0.01519451,-0.14562,0.002236786,0.9892214
-0.01518632,-0.1491972,0.002291731,0.9886882
-0.01517535,-0.153856,0.002363291,0.9879739
-0.01516599,-0.1577173,0.002422602,0.9873649
-0.01515354,-0.1627143,0.002499356,0.9865537
-0.0151429,-0.1668598,0.002563032,0.985861
-0.01513168,-0.1711188,0.00262845,0.9851307
-0.01511676,-0.1766197,0.002712944,0.9841594
-0.01510407,-0.1811606,0.002782692,0.9833336
-0.01509073,-0.1858145,0.002854176,0.9824648
-0.01507301,-0.191813,0.002946314,0.9813113
-0.01505801,-0.1967435,0.003022047,0.9803348
-0.01503818,-0.2030709,0.003119236,0.9790436
-0.01502137,-0.2082773,0.003199206,0.9779493
-0.01500375,-0.2135936,0.003280865,0.9768019
-0.01498047,-0.2204086,0.003385544,0.9752868
-0.01496082,-0.2259959,0.003471366,0.9740072
-0.01493497,-0.2331294,0.003580937,0.9723245
-0.01491315,-0.2389764,0.003670748,0.9709039
-0.01489035,-0.2449294,0.003762186,0.9694193
-0.01486639,-0.2510238,0.003855795,0.9678591
-0.01484129,-0.2572421,0.00395131,0.9662249
-0.01481509,-0.2635646,0.004048423,0.9645195
-0.01478065,-0.2716364,0.004172408,0.9622774
-0.01475179,-0.2782069,0.00427333,0.9603984
-0.01471393,-0.2865773,0.004401901,0.957934
-0.01468218,-0.293399,0.004506683,0.9558667
-0.01464913,-0.3003191,0.004612975,0.9537152
-0.01460585,-0.3091259,0.004748249,0.9508971
-0.01456046,-0.3180721,0.004885663,0.9479421
-0.01451289,-0.3271574,0.005025213,0.9448451
-0.01447311,-0.3345425,0.005138649,0.9422556
-0.01442127,-0.3439004,0.005282386,0.9388806
-0.01437795,-0.3515045,0.005399186,0.9360602
-0.0143216,-0.3611228,0.005546924,0.9323918
-0.01426272,-0.3708676,0.005696605,0.9285587
-0.01421367,-0.3787653,0.005817914,0.9253654
-0.01416269,-0.386775,0.005940943,0.9220462
-0.0141098,-0.3948839,0.006065496,0.9186026
-0.01405508,-0.4030708,0.006191248,0.91504
-0.01398394,-0.4134254,0.006350294,0.9104085
-0.01392477,-0.4218048,0.006479003,0.9065566
-0.01384806,-0.4323771,0.006641394,0.9015622
-0.01378428,-0.4409295,0.00677276,0.8974104
-0.01371844,-0.4495487,0.006905151,0.8931239
-0.01363306,-0.460426,0.007072228,0.8875653
-0.01356222,-0.4692095,0.007207144,0.8829533
-0.01347058,-0.4802678,0.007377,0.8769875
-0.01341369,-0.4869705,0.007479954,0.8732834
-0.01333574,-0.4959612,0.007618052,0.8682088
-0.01323489,-0.5072826,0.007791948,0.861643
-0.0131514,-0.5164043,0.007932059,0.8562072
-0.01304361,-0.5278643,0.008108085,0.8491899
-0.01295442,-0.5370925,0.008249832,0.8433835
-0.01288572,-0.5440525,0.008356738,0.8389107
-0.01276779,-0.5557116,0.008535823,0.8312333
-0.01267037,-0.5650836,0.008679776,0.8248907
-0.01254485,-0.5768313,0.008860221,0.8167189
-0.0124412,-0.5862685,0.009005177,0.8099713
-0.01233479,-0.5957225,0.009150391,0.8030435
-0.0121977,-0.6075693,0.009332359,0.7941182
-0.01208468,-0.6170674,0.009478249,0.7867604
-0.01196879,-0.626568,0.009624178,0.7792155
-0.01182179,-0.6382872,0.009804185,0.7696452
-0.01173443,-0.6450837,0.009908577,0.7639576
-0.01168998,-0.648495,0.009960975,0.7610641
-0.01168344,-0.6489943,0.009968643,0.7606384
-0.01168344,-0.6489943,0.009968643,0.7606384
-0.01168344,-0.6489943,0.009968643,0.7606384
-0.01168344,-0.6489943,0.009968643,0.7606384
-0.01168344,-0.6489943,0.009968643,0.7606384
-0.01168344,-0.6489943,0.009968643,0.7606384
-0.01168344,-0.6489943,0.009968643,0.7606384
-0.01168344,-0.6489943,0.009968643,0.7606384
-0.01168344,-0.6489943,0.009968643,0.7606384
-0.01168344,-0.6489943,0.009968643,0.7606384
-0.01168344,-0.6489943,0.009968643,0.7606384
-0.01168344,-0.6489943,0.009968643,0.7606384
-0.01168344,-0.6489943,0.009968643,0.7606384
-0.01168344,-0.6489943,0.009968643,0.7606384
-0.01168344,-0.6489943,0.009968643,0.7606384
-0.01168344,-0.6489943,0.009968643,0.7606384
-0.01168308,-0.6490217,0.009969066,0.7606149
-0.01168098,-0.6491823,0.009971532,0.7604778
-0.01167776,-0.649428,0.009975306,0.7602681
-0.01167335,-0.6497636,0.009980462,0.7599812
-0.011666,-0.6503226,0.009989046,0.759503
-0.01165867,-0.65088,0.009997608,0.7590253
-0.01165223,-0.6513686,0.01000511,0.758606
-0.01163962,-0.652323,0.01001977,0.7577855
-0.01163099,-0.6529753,0.01002979,0.7572235
-0.011618,-0.6539547,0.01004484,0.7563779
-0.0116036,-0.6550378,0.01006147,0.7554401
-0.01158798,-0.6562088,0.01007946,0.7544231
-0.0115707,-0.6575,0.01009929,0.753298
-0.01155205,-0.6588885,0.01012062,0.7520839
-0.01152691,-0.660752,0.01014924,0.7504472
-0.01151059,-0.6619573,0.01016776,0.7493842
-0.01148761,-0.6636465,0.0101937,0.7478887
-0.01146322,-0.6654316,0.01022112,0.7463009
-0.01143713,-0.6673322,0.01025032,0.7446018
-0.01140974,-0.6693168,0.0102808,0.7428185
-0.01137339,-0.6719332,0.01032099,0.7404525
-0.01134278,-0.6741228,0.01035462,0.7384596
-0.01130257,-0.6769796,0.0103985,0.7358415
-0.01126866,-0.6793711,0.01043524,0.7336342
-0.0112334,-0.681842,0.01047319,0.7313382
-0.0111872,-0.6850535,0.01052252,0.728331
-0.01114856,-0.6877186,0.01056346,0.7258149
-0.01110827,-0.6904764,0.01060581,0.723192
-0.01107674,-0.6926198,0.01063874,0.7211393
-0.01103333,-0.6955503,0.01068375,0.7183132
-0.01097685,-0.6993276,0.01074177,0.7146364
-0.01092987,-0.7024395,0.01078957,0.7115778
-0.01088116,-0.7056376,0.01083869,0.7084065
-0.01084324,-0.7081072,0.01087663,0.7059379
-0.01079124,-0.7114663,0.01092822,0.7025524
-0.01072389,-0.7157695,0.01099432,0.6981677
-0.01066808,-0.7192957,0.01104849,0.6945343
-0.01059612,-0.7237905,0.01111752,0.689849
-0.0105365,-0.7274699,0.01117404,0.6859678
-0.01047525,-0.7312097,0.01123148,0.6819799
-0.01039618,-0.7359772,0.01130471,0.6768321
-0.01033087,-0.7398648,0.01136443,0.6725802
-0.01024688,-0.7447993,0.01144022,0.6671119
-0.01017752,-0.7488192,0.01150197,0.6625963
-0.01012414,-0.7518796,0.01154898,0.6591216
-0.01003271,-0.7570563,0.01162849,0.6531692
-0.009957395,-0.7612594,0.01169305,0.6482656
-0.009860717,-0.7665747,0.0117747,0.6419715
-0.009781078,-0.7708871,0.01184093,0.6367867
-0.009719923,-0.7741587,0.01189119,0.6328053
-0.009615346,-0.7796744,0.01197591,0.6259969
-0.009529399,-0.784134,0.01204441,0.6204014
-0.009441509,-0.7886274,0.01211343,0.6146796
-0.009328609,-0.7943017,0.01220058,0.6073295
-0.009236,-0.7988755,0.01227084,0.6013003
-0.009117354,-0.8046314,0.01235925,0.593576
-0.009044271,-0.8081198,0.01241283,0.588818
-0.008944909,-0.8127937,0.01248462,0.5823492
-0.00881761,-0.8186681,0.01257486,0.5740616
-0.008713261,-0.8233899,0.01264738,0.5672681
-0.008579889,-0.8293051,0.01273824,0.5585851
-0.008500535,-0.8327616,0.01279133,0.5534188
-0.008450846,-0.8349023,0.01282421,0.5501839
-0.008432264,-0.8356982,0.01283644,0.5489742
-0.008432264,-0.8356982,0.01283644,0.5489742
-0.008432264,-0.8356982,0.01283644,0.5489742
-0.008432264,-0.8356982,0.01283644,0.5489742
-0.008432264,-0.8356982,0.01283644,0.5489742
-0.008432264,-0.8356982,0.01283644,0.5489742
-0.008432264,-0.8356982,0.01283644,0.5489742
-0.008432264,-0.8356982,0.01283644,0.5489742
-0.008432264,-0.8356982,0.01283644,0.5489742
-0.008432264,-0.8356982,0.01283644,0.5489742
-0.008432264,-0.8356982,0.01283644,0.5489742
-0.008432264,-0.8356982,0.01283644,0.5489742
-0.008432264,-0.8356982,0.01283644,0.5489742
-0.008432264,-0.8356982,0.01283644,0.5489742
-0.008432264,-0.8356982,0.01283644,0.5489742
-0.008432264,-0.8356982,0.01283644,0.5489742
-0.008432264,-0.8356982,0.01283644,0.5489742
-0.008432264,-0.8356982,0.01283644,0.5489742
-0.008432264,-0.8356982,0.01283644,0.5489742
-0.008432264,-0.8356982,0.01283644,0.5489742
-0.008432264,-0.8356982,0.01283644,0.5489742
-0.008432264,-0.8356982,0.01283644,0.5489742
-0.008432264,-0.8356982,0.01283644,0.5489742
-0.008432264,-0.8356982,0.01283644,0.5489742
-0.008432264,-0.8356982,0.01283644,0.5489742
-0.008432264,-0.8356982,0.01283644,0.5489742
-0.008432172,-0.8357022,0.0128365,0.5489681
-0.008430641,-0.8357677,0.0128375,0.5488685
-0.008427603,-0.8358975,0.0128395,0.5486706
-0.008421334,-0.8361653,0.01284361,0.5482625
-0.008414519,-0.8364561,0.01284808,0.5478188
-0.008403761,-0.8369142,0.01285511,0.5471184
-0.008393185,-0.8373641,0.01286202,0.5464299
-0.008381063,-0.8378785,0.01286993,0.5456407
-0.008363534,-0.8386205,0.01288132,0.5444995
-0.008347604,-0.8392931,0.01289165,0.5434623
-0.008325561,-0.8402206,0.0129059,0.5420272
-0.008305924,-0.8410439,0.01291854,0.5407488
-0.008284718,-0.8419299,0.01293215,0.5393683
-0.008255813,-0.8431325,0.01295062,0.5374865
-0.008230763,-0.84417,0.01296656,0.5358556
-0.008204143,-0.8452675,0.01298342,0.5341226
-0.008168318,-0.8467368,0.01300599,0.5317903
-0.008145251,-0.8476782,0.01302044,0.5302885
-0.008104771,-0.849321,0.01304568,0.5276532
-0.008070317,-0.8507105,0.01306702,0.5254101
-0.008034364,-0.8521518,0.01308916,0.5230694
-0.007986804,-0.8540446,0.01311823,0.5199731
-0.00794685,-0.8556227,0.01314247,0.517372
-0.007894499,-0.8576744,0.01317399,0.5139638
-0.007850498,-0.8593846,0.01320026,0.5110991
-0.007804945,-0.8611415,0.01322724,0.5081334
-0.007745318,-0.8634202,0.01326224,0.5042515
-0.007695641,-0.865301,0.01329113,0.5010174
-0.007631072,-0.8677214,0.01332831,0.4968137
-0.007577246,-0.8697184,0.01335898,0.4933094
-0.007521702,-0.8717595,0.01339034,0.4896933
-0.00744962,-0.874379,0.01343057,0.4850005
-0.007389838,-0.8765266,0.01346356,0.4811085
-0.007331419,-0.8786034,0.01349546,0.4773052
-0.007318879,-0.8790464,0.01350226,0.4764887
-0.007318879,-0.8790464,0.01350226,0.4764887
-0.007318879,-0.8790464,0.01350226,0.4764887
-0.007318879,-0.8790464,0.01350226,0.4764887
-0.007318879,-0.8790464,0.01350226,0.4764887
-0.007318879,-0.8790464,0.01350226,0.4764887
-0.007318879,-0.8790464,0.01350226,0.4764887
-0.007318879,-0.8790464,0.01350226,0.4764887
-0.007318879,-0.8790464,0.01350226,0.4764887
-0.007318879,-0.8790464,0.01350226,0.4764887
-0.007318879,-0.8790464,0.01350226,0.4764887
-0.007318879,-0.8790464,0.01350226,0.4764887
-0.007318879,-0.8790464,0.01350226,0.4764887
-0.007318879,-0.8790464,0.01350226,0.4764887
-0.007320135,-0.8790021,0.01350158,0.4765705
-0.007323911,-0.8788688,0.01349953,0.4768163
-0.007327706,-0.8787348,0.01349747,0.4770634
-0.007334517,-0.8784938,0.01349377,0.4775068
-0.00734537,-0.8781094,0.01348787,0.4782134
-0.007356114,-0.8777281,0.01348201,0.4789129
-0.00737165,-0.8771753,0.01347352,0.4799244
-0.007389546,-0.8765369,0.01346372,0.4810896
-0.007405821,-0.8759546,0.01345477,0.4821491
-0.007423666,-0.8753141,0.01344493,0.4833109
-0.00744856,-0.8744172,0.01343116,0.4849315
-0.007475754,-0.873433,0.01341604,0.486702
-0.007505271,-0.8723595,0.01339955,0.4886236
-0.007530901,-0.8714228,0.01338516,0.4902923
-0.007558093,-0.8704244,0.01336983,0.4920626
-0.007594499,-0.8690802,0.01334918,0.4944328
-0.007625535,-0.8679275,0.01333147,0.4964534
-0.007658099,-0.8667114,0.0133128,0.4985734
-0.007701305,-0.8650873,0.01328785,0.5013863
-0.007737658,-0.8637111,0.01326671,0.5037531
-0.007785327,-0.8618935,0.01323879,0.5068567
-0.00782543,-0.8603529,0.01321513,0.5094675
-0.00786692,-0.8587476,0.01319047,0.5121687
-0.00792121,-0.8566296,0.01315794,0.5157033
-0.007977623,-0.8544078,0.01312381,0.5193759
-0.008036203,-0.852078,0.01308803,0.5231896
-0.008084956,-0.8501208,0.01305796,0.5263635
-0.008135143,-0.8480893,0.01302676,0.5296308
-0.008200081,-0.8454343,0.01298598,0.5338586
-0.0082538,-0.8432158,0.0129519,0.5373559
-0.0083089,-0.840919,0.01291662,0.5409431
-0.008380034,-0.8379218,0.01287058,0.5455742
-0.008438534,-0.8354297,0.0128323,0.5493828
-0.008513668,-0.8321924,0.01278258,0.5542743
-0.008575522,-0.8294961,0.01274117,0.5583012
-0.008638673,-0.8267142,0.01269843,0.5624124
-0.008719638,-0.8231036,0.01264298,0.5676835
-0.008786003,-0.820107,0.01259695,0.5720041
-0.008853609,-0.8170195,0.01254953,0.5764055
-0.008940152,-0.8130153,0.01248802,0.5820397
-0.009010822,-0.8097018,0.01243713,0.5866407
-0.009100898,-0.8054203,0.01237136,0.592505
-0.009174514,-0.8018727,0.01231687,0.5972976
-0.009249255,-0.7982251,0.01226084,0.6021636
-0.009325378,-0.7944622,0.01220305,0.6071194
-0.009402973,-0.7905762,0.01214336,0.6121712
-0.009481628,-0.7865843,0.01208204,0.617292
-0.009581693,-0.7814279,0.01200284,0.6238066
-0.009662853,-0.7771805,0.0119376,0.6290904
-0.009765841,-0.771705,0.01185349,0.6357953
-0.009849437,-0.7671887,0.01178412,0.6412377
-0.009933925,-0.7625575,0.01171299,0.6467381
-0.01001979,-0.7577813,0.01163962,0.652328
-0.01010662,-0.752878,0.01156431,0.6579809
-0.01021637,-0.7465733,0.01146747,0.665126
-0.01030525,-0.7413773,0.01138766,0.6709127
-0.01039486,-0.736056,0.01130592,0.6767464
-0.010508,-0.7292147,0.01120084,0.6841126
-0.01059938,-0.7235881,0.01111441,0.6900612
-0.01069136,-0.7178297,0.01102597,0.6960494
-0.01080738,-0.710427,0.01091226,0.7036033
-0.01087757,-0.7058723,0.0108423,0.7081726
-0.01096968,-0.6998046,0.0107491,0.7141693
-0.01102467,-0.6961321,0.01069269,0.7177495
-0.01104184,-0.6949773,0.01067495,0.7188677
-0.01104184,-0.6949773,0.01067495,0.7188677
-0.01104184,-0.6949773,0.01067495,0.7188677
-0.01104184,-0.6949773,0.01067495,0.7188677
-0.01104184,-0.6949773,0.01067495,0.7188677
-0.01104184,-0.6949773,0.01067495,0.7188677
-0.01104184,-0.6949773,0.01067495,0.7188677
-0.01104184,-0.6949773,0.01067495,0.7188677
-0.01104184,-0.6949773,0.01067495,0.7188677
-0.01104184,-0.6949773,0.01067495,0.7188677
-0.01104184,-0.6949773,0.01067495,0.7188677
-0.01104184,-0.6949773,0.01067495,0.7188677
-0.01104184,-0.6949773,0.01067495,0.7188677
-0.01104184,-0.6949773,0.01067495,0.7188677
-0.01104192,-0.6949719,0.01067487,0.7188728
-0.01104341,-0.6948718,0.01067333,0.7189696
-0.01104624,-0.6946809,0.0106704,0.7191541
-0.01105033,-0.6944052,0.01066616,0.7194203
-0.01105738,-0.6939293,0.01065885,0.7198794
-0.01106461,-0.6934409,0.01065135,0.7203498
-0.01107308,-0.6928672,0.01064254,0.7209017
-0.0110857,-0.6920112,0.01062939,0.7217233
-0.01109727,-0.6912251,0.01061731,0.7224764
-0.01111357,-0.6901143,0.01060025,0.7235375
-0.01112821,-0.689114,0.01058489,0.7244903
-0.01114408,-0.6880257,0.01056818,0.7255239
-0.01116581,-0.6865309,0.01054521,0.7269385
-0.0111847,-0.6852263,0.01052518,0.7281682
-0.01120482,-0.683832,0.01050376,0.7294779
-0.01123191,-0.6819458,0.01047479,0.7312415
-0.011255,-0.6803302,0.01044997,0.7327449
-0.01127961,-0.6786004,0.0104234,0.7343471
-0.01130561,-0.6767641,0.01039519,0.7360398
-0.01133278,-0.6748356,0.01036557,0.7378083
-0.01136853,-0.6722821,0.01032635,0.7401358
-0.01139854,-0.6701248,0.01029321,0.7420896
-0.01142966,-0.6678741,0.01025864,0.7441158
-0.01147039,-0.6649079,0.01021308,0.7467674
-0.01150426,-0.6624234,0.01017492,0.7489722
-0.01154818,-0.6591759,0.01012504,0.7518318
-0.01158471,-0.6564538,0.01008323,0.7542099
-0.01162228,-0.6536331,0.0100399,0.7566558
-0.01167084,-0.6499555,0.009983412,0.7598171
-0.01171095,-0.6468902,0.009936328,0.7624285
-0.01175205,-0.6437234,0.009887686,0.7651042
-0.01180502,-0.6396022,0.009824386,0.7685527
-0.01184845,-0.6361896,0.009771965,0.7713799
-0.01190419,-0.6317642,0.009703992,0.7750086
-0.01194991,-0.6280949,0.009647631,0.7779852
-0.0119965,-0.6243193,0.009589637,0.7810184
-0.01205617,-0.6194282,0.00951451,0.7849032
-0.01211701,-0.6143755,0.009436901,0.7888644
-0.012179,-0.6091583,0.009356763,0.7929
-0.01222964,-0.6048432,0.009290484,0.7961965
-0.012281,-0.6004157,0.009222478,0.7995406
-0.01234636,-0.5947073,0.009134796,0.8037956
-0.01239952,-0.5900015,0.009062514,0.8072561
-0.01245333,-0.5851782,0.008988428,0.8107593
-0.01252167,-0.5789639,0.008892977,0.8152085
-0.01257705,-0.5738536,0.008814483,0.8188139
-0.0126471,-0.5672902,0.00871367,0.8233747
-0.01270389,-0.5618866,0.00863067,0.8270717
-0.01276114,-0.5563606,0.008545789,0.830799
-0.01283345,-0.5492653,0.008436803,0.8355069
-0.01289186,-0.5434371,0.008347281,0.8393095
-0.01295063,-0.5374823,0.008255815,0.8431352
-0.01302473,-0.5298385,0.008138404,0.8479595
-0.01308436,-0.5235739,0.008042179,0.8518419
-0.01314431,-0.5171704,0.007943819,0.8557447
-0.01320475,-0.5106023,0.007842932,0.8596799
-0.01326535,-0.5039015,0.007740007,0.8636246
-0.01334142,-0.4953163,0.007608137,0.868577
-0.01340232,-0.4882978,0.007500331,0.872542
-0.01347858,-0.4793178,0.007362399,0.877507
-0.01353964,-0.4719682,0.007249508,0.8814818
-0.01360059,-0.4644812,0.007134506,0.8854498
-0.01367675,-0.4549039,0.006987399,0.8904081
-0.0137525,-0.4451188,0.006837098,0.8953398
-0.01382778,-0.4351217,0.006683542,0.9002407
-0.01388777,-0.4269467,0.006557974,0.9041464
-0.01394739,-0.4186289,0.006430212,0.9080275
-0.0140214,-0.4080147,0.006267177,0.9128462
-0.01406311,-0.401884,0.00617301,0.9155617
-0.01408242,-0.3990088,0.006128846,0.9168186
-0.01408269,-0.3989674,0.006128211,0.9168365
-0.01408269,-0.3989674,0.006128211,0.9168365
-0.01408269,-0.3989674,0.006128211,0.9168365
-0.01408269,-0.3989674,0.006128211,0.9168365
-0.01408269,-0.3989674,0.006128211,0.9168365
-0.01408269,-0.3989674,0.006128211,0.9168365
-0.01408269,-0.3989674,0.006128211,0.9168365
-0.01408269,-0.3989674,0.006128211,0.9168365
-0.01408269,-0.3989674,0.006128211,0.9168365
-0.01408269,-0.3989674,0.006128211,0.9168365
-0.01408269,-0.3989674,0.006128211,0.9168365
-0.01408269,-0.3989674,0.006128211,0.9168365
-0.01408269,-0.3989674,0.006128211,0.9168365
-0.01408269,-0.3989674,0.006128211,0.9168365
-0.01408269,-0.3989674,0.006128211,0.9168365
-0.01408269,-0.3989674,0.006128211,0.9168365
-0.01408269,-0.3989674,0.006128211,0.9168365
-0.01408269,-0.3989674,0.006128211,0.9168365
-0.01408269,-0.3989674,0.006128211,0.9168365
-0.01408269,-0.3989674,0.006128211,0.9168365
-0.01408269,-0.3989674,0.006128211,0.9168365
-0.01408269,-0.3989674,0.006128211,0.9168365
-0.01408269,-0.3989674,0.006128211,0.9168365
-0.01408269,-0.3989674,0.006128211,0.9168365
-0.01408269,-0.3989674,0.006128211,0.9168365
-0.01408269,-0.3989674,0.006128211,0.9168365
-0.01408269,-0.3989674,0.006128211,0.9168365
-0.01408269,-0.3989674,0.006128211,0.9168365
-0.01408269,-0.3989674,0.006128211,0.9168365
-0.01408269,-0.3989674,0.006128211,0.9168365
-0.01408269,-0.3989674,0.006128211,0.9168365
-0.01408269,-0.3989674,0.006128211,0.9168365
-0.01408269,-0.3989674,0.006128211,0.9168365
-0.01408269,-0.3989674,0.006128211,0.9168365
-0.01408269,-0.3989674,0.006128211,0.9168365
-0.01408269,-0.3989674,0.006128211,0.9168365
-0.01408269,-0.3989674,0.006128211,0.9168365
-0.01408269,-0.3989674,0.006128211,0.9168365
-0.01408269,-0.3989674,0.006128211,0.9168365
-0.01408269,-0.3989674,0.006128211,0.9168365
-0.01408269,-0.3989674,0.006128211,0.9168365
-0.01408269,-0.3989674,0.006128211,0.9168365
-0.01408269,-0.3989674,0.006128211,0.9168365
-0.01408269,-0.3989674,0.006128211,0.9168365
-0.01408269,-0.3989674,0.006128211,0.9168365
-0.01408269,-0.3989674,0.006128211,0.9168365
-0.01408269,-0.3989674,0.006128211,0.9168365
-0.01408269,-0.3989674,0.006128211,0.9168365
-0.01408269,-0.3989674,0.006128211,0.9168365
-0.01408269,-0.3989674,0.006128211,0.9168365
-0.01408269,-0.3989674,0.006128211,0.9168365
-0.01408269,-0.3989674,0.006128211,0.9168365
-0.01408269,-0.3989674,0.006128211,0.9168365
-0.01408269,-0.3989674,0.006128211,0.9168365
-0.01408269,-0.3989674,0.006128211,0.9168365
-0.01408269,-0.3989674,0.006128211,0.9168365
-0.01408269,-0.3989674,0.006128211,0.9168365
-0.01408269,-0.3989674,0.006128211,0.9168365
-0.01408269,-0.3989674,0.006128211,0.9168365
-0.01408269,-0.3989674,0.006128211,0.9168365
-0.01408269,-0.3989674,0.006128211,0.9168365
-0.01408269,-0.3989674,0.006128211,0.9168365
-0.01408269,-0.3989674,0.006128211,0.9168365
-0.01408269,-0.3989674,0.006128211,0.9168365
-0.01408269,-0.3989674,0.006128211,0.9168365
-0.01408269,-0.3989674,0.006128211,0.9168365
-0.01408269,-0.3989674,0.006128211,0.9168365
-0.01408269,-0.3989674,0.006128211,0.9168365
-0.01408269,-0.3989674,0.006128211,0.9168365
-0.01408269,-0.3989674,0.006128211,0.9168365
-0.01408273,-0.3989612,0.006128116,0.9168392
-0.01408358,-0.3988345,0.006126169,0.9168944
-0.0140855,-0.3985479,0.006121765,0.9170189
-0.01408848,-0.3981009,0.0061149,0.9172131
-0.01409252,-0.3974935,0.006105571,0.9174765
-0.01409563,-0.397026,0.00609839,0.9176789
-0.01410179,-0.3960977,0.006084131,0.9180799
-0.01410761,-0.3952189,0.006070633,0.9184586
-0.01411413,-0.3942307,0.006055453,0.9188832
-0.01412342,-0.392818,0.006033755,0.919488
-0.01413166,-0.3915598,0.006014429,0.9200245
-0.01414297,-0.3898249,0.005987781,0.9207609
-0.0141529,-0.3882952,0.005964284,0.9214071
-0.0141635,-0.3866539,0.005939075,0.922097
-0.01417777,-0.38443,0.005904915,0.9230264
-0.01418999,-0.382514,0.005875485,0.9238221
-0.01420284,-0.3804871,0.005844351,0.9246587
-0.01421991,-0.3777758,0.005802705,0.9257697
-0.01423429,-0.3754736,0.005767344,0.9267059
-0.01425314,-0.3724299,0.005720592,0.9279333
-0.01426898,-0.3698507,0.005680975,0.9289643
-0.01428538,-0.3671574,0.005639606,0.930032
-0.01430672,-0.3636181,0.005585242,0.9314215
-0.01432447,-0.3606442,0.005539562,0.9325771
-0.01434273,-0.3575552,0.005492115,0.9337658
-0.01436637,-0.3535089,0.005429965,0.9353051
-0.01438584,-0.3501371,0.005378171,0.9365726
-0.01441084,-0.3457528,0.005310829,0.9382
-0.01443141,-0.342097,0.005254676,0.9395392
-0.01445238,-0.3383238,0.00519672,0.9409044
-0.01447922,-0.3334241,0.00512146,0.9426519
-0.01450115,-0.3293597,0.005059031,0.9440796
-0.0145234,-0.3251787,0.004994811,0.9455279
-0.01454139,-0.3217537,0.004942202,0.9466988
-0.01454188,-0.3216593,0.004940751,0.946731
-0.01454188,-0.3216593,0.004940751,0.946731
-0.01454188,-0.3216593,0.004940751,0.946731
-0.01454188,-0.3216593,0.004940751,0.946731
-0.01454188,-0.3216593,0.004940751,0.946731
-0.01454188,-0.3216593,0.004940751,0.946731
-0.01454188,-0.3216593,0.004940751,0.946731
-0.01454188,-0.3216593,0.004940751,0.946731
-0.01454188,-0.3216593,0.004940751,0.946731
-0.01454188,-0.3216593,0.004940751,0.946731
-0.01454188,-0.3216593,0.004940751,0.946731
-0.01454188,-0.3216593,0.004940751,0.946731
-0.01454188,-0.3216593,0.004940751,0.946731
-0.01454188,-0.3216593,0.004940751,0.946731
-0.01454191,-0.3216529,0.004940653,0.9467331
-0.01454261,-0.321519,0.004938595,0.9467785
-0.01454417,-0.3212208,0.004934016,0.9468798
-0.01454659,-0.3207557,0.004926872,0.9470375
-0.01454986,-0.3201264,0.004917206,0.9472504
-0.01455399,-0.3193304,0.004904979,0.947519
-0.01455895,-0.31837,0.004890227,0.9478421
-0.01456475,-0.3172446,0.00487294,0.9482194
-0.01457138,-0.315951,0.004853071,0.9486512
-0.01457882,-0.3144929,0.004830673,0.9491356
-0.01458539,-0.313199,0.004810798,0.9495634
-0.01459444,-0.3114058,0.004783255,0.9501529
-0.01460235,-0.3098311,0.004759067,0.9506676
-0.01461077,-0.3081429,0.004733136,0.9512161
-0.01462215,-0.3058473,0.004697876,0.9519567
-0.01463184,-0.3038779,0.004667627,0.9525872
-0.01464466,-0.3012485,0.004627238,0.953422
-0.01465818,-0.2984483,0.004584227,0.9543022
-0.0146695,-0.2960804,0.004547857,0.9550396
-0.01468436,-0.2929434,0.004499672,0.9560065
-0.01469678,-0.2902903,0.00445892,0.9568154
-0.01470962,-0.2875214,0.004416389,0.9576511
-0.01472632,-0.2838745,0.004360373,0.9587385
-0.01474013,-0.2808201,0.004313457,0.9596376
-0.01475793,-0.2768292,0.004252157,0.9607965
-0.0147762,-0.2726668,0.004188221,0.961986
-0.01479117,-0.2692043,0.004135038,0.9629607
-0.01481036,-0.2646953,0.004065779,0.9642099
-0.01482606,-0.2609425,0.004008135,0.9652322
-0.01484202,-0.2570693,0.003948643,0.966271
-0.01485831,-0.2530492,0.003886895,0.9673315
-0.0148708,-0.2499203,0.003838834,0.9681446
-0.01489189,-0.2445393,0.003756182,0.9695178
-0.01490898,-0.2400865,0.003687785,0.97063
-0.01492617,-0.2355149,0.003617564,0.9717494
-0.01494788,-0.229607,0.003526819,0.9731623
-0.01496533,-0.2247378,0.003452028,0.9742983
-0.0149872,-0.2184714,0.003355775,0.9757226
-0.01500475,-0.2133034,0.003276394,0.9768654
-0.01502227,-0.2080131,0.003195134,0.9780055
-0.01504411,-0.2012129,0.003090681,0.9794272
-0.0150615,-0.1956203,0.003004778,0.9805595
-0.01507874,-0.1899062,0.002917009,0.9816821
-0.01510012,-0.1825661,0.002804264,0.9830737
-0.01511699,-0.176549,0.002711842,0.984172
-0.01513773,-0.1688467,0.002593533,0.9855227
-0.01515405,-0.1625256,0.00249644,0.9865848
-0.01517003,-0.1560801,0.002397437,0.987625
-0.0151895,-0.1478336,0.00227077,0.988893
-0.01520465,-0.1410822,0.002167067,0.9898788
-0.01521932,-0.1342083,0.002061484,0.9908341
-0.015237,-0.1254157,0.001926428,0.9919854
-0.0152538,-0.1164418,0.001788588,0.9930788
-0.01526964,-0.1072836,0.001647918,0.9941099
-0.0152816,-0.0998031,0.001533016,0.9948887
-0.01529288,-0.09219248,0.001416116,0.9956228
-0.01530347,-0.08441725,0.001296688,0.9963122
-0.01531326,-0.07651838,0.00117536,0.9969499
-0.01532434,-0.06645586,0.001020799,0.9976712
-0.01533221,-0.05825271,0.0008947974,0.9981837
-0.01534072,-0.04782968,0.0007346985,0.9987375
-0.01534641,-0.03933407,0.0006042049,0.9991081
-0.01535106,-0.03071687,0.0004718438,0.9994102
-0.0153553,-0.01975915,0.0003035319,0.9996868
-0.01535687,-0.01368811,0.00021028,0.9997883
-0.01535735,-0.01113835,0.0001711154,0.9998201
-0.01535735,-0.01113835,0.0001711154,0.9998201
-0.01535735,-0.01113835,0.0001711154,0.9998201
-0.01535735,-0.01113835,0.0001711154,0.9998201
-0.01535735,-0.01113835,0.0001711154,0.9998201
-0.01535735,-0.01113835,0.0001711154,0.9998201
-0.01535735,-0.01113835,0.0001711154,0.9998201
-0.01535735,-0.01113835,0.0001711154,0.9998201
-0.01535735,-0.01113835,0.0001711154,0.9998201
-0.01535735,-0.01113835,0.0001711154,0.9998201
-0.01535735,-0.01113835,0.0001711154,0.9998201
-0.01535735,-0.01113835,0.0001711154,0.9998201
