0.0123373,0.5955078,-0.009147063,-0.8032027
0.01230722,0.5981403,-0.009187499,-0.8012443
0.01224472,0.603552,-0.009270623,-0.7971758
0.0122123,0.6063305,-0.009313301,-0.7950645
0.01217889,0.609172,-0.009356949,-0.7928894
0.01214468,0.6120598,-0.009401306,-0.7906623
0.01210964,0.6149949,-0.009446389,-0.7883815
0.01203708,0.6210032,-0.009538678,-0.7836576
0.01199954,0.6240753,-0.009585866,-0.7812133
0.01196096,0.6272069,-0.009633967,-0.7787014
0.01192151,0.630382,-0.009682737,-0.7761332
0.01188118,0.6336008,-0.009732177,-0.7735077
0.01179787,0.6401651,-0.009833005,-0.7680838
0.01175467,0.6435246,-0.009884607,-0.7652714
0.01171057,0.6469234,-0.009936814,-0.7624003
0.01166552,0.6503637,-0.009989658,-0.7594677
0.01161955,0.653843,-0.0100431,-0.7564744
0.01152474,0.6609163,-0.01015175,-0.7503025
0.0114759,0.6645089,-0.01020693,-0.7471225
0.01142588,0.6681525,-0.0102629,-0.743866
0.01137487,0.6718314,-0.0103194,-0.740545
0.01132285,0.6755454,-0.01037645,-0.7371585
0.01121576,0.6830751,-0.01049211,-0.7301866
0.01116068,0.6868884,-0.01055068,-0.7266006
0.01110435,0.6907471,-0.01060995,-0.7229333
0.01104697,0.694636,-0.01066969,-0.7191974
0.01098852,0.6985545,-0.01072987,-0.7153921
0.01086838,0.7064755,-0.01085154,-0.7075709
0.01080645,0.7104906,-0.01091322,-0.703539
0.01074341,0.7145315,-0.01097528,-0.6994347
0.01067924,0.7185969,-0.01103773,-0.6952572
0.01061396,0.722685,-0.01110052,-0.691007
0.01047992,0.730929,-0.01122715,-0.6822807
0.01041095,0.7350946,-0.01129113,-0.6777906
0.01034078,0.7392806,-0.01135543,-0.6732223
0.01026943,0.7434843,-0.01142,-0.6685771
0.01019688,0.7477052,-0.01148483,-0.6638533
0.01004812,0.7561924,-0.0116152,-0.6541691
0.009971674,0.7604697,-0.0116809,-0.6491918
0.00989398,0.7647588,-0.01174678,-0.6441337
0.009815033,0.7690585,-0.01181282,-0.638994
0.009734824,0.7733673,-0.01187901,-0.6337721
0.009653335,0.7776847,-0.01194532,-0.6284669
0.009486034,0.7863621,-0.01207861,-0.617575
0.009400426,0.7907073,-0.01214536,-0.6120017
0.009313495,0.7950556,-0.01221215,-0.6063421
0.009225227,0.7994055,-0.01227896,-0.6005955
0.009044675,0.808103,-0.01241256,-0.588841
0.008952128,0.8124592,-0.01247947,-0.5828158
0.008858212,0.8168105,-0.0125463,-0.5767015
0.00876292,0.8211557,-0.01261305,-0.5704976
0.008666248,0.8254927,-0.01267966,-0.5642039
0.008468729,0.8341362,-0.01281243,-0.5513448
0.008367606,0.8384506,-0.0128787,-0.5447612
0.008265062,0.8427505,-0.01294475,-0.5380852
0.008161115,0.8470334,-0.01301053,-0.5313178
0.0079489,0.8555443,-0.01314126,-0.5175019
0.0079489,0.8555443,-0.01314126,-0.5175019
0.007730393,0.863989,-0.01327097,-0.5032763
0.007618941,0.8681751,-0.01333527,-0.4960204
0.007506037,0.8723336,-0.01339915,-0.4886698
0.007391653,0.8764637,-0.01346259,-0.481223
0.007158445,0.8846301,-0.01358802,-0.4660403
0.007039348,0.8886718,-0.0136501,-0.4582867
0.006918768,0.8926764,-0.01371161,-0.4504365
0.006796694,0.8966424,-0.01377253,-0.4424891
0.006673122,0.9005679,-0.01383283,-0.434444
0.006421471,0.9082893,-0.01395143,-0.4180607
0.006293114,0.9120892,-0.0140098,-0.4097041
0.006163254,0.91584,-0.01406741,-0.4012497
0.006031888,0.9195395,-0.01412424,-0.3926973
0.005899007,0.9231861,-0.01418025,-0.3840463
0.005628721,0.9303111,-0.01428969,-0.3664497
0.005491043,0.9337921,-0.01434316,-0.3574863
0.005351846,0.9372112,-0.01439567,-0.3484241
0.005211149,0.9405658,-0.0144472,-0.3392642
0.005068952,0.9438537,-0.0144977,-0.3300066
0.00492525,0.9470729,-0.01454715,-0.3206511
0.00463279,0.9533074,-0.01464292,-0.3016109
0.004484345,0.9563113,-0.01468906,-0.2919465
0.004334411,0.959237,-0.014734,-0.2821853
0.004182995,0.9620821,-0.0147777,-0.2723275
0.003875459,0.9675257,-0.01486131,-0.2523058
0.00371936,0.970119,-0.01490114,-0.2421432
0.003561809,0.9726217,-0.01493959,-0.2318861
0.003402832,0.9750313,-0.0149766,-0.2215361
0.003242415,0.9773455,-0.01501215,-0.2110924
0.003080297,0.9795656,-0.01504625,-0.2005378
0.002751859,0.9837009,-0.01510977,-0.1791554
0.002585561,0.9856113,-0.01513911,-0.1683287
0.002417894,0.9874135,-0.01516679,-0.157413
0.002248885,0.9891048,-0.01519277,-0.1464099
0.002078268,0.9906854,-0.01521705,-0.1353021
0.001733014,0.9934962,-0.01526022,-0.1128248
0.001558462,0.994721,-0.01527904,-0.1014608
0.001382652,0.995822,-0.01529595,-0.09001497
0.001238709,0.9966247,-0.01530828,-0.08064379
0.001135794,0.9971441,-0.01531625,-0.07394359
0.001024963,0.997653,-0.01532407,-0.06672811
0.001017472,0.9976855,-0.01532457,-0.06624041
0.001017472,0.9976855,-0.01532457,-0.06624041
0.001017472,0.9976855,-0.01532457,-0.06624041
0.001017472,0.9976855,-0.01532457,-0.06624041
0.001017472,0.9976855,-0.01532457,-0.06624041
0.001017472,0.9976855,-0.01532457,-0.06624041
0.001017472,0.9976855,-0.01532457,-0.06624041
0.001017472,0.9976855,-0.01532457,-0.06624041
0.001017472,0.9976855,-0.01532457,-0.06624041
0.001017472,0.9976855,-0.01532457,-0.06624041
0.001017472,0.9976855,-0.01532457,-0.06624041
0.001017472,0.9976855,-0.01532457,-0.06624041
0.001017472,0.9976855,-0.01532457,-0.06624041
0.001017472,0.9976855,-0.01532457,-0.06624041
0.001017472,0.9976855,-0.01532457,-0.06624041
0.001017472,0.9976855,-0.01532457,-0.06624041
0.001017472,0.9976855,-0.01532457,-0.06624041
0.001017472,0.9976855,-0.01532457,-0.06624041
0.001017472,0.9976855,-0.01532457,-0.06624041
0.001016416,0.9976901,-0.01532464,-0.06617166
0.001014293,0.9976993,-0.01532478,-0.06603349
0.001011103,0.9977129,-0.01532499,-0.0658258
0.001006849,0.9977312,-0.01532527,-0.06554885
0.001001228,0.9977552,-0.01532564,-0.06518286
0.000986805,0.9978161,-0.01532658,-0.0642439
0.0009779956,0.9978529,-0.01532714,-0.06367038
0.0009681243,0.9978936,-0.01532777,-0.06302772
0.0009451786,0.9979869,-0.0153292,-0.06153388
0.0009451786,0.9979869,-0.0153292,-0.06153388
0.0009173719,0.9980969,-0.01533089,-0.05972356
0.000901878,0.9981566,-0.0153318,-0.05871484
0.0008853079,0.9982195,-0.01533277,-0.05763607
0.0008673736,0.9982863,-0.0153338,-0.05646848
0.000848398,0.9983554,-0.01533486,-0.0552331
0.0008072108,0.9985001,-0.01533708,-0.05255166
0.0007850106,0.9985752,-0.01533823,-0.05110635
0.0007617411,0.9986514,-0.01533941,-0.04959142
0.0007371071,0.9987299,-0.01534061,-0.04798765
0.0007114322,0.9988088,-0.01534182,-0.04631613
0.0006568324,0.9989673,-0.01534426,-0.04276148
0.0006279248,0.9990461,-0.01534547,-0.04087949
0.0005979479,0.9991241,-0.01534667,-0.03892789
0.0005666016,0.9992015,-0.01534786,-0.03688713
0.0005341891,0.9992771,-0.01534902,-0.03477696
0.0004661634,0.9994214,-0.01535123,-0.03034824
0.0004305519,0.9994891,-0.01535227,-0.0280298
0.0003938703,0.9995533,-0.01535326,-0.02564169
0.0003561151,0.9996133,-0.01535418,-0.02318368
0.0003169936,0.9996691,-0.01535504,-0.02063673
0.0002355711,0.9997645,-0.0153565,-0.01533583
0.0001932465,0.9998029,-0.01535709,-0.01258034
0.0001498505,0.9998345,-0.01535758,-0.00975511
0.0001050867,0.9998587,-0.01535795,-0.006840822
5.924971E-05,0.9998747,-0.01535819,-0.003856666
-3.560616E-05,0.9998794,-0.01535827,0.002318798
-8.463467E-05,0.999867,-0.01535808,0.005510733
-0.0001347257,0.9998437,-0.01535772,0.008771843
-0.0001858867,0.9998088,-0.01535718,0.01210261
-0.0002384159,0.9997616,-0.01535646,0.01552246
-0.0003466582,0.9996274,-0.0153544,0.02256942
-0.0004023704,0.9995388,-0.01535304,0.02619649
-0.00045915,0.9994351,-0.01535144,0.02989305
-0.0005172911,0.9993148,-0.01534959,0.03367825
-0.0005764865,0.9991775,-0.01534749,0.03753208
-0.0006980312,0.9988488,-0.01534244,0.04544509
-0.0007603957,0.9986558,-0.01533947,0.04950524
-0.0008238162,0.9984426,-0.0153362,0.05363416
-0.0008885547,0.9982072,-0.01533258,0.05784886
-0.0009543694,0.9979497,-0.01532863,0.06213364
-0.00108914,0.9973646,-0.01531964,0.07090768
-0.001158083,0.9970354,-0.01531458,0.07539614
-0.001228373,0.9966788,-0.0153091,0.07997228
-0.001299696,0.9962953,-0.01530321,0.08461565
-0.001372057,0.995884,-0.0152969,0.08932662
-0.001519868,0.994974,-0.01528292,0.0989497
-0.001595315,0.9944732,-0.01527523,0.1038615
-0.001672075,0.9939386,-0.01526701,0.1088589
-0.001749846,0.993371,-0.0152583,0.1139221
-0.001908445,0.9921324,-0.01523927,0.1242474
-0.001989252,0.9914594,-0.01522893,0.1295083
-0.002071057,0.9907492,-0.01521803,0.1348341
-0.002153861,0.9900005,-0.01520653,0.1402249
-0.002237969,0.9892095,-0.01519438,0.1457006
-0.002323031,0.988378,-0.0151816,0.1512385
-0.002496131,0.9865877,-0.0151541,0.162508
-0.00258414,0.9856269,-0.01513935,0.1682376
-0.002673409,0.9846172,-0.01512384,0.1740494
-0.002763602,0.9835612,-0.01510762,0.1799213
-0.002854767,0.9824569,-0.01509066,0.1858565
-0.003036782,0.9801409,-0.01505508,0.1977063
-0.003127626,0.9789294,-0.01503647,0.2036206
-0.003218355,0.9776821,-0.01501731,0.2095274
-0.00327567,0.9768751,-0.01500492,0.2132588
-0.003294416,0.9766079,-0.01500081,0.2144792
-0.003286534,0.9767205,-0.01500254,0.2139661
-0.003277612,0.9768474,-0.01500449,0.2133852
-0.003267345,0.9769932,-0.01500673,0.2127168
-0.003256039,0.9771532,-0.01500919,0.2119807
-0.003230294,0.9775153,-0.01501475,0.2103046
-0.003215851,0.9777171,-0.01501785,0.2093643
-0.003200365,0.9779325,-0.01502116,0.2083561
-0.003183562,0.9781649,-0.01502473,0.2072622
-0.00316571,0.9784104,-0.0150285,0.2060999
-0.003126824,0.9789403,-0.01503664,0.2035684
-0.003105799,0.979224,-0.015041,0.2021995
-0.003083726,0.9795195,-0.01504554,0.2007626
-0.003060312,0.9798307,-0.01505032,0.1992382
-0.003035862,0.9801531,-0.01505527,0.1976464
-0.003010341,0.9804867,-0.01506039,0.1959849
-0.002956123,0.9811856,-0.01507113,0.1924551
-0.002927134,0.9815539,-0.01507679,0.1905678
-0.002897382,0.981928,-0.01508253,0.1886308
-0.002866266,0.9823149,-0.01508847,0.1866051
-0.002800887,0.9831139,-0.01510075,0.1823487
-0.002766588,0.9835256,-0.01510707,0.1801156
-0.002730937,0.9839478,-0.01511356,0.1777946
-0.002694219,0.9843767,-0.01512014,0.1754042
-0.002656438,0.9848118,-0.01512683,0.1729445
-0.002617594,0.9852526,-0.0151336,0.1704156
-0.002536687,0.9861491,-0.01514737,0.1651483
-0.002494623,0.9866039,-0.01515436,0.1624098
-0.002451181,0.9870653,-0.01516144,0.1595815
-0.002406663,0.9875295,-0.01516857,0.1566833
-0.002314427,0.9884635,-0.01518292,0.1506783
-0.002266688,0.9889324,-0.01519012,0.1475703
-0.002217575,0.9894042,-0.01519737,0.1443729
-0.002167382,0.9898754,-0.01520461,0.1411052
-0.002116105,0.9903456,-0.01521183,0.1377669
-0.002063755,0.9908137,-0.01521902,0.1343587
-0.001955808,0.9917414,-0.01523327,0.1273309
-0.001900189,0.9921996,-0.01524031,0.1237099
-0.001843206,0.9926551,-0.0152473,0.1200001
-0.001785146,0.9931048,-0.01525421,0.1162202
-0.001665765,0.9939835,-0.01526771,0.1084481
-0.001604449,0.9944109,-0.01527427,0.1044562
-0.001541749,0.9948313,-0.01528073,0.1003742
-0.001477954,0.9952415,-0.01528703,0.09622089
-0.001413072,0.9956408,-0.01529316,0.09199686
-0.001280041,0.9964032,-0.01530487,0.08333602
-0.001211897,0.9967643,-0.01531042,0.07889962
-0.001142382,0.9971122,-0.01531577,0.0743739
-0.001071763,0.9974445,-0.01532087,0.06977636
-0.00100005,0.9977601,-0.01532572,0.06510756
-0.0008533769,0.9983373,-0.01533458,0.05555863
-0.0007784125,0.998597,-0.01533857,0.05067817
-0.0007020496,0.9988369,-0.01534226,0.04570666
-0.0006246211,0.9990548,-0.0153456,0.04066579
-0.0005461064,0.9992498,-0.0153486,0.03555419
-0.0003858412,0.9995665,-0.01535346,0.02512034
-0.0003858412,0.9995665,-0.01535346,0.02512034
-0.0002209612,0.9997786,-0.01535672,0.01438605
-0.0001367641,0.9998425,-0.0153577,0.008904512
-5.150685E-05,0.9998764,-0.01535822,0.003353953
0.0001222373,0.9998505,-0.01535782,-0.007957423
0.0002107016,0.9997879,-0.01535686,-0.01371677
0.0003005305,0.9996906,-0.01535537,-0.01956496
0.0003914137,0.9995573,-0.01535332,-0.02548179
0.0004833483,0.9993868,-0.0153507,-0.03146707
0.000670368,0.9989292,-0.01534367,-0.04364274
0.0007654342,0.9986396,-0.01533922,-0.04983189
0.0008618353,0.9983066,-0.01533411,-0.05610795
0.0009592775,0.9979299,-0.01532832,-0.0624518
0.001057736,0.997508,-0.01532184,-0.06886179
0.001257711,0.9965237,-0.01530673,-0.0818809
0.001359213,0.9959587,-0.01529805,-0.08848906
0.001462013,0.9953414,-0.01528857,-0.09518169
0.001565816,0.9946721,-0.01527828,-0.1019397
0.0016706,0.9939492,-0.01526718,-0.1087615
0.001883115,0.9923377,-0.01524243,-0.122597
0.001883115,0.9923377,-0.01524243,-0.122597
0.001983109,0.9915118,-0.01522974,-0.129107
0.001985659,0.9914901,-0.01522941,-0.129273
0.001985659,0.9914901,-0.01522941,-0.129273
0.001985659,0.9914901,-0.01522941,-0.129273
0.001985659,0.9914901,-0.01522941,-0.129273
0.001985659,0.9914901,-0.01522941,-0.129273
0.001985659,0.9914901,-0.01522941,-0.129273
0.001985659,0.9914901,-0.01522941,-0.129273
0.001985659,0.9914901,-0.01522941,-0.129273
0.001985659,0.9914901,-0.01522941,-0.129273
0.001985659,0.9914901,-0.01522941,-0.129273
0.001985659,0.9914901,-0.01522941,-0.129273
0.001985659,0.9914901,-0.01522941,-0.129273
0.001985659,0.9914901,-0.01522941,-0.129273
0.001985659,0.9914901,-0.01522941,-0.129273
0.001985659,0.9914901,-0.01522941,-0.129273
0.001985659,0.9914901,-0.01522941,-0.129273
0.001985659,0.9914901,-0.01522941,-0.129273
0.001985659,0.9914901,-0.01522941,-0.129273
0.001985659,0.9914901,-0.01522941,-0.129273
0.001985659,0.9914901,-0.01522941,-0.129273
0.001985659,0.9914901,-0.01522941,-0.129273
0.001985659,0.9914901,-0.01522941,-0.129273
0.001985659,0.9914901,-0.01522941,-0.129273
0.001985659,0.9914901,-0.01522941,-0.129273
0.001985659,0.9914901,-0.01522941,-0.129273
0.001985659,0.9914901,-0.01522941,-0.129273
0.001985659,0.9914901,-0.01522941,-0.129273
0.001985659,0.9914901,-0.01522941,-0.129273
0.001985659,0.9914901,-0.01522941,-0.129273
0.001985659,0.9914901,-0.01522941,-0.129273
0.001985659,0.9914901,-0.01522941,-0.129273
0.001985659,0.9914901,-0.01522941,-0.129273
0.001985659,0.9914901,-0.01522941,-0.129273
0.001985659,0.9914901,-0.01522941,-0.129273
0.001985659,0.9914901,-0.01522941,-0.129273
0.001985659,0.9914901,-0.01522941,-0.129273
0.001985659,0.9914901,-0.01522941,-0.129273
0.001985659,0.9914901,-0.01522941,-0.129273
0.001985659,0.9914901,-0.01522941,-0.129273
0.001985659,0.9914901,-0.01522941,-0.129273
0.001985659,0.9914901,-0.01522941,-0.129273
0.001985659,0.9914901,-0.01522941,-0.129273
0.001985659,0.9914901,-0.01522941,-0.129273
0.001985659,0.9914901,-0.01522941,-0.129273
0.001985659,0.9914901,-0.01522941,-0.129273
0.001985659,0.9914901,-0.01522941,-0.129273
0.001985659,0.9914901,-0.01522941,-0.129273
0.001985659,0.9914901,-0.01522941,-0.129273
0.001985659,0.9914901,-0.01522941,-0.129273
0.001985659,0.9914901,-0.01522941,-0.129273
0.001985659,0.9914901,-0.01522941,-0.129273
0.001985659,0.9914901,-0.01522941,-0.129273
0.001985659,0.9914901,-0.01522941,-0.129273
0.001985659,0.9914901,-0.01522941,-0.129273
0.001985659,0.9914901,-0.01522941,-0.129273
0.001985659,0.9914901,-0.01522941,-0.129273
0.001985659,0.9914901,-0.01522941,-0.129273
0.001985659,0.9914901,-0.01522941,-0.129273
0.001985659,0.9914901,-0.01522941,-0.129273
0.001985659,0.9914901,-0.01522941,-0.129273
0.001985659,0.9914901,-0.01522941,-0.129273
0.001985659,0.9914901,-0.01522941,-0.129273
0.001985659,0.9914901,-0.01522941,-0.129273
0.001985659,0.9914901,-0.01522941,-0.129273
0.001985659,0.9914901,-0.01522941,-0.129273
0.001985659,0.9914901,-0.01522941,-0.129273
0.001984598,0.9914991,-0.01522955,-0.1292039
0.001982477,0.9915171,-0.01522982,-0.1290658
0.001974494,0.9915847,-0.01523086,-0.1285461
0.001968899,0.9916318,-0.01523159,-0.1281818
0.001962254,0.9916876,-0.01523244,-0.1277492
0.001954538,0.9917522,-0.01523344,-0.1272469
0.001945476,0.9918277,-0.0152346,-0.1266569
0.001924189,0.9920037,-0.0152373,-0.125271
0.001911948,0.992104,-0.01523884,-0.1244741
0.001898653,0.9922122,-0.0152405,-0.1236086
0.001884291,0.9923283,-0.01524229,-0.1226735
0.001868571,0.9924543,-0.01524422,-0.1216501
0.001833952,0.9927279,-0.01524842,-0.1193962
0.001815047,0.9928752,-0.01525069,-0.1181655
0.001795085,0.993029,-0.01525305,-0.1168659
0.001774058,0.9931892,-0.01525551,-0.1154969
0.001751666,0.9933576,-0.0152581,-0.1140392
0.001703694,0.9937111,-0.01526353,-0.110916
0.001678106,0.9938956,-0.01526636,-0.1092501
0.00165146,0.9940848,-0.01526927,-0.1075153
0.001623748,0.9942783,-0.01527224,-0.1057112
0.001594675,0.9944776,-0.0152753,-0.1038185
0.001533355,0.9948863,-0.01528158,-0.09982631
0.001501082,0.995095,-0.01528478,-0.09772518
0.001467741,0.9953057,-0.01528802,-0.09555456
0.001433311,0.9955184,-0.01529129,-0.09331311
0.00139753,0.995734,-0.0152946,-0.09098357
0.001322748,0.9961668,-0.01530125,-0.086115
0.001283752,0.9963831,-0.01530457,-0.08357627
0.001243683,0.9965985,-0.01530788,-0.08096757
0.001202549,0.9968124,-0.01531116,-0.07828965
0.001160036,0.9970259,-0.01531444,-0.07552186
0.001071795,0.9974445,-0.01532087,-0.06977704
0.001026066,0.9976482,-0.015324,-0.06679995
0.000979266,0.9978475,-0.01532706,-0.06375309
0.0009313952,0.9980417,-0.01533005,-0.06063653
0.0008824449,0.9982303,-0.01533294,-0.05744968
0.0007807181,0.9985895,-0.01533846,-0.0508269
0.000728244,0.9987575,-0.01534104,-0.04741065
0.0006746962,0.9989167,-0.01534349,-0.04392449
0.0006197722,0.9990676,-0.0153458,-0.04034874
0.000563775,0.9992082,-0.01534796,-0.03670311
0.0004485665,0.9994556,-0.01535176,-0.02920262
0.0003893483,0.9995608,-0.01535338,-0.0253473
0.0003290593,0.9996525,-0.01535479,-0.02142227
0.0002676911,0.9997302,-0.01535598,-0.01742698
0.0002049597,0.9997931,-0.01535695,-0.01334294
7.629463E-05,0.9998698,-0.01535813,-0.004966375
1.035701E-05,0.9998819,-0.01535831,-0.0006735969
-5.664491E-05,0.9998753,-0.01535821,0.003688471
-0.000125011,0.999849,-0.01535781,0.008139352
-0.0001944497,0.9998019,-0.01535708,0.01266006
-0.0003365011,0.9996421,-0.01535463,0.02190812
-0.0004091105,0.9995273,-0.01535287,0.02663526
-0.0004827981,0.9993879,-0.01535073,0.03143259
-0.000557828,0.9992223,-0.01534818,0.03631731
-0.0006339079,0.9990299,-0.01534523,0.04127039
-0.0007531648,0.998679,-0.01533984,0.04903444
-0.0007630413,0.9986473,-0.01533935,0.04967744
-0.0007399912,0.9987208,-0.01534048,0.04817679
-0.0007155718,0.9987962,-0.01534164,0.046587
-0.0006900866,0.9988722,-0.0153428,0.04492782
-0.0006359113,0.9990246,-0.01534515,0.04140081
-0.0006072212,0.9991002,-0.01534631,0.03953298
-0.0005774607,0.999175,-0.01534746,0.03759547
-0.0005463336,0.9992492,-0.0153486,0.03556897
-0.0005141383,0.9993216,-0.01534971,0.03347294
-0.0004465462,0.9994594,-0.01535182,0.02907245
-0.0004111397,0.9995238,-0.01535281,0.02676736
-0.0003746684,0.9995846,-0.01535375,0.02439295
-0.0003368304,0.9996415,-0.01535462,0.02192955
-0.0002979458,0.9996939,-0.01535542,0.01939803
-0.000216927,0.9997823,-0.01535678,0.01412341
-0.0001748175,0.9998173,-0.01535732,0.01138193
-0.0001313728,0.9998455,-0.01535775,0.008553521
-8.683407E-05,0.9998661,-0.01535807,0.005653885
-4.124079E-05,0.9998785,-0.01535826,0.002685596
5.317662E-05,0.9998761,-0.01535822,-0.00346132
0.0001019887,0.99986,-0.01535798,-0.006639166
0.0001518618,0.9998332,-0.01535756,-0.009886082
0.0002028018,0.9997948,-0.01535697,-0.01320246
0.0002551092,0.9997441,-0.0153562,-0.01660786
0.0003628955,0.999603,-0.01535403,-0.02362514
0.0004183853,0.9995111,-0.01535262,-0.02723773
0.0004749413,0.9994038,-0.01535097,-0.03091973
0.000532851,0.9992801,-0.01534907,-0.03468986
0.0005918187,0.9991395,-0.01534691,-0.03852887
0.0007129229,0.9988042,-0.01534176,-0.0464132
0.0007750585,0.9986081,-0.01533874,-0.05045845
0.0008382451,0.9983917,-0.01533542,-0.05457213
0.000902782,0.9981532,-0.01533176,-0.05877372
0.0009683683,0.9978926,-0.01532775,-0.06304362
0.001102688,0.9973016,-0.01531868,-0.07178835
0.001171412,0.9969695,-0.01531358,-0.07626254
0.001241199,0.9966115,-0.01530808,-0.08080588
0.001312309,0.9962254,-0.01530215,-0.08543544
0.001384441,0.9958115,-0.01529579,-0.09013145
0.001531798,0.9948965,-0.01528173,-0.09972492
0.001607013,0.9943935,-0.01527401,-0.1046217
0.001683251,0.9938588,-0.0152658,-0.1095851
0.001760807,0.9932891,-0.01525704,-0.1146342
0.001839376,0.9926853,-0.01524777,-0.1197494
0.001999529,0.991372,-0.0152276,-0.1301759
0.002081115,0.9906601,-0.01521666,-0.1354875
0.002163995,0.9899071,-0.0152051,-0.1408832
0.002247863,0.9891146,-0.01519292,-0.1463434
0.002332717,0.9882815,-0.01518013,-0.1518677
0.002472703,0.986838,-0.01515795,-0.1609813
0.002495025,0.9865999,-0.0151543,-0.1624345
0.002495025,0.9865999,-0.0151543,-0.1624345
0.002495025,0.9865999,-0.0151543,-0.1624345
0.002495025,0.9865999,-0.0151543,-0.1624345
0.002495025,0.9865999,-0.0151543,-0.1624345
0.002495025,0.9865999,-0.0151543,-0.1624345
0.002495025,0.9865999,-0.0151543,-0.1624345
0.002495025,0.9865999,-0.0151543,-0.1624345
0.002495025,0.9865999,-0.0151543,-0.1624345
0.002495025,0.9865999,-0.0151543,-0.1624345
0.002495025,0.9865999,-0.0151543,-0.1624345
0.002495025,0.9865999,-0.0151543,-0.1624345
0.002495025,0.9865999,-0.0151543,-0.1624345
0.002495025,0.9865999,-0.0151543,-0.1624345
0.002495025,0.9865999,-0.0151543,-0.1624345
0.002495025,0.9865999,-0.0151543,-0.1624345
0.002495025,0.9865999,-0.0151543,-0.1624345
0.002495025,0.9865999,-0.0151543,-0.1624345
0.002495025,0.9865999,-0.0151543,-0.1624345
0.002495025,0.9865999,-0.0151543,-0.1624345
0.002495025,0.9865999,-0.0151543,-0.1624345
0.002495025,0.9865999,-0.0151543,-0.1624345
0.002495025,0.9865999,-0.0151543,-0.1624345
0.002495025,0.9865999,-0.0151543,-0.1624345
0.002495025,0.9865999,-0.0151543,-0.1624345
0.002495025,0.9865999,-0.0151543,-0.1624345
0.002495025,0.9865999,-0.0151543,-0.1624345
0.002495025,0.9865999,-0.0151543,-0.1624345
0.002495025,0.9865999,-0.0151543,-0.1624345
0.002495025,0.9865999,-0.0151543,-0.1624345
0.002495025,0.9865999,-0.0151543,-0.1624345
0.002495025,0.9865999,-0.0151543,-0.1624345
0.002495025,0.9865999,-0.0151543,-0.1624345
0.002495025,0.9865999,-0.0151543,-0.1624345
0.002495025,0.9865999,-0.0151543,-0.1624345
0.002495025,0.9865999,-0.0151543,-0.1624345
0.002495025,0.9865999,-0.0151543,-0.1624345
0.002495025,0.9865999,-0.0151543,-0.1624345
0.002495025,0.9865999,-0.0151543,-0.1624345
0.002495025,0.9865999,-0.0151543,-0.1624345
0.002495025,0.9865999,-0.0151543,-0.1624345
0.002495025,0.9865999,-0.0151543,-0.1624345
0.002495025,0.9865999,-0.0151543,-0.1624345
0.002495025,0.9865999,-0.0151543,-0.1624345
0.002495025,0.9865999,-0.0151543,-0.1624345
0.002495025,0.9865999,-0.0151543,-0.1624345
0.002495025,0.9865999,-0.0151543,-0.1624345
0.002495025,0.9865999,-0.0151543,-0.1624345
0.002495025,0.9865999,-0.0151543,-0.1624345
0.002495025,0.9865999,-0.0151543,-0.1624345
0.002495025,0.9865999,-0.0151543,-0.1624345
0.002495025,0.9865999,-0.0151543,-0.1624345
0.002495025,0.9865999,-0.0151543,-0.1624345
0.002495025,0.9865999,-0.0151543,-0.1624345
0.002491857,0.9866337,-0.01515482,-0.1622283
0.002488397,0.9866707,-0.01515538,-0.162003
0.002483891,0.9867189,-0.01515612,-0.1617097
0.002478326,0.9867782,-0.01515703,-0.1613474
0.002471719,0.9868484,-0.01515811,-0.1609172
0.002464053,0.9869297,-0.01515936,-0.1604181
0.002444959,0.9871309,-0.01516245,-0.1591751
0.002433827,0.9872475,-0.01516424,-0.1584504
0.002421656,0.9873744,-0.01516619,-0.157658
0.002408423,0.9875115,-0.0151683,-0.1567965
0.002378788,0.9878159,-0.01517297,-0.1548671
0.00236211,0.9879856,-0.01517558,-0.1537813
0.002344345,0.9881649,-0.01517833,-0.1526247
0.002325529,0.9883533,-0.01518123,-0.1513997
0.002305662,0.9885506,-0.01518426,-0.1501063
0.002262743,0.9889708,-0.01519071,-0.1473121
0.0022394,0.989196,-0.01519417,-0.1457924
0.002214988,0.9894289,-0.01519775,-0.1442031
0.002189522,0.9896691,-0.01520144,-0.1425452
0.002162988,0.9899164,-0.01520524,-0.1408177
0.002135401,0.9901702,-0.01520913,-0.1390217
0.002076454,0.9907015,-0.01521729,-0.1351841
0.002045368,0.9909756,-0.0152215,-0.1331602
0.002013222,0.9912546,-0.01522579,-0.1310674
0.001979999,0.991538,-0.01523014,-0.1289045
0.001910357,0.992117,-0.01523904,-0.1243705
0.00187364,0.9924138,-0.01524359,-0.1219801
0.001835851,0.992713,-0.01524819,-0.1195199
0.001796986,0.9930144,-0.01525282,-0.1169897
0.001757063,0.9933172,-0.01525747,-0.1143905
0.001716055,0.993621,-0.01526214,-0.1117207
0.001630234,0.9942333,-0.01527154,-0.1061335
0.001585706,0.9945385,-0.01527623,-0.1032346
0.001540102,0.9948422,-0.0152809,-0.1002656
0.001493431,0.9951437,-0.01528553,-0.09722709
0.001445386,0.9954444,-0.01529015,-0.09409919
0.00134608,0.9960344,-0.01529921,-0.08763402
0.001294802,0.9963225,-0.01530364,-0.08429562
0.001242443,0.996605,-0.01530798,-0.08088687
0.001189008,0.9968812,-0.01531222,-0.07740809
0.001134497,0.9971505,-0.01531635,-0.07385919
0.001021655,0.9976674,-0.01532429,-0.06651278
0.0009635987,0.9979122,-0.01532806,-0.06273311
0.0009044681,0.9981467,-0.01533166,-0.05888348
0.0008442606,0.9983702,-0.01533509,-0.05496376
0.0007829811,0.9985819,-0.01533834,-0.05097424
0.0006565755,0.998968,-0.01534427,-0.04274478
0.0005917631,0.9991396,-0.01534691,-0.03852526
0.000525872,0.9992958,-0.01534931,-0.03423551
0.0004588947,0.9994357,-0.01535146,-0.02987504
0.000390551,0.9995587,-0.01535335,-0.02542562
0.0002506454,0.9997489,-0.01535627,-0.01631725
0.0001790786,0.999814,-0.01535727,-0.01165799
0.0001064455,0.9998581,-0.01535795,-0.006929311
3.274146E-05,0.9998798,-0.01535828,-0.002130912
-4.232132E-05,0.9998783,-0.01535826,0.002755947
-0.000195665,0.9998009,-0.01535707,0.01273918
-0.0002739298,0.999723,-0.01535587,0.0178345
-0.0003532488,0.9996176,-0.01535425,0.02299846
-0.0004336229,0.9994835,-0.01535219,0.0282311
-0.0005150554,0.9993197,-0.01534967,0.03353265
-0.0006816774,0.9988967,-0.01534318,0.04438036
-0.0007665564,0.9986358,-0.01533917,0.04990628
-0.0008524766,0.9983406,-0.01533464,0.0555
-0.0009394285,0.9980098,-0.01532955,0.06116089
-0.001027722,0.9976409,-0.01532389,0.06690916
-0.001207383,0.9967875,-0.01531078,0.07860573
-0.001298758,0.9963005,-0.0153033,0.08455453
-0.001391136,0.9957718,-0.01529518,0.0905687
-0.001484527,0.9952001,-0.0152864,0.09664878
-0.001578928,0.9945841,-0.01527693,0.1027946
-0.00177131,0.9932097,-0.01525582,0.1153195
-0.001868986,0.9924507,-0.01524417,0.1216785
-0.001967649,0.9916421,-0.01523175,0.1281018
-0.002067578,0.99078,-0.0152185,0.1346076
-0.002168464,0.9898655,-0.01520446,0.1411756
-0.002373131,0.9878734,-0.01517386,0.1545001
-0.002476885,0.9867933,-0.01515727,0.1612549
-0.002581575,0.9856554,-0.01513979,0.1680706
-0.002687201,0.9844581,-0.0151214,0.1749472
-0.002794032,0.9831967,-0.01510202,0.1819023
-0.003010407,0.9804858,-0.01506038,0.1959891
-0.00311993,0.9790335,-0.01503808,0.2031195
-0.003230326,0.9775149,-0.01501475,0.2103067
-0.003341591,0.9759283,-0.01499038,0.2175504
-0.003453987,0.9742683,-0.01496488,0.2248678
-0.003681306,0.9707336,-0.01491059,0.2396671
-0.003796212,0.968856,-0.01488175,0.2471479
-0.003911921,0.9669032,-0.01485175,0.254681
-0.004028722,0.9648682,-0.0148205,0.2622851
-0.004146302,0.9627547,-0.01478803,0.26994
-0.004383711,0.9582866,-0.0147194,0.2853962
-0.004503534,0.9559287,-0.01468319,0.2931971
-0.004624067,0.9534864,-0.01464567,0.3010443
-0.004745309,0.9509583,-0.01460684,0.3089375
-0.004867521,0.9483367,-0.01456657,0.316894
-0.005113911,0.9428248,-0.01448191,0.3329348
-0.005238078,0.9399311,-0.01443746,0.3410185
-0.005363129,0.9369373,-0.01439148,0.3491598
-0.005488778,0.9338481,-0.01434403,0.35734
-0.005614979,0.9306626,-0.01429509,0.3655562
-0.005869057,0.9239944,-0.01419267,0.3820977
-0.005996876,0.9205092,-0.01413914,0.3904191
-0.006125452,0.9169138,-0.01408391,0.3987899
-0.006254477,0.9132144,-0.01402709,0.4071899
-0.006383967,0.9094087,-0.01396863,0.4156201
-0.006644175,0.9014741,-0.01384676,0.4325606
-0.006774851,0.8973423,-0.01378329,0.4410681
-0.006905891,0.8930984,-0.0137181,0.4495993
-0.007037236,0.8887421,-0.01365119,0.4581503
-0.007169146,0.8842623,-0.01358238,0.4667382
-0.007433727,0.8749534,-0.0134394,0.4839633
-0.007566349,0.8701218,-0.01336518,0.4925975
-0.007699155,0.8651699,-0.01328912,0.5012436
-0.007796019,0.8614855,-0.01323253,0.5075498
-0.0078649,0.8588278,-0.01319171,0.5120342
-0.007920238,0.8566695,-0.01315856,0.5156369
-0.007920238,0.8566695,-0.01315856,0.5156369
-0.007920238,0.8566695,-0.01315856,0.5156369
-0.007920238,0.8566695,-0.01315856,0.5156369
-0.007920238,0.8566695,-0.01315856,0.5156369
-0.007920238,0.8566695,-0.01315856,0.5156369
-0.007920238,0.8566695,-0.01315856,0.5156369
-0.007920238,0.8566695,-0.01315856,0.5156369
-0.007920238,0.8566695,-0.01315856,0.5156369
-0.007920238,0.8566695,-0.01315856,0.5156369
-0.007920238,0.8566695,-0.01315856,0.5156369
-0.007920238,0.8566695,-0.01315856,0.5156369
-0.007920238,0.8566695,-0.01315856,0.5156369
-0.007920238,0.8566695,-0.01315856,0.5156369
-0.007920238,0.8566695,-0.01315856,0.5156369
-0.007920238,0.8566695,-0.01315856,0.5156369
-0.007920238,0.8566695,-0.01315856,0.5156369
-0.007920238,0.8566695,-0.01315856,0.5156369
-0.007921151,0.8566338,-0.01315801,0.5156963
-0.007922976,0.8565622,-0.01315691,0.5158152
-0.007929383,0.8563109,-0.01315305,0.5162323
-0.00793395,0.8561316,-0.01315029,0.5165296
-0.007939432,0.8559162,-0.01314698,0.5168864
-0.007946092,0.8556542,-0.01314296,0.51732
-0.007953654,0.8553565,-0.01313839,0.5178123
-0.007971504,0.8546519,-0.01312756,0.5189744
-0.007982045,0.8542348,-0.01312116,0.5196607
-0.007993493,0.8537809,-0.01311419,0.5204059
-0.008005851,0.85329,-0.01310665,0.5212105
-0.008019109,0.8527622,-0.01309854,0.5220736
-0.008048307,0.8515955,-0.01308062,0.5239745
-0.008064255,0.8509558,-0.01307079,0.5250127
-0.008081105,0.850278,-0.01306038,0.5261097
-0.00809909,0.8495524,-0.01304924,0.5272806
-0.008117974,0.8487882,-0.0130375,0.52851
-0.008158412,0.8471432,-0.01301223,0.5311426
-0.008179955,0.8462623,-0.0129987,0.5325451
-0.008202635,0.8453314,-0.0129844,0.5340216
-0.008226189,0.8443606,-0.01296949,0.5355551
-0.00825061,0.8433501,-0.01295397,0.537145
-0.008302064,0.8412072,-0.01292105,0.5404948
-0.008329335,0.8400638,-0.01290349,0.5422702
-0.008357465,0.8388788,-0.01288529,0.5441017
-0.008386448,0.8376519,-0.01286644,0.5459886
-0.008416287,0.8363825,-0.01284695,0.5479311
-0.008478492,0.8337153,-0.01280598,0.5519809
-0.008510848,0.8323168,-0.0127845,0.5540874
-0.008544281,0.8308637,-0.01276218,0.556264
-0.008578549,0.8293657,-0.01273917,0.558495
-0.008613643,0.8278226,-0.01271546,0.5607798
-0.008686258,0.8246004,-0.01266597,0.5655072
-0.008723785,0.8229195,-0.01264015,0.5679504
-0.008762353,0.8211809,-0.01261345,0.5704613
-0.008801701,0.8193954,-0.01258602,0.573023
-0.008841845,0.8175614,-0.01255785,0.5756366
-0.008924472,0.8137473,-0.01249927,0.5810159
-0.008967181,0.8117549,-0.01246866,0.5837963
-0.009010646,0.8097124,-0.01243729,0.586626
-0.009054864,0.8076189,-0.01240513,0.5895048
-0.009099817,0.8054746,-0.0123722,0.5924314
-0.009191932,0.8010291,-0.01230391,0.5984284
-0.009239325,0.7987148,-0.01226837,0.6015139
-0.009287426,0.7963468,-0.01223199,0.6046454
-0.009336213,0.7939251,-0.01219479,0.6078215
-0.009385713,0.7914475,-0.01215674,0.6110442
-0.009486766,0.7863244,-0.01207805,0.617623
-0.00953853,0.7836656,-0.01203721,0.6209931
-0.009590957,0.7809488,-0.01199548,0.6244063
-0.009644048,0.7781726,-0.01195284,0.6278627
-0.009697749,0.7753388,-0.01190931,0.6313589
-0.009807034,0.7694904,-0.01181947,0.6384737
-0.00986283,0.7664619,-0.01177296,0.6421062
-0.009919199,0.7633724,-0.0117255,0.645776
-0.009976157,0.76022,-0.01167708,0.6494842
-0.0100337,0.7570035,-0.01162768,0.6532304
-0.01009179,0.7537231,-0.01157729,0.6570125
-0.01021007,0.7469412,-0.01147312,0.6647128
-0.01027001,0.7434503,-0.0114195,0.6686147
-0.01033044,0.7398931,-0.01136486,0.6725492
-0.01039143,0.7362642,-0.01130912,0.6765199
-0.01045283,0.7325708,-0.01125239,0.6805176
-0.01057748,0.7249479,-0.0111353,0.6886325
-0.01064047,0.7210305,-0.01107513,0.6927332
-0.01070388,0.7170411,-0.01101385,0.6968617
-0.01076769,0.7129802,-0.01095147,0.701016
-0.0108319,0.7088459,-0.01088797,0.7051962
-0.01096186,0.7003269,-0.01075712,0.7136571
-0.01102736,0.6959547,-0.01068996,0.7179214
-0.01109318,0.6915073,-0.01062165,0.7222062
-0.01115931,0.6869822,-0.01055214,0.726512
-0.01129244,0.6776989,-0.01040955,0.7351792
-0.01135961,0.6729243,-0.01033621,0.739552
-0.0114263,0.6681216,-0.01026244,0.7438937
-0.01149251,0.6632908,-0.01018824,0.7482042
-0.01155824,0.6584322,-0.01011361,0.7524833
-0.01162348,0.6535461,-0.01003856,0.7567309
-0.0117525,0.6436918,-0.009887193,0.7651308
-0.01181628,0.6387241,-0.009810888,0.7692826
-0.01187955,0.6337295,-0.009734171,0.7734023
-0.01194233,0.6287084,-0.009657047,0.7774895
-0.01200461,0.6236609,-0.009579517,0.7815441
-0.01212766,0.6134878,-0.009423257,0.7895549
-0.01218842,0.6083626,-0.009344532,0.7935107
-0.01224867,0.6032118,-0.009265415,0.7974332
-0.01228862,0.5997579,-0.009212364,0.8000341
-0.01230291,0.598515,-0.009193273,0.8009644
-0.01228465,0.6001028,-0.009217662,0.7997754
-0.01227459,0.6009741,-0.009231046,0.7991208
-0.01226388,0.6019007,-0.009245278,0.7984232
-0.01225251,0.6028817,-0.009260347,0.7976828
-0.01224046,0.6039176,-0.009276259,0.7968988
-0.01221402,0.6061824,-0.009311047,0.7951774
-0.01219979,0.6073957,-0.009329684,0.794251
-0.01218489,0.6086625,-0.009349142,0.7932806
-0.01216931,0.6099826,-0.009369417,0.7922661
-0.01213591,0.6127964,-0.009412638,0.7900916
-0.01211806,0.6142918,-0.009435606,0.7889296
-0.01209951,0.6158392,-0.009459374,0.7877223
-0.01208026,0.6174387,-0.009483944,0.786469
-0.01206031,0.6190898,-0.009509305,0.7851701
-0.01203963,0.6207933,-0.00953547,0.7838239
-0.01199576,0.6243829,-0.009590606,0.7809675
-0.01197271,0.6262545,-0.009619355,0.7794673
-0.01194894,0.6281765,-0.009648878,0.7779193
-0.01192441,0.6301488,-0.009679172,0.7763225
-0.01189895,0.632185,-0.009710449,0.7746653
-0.01184576,0.6364049,-0.009775268,0.7712023
-0.011818,0.6385891,-0.009808817,0.7693947
-0.01178943,0.6408231,-0.009843132,0.767535
-0.0117601,0.6431031,-0.009878152,0.7656257
-0.01172979,0.645445,-0.009914125,0.7636523
-0.01166677,0.6502687,-0.009988217,0.7595491
-0.01163402,0.6527503,-0.01002634,0.7574174
-0.01160046,0.6552774,-0.01006515,0.7552323
-0.01156607,0.6578493,-0.01010466,0.752993
-0.01153063,0.6604806,-0.01014507,0.7506861
-0.01145722,0.6658735,-0.01022791,0.7459066
-0.01141922,0.6686344,-0.01027032,0.7434328
-0.01138034,0.6714377,-0.01031337,0.7409019
-0.01134059,0.6742825,-0.01035707,0.7383138
-0.01129976,0.6771815,-0.0104016,0.7356557
-0.01121535,0.6831033,-0.01049256,0.7301603
-0.01117177,0.6861236,-0.01053895,0.7273229
-0.01112726,0.6891822,-0.01058593,0.7244253
-0.01108182,0.6922784,-0.01063349,0.7214671
-0.01103523,0.6954256,-0.01068183,0.718434
-0.01093916,0.7018295,-0.01078019,0.7121794
-0.01088967,0.7050844,-0.01083019,0.708957
-0.01083919,0.7083734,-0.01088071,0.7056708
-0.01078772,0.7116958,-0.01093174,0.7023199
-0.01073525,0.7150509,-0.01098328,0.6989037
-0.01062669,0.7218909,-0.01108834,0.6918365
-0.01057093,0.7253524,-0.01114151,0.6882064
-0.01051413,0.7288432,-0.01119513,0.6845083
-0.01045628,0.7323624,-0.01124918,0.6807419
-0.01039714,0.7359224,-0.01130387,0.6768917
-0.01027562,0.7431217,-0.01141445,0.6689801
-0.01021317,0.7467616,-0.01147036,0.6649146
-0.01014967,0.7504222,-0.01152658,0.6607804
-0.01008506,0.7541054,-0.01158316,0.656574
-0.01001909,0.757823,-0.01164026,0.6522795
-0.00988374,0.7653193,-0.01175541,0.6434675
-0.009814339,0.7690956,-0.01181341,0.6389493
-0.009743773,0.7728892,-0.01187168,0.6343552
-0.009671993,0.7767012,-0.01193023,0.629682
-0.009598832,0.7805386,-0.01198918,0.6249189
-0.009448914,0.7882537,-0.01210768,0.6151588
-0.009372143,0.7921287,-0.0121672,0.6101608
-0.00929414,0.7960147,-0.01222689,0.6050825
-0.009214669,0.799921,-0.01228689,0.5999087
-0.009133955,0.8038351,-0.01234701,0.594654
-0.008968757,0.8116811,-0.01246753,0.5838989
-0.008884242,0.8156111,-0.0125279,0.5783967
-0.008798452,0.8195432,-0.01258829,0.5728115
-0.008711132,0.8234875,-0.01264888,0.5671266
-0.008622506,0.8274314,-0.01270946,0.5613567
-0.008441361,0.8353108,-0.01283049,0.5495635
-0.008348794,0.8392447,-0.01289091,0.5435371
-0.008254899,0.8431723,-0.01295124,0.5374241
-0.008159639,0.8470933,-0.01301147,0.5312224
-0.008062806,0.8510141,-0.01307169,0.5249182
-0.007865029,0.8588229,-0.01319163,0.5120422
-0.007764091,0.8627071,-0.0132513,0.5054708
-0.00766154,0.8665844,-0.01331085,0.4987943
-0.007557841,0.8704354,-0.01337,0.4920431
-0.0074525,0.8742766,-0.013429,0.485185
-0.007237606,0.8818956,-0.01354603,0.4711946
-0.007128051,0.8856695,-0.013604,0.4640622
-0.007016838,0.8894257,-0.01366169,0.4568218
-0.006904448,0.8931459,-0.01371884,0.4495049
-0.006790364,0.8968454,-0.01377566,0.4420775
-0.006557918,0.9041474,-0.01388782,0.4269444
-0.006439535,0.9077468,-0.01394311,0.4192373
-0.006319724,0.9113087,-0.01399782,0.4114372
-0.006198215,0.914839,-0.01405205,0.4035265
-0.006075259,0.9183283,-0.01410564,0.3955216
-0.005917452,0.9226854,-0.01417257,0.3852478
-0.005882819,0.9236236,-0.01418698,0.382993
-0.005877857,0.9237575,-0.01418903,0.38267
-0.005877857,0.9237575,-0.01418903,0.38267
-0.005877857,0.9237575,-0.01418903,0.38267
-0.005877857,0.9237575,-0.01418903,0.38267
-0.005877857,0.9237575,-0.01418903,0.38267
-0.005877857,0.9237575,-0.01418903,0.38267
-0.005877857,0.9237575,-0.01418903,0.38267
-0.005877857,0.9237575,-0.01418903,0.38267
-0.005877857,0.9237575,-0.01418903,0.38267
-0.005877857,0.9237575,-0.01418903,0.38267
-0.005877857,0.9237575,-0.01418903,0.38267
-0.005877857,0.9237575,-0.01418903,0.38267
-0.005877857,0.9237575,-0.01418903,0.38267
-0.005877857,0.9237575,-0.01418903,0.38267
-0.005877857,0.9237575,-0.01418903,0.38267
-0.005877857,0.9237575,-0.01418903,0.38267
-0.005877857,0.9237575,-0.01418903,0.38267
-0.005877857,0.9237575,-0.01418903,0.38267
-0.005877857,0.9237575,-0.01418903,0.38267
-0.005877857,0.9237575,-0.01418903,0.38267
-0.005877857,0.9237575,-0.01418903,0.38267
-0.005877857,0.9237575,-0.01418903,0.38267
-0.005877857,0.9237575,-0.01418903,0.38267
-0.005877857,0.9237575,-0.01418903,0.38267
-0.005877857,0.9237575,-0.01418903,0.38267
-0.005877857,0.9237575,-0.01418903,0.38267
-0.005877857,0.9237575,-0.01418903,0.38267
-0.005877857,0.9237575,-0.01418903,0.38267
-0.005877857,0.9237575,-0.01418903,0.38267
-0.005877857,0.9237575,-0.01418903,0.38267
-0.005877857,0.9237575,-0.01418903,0.38267
-0.005877857,0.9237575,-0.01418903,0.38267
-0.005877857,0.9237575,-0.01418903,0.38267
-0.005877857,0.9237575,-0.01418903,0.38267
-0.005877857,0.9237575,-0.01418903,0.38267
-0.005877857,0.9237575,-0.01418903,0.38267
-0.005877857,0.9237575,-0.01418903,0.38267
-0.005877857,0.9237575,-0.01418903,0.38267
-0.005877857,0.9237575,-0.01418903,0.38267
-0.005877857,0.9237575,-0.01418903,0.38267
-0.005877857,0.9237575,-0.01418903,0.38267
-0.005877857,0.9237575,-0.01418903,0.38267
-0.005877857,0.9237575,-0.01418903,0.38267
-0.005877857,0.9237575,-0.01418903,0.38267
-0.005877857,0.9237575,-0.01418903,0.38267
-0.005877857,0.9237575,-0.01418903,0.38267
-0.005877857,0.9237575,-0.01418903,0.38267
-0.005877857,0.9237575,-0.01418903,0.38267
-0.005877857,0.9237575,-0.01418903,0.38267
-0.005877857,0.9237575,-0.01418903,0.38267
-0.00587912,0.9237234,-0.01418851,0.3827523
-0.005881372,0.9236627,-0.01418758,0.3828989
-0.005884592,0.9235756,-0.01418624,0.3831085
-0.005894047,0.9233201,-0.01418232,0.383724
-0.005900343,0.9231496,-0.0141797,0.3841339
-0.005907794,0.9229476,-0.0141766,0.384619
-0.005916229,0.9227186,-0.01417308,0.3851682
-0.005925636,0.9224627,-0.01416915,0.3857806
-0.005947404,0.9218688,-0.01416002,0.3871978
-0.005959758,0.9215306,-0.01415483,0.388002
-0.005973366,0.9211569,-0.01414909,0.388888
-0.005987953,0.9207555,-0.01414292,0.3898377
-0.00600352,0.9203258,-0.01413632,0.3908511
-0.00602006,0.9198678,-0.01412929,0.3919279
-0.006056598,0.9188506,-0.01411366,0.3943067
-0.00607642,0.9182957,-0.01410514,0.3955972
-0.006097095,0.9177147,-0.01409622,0.3969432
-0.006118755,0.9171035,-0.01408683,0.3983533
-0.006164951,0.9157912,-0.01406667,0.4013608
-0.006189751,0.9150819,-0.01405578,0.4029755
-0.006215526,0.9143412,-0.0140444,0.4046535
-0.006242249,0.9135691,-0.01403254,0.4063933
-0.006269927,0.9127654,-0.0140202,0.4081952
-0.00629855,0.9119298,-0.01400736,0.4100586
-0.006358908,0.9101527,-0.01398006,0.4139881
-0.006390617,0.9092109,-0.0139656,0.4160525
-0.006423274,0.908235,-0.01395061,0.4181786
-0.006456852,0.9072253,-0.0139351,0.4203647
-0.006491398,0.9061798,-0.01391904,0.4226137
-0.006563757,0.9039678,-0.01388506,0.4273245
-0.006601296,0.9028085,-0.01386726,0.4297684
-0.006639767,0.901612,-0.01384888,0.4322731
-0.006679147,0.9003783,-0.01382993,0.4348368
-0.00676062,0.8977973,-0.01379028,0.440141
-0.006802972,0.8964403,-0.01376944,0.4428983
-0.006846216,0.8950439,-0.01374799,0.4457136
-0.006890337,0.8936077,-0.01372593,0.448586
-0.006935341,0.8921309,-0.01370325,0.451516
-0.006981326,0.8906094,-0.01367988,0.4545098
-0.007076219,0.8874294,-0.01363103,0.4606876
-0.007124963,0.8857749,-0.01360562,0.463861
-0.007174553,0.8840767,-0.01357953,0.4670895
-0.00722499,0.882334,-0.01355276,0.4703732
-0.007276264,0.8805463,-0.0135253,0.4737113
-0.007381846,0.8768137,-0.01346797,0.4805851
-0.007435874,0.8748766,-0.01343822,0.4841025
-0.007490702,0.8728919,-0.01340773,0.487672
-0.007546332,0.8708586,-0.0133765,0.4912937
-0.007659979,0.8666429,-0.01331175,0.4986925
-0.007718228,0.8644496,-0.01327806,0.5024848
-0.007777242,0.8622049,-0.01324358,0.5063268
-0.007837038,0.859907,-0.01320828,0.5102197
-0.007897595,0.8575555,-0.01317216,0.5141622
-0.008020925,0.85269,-0.01309743,0.5221915
-0.008083941,0.8501639,-0.01305863,0.5262941
-0.008147664,0.8475817,-0.01301897,0.5304427
-0.008212106,0.8449416,-0.01297841,0.534638
-0.008277244,0.8422434,-0.01293697,0.5388787
-0.008343064,0.8394862,-0.01289462,0.5431638
-0.008477235,0.8337696,-0.01280681,0.5518988
-0.008545327,0.8308184,-0.01276148,0.5563318
-0.008614035,0.8278055,-0.0127152,0.560805
-0.008683371,0.8247294,-0.01266795,0.565319
-0.008823887,0.8183837,-0.01257048,0.5744671
-0.008895283,0.8151011,-0.01252006,0.5791152
-0.008967258,0.8117515,-0.01246861,0.5838011
-0.009039795,0.8083343,-0.01241612,0.5885235
-0.009112897,0.8048477,-0.01236257,0.5932828
-0.009186527,0.8012921,-0.01230795,0.5980763
-0.009335817,0.793945,-0.0121951,0.6077956
-0.00941121,0.7901633,-0.01213701,0.612704
-0.009487082,0.7863083,-0.0120778,0.6176435
-0.009537513,0.7837182,-0.01203802,0.6209267
-0.009562939,0.7824039,-0.01201783,0.6225821
-0.009562939,0.7824039,-0.01201783,0.6225821
-0.009562939,0.7824039,-0.01201783,0.6225821
-0.009562939,0.7824039,-0.01201783,0.6225821
-0.009562939,0.7824039,-0.01201783,0.6225821
-0.009562939,0.7824039,-0.01201783,0.6225821
-0.009562939,0.7824039,-0.01201783,0.6225821
-0.009562939,0.7824039,-0.01201783,0.6225821
-0.009562939,0.7824039,-0.01201783,0.6225821
-0.009562939,0.7824039,-0.01201783,0.6225821
-0.009562939,0.7824039,-0.01201783,0.6225821
-0.009562939,0.7824039,-0.01201783,0.6225821
-0.009562939,0.7824039,-0.01201783,0.6225821
-0.009562939,0.7824039,-0.01201783,0.6225821
-0.009562939,0.7824039,-0.01201783,0.6225821
-0.009562939,0.7824039,-0.01201783,0.6225821
-0.009562939,0.7824039,-0.01201783,0.6225821
-0.009562939,0.7824039,-0.01201783,0.6225821
-0.009562939,0.7824039,-0.01201783,0.6225821
-0.009562939,0.7824039,-0.01201783,0.6225821
-0.009562939,0.7824039,-0.01201783,0.6225821
-0.009563777,0.7823604,-0.01201716,0.6226366
-0.009565464,0.7822731,-0.01201582,0.6227464
-0.009567983,0.7821425,-0.01201381,0.6229103
-0.009571336,0.7819686,-0.01201114,0.6231287
-0.009575759,0.7817391,-0.01200762,0.6234166
-0.009587111,0.7811491,-0.01199855,0.6241556
-0.009594037,0.7807885,-0.01199302,0.6246065
-0.009601785,0.7803847,-0.01198681,0.625111
-0.009610358,0.7799373,-0.01197994,0.6256691
-0.009619999,0.7794334,-0.0119722,0.6262968
-0.009641744,0.7782938,-0.0119547,0.6277125
-0.009653848,0.7776576,-0.01194493,0.6285005
-0.009666773,0.7769767,-0.01193447,0.629342
-0.009680513,0.7762514,-0.01192333,0.6302364
-0.0096953,0.7754687,-0.0119113,0.6311991
-0.009727292,0.7737688,-0.01188519,0.6332819
-0.009744499,0.7728506,-0.01187109,0.6344022
-0.009762518,0.7718862,-0.01185628,0.6355753
-0.009781332,0.7708759,-0.01184076,0.6368001
-0.009801175,0.7698069,-0.01182434,0.638092
-0.009843238,0.7675288,-0.01178935,0.6408305
-0.009843238,0.7675288,-0.01178935,0.6408305
-0.009843238,0.7675288,-0.01178935,0.6408305
-0.009843238,0.7675288,-0.01178935,0.6408305
-0.009843238,0.7675288,-0.01178935,0.6408305
-0.009843238,0.7675288,-0.01178935,0.6408305
-0.009843238,0.7675288,-0.01178935,0.6408305
-0.009843238,0.7675288,-0.01178935,0.6408305
-0.009843238,0.7675288,-0.01178935,0.6408305
-0.009843238,0.7675288,-0.01178935,0.6408305
-0.009843238,0.7675288,-0.01178935,0.6408305
-0.009843238,0.7675288,-0.01178935,0.6408305
-0.009843238,0.7675288,-0.01178935,0.6408305
-0.009843238,0.7675288,-0.01178935,0.6408305
-0.009843238,0.7675288,-0.01178935,0.6408305
-0.009843238,0.7675288,-0.01178935,0.6408305
-0.009843238,0.7675288,-0.01178935,0.6408305
-0.009843238,0.7675288,-0.01178935,0.6408305
-0.009843238,0.7675288,-0.01178935,0.6408305
-0.009843238,0.7675288,-0.01178935,0.6408305
-0.009843238,0.7675288,-0.01178935,0.6408305
-0.009843238,0.7675288,-0.01178935,0.6408305
-0.009843238,0.7675288,-0.01178935,0.6408305
-0.009843238,0.7675288,-0.01178935,0.6408305
-0.009843238,0.7675288,-0.01178935,0.6408305
-0.009843238,0.7675288,-0.01178935,0.6408305
-0.009843238,0.7675288,-0.01178935,0.6408305
-0.009843238,0.7675288,-0.01178935,0.6408305
-0.009843238,0.7675288,-0.01178935,0.6408305
-0.009843238,0.7675288,-0.01178935,0.6408305
-0.009843238,0.7675288,-0.01178935,0.6408305
-0.009843238,0.7675288,-0.01178935,0.6408305
-0.009843238,0.7675288,-0.01178935,0.6408305
-0.009843238,0.7675288,-0.01178935,0.6408305
-0.009843238,0.7675288,-0.01178935,0.6408305
-0.009843238,0.7675288,-0.01178935,0.6408305
-0.009843238,0.7675288,-0.01178935,0.6408305
-0.009843238,0.7675288,-0.01178935,0.6408305
-0.009843238,0.7675288,-0.01178935,0.6408305
-0.009843238,0.7675288,-0.01178935,0.6408305
-0.009843238,0.7675288,-0.01178935,0.6408305
-0.009843238,0.7675288,-0.01178935,0.6408305
-0.009843238,0.7675288,-0.01178935,0.6408305
-0.009843238,0.7675288,-0.01178935,0.6408305
-0.009843238,0.7675288,-0.01178935,0.6408305
-0.009843238,0.7675288,-0.01178935,0.6408305
-0.009843238,0.7675288,-0.01178935,0.6408305
-0.009843238,0.7675288,-0.01178935,0.6408305
-0.009843238,0.7675288,-0.01178935,0.6408305
-0.009843238,0.7675288,-0.01178935,0.6408305
-0.009843238,0.7675288,-0.01178935,0.6408305
-0.009843238,0.7675288,-0.01178935,0.6408305
-0.009843238,0.7675288,-0.01178935,0.6408305
-0.009843238,0.7675288,-0.01178935,0.6408305
-0.009843238,0.7675288,-0.01178935,0.6408305
-0.009840781,0.7676623,-0.0117914,0.6406705
-0.009838324,0.7677957,-0.01179344,0.6405106
-0.009835048,0.7679736,-0.01179618,0.6402973
-0.009830716,0.7682086,-0.01179979,0.6400153
-0.00982557,0.7684876,-0.01180407,0.6396803
-0.009812813,0.7691783,-0.01181468,0.6388498
-0.009805192,0.76959,-0.011821,0.6383536
-0.009796512,0.7700584,-0.0118282,0.6377885
-0.009787012,0.7705703,-0.01183606,0.63717
-0.009776691,0.7711253,-0.01184459,0.6364981
-0.009753547,0.7723666,-0.01186365,0.6349913
-0.009740718,0.7730526,-0.01187419,0.634156
-0.009727051,0.7737816,-0.01188539,0.6332663
-0.009712311,0.7745659,-0.01189743,0.6323067
-0.00969673,0.7753929,-0.01191014,0.6312923
-0.009663037,0.7771737,-0.01193749,0.6290988
-0.009644914,0.7781273,-0.01195214,0.6279189
-0.009625711,0.7791345,-0.01196761,0.6266688
-0.009605569,0.7801874,-0.01198378,0.6253574
-0.009584639,0.7812775,-0.01200053,0.6239948
-0.009540156,0.7835818,-0.01203592,0.6210988
-0.009516631,0.7847933,-0.01205453,0.6195673
-0.009491994,0.7860569,-0.01207394,0.6179634
-0.00946647,0.7873604,-0.01209396,0.6163017
-0.009440072,0.7887027,-0.01211458,0.614583
-0.009384612,0.791503,-0.01215759,0.6109723
-0.009355298,0.7929724,-0.01218016,0.6090639
-0.009325081,0.7944795,-0.01220331,0.6070967
-0.009293954,0.796024,-0.01222703,0.6050702
-0.009261921,0.7976049,-0.01225132,0.6029848
-0.009195098,0.8008751,-0.01230155,0.5986344
-0.00916006,0.8025752,-0.01232766,0.5963533
-0.009123995,0.8043145,-0.01235438,0.5940053
-0.009087102,0.8060829,-0.01238154,0.5916034
-0.00904926,0.8078851,-0.01240922,0.5891398
-0.008970707,0.81159,-0.01246613,0.5840257
-0.008929749,0.813502,-0.0124955,0.5813591
-0.008887832,0.8154454,-0.01252535,0.5786302
-0.00884494,0.8174197,-0.01255568,0.5758378
-0.008801076,0.819424,-0.01258646,0.572982
-0.008710372,0.8235217,-0.0126494,0.5670769
-0.008663508,0.8256143,-0.01268155,0.5640258
-0.008615417,0.8277445,-0.01271427,0.560895
-0.008566319,0.8299016,-0.0127474,0.5576984
-0.008516201,0.8320849,-0.01278094,0.5544356
-0.008412889,0.8365276,-0.01284918,0.5477096
-0.008359442,0.8387956,-0.01288401,0.5442299
-0.008304962,0.8410862,-0.0129192,0.5406832
-0.008249424,0.8433995,-0.01295473,0.5370674
-0.008192736,0.8457384,-0.01299065,0.5333768
-0.008076363,0.8504693,-0.01306332,0.5258005
-0.00801631,0.852874,-0.01310026,0.5218908
-0.00795518,0.8552966,-0.01313747,0.517911
-0.00789296,0.8577364,-0.01317495,0.5138603
-0.007858433,0.8590791,-0.01319557,0.5116124
-0.007850938,0.8593695,-0.01320003,0.5111245
-0.007850938,0.8593695,-0.01320003,0.5111245
-0.007850938,0.8593695,-0.01320003,0.5111245
-0.007850938,0.8593695,-0.01320003,0.5111245
-0.007850938,0.8593695,-0.01320003,0.5111245
-0.007850938,0.8593695,-0.01320003,0.5111245
-0.007850938,0.8593695,-0.01320003,0.5111245
-0.007850938,0.8593695,-0.01320003,0.5111245
-0.007850938,0.8593695,-0.01320003,0.5111245
-0.007850938,0.8593695,-0.01320003,0.5111245
-0.007850938,0.8593695,-0.01320003,0.5111245
-0.007854222,0.8592422,-0.01319808,0.5113384
-0.007857219,0.8591261,-0.01319629,0.5115335
-0.007861142,0.858974,-0.01319396,0.5117889
-0.007865987,0.858786,-0.01319107,0.5121043
-0.007871738,0.8585626,-0.01318764,0.5124788
-0.007886347,0.8579941,-0.0131789,0.5134299
-0.007895106,0.8576526,-0.01317366,0.5140002
-0.007904766,0.8572754,-0.01316786,0.5146291
-0.00791534,0.8568618,-0.01316151,0.5153175
-0.007939214,0.8559251,-0.01314712,0.5168718
-0.007952766,0.8553917,-0.01313893,0.5177541
-0.007967376,0.8548152,-0.01313008,0.5187052
-0.007982723,0.8542081,-0.01312075,0.5197044
-0.007998983,0.8535631,-0.01311084,0.520763
-0.008016136,0.8528808,-0.01310036,0.5218797
-0.008053649,0.8513817,-0.01307734,0.524322
-0.008073737,0.8505747,-0.01306494,0.5256298
-0.008094707,0.8497297,-0.01305196,0.5269949
-0.008116572,0.8488451,-0.01303837,0.5284185
-0.008139668,0.8479073,-0.01302397,0.5299221
-0.008163544,0.8469338,-0.01300902,0.5314766
-0.00821413,0.8448582,-0.01297713,0.5347698
-0.008240624,0.843764,-0.01296033,0.5364947
-0.008267984,0.8426288,-0.01294289,0.5382759
-0.008296206,0.8414521,-0.01292482,0.5401133
-0.008355699,0.8389534,-0.01288643,0.5439866
-0.008386728,0.83764,-0.01286626,0.5460067
-0.008418594,0.8362841,-0.01284543,0.5480812
-0.0084513,0.8348848,-0.01282394,0.5502105
-0.008519235,0.8319531,-0.01277891,0.5546334
-0.008554673,0.8304104,-0.01275521,0.5569405
-0.008590939,0.828822,-0.01273081,0.5593016
-0.008628015,0.8271881,-0.01270572,0.5617154
-0.008665902,0.8255078,-0.01267991,0.5641819
-0.008704705,0.8237755,-0.0126533,0.5667081
-0.008784952,0.8201569,-0.01259772,0.5719325
-0.008826253,0.8182753,-0.01256881,0.5746214
-0.008868329,0.8163449,-0.01253916,0.5773607
-0.008911177,0.8143647,-0.01250875,0.5801502
-0.00895478,0.812335,-0.01247757,0.582989
-0.00904475,0.8080991,-0.01241251,0.5888464
-0.009090837,0.8059042,-0.01237879,0.5918469
-0.009137662,0.8036563,-0.01234427,0.5948954
-0.009185206,0.801356,-0.01230893,0.5979906
-0.009233691,0.7989907,-0.0122726,0.6011472
-0.009332874,0.7940915,-0.01219735,0.6076043
-0.009383467,0.7915603,-0.01215847,0.6108981
-0.009434742,0.7889727,-0.01211872,0.6142364
-0.009486689,0.7863281,-0.0120781,0.6176183
-0.009539295,0.783626,-0.0120366,0.6210431
-0.009646921,0.7780215,-0.01195051,0.62805
-0.009701678,0.7751303,-0.0119061,0.6316148
-0.00975706,0.7721783,-0.01186076,0.6352204
-0.009813045,0.7691654,-0.01181448,0.6388652
-0.009869862,0.7660779,-0.01176705,0.6425642
-0.009985245,0.759714,-0.0116693,0.650076
-0.01004378,0.7564365,-0.01161896,0.6538869
-0.01010286,0.7530943,-0.01156762,0.6577334
-0.01016248,0.7496864,-0.01151528,0.661615
-0.01022263,0.7462124,-0.01146192,0.6655308
-0.0103449,0.7390361,-0.01135169,0.6734908
-0.01040676,0.7353456,-0.011295,0.6775183
-0.01046917,0.7315814,-0.01123718,0.6815811
-0.01053196,0.7277514,-0.01117835,0.685669
-0.01059519,0.7238505,-0.01111844,0.6897858
-0.01072334,0.7158073,-0.01099489,0.698129
-0.01078802,0.7116761,-0.01093144,0.7023398
-0.01085308,0.7074711,-0.01086685,0.7065755
-0.01091872,0.7031776,-0.0108009,0.7108485
-0.0109847,0.6988085,-0.01073379,0.715144
-0.01111762,0.6898416,-0.01059605,0.7237974
-0.01118453,0.6852415,-0.0105254,0.728154
-0.01125172,0.6805633,-0.01045354,0.7325283
-0.01131917,0.6758063,-0.01038047,0.7369193
-0.01138706,0.6709548,-0.01030595,0.7413392
-0.01152347,0.66101,-0.0101532,0.7502199
-0.01159196,0.6559141,-0.01007492,0.7546793
-0.01166062,0.6507354,-0.009995378,0.7591493
-0.01172962,0.6454585,-0.009914324,0.7636409
-0.01179872,0.6400976,-0.00983198,0.7681401
-0.01193723,0.6291193,-0.009663352,0.7771571
-0.01200658,0.6235004,-0.009577044,0.7816721
-0.01207596,0.6177951,-0.00948941,0.7861891
-0.01214537,0.6120008,-0.009400408,0.7907081
-0.01221493,0.6061049,-0.009309846,0.7952365
-0.01235393,0.5940438,-0.009124585,0.8042861
-0.01242333,0.5878774,-0.009029869,0.8088043
-0.01249263,0.58162,-0.008933755,0.8133157
-0.01256179,0.5752711,-0.008836235,0.8178187
-0.01263097,0.5688146,-0.008737063,0.8223224
-0.01276875,0.5556238,-0.008534451,0.831292
-0.0128373,0.548888,-0.008430988,0.8357549
-0.01290559,0.5420579,-0.008326077,0.8402008
-0.01297375,0.5351169,-0.008219462,0.8446385
-0.0130416,0.5280804,-0.008111381,0.8490555
-0.01317623,0.5137201,-0.007890806,0.8578204
-0.01324296,0.5063952,-0.007778293,0.8621647
-0.01330926,0.4989735,-0.007664297,0.8664811
-0.01337525,0.4914369,-0.007548533,0.8707778
-0.01344075,0.4838032,-0.007431279,0.875042
-0.01357016,0.4682421,-0.007192258,0.8834667
-0.01363401,0.4603134,-0.007070473,0.8876236
-0.01369725,0.4522856,-0.006947165,0.8917409
-0.01375998,0.4441411,-0.006822065,0.8958252
-0.01382203,0.4358986,-0.006695457,0.8998648
-0.01394399,0.4191124,-0.006437619,0.9078045
-0.01400382,0.4105695,-0.0063064,0.9117
-0.01406285,0.4019275,-0.006173657,0.9155427
-0.01412114,0.393169,-0.006039126,0.9193379
-0.01417857,0.3843093,-0.005903039,0.9230767
-0.01429066,0.3662893,-0.005626251,0.9303743
-0.01434526,0.3571297,-0.005485558,0.9339285
-0.01439893,0.3478536,-0.005343076,0.9374231
-0.01445156,0.3384769,-0.005199049,0.9408494
-0.0145031,0.3290017,-0.005053508,0.9442045
-0.01460276,0.3097531,-0.004757848,0.9506931
-0.01465082,0.2999807,-0.004607743,0.9538217
-0.01469765,0.2901084,-0.004456104,0.9568706
-0.01474325,0.2801298,-0.00430283,0.9598393
-0.01478758,0.270045,-0.004147927,0.9627252
-0.01487214,0.2495863,-0.003833679,0.9682308
-0.01491231,0.2392136,-0.003674352,0.9708455
-0.01495101,0.2287458,-0.003513566,0.9733651
-0.01498827,0.2181649,-0.003351042,0.9757911
-0.015024,0.2074858,-0.00318701,0.9781175
-0.01509065,0.1858582,-0.002854806,0.9824566
-0.0151215,0.1749076,-0.002686605,0.9844651
-0.01515066,0.1638659,-0.002517003,0.9863631
-0.01517812,0.1527164,-0.002345745,0.9881507
-0.01520379,0.1414791,-0.002173138,0.9898221
-0.01524962,0.1187441,-0.001823927,0.9928061
-0.01526971,0.1072488,-0.001647357,0.9941136
-0.01528785,0.09566972,-0.001469501,0.9952947
-0.01530403,0.0839887,-0.001290079,0.9963484
-0.01531819,0.07222722,-0.001109421,0.99727
-0.01533862,0.05062274,-0.0007775736,0.9985998
-0.01534415,0.04293596,-0.0006595038,0.9989598
-0.01534761,0.03732908,-0.0005733814,0.9991851
-0.01534923,0.03438895,-0.0005282206,0.9992906
-0.01534967,0.03353175,-0.0005150539,0.9993196
-0.01534967,0.03353176,-0.000515054,0.9993197
-0.01534967,0.03353176,-0.000515054,0.9993197
-0.01534967,0.03353176,-0.000515054,0.9993197
-0.01534967,0.03353176,-0.000515054,0.9993197
-0.01534967,0.03353176,-0.000515054,0.9993197
-0.01534967,0.03353176,-0.000515054,0.9993197
-0.01534967,0.03353176,-0.000515054,0.9993197
-0.01534967,0.03353176,-0.000515054,0.9993197
-0.01534967,0.03353176,-0.000515054,0.9993197
-0.01534967,0.03353176,-0.000515054,0.9993197
-0.01534967,0.03353176,-0.000515054,0.9993197
-0.01534967,0.03353176,-0.000515054,0.9993197
-0.01534967,0.03353176,-0.000515054,0.9993197
-0.01534967,0.03353176,-0.000515054,0.9993197
