-0.01534967,0.03353176,-0.000515054,0.9993197
-0.01534967,0.03353176,-0.000515054,0.9993197
-0.01534967,0.03353176,-0.000515054,0.9993197
-0.01534967,0.03353176,-0.000515054,0.9993197
-0.01534967,0.03353176,-0.000515054,0.9993197
-0.01534967,0.03353176,-0.000515054,0.9993197
-0.01534971,0.03346234,-0.0005139877,0.999322
-0.01534979,0.03330407,-0.0005115568,0.9993273
-0.01534991,0.03307647,-0.0005080609,0.9993349
-0.01535006,0.03277887,-0.0005034896,0.9993446
-0.01535024,0.03241269,-0.000497865,0.9993566
-0.0153507,0.03147135,-0.000483406,0.9993867
-0.01535099,0.0308768,-0.0004742736,0.9994052
-0.0153513,0.03021345,-0.0004640846,0.9994255
-0.01535163,0.02948009,-0.0004528201,0.9994474
-0.01535199,0.02867566,-0.0004404638,0.9994708
-0.01535277,0.02686279,-0.0004126179,0.9995211
-0.01535318,0.02585187,-0.0003970901,0.9995478
-0.0153536,0.02475234,-0.0003802012,0.9995757
-0.01535404,0.02358293,-0.0003622389,0.9996039
-0.01535448,0.02234439,-0.0003432148,0.9996324
-0.01535491,0.02103654,-0.0003231261,0.9996607
-0.01535577,0.01819386,-0.0002794621,0.9997165
-0.01535618,0.01665783,-0.0002558687,0.9997433
-0.01535657,0.01505203,-0.0002312033,0.9997688
-0.01535694,0.01337662,-0.0002054688,0.9997926
-0.01535757,0.009818298,-0.0001508125,0.9998339
-0.01535783,0.007915111,-0.0001215793,0.9998508
-0.01535804,0.00594217,-9.127473E-05,0.9998645
-0.01535819,0.003901208,-5.99253E-05,0.9998745
-0.01535828,0.001789892,-2.749523E-05,0.9998804
-0.01535826,-0.0026415,4.057148E-05,0.9998786
-0.01535812,-0.004981257,7.651042E-05,0.9998696
-0.01535789,-0.007390078,0.0001135102,0.9998547
-0.01535756,-0.00986769,0.0001515666,0.9998334
-0.01535713,-0.01241535,0.0001906989,0.999805
-0.0153559,-0.01771828,0.0002721527,0.9997251
-0.01535508,-0.02049396,0.0003147875,0.9996721
-0.01535412,-0.02333817,0.0003584748,0.9996097
-0.01535301,-0.02625266,0.0004032417,0.9995374
-0.01535174,-0.02923557,0.0004490595,0.9994546
-0.01534868,-0.03540846,0.0005438759,0.9992549
-0.01534685,-0.03861684,0.000593157,0.999136
-0.01534482,-0.0418958,0.0006435222,0.9990039
-0.01534258,-0.04524256,0.0006949287,0.998858
-0.01534011,-0.04866372,0.0007474783,0.9986972
-0.0153374,-0.05214937,0.0008010182,0.9985212
-0.01533122,-0.05936316,0.000911823,0.9981183
-0.01532772,-0.06307368,0.0009688169,0.9978907
-0.01532394,-0.06685243,0.001026859,0.9976447
-0.01531987,-0.0707003,0.001085963,0.9973794
-0.01531549,-0.07461581,0.001146105,0.9970942
-0.0153057,-0.08269059,0.001270135,0.996457
-0.01530029,-0.08682826,0.00133369,0.996105
-0.01529452,-0.09103395,0.00139829,0.9957294
-0.01528838,-0.09530805,0.001463941,0.9953294
-0.01527491,-0.1040597,0.001598367,0.9944525
-0.01526753,-0.1085549,0.001667414,0.9939718
-0.01525971,-0.1131165,0.001737481,0.993463
-0.01525145,-0.1177447,0.001808571,0.9929252
-0.01524272,-0.1224396,0.001880685,0.9923571
-0.01522383,-0.1320267,0.002027944,0.9911272
-0.01521359,-0.1369371,0.002103367,0.9904607
-0.01520283,-0.1419143,0.002179819,0.9897598
-0.01519152,-0.1469559,0.002257257,0.9890239
-0.01517966,-0.152062,0.002335689,0.9882517
-0.01515418,-0.1624788,0.002495692,0.9865925
-0.01514049,-0.1677986,0.002577404,0.9857017
-0.01512619,-0.173181,0.002660078,0.9847703
-0.01511124,-0.1786267,0.002743725,0.9837971
-0.01509563,-0.1841349,0.002828332,0.982781
-0.01507935,-0.1897059,0.002913903,0.9817209
-0.01504456,-0.2010714,0.003088478,0.9794562
-0.01502608,-0.2068461,0.003177178,0.978253
-0.01500685,-0.2126812,0.003266807,0.977001
-0.01498685,-0.2185764,0.003357357,0.9756989
-0.014966,-0.2245488,0.003449094,0.9743418
-0.01492186,-0.2366734,0.003635329,0.9714679
-0.01489853,-0.242823,0.003729787,0.9699491
-0.01487434,-0.2490308,0.00382514,0.9683738
-0.01484926,-0.2552952,0.003921361,0.9667412
-0.01482328,-0.2616158,0.004018446,0.9650499
-0.01476838,-0.2744609,0.004215749,0.9614756
-0.01473949,-0.2809662,0.004315671,0.9595948
-0.01470962,-0.2875246,0.004416409,0.9576501
-0.01467875,-0.2941353,0.004517951,0.9556404
-0.01464686,-0.3007984,0.004620297,0.9535641
-0.01458007,-0.3142496,0.004826908,0.9492162
-0.01454559,-0.3209518,0.004929855,0.9469711
-0.01452053,-0.3257253,0.005003177,0.9453397
-0.01450601,-0.3284566,0.00504513,0.9443942
-0.01450523,-0.3286013,0.005047353,0.9443439
-0.01452598,-0.3246933,0.004987326,0.9456947
-0.01453678,-0.322639,0.004955771,0.9463975
-0.01454785,-0.3205171,0.004923179,0.9471183
-0.01455918,-0.3183279,0.004889553,0.9478563
-0.01457078,-0.3160715,0.004854893,0.9486111
-0.0145949,-0.3113182,0.004781883,0.9501816
-0.01460732,-0.3088389,0.0047438,0.9509904
-0.01461997,-0.306292,0.004704679,0.9518138
-0.01463284,-0.3036762,0.004664501,0.9526516
-0.014646,-0.3009743,0.004622999,0.9535086
-0.01467293,-0.2953643,0.004536828,0.9552613
-0.01468667,-0.2924552,0.004492144,0.9561559
-0.01470058,-0.2894769,0.004446398,0.9570618
-0.01471466,-0.2864294,0.004399588,0.9579782
-0.01472897,-0.283294,0.004351427,0.9589102
-0.01475802,-0.2768129,0.004251877,0.9608011
-0.01477273,-0.2734678,0.004200495,0.9617586
-0.01478754,-0.2700521,0.00414803,0.9627233
-0.01480246,-0.2665658,0.00409448,0.9636944
-0.01481754,-0.2629902,0.004039558,0.9646763
-0.0148327,-0.2593439,0.00398355,0.965663
-0.01486321,-0.2518321,0.003868168,0.9676491
-0.01487851,-0.2479719,0.003808875,0.9686455
-0.01489383,-0.2440417,0.003748506,0.9696432
-0.01490917,-0.2400396,0.003687033,0.9706417
-0.01493996,-0.2317849,0.00356024,0.9726459
-0.01495531,-0.2275491,0.003495178,0.9736456
-0.01497062,-0.2232412,0.003429009,0.9746422
-0.01498587,-0.2188615,0.003361737,0.9756351
-0.01500111,-0.2143907,0.003293065,0.9766272
-0.0150313,-0.2052311,0.003152372,0.9785931
-0.01504623,-0.200541,0.003080332,0.979565
-0.01506102,-0.1957796,0.003007195,0.9805277
-0.01507566,-0.1909455,0.002932943,0.9814805
-0.01509012,-0.1860383,0.002857568,0.9824224
-0.0151186,-0.1759664,0.002702863,0.9842764
-0.01513252,-0.1708209,0.002623827,0.9851824
-0.0151462,-0.1656021,0.002543665,0.9860731
-0.01515962,-0.1603105,0.002462386,0.9869472
-0.01517283,-0.1549258,0.002379677,0.9878068
-0.01519834,-0.1439369,0.002210886,0.9894677
-0.01521061,-0.1383327,0.002124805,0.9902668
-0.01522254,-0.132655,0.002037595,0.9910433
-0.01523414,-0.126885,0.001948967,0.9917986
-0.01524535,-0.1210419,0.001859216,0.9925286
-0.01526655,-0.109136,0.001676339,0.9939082
-0.01527648,-0.1030728,0.001583209,0.9945552
-0.01528596,-0.09693662,0.001488956,0.9951721
-0.01529497,-0.0907087,0.001393294,0.9957591
-0.01530348,-0.08440866,0.001296525,0.9963129
-0.01531889,-0.0715904,0.001099635,0.9973159
-0.01532575,-0.06507206,0.0009995126,0.9977624
-0.01533203,-0.05846103,0.0008979663,0.9981716
-0.01533768,-0.05179896,0.0007956362,0.9985395
-0.01534271,-0.04504556,0.0006919033,0.9988669
-0.01535077,-0.03132539,0.0004811598,0.9993913
-0.01535375,-0.02435879,0.0003741521,0.9995853
-0.015356,-0.01730365,0.0002657843,0.9997323
-0.01535751,-0.01017465,0.000156282,0.9998303
-0.01535824,-0.002977356,4.573074E-05,0.9998776
-0.01535727,0.01162605,-0.0001785793,0.9998145
-0.01535552,0.01903124,-0.0002923238,0.9997009
-0.01535291,0.02650426,-0.0004071102,0.9995307
-0.01534939,0.0340645,-0.0005232365,0.9993017
-0.01534495,0.04169288,-0.0006404092,0.9990125
-0.0153332,0.05714839,-0.0008778077,0.9982476
-0.01532584,0.06497534,-0.0009980306,0.9977687
-0.01531747,0.07286773,-0.001119259,0.9972234
-0.01530802,0.08084431,-0.00124178,0.9966084
-0.0153004,0.08674385,-0.001332398,0.9961123
-0.01529277,0.09227021,-0.001417283,0.9956156
-0.01529277,0.09227021,-0.001417283,0.9956156
-0.01529277,0.09227021,-0.001417283,0.9956156
-0.01529277,0.09227021,-0.001417283,0.9956156
-0.01529277,0.09227021,-0.001417283,0.9956156
-0.01529277,0.09227021,-0.001417283,0.9956156
-0.01529277,0.09227021,-0.001417283,0.9956156
-0.01529277,0.09227021,-0.001417283,0.9956156
-0.01529277,0.09227021,-0.001417283,0.9956156
-0.01529277,0.09227021,-0.001417283,0.9956156
-0.01529277,0.09227021,-0.001417283,0.9956156
-0.01529277,0.09227021,-0.001417283,0.9956156
-0.01529277,0.09227021,-0.001417283,0.9956156
-0.01529277,0.09227021,-0.001417283,0.9956156
-0.01529277,0.09227021,-0.001417283,0.9956156
-0.01529277,0.09227021,-0.001417283,0.9956156
-0.01529277,0.09227021,-0.001417283,0.9956156
-0.01529277,0.09227021,-0.001417283,0.9956156
-0.01529277,0.09227021,-0.001417283,0.9956156
-0.01529277,0.09227021,-0.001417283,0.9956156
-0.01529277,0.09227021,-0.001417283,0.9956156
-0.01529277,0.09227021,-0.001417283,0.9956156
-0.01529277,0.09227021,-0.001417283,0.9956156
-0.01529277,0.09227021,-0.001417283,0.9956156
-0.01529277,0.09227021,-0.001417283,0.9956156
-0.01529277,0.09227021,-0.001417283,0.9956156
-0.01529277,0.09227021,-0.001417283,0.9956156
-0.01529265,0.09235826,-0.001418635,0.9956074
-0.01529242,0.092516,-0.001421058,0.9955927
-0.0152921,0.0927425,-0.001424537,0.9955717
-0.01529115,0.0934035,-0.00143469,0.9955099
-0.01529052,0.0938372,-0.001441352,0.9954691
-0.01528976,0.09435968,-0.001449378,0.9954197
-0.01528888,0.09496545,-0.001458682,0.9953622
-0.01528791,0.09562555,-0.001468821,0.9952989
-0.01528563,0.09715399,-0.001492298,0.9951509
-0.01528433,0.09802203,-0.001505632,0.9950658
-0.01528287,0.09897847,-0.001520323,0.9949711
-0.0152813,0.1000039,-0.001536073,0.9948686
-0.0152796,0.1010985,-0.001552887,0.994758
-0.01527581,0.1034948,-0.001589695,0.9945115
-0.01527371,0.1047971,-0.001609697,0.994375
-0.01527145,0.1061862,-0.001631034,0.9942276
-0.01526904,0.1076448,-0.001653438,0.9940708
-0.01526648,0.1091721,-0.001676897,0.9939042
-0.0152609,0.112433,-0.001726986,0.9935406
-0.01525783,0.1141851,-0.001753897,0.9933408
-0.01525459,0.1160053,-0.001781857,0.9931298
-0.01525117,0.1178956,-0.001810892,0.9929072
-0.01524757,0.1198543,-0.001840977,0.9926727
-0.01523979,0.1239765,-0.001904294,0.9921663
-0.0152356,0.1261401,-0.001937529,0.9918936
-0.01523116,0.1283915,-0.00197211,0.9916047
-0.01522651,0.130711,-0.002007738,0.9913016
-0.01522163,0.1330992,-0.00204442,0.9909837
-0.01521651,0.135555,-0.002082143,0.9906508
-0.01521651,0.135555,-0.002082143,0.9906508
-0.01521651,0.135555,-0.002082143,0.9906508
-0.01521651,0.135555,-0.002082143,0.9906508
-0.01521651,0.135555,-0.002082143,0.9906508
-0.01521651,0.135555,-0.002082143,0.9906508
-0.01521651,0.135555,-0.002082143,0.9906508
-0.01521651,0.135555,-0.002082143,0.9906508
-0.01521651,0.135555,-0.002082143,0.9906508
-0.01521651,0.135555,-0.002082143,0.9906508
-0.01521651,0.135555,-0.002082143,0.9906508
-0.01521651,0.135555,-0.002082143,0.9906508
-0.01521651,0.135555,-0.002082143,0.9906508
-0.01521651,0.135555,-0.002082143,0.9906508
-0.01521651,0.135555,-0.002082143,0.9906508
-0.01521651,0.135555,-0.002082143,0.9906508
-0.01521651,0.135555,-0.002082143,0.9906508
-0.01521651,0.135555,-0.002082143,0.9906508
-0.01521651,0.135555,-0.002082143,0.9906508
-0.01521651,0.135555,-0.002082143,0.9906508
-0.01521651,0.135555,-0.002082143,0.9906508
-0.01521651,0.135555,-0.002082143,0.9906508
-0.01521651,0.135555,-0.002082143,0.9906508
-0.01521651,0.135555,-0.002082143,0.9906508
-0.01521651,0.135555,-0.002082143,0.9906508
-0.01521651,0.135555,-0.002082143,0.9906508
-0.01521651,0.135555,-0.002082143,0.9906508
-0.01521651,0.135555,-0.002082143,0.9906508
-0.01521651,0.135555,-0.002082143,0.9906508
-0.01521651,0.135555,-0.002082143,0.9906508
-0.01521651,0.135555,-0.002082143,0.9906508
-0.01521651,0.135555,-0.002082143,0.9906508
-0.01521651,0.135555,-0.002082143,0.9906508
-0.01521651,0.135555,-0.002082143,0.9906508
-0.01521651,0.135555,-0.002082143,0.9906508
-0.01521651,0.135555,-0.002082143,0.9906508
-0.01521651,0.135555,-0.002082143,0.9906508
-0.01521651,0.135555,-0.002082143,0.9906508
-0.01521651,0.135555,-0.002082143,0.9906508
-0.01521651,0.135555,-0.002082143,0.9906508
-0.01521651,0.135555,-0.002082143,0.9906508
-0.01521651,0.135555,-0.002082143,0.9906508
-0.01521651,0.135555,-0.002082143,0.9906508
-0.01521651,0.135555,-0.002082143,0.9906508
-0.01521651,0.135555,-0.002082143,0.9906508
-0.01521651,0.135555,-0.002082143,0.9906508
-0.01521651,0.135555,-0.002082143,0.9906508
-0.01521651,0.135555,-0.002082143,0.9906508
-0.01521651,0.135555,-0.002082143,0.9906508
-0.01521651,0.135555,-0.002082143,0.9906508
-0.01521636,0.1356259,-0.002083231,0.9906411
-0.01521603,0.1357827,-0.00208564,0.9906197
-0.01521556,0.1360076,-0.002089093,0.9905887
-0.01521494,0.1363016,-0.00209361,0.9905483
-0.01521417,0.1366643,-0.002099181,0.9904984
-0.01521325,0.1370959,-0.00210581,0.9904387
-0.01521088,0.1382058,-0.002122858,0.9902844
-0.01520946,0.1388685,-0.002133038,0.9901918
-0.01520789,0.1395947,-0.002144192,0.9900896
-0.01520617,0.1403891,-0.002156394,0.9899773
-0.01520428,0.1412527,-0.002169658,0.9898545
-0.01519993,0.1432243,-0.002199942,0.9895711
-0.0151975,0.1443131,-0.002216667,0.9894129
-0.0151949,0.1454705,-0.002234444,0.9892434
-0.0151921,0.1467036,-0.002253385,0.9890614
-0.01518599,0.1493602,-0.002294191,0.9886636
-0.01518261,0.1508105,-0.002316467,0.9884434
-0.01517903,0.1523281,-0.002339778,0.9882107
-0.01517525,0.153918,-0.002364199,0.9879643
-0.01517127,0.155573,-0.00238962,0.9877051
-0.01516707,0.1572961,-0.002416087,0.9874321
-0.01515794,0.1609848,-0.002472746,0.9868374
-0.01515794,0.1609848,-0.002472746,0.9868374
-0.01515794,0.1609848,-0.002472746,0.9868374
-0.01515794,0.1609848,-0.002472746,0.9868374
-0.01515794,0.1609848,-0.002472746,0.9868374
-0.01515794,0.1609848,-0.002472746,0.9868374
-0.01515794,0.1609848,-0.002472746,0.9868374
-0.01515794,0.1609848,-0.002472746,0.9868374
-0.01515794,0.1609848,-0.002472746,0.9868374
-0.01515794,0.1609848,-0.002472746,0.9868374
-0.01515794,0.1609848,-0.002472746,0.9868374
-0.01515794,0.1609848,-0.002472746,0.9868374
-0.01515794,0.1609848,-0.002472746,0.9868374
-0.01515794,0.1609848,-0.002472746,0.9868374
-0.01515794,0.1609848,-0.002472746,0.9868374
-0.01515794,0.1609848,-0.002472746,0.9868374
-0.01515794,0.1609848,-0.002472746,0.9868374
-0.01515777,0.1610531,-0.002473795,0.9868262
-0.01515742,0.1611901,-0.0024759,0.9868039
-0.01515686,0.1614141,-0.002479341,0.9867673
-0.0151552,0.1620758,-0.002489504,0.9866588
-0.01515411,0.1625061,-0.002496113,0.986588
-0.01515284,0.1630053,-0.002503781,0.9865057
-0.0151514,0.1635723,-0.002512489,0.9864118
-0.01514973,0.1642276,-0.002522555,0.9863029
-0.01514584,0.1657423,-0.002545821,0.9860495
-0.01514361,0.1666028,-0.002559038,0.9859045
-0.01514119,0.1675315,-0.002573304,0.9857472
-0.01513858,0.1685286,-0.002588619,0.9855772
-0.01513573,0.1696126,-0.00260527,0.9853912
-0.01512941,0.1719861,-0.002641727,0.9849797
-0.01512593,0.1732753,-0.002661529,0.9847537
-0.01512225,0.1746324,-0.002682373,0.984514
-0.01511835,0.1760576,-0.002704265,0.9842601
-0.01511418,0.1775696,-0.002727491,0.9839884
-0.01510515,0.1807974,-0.002777069,0.9834005
-0.01510028,0.1825133,-0.002803426,0.9830834
-0.01509517,0.1842967,-0.002830819,0.9827507
-0.01508981,0.1861477,-0.00285925,0.9824017
-0.01508414,0.1880848,-0.002889004,0.9820327
-0.01507201,0.1921632,-0.002951649,0.9812428
-0.01506553,0.1943028,-0.002984514,0.9808214
-0.01505878,0.1965095,-0.003018409,0.9803817
-0.01505174,0.1987835,-0.003053338,0.9799231
-0.01504434,0.2011436,-0.00308959,0.9794414
-0.01502862,0.2060645,-0.003165175,0.9784179
-0.01502028,0.2086245,-0.003204497,0.9778753
-0.01501162,0.2112507,-0.003244835,0.9773113
-0.01500262,0.2139438,-0.003286202,0.9767253
-0.0149932,0.2167222,-0.003328878,0.9761125
-0.01499064,0.2174724,-0.003340401,0.9759457
-0.01499064,0.2174724,-0.003340401,0.9759457
-0.01499064,0.2174724,-0.003340401,0.9759457
-0.01499064,0.2174724,-0.003340401,0.9759457
-0.01499064,0.2174724,-0.003340401,0.9759457
-0.01499064,0.2174724,-0.003340401,0.9759457
-0.01499064,0.2174724,-0.003340401,0.9759457
-0.01499064,0.2174724,-0.003340401,0.9759457
-0.01499064,0.2174724,-0.003340401,0.9759457
-0.01499064,0.2174724,-0.003340401,0.9759457
-0.01499064,0.2174724,-0.003340401,0.9759457
-0.01499064,0.2174724,-0.003340401,0.9759457
-0.01499064,0.2174724,-0.003340401,0.9759457
-0.01499034,0.2175588,-0.003341728,0.9759264
-0.01498982,0.217713,-0.003344097,0.975892
-0.01498804,0.2182318,-0.003352067,0.9757761
-0.01498681,0.2185898,-0.003357565,0.975696
-0.01498534,0.2190152,-0.003364099,0.9756006
-0.01498364,0.2195084,-0.003371675,0.9754897
-0.01498164,0.2200869,-0.00338056,0.9753594
-0.0149769,0.2214491,-0.003401484,0.975051
-0.01497416,0.2222328,-0.003413522,0.9748727
-0.01497118,0.2230831,-0.003426582,0.9746785
-0.01496787,0.2240206,-0.003440983,0.9744635
-0.01496432,0.225025,-0.00345641,0.974232
-0.01495643,0.227236,-0.003490372,0.9737186
-0.0149521,0.2284426,-0.003508905,0.9734363
-0.01494749,0.2297167,-0.003528474,0.9731364
-0.01494254,0.2310764,-0.00354936,0.9728144
-0.01493732,0.2325025,-0.003571266,0.9724746
-0.01492603,0.2355574,-0.003618188,0.9717391
-0.01491994,0.2371857,-0.0036432,0.9713429
-0.01491356,0.2388803,-0.003669229,0.9709276
-0.01491356,0.2388803,-0.003669229,0.9709276
-0.01491356,0.2388803,-0.003669229,0.9709276
-0.01491356,0.2388803,-0.003669229,0.9709276
-0.01491356,0.2388803,-0.003669229,0.9709276
-0.01491356,0.2388803,-0.003669229,0.9709276
-0.01491356,0.2388803,-0.003669229,0.9709276
-0.01491356,0.2388803,-0.003669229,0.9709276
-0.01491356,0.2388803,-0.003669229,0.9709276
-0.01491356,0.2388803,-0.003669229,0.9709276
-0.01491356,0.2388803,-0.003669229,0.9709276
-0.01491356,0.2388803,-0.003669229,0.9709276
-0.01491356,0.2388803,-0.003669229,0.9709276
-0.01491356,0.2388803,-0.003669229,0.9709276
-0.01491356,0.2388803,-0.003669229,0.9709276
-0.01491356,0.2388803,-0.003669229,0.9709276
-0.01491356,0.2388803,-0.003669229,0.9709276
-0.01491356,0.2388803,-0.003669229,0.9709276
-0.01491356,0.2388803,-0.003669229,0.9709276
-0.01491356,0.2388803,-0.003669229,0.9709276
-0.01491356,0.2388803,-0.003669229,0.9709276
-0.01491382,0.238811,-0.003668165,0.9709446
-0.01491434,0.2386743,-0.003666065,0.9709783
-0.01491614,0.2381979,-0.003658748,0.9710953
-0.01491741,0.2378591,-0.003653543,0.9711783
-0.01491901,0.2374333,-0.003647004,0.9712824
-0.01492086,0.2369399,-0.003639424,0.9714029
-0.01492296,0.2363789,-0.003630807,0.9715396
-0.0149279,0.2350549,-0.003610471,0.9718608
-0.01493073,0.2342916,-0.003598746,0.9720451
-0.01493387,0.2334413,-0.003585685,0.9722497
-0.01493725,0.2325235,-0.003571589,0.9724695
-0.01494086,0.231538,-0.003556451,0.9727046
-0.0149447,0.2304847,-0.003540272,0.9729548
-0.01495311,0.2281607,-0.003504576,0.9735024
-0.01495769,0.2268842,-0.003484969,0.9738007
-0.01496249,0.2255401,-0.003464322,0.9741128
-0.01496749,0.2241277,-0.003442628,0.9744388
-0.01497812,0.2210993,-0.003396112,0.9751304
-0.01498379,0.2194626,-0.003370972,0.9755
-0.01498966,0.2177581,-0.00334479,0.9758819
-0.01499571,0.2159852,-0.003317558,0.9762759
-0.01500194,0.2141436,-0.00328927,0.9766815
-0.01501491,0.210255,-0.003229541,0.9775259
-0.01502171,0.2081878,-0.00319779,0.9779683
-0.01502868,0.2060449,-0.003164873,0.978422
-0.01503577,0.2038403,-0.003131011,0.9788837
-0.015043,0.2015665,-0.003096086,0.9793544
-0.01505785,0.1968112,-0.003023044,0.9803211
-0.01506551,0.1943105,-0.002984633,0.9808198
-0.01507327,0.1917408,-0.002945161,0.9813254
-0.01508114,0.189101,-0.002904614,0.9818376
-0.0150891,0.1863916,-0.002862997,0.9823555
-0.01510524,0.1807641,-0.002776558,0.9834066
-0.01511346,0.1778266,-0.002731438,0.983942
-0.01512174,0.1748181,-0.002685228,0.9844809
-0.01513006,0.1717402,-0.00263795,0.9850225
-0.01513841,0.1685931,-0.00258961,0.9855661
-0.01515517,0.1620859,-0.002489658,0.9866571
-0.0151636,0.1587077,-0.002437769,0.9872062
-0.01517202,0.1552591,-0.002384799,0.9877544
-0.01518042,0.1517404,-0.00233075,0.9883011
-0.01518881,0.1481393,-0.002275437,0.9888473
-0.01520538,0.1407481,-0.002161907,0.9899263
-0.01521361,0.1369283,-0.002103236,0.9904619
-0.01522176,0.1330363,-0.002043454,0.9909922
-0.0152298,0.1290738,-0.001982589,0.9915161
-0.01523774,0.12504,-0.001920629,0.9920329
-0.01524556,0.120935,-0.001857576,0.9925417
-0.0152608,0.112493,-0.001727906,0.9935339
-0.01526819,0.1081553,-0.001661278,0.9940155
-0.01527541,0.1037467,-0.001593562,0.9944851
-0.01528243,0.09926742,-0.001524759,0.9949423
-0.01529583,0.09009489,-0.001383869,0.9958147
-0.01530221,0.08538189,-0.001311476,0.9962299
-0.01530833,0.0805979,-0.001237993,0.9966284
-0.01531418,0.07574319,-0.001163425,0.9970091
-0.01531974,0.07081725,-0.001087762,0.9973711
-0.01532993,0.06075238,-0.0009331639,0.9980348
-0.01533455,0.05559358,-0.0008539243,0.9983354
-0.01533881,0.05036404,-0.0007735979,0.9986129
-0.0153427,0.0450641,-0.0006921901,0.9988661
-0.0153462,0.03969371,-0.0006097004,0.9990938
-0.01535196,0.0287401,-0.0004414515,0.999469
-0.01535419,0.02313863,-0.0003554124,0.9996144
-0.01535596,0.01746721,-0.0002682987,0.9997295
-0.01535725,0.01172551,-0.0001801054,0.9998133
-0.01535804,0.005914116,-9.084175E-05,0.9998646
-0.01535804,-0.005918756,9.091257E-05,0.9998646
-0.01535721,-0.01195757,0.0001836695,0.9998106
-0.0153558,-0.01806616,0.0002774981,0.9997188
-0.01535379,-0.02424381,0.0003723876,0.9995881
-0.01535117,-0.0304899,0.0004683283,0.9994171
-0.01534789,-0.03682347,0.0005656127,0.9992037
-0.01533933,-0.04969437,0.0007633113,0.9986464
-0.015334,-0.05623125,0.0008637185,0.9982997
-0.01532795,-0.06283467,0.0009651477,0.9979058
-0.01532116,-0.06950387,0.001067588,0.9974635
-0.0153136,-0.07623926,0.001171044,0.9969712
-0.01529604,-0.0899446,0.00138156,0.9958284
-0.01528603,-0.09689561,0.001488328,0.9951761
-0.01527515,-0.1039109,0.001596084,0.994468
-0.0152634,-0.1109902,0.001704823,0.9937029
-0.01523713,-0.1253566,0.001925492,0.9919928
-0.01522257,-0.1326431,0.002037414,0.9910449
-0.01520704,-0.1399914,0.002150285,0.9900336
-0.01519051,-0.1474004,0.002264088,0.9889577
-0.01517297,-0.15487,0.002378823,0.9878155
-0.01515438,-0.1623993,0.002494473,0.9866056
-0.01513468,-0.1700074,0.002611334,0.9853231
-0.01509197,-0.1854052,0.002847846,0.9825422
-0.01506892,-0.1931862,0.002967364,0.9810419
-0.01504472,-0.2010227,0.003087733,0.9794662
-0.01501933,-0.2089141,0.003208946,0.9778134
-0.01496478,-0.2248957,0.003454426,0.9742618
-0.01493562,-0.2329658,0.003578383,0.9723637
-0.01490518,-0.2410874,0.003703133,0.9703819
-0.01487343,-0.2492594,0.003828655,0.968315
-0.01484028,-0.2574992,0.003955219,0.9661565
-0.01476986,-0.2741229,0.004210562,0.9615721
-0.01473255,-0.2825043,0.004339301,0.9591431
-0.01469381,-0.2909313,0.004468741,0.9566207
-0.01465361,-0.2994021,0.004598854,0.9540035
-0.01461184,-0.307933,0.004729889,0.9512841
-0.0145237,-0.3251261,0.004993977,0.945546
-0.01447733,-0.3337763,0.005126845,0.9425272
-0.01442938,-0.3424646,0.005260298,0.9394052
-0.01437982,-0.3511892,0.005394309,0.9361786
-0.01432852,-0.3599664,0.005529128,0.9328389
-0.01422093,-0.3776177,0.005800253,0.9258342
-0.01416459,-0.3864885,0.00593651,0.9221663
-0.01410652,-0.395387,0.006073193,0.9183862
-0.01404671,-0.4043122,0.006210284,0.9144921
-0.013985,-0.4132805,0.006348039,0.9104743
-0.01385614,-0.431285,0.006624591,0.9020851
-0.01378895,-0.4403171,0.006763325,0.897711
-0.01371991,-0.4493658,0.006902314,0.8932158
-0.01364897,-0.4584305,0.007041549,0.8885976
-0.01357597,-0.467527,0.007181272,0.8838454
-0.01342415,-0.4857528,0.007461222,0.8739613
-0.01334528,-0.4948783,0.007601391,0.8688266
-0.01326435,-0.5040157,0.007741743,0.8635579
-0.01318146,-0.5131504,0.007882053,0.8581613
-0.01309637,-0.5223036,0.008022648,0.8526213
-0.01291997,-0.5406041,0.008303745,0.8411369
-0.01282862,-0.5497475,0.008444189,0.8351897
-0.01273514,-0.5588834,0.008584518,0.829104
-0.01263935,-0.5680251,0.008724936,0.822868
-0.01254142,-0.5771526,0.008865136,0.816492
-0.01235843,-0.5936469,0.00911849,0.8045791
-0.0122938,-0.5993086,0.009205454,0.8003709
-0.01224784,-0.6032833,0.009266507,0.7973791
-0.01222607,-0.6051516,0.009295204,0.795962
-0.01222348,-0.6053739,0.009298617,0.7957931
-0.01222348,-0.6053739,0.009298617,0.7957931
-0.01222348,-0.6053739,0.009298617,0.7957931
-0.01222348,-0.6053739,0.009298617,0.7957931
-0.01222348,-0.6053739,0.009298617,0.7957931
-0.01222348,-0.6053739,0.009298617,0.7957931
-0.01222348,-0.6053739,0.009298617,0.7957931
-0.01222348,-0.6053739,0.009298617,0.7957931
-0.01222348,-0.6053739,0.009298617,0.7957931
-0.01222348,-0.6053739,0.009298617,0.7957931
-0.01222348,-0.6053739,0.009298617,0.7957931
-0.01222348,-0.6053739,0.009298617,0.7957931
-0.01222348,-0.6053739,0.009298617,0.7957931
-0.01222348,-0.6053739,0.009298617,0.7957931
-0.01222348,-0.6053739,0.009298617,0.7957931
-0.01222348,-0.6053739,0.009298617,0.7957931
-0.01222348,-0.6053739,0.009298617,0.7957931
-0.01222348,-0.6053739,0.009298617,0.7957931
-0.01222348,-0.6053739,0.009298617,0.7957931
-0.01222348,-0.6053739,0.009298617,0.7957931
-0.01222348,-0.6053739,0.009298617,0.7957931
-0.01222348,-0.6053739,0.009298617,0.7957931
-0.01222348,-0.6053739,0.009298617,0.7957931
-0.01222348,-0.6053739,0.009298617,0.7957931
-0.01222348,-0.6053739,0.009298617,0.7957931
-0.01222348,-0.6053739,0.009298617,0.7957931
-0.01222348,-0.6053739,0.009298617,0.7957931
-0.01222348,-0.6053739,0.009298617,0.7957931
-0.01222348,-0.6053739,0.009298617,0.7957931
-0.01222348,-0.6053739,0.009298617,0.7957931
-0.01222348,-0.6053739,0.009298617,0.7957931
-0.01222348,-0.6053739,0.009298617,0.7957931
-0.01222348,-0.6053739,0.009298617,0.7957931
-0.01222348,-0.6053739,0.009298617,0.7957931
-0.01222265,-0.6054447,0.009299706,0.7957392
-0.01222118,-0.6055709,0.009301643,0.7956432
-0.01221628,-0.6059891,0.009308067,0.7953247
-0.01221287,-0.6062807,0.009312546,0.7951024
-0.0122088,-0.6066278,0.009317879,0.7948377
-0.01220391,-0.6070452,0.00932429,0.7945189
-0.01219835,-0.6075181,0.009331553,0.7941573
-0.01218529,-0.608628,0.009348601,0.793307
-0.01217778,-0.609265,0.009358386,0.792818
-0.01216961,-0.6099567,0.00936901,0.792286
-0.0121606,-0.6107181,0.009380705,0.7916992
-0.01215093,-0.6115329,0.00939322,0.79107
-0.01212958,-0.6133271,0.009420779,0.7896798
-0.0121179,-0.6143049,0.009435798,0.7889193
-0.01210554,-0.6153367,0.009451646,0.7881148
-0.01209232,-0.6164377,0.009468558,0.7872539
-0.01207835,-0.6175969,0.009486363,0.7863448
-0.01204848,-0.620065,0.009524273,0.7844001
-0.01203251,-0.6213784,0.009544446,0.7833601
-0.01201583,-0.6227444,0.00956543,0.7822746
-0.01199828,-0.6241773,0.00958744,0.7811317
-0.01198001,-0.6256633,0.009610265,0.7799421
-0.01194132,-0.6287897,0.009658285,0.7774237
-0.0119209,-0.6304299,0.009683479,0.7760943
-0.01189956,-0.6321363,0.009709691,0.7747049
-0.0118775,-0.6338927,0.009736668,0.7732685
-0.01185469,-0.6356999,0.009764426,0.7717835
-0.01180676,-0.6394697,0.009822332,0.7686629
-0.01178168,-0.641427,0.009852396,0.7670303
-0.01175566,-0.6434473,0.009883427,0.7653364
-0.01172887,-0.6455165,0.00991521,0.7635918
-0.01170131,-0.647633,0.009947719,0.7617977
-0.01167295,-0.6497983,0.009980978,0.7599515
-0.01161355,-0.6542944,0.01005004,0.756084
-0.0115826,-0.6566155,0.01008569,0.7540691
-0.01155085,-0.6589816,0.01012203,0.7520023
-0.01151827,-0.6613942,0.01015909,0.7498812
-0.01145064,-0.666353,0.01023526,0.7454783
-0.01141548,-0.6689053,0.01027446,0.743189
-0.01137936,-0.6715086,0.01031445,0.7408376
-0.01134237,-0.6741557,0.01035511,0.7384296
-0.01130452,-0.6768449,0.01039642,0.7359654
-0.01122618,-0.6823494,0.01048097,0.7308649
-0.01118567,-0.6851632,0.01052419,0.7282277
-0.01114405,-0.6880318,0.01056825,0.725518
-0.01110153,-0.6909387,0.0106129,0.7227502
-0.0110581,-0.6938843,0.01065814,0.7199227
-0.0109684,-0.6998925,0.01075043,0.714083
-0.01092193,-0.7029662,0.01079764,0.7110575
-0.01087451,-0.7060757,0.01084541,0.7079698
-0.01082611,-0.7092206,0.01089371,0.7048193
-0.01077676,-0.7123994,0.01094254,0.7016063
-0.01067507,-0.7188597,0.01104177,0.6949856
-0.0106225,-0.7221525,0.01109235,0.6915634
-0.01056892,-0.7254769,0.01114341,0.6880752
-0.0105143,-0.7288328,0.01119496,0.6845195
-0.01045868,-0.7322174,0.01124695,0.6808978
-0.01034428,-0.7390731,0.01135225,0.6734502
-0.01028548,-0.7425432,0.01140555,0.6696222
-0.0102254,-0.7460515,0.01145944,0.665711
-0.01016425,-0.7495854,0.01151372,0.6617296
-0.01010199,-0.7531443,0.01156839,0.6576762
-0.00997417,-0.7603306,0.01167877,0.6493548
-0.00990859,-0.7639563,0.01173446,0.6450852
-0.009841647,-0.7676151,0.01179066,0.640727
-0.009773577,-0.7712926,0.01184715,0.6362954
-0.009704347,-0.7749889,0.01190392,0.6317883
-0.0095624,-0.7824318,0.01201825,0.622547
-0.009489651,-0.7861769,0.01207577,0.6178107
-0.009415482,-0.7899475,0.01213369,0.6129821
-0.00934011,-0.7937309,0.0121918,0.6080751
-0.009263543,-0.797525,0.01225008,0.6030903
-0.009109321,-0.8050193,0.01236519,0.5930499
-0.009031671,-0.8087189,0.01242202,0.5879947
-0.008953669,-0.812387,0.01247836,0.5829164
-0.008875314,-0.8160231,0.01253422,0.5778152
-0.008823409,-0.8184054,0.01257081,0.574436
-0.008798838,-0.819526,0.01258802,0.5728363
-0.008820386,-0.8185436,0.01257293,0.5742391
-0.008832457,-0.8179917,0.01256445,0.575025
-0.008845388,-0.8173993,0.01255535,0.5758669
-0.008859188,-0.8167654,0.01254562,0.5767653
-0.008873846,-0.8160909,0.01253526,0.5777196
-0.008906226,-0.8145945,0.01251227,0.5798275
-0.008923694,-0.8137838,0.01249982,0.5809648
-0.008942008,-0.8129313,0.01248672,0.5821571
-0.008961168,-0.8120366,0.01247298,0.5834045
-0.008981175,-0.8110992,0.01245858,0.584707
-0.009024191,-0.809073,0.01242746,0.5875075
-0.009046938,-0.8079955,0.01241091,0.5889885
-0.009070531,-0.8068737,0.01239368,0.5905244
-0.009094981,-0.8057063,0.01237575,0.5921162
-0.009120218,-0.8044962,0.01235716,0.5937592
-0.009173618,-0.8019187,0.01231757,0.5972358
-0.009201523,-0.8005624,0.01229674,0.5990525
-0.009230245,-0.7991598,0.01227519,0.6009225
-0.009259769,-0.7977108,0.01225294,0.6028446
-0.009290093,-0.7962151,0.01222996,0.6048188
-0.009353579,-0.7930584,0.01218147,0.6089519
-0.009386504,-0.7914079,0.01215612,0.6110955
-0.009420197,-0.7897093,0.01213003,0.613289
-0.009454652,-0.7879621,0.01210319,0.6155322
-0.009525844,-0.7843195,0.01204724,0.620167
-0.009562808,-0.7824105,0.01201792,0.6225736
-0.009600505,-0.7804515,0.01198783,0.6250278
-0.009638945,-0.7784406,0.01195694,0.6275303
-0.009678112,-0.7763782,0.01192526,0.6300802
-0.009758616,-0.7720951,0.01185947,0.6353213
-0.009800167,-0.7698613,0.01182516,0.6380264
-0.009842415,-0.7675735,0.01179002,0.6407769
-0.009885347,-0.7652315,0.01175405,0.6435719
-0.009928969,-0.7628341,0.01171722,0.6464119
-0.009973266,-0.7603809,0.01167954,0.6492958
-0.01006429,-0.7552806,0.0116012,0.6552217
-0.01011078,-0.7526443,0.01156071,0.6582482
-0.01015791,-0.7499497,0.01151932,0.6613166
-0.01020566,-0.7471969,0.01147704,0.6644253
-0.01025402,-0.7443852,0.01143385,0.6675738
-0.01035302,-0.7385542,0.01134428,0.6740192
-0.01040339,-0.735548,0.01129811,0.6772985
-0.01045435,-0.7324796,0.01125098,0.6806158
-0.01050587,-0.7293484,0.01120288,0.68397
-0.01055796,-0.7261536,0.01115381,0.6873611
-0.01066416,-0.7195455,0.01105231,0.6942755
-0.01071804,-0.7161444,0.01100007,0.6977832
-0.01077243,-0.7126774,0.01094681,0.7013238
-0.0108273,-0.7091443,0.01089254,0.7048961
-0.01088267,-0.7055427,0.01083722,0.7085009
-0.01099517,-0.6981107,0.01072307,0.7158251
-0.01105209,-0.6942906,0.01066439,0.7195309
-0.01110943,-0.6904005,0.01060464,0.7232643
-0.01116719,-0.6864397,0.0105438,0.7270246
-0.01122554,-0.6823938,0.01048165,0.7308234
-0.01134337,-0.6740847,0.01035402,0.7384944
-0.01140281,-0.6698204,0.01028853,0.7423643
-0.01146259,-0.6654822,0.01022189,0.7462558
-0.01152267,-0.6610692,0.0101541,0.7501677
-0.01158306,-0.6565811,0.01008517,0.754099
-0.01170505,-0.6473464,0.00994332,0.7620413
-0.01176642,-0.6426139,0.009870629,0.7660363
-0.01182802,-0.6378025,0.009796726,0.7700469
-0.01188983,-0.6329126,0.009721615,0.7740709
-0.01195183,-0.6279431,0.009645282,0.7781077
-0.01207674,-0.617731,0.009488424,0.7862396
-0.0121394,-0.6125032,0.009408125,0.790319
-0.01220217,-0.6071936,0.009326569,0.7944055
-0.01226504,-0.6018009,0.009243735,0.7984985
-0.01232816,-0.5963091,0.00915938,0.802608
-0.01245454,-0.5850726,0.008986787,0.8108355
-0.01251774,-0.5793272,0.008898536,0.8149505
-0.01258093,-0.573496,0.008808969,0.8190644
-0.01264426,-0.5675622,0.008717824,0.8231874
-0.01270752,-0.5615421,0.008625355,0.8273057
-0.01283378,-0.5492364,0.008436339,0.8355259
-0.01289673,-0.5429507,0.008339791,0.8396242
-0.01295952,-0.5365763,0.008241879,0.8437121
-0.01302213,-0.5301126,0.008142595,0.8477882
-0.0130847,-0.5235416,0.008041664,0.8518617
-0.0132091,-0.5101292,0.007835648,0.8599606
-0.0132709,-0.503285,0.007730519,0.863984
-0.0133324,-0.4963486,0.007623975,0.8679875
-0.01339356,-0.4893199,0.007516014,0.8719692
-0.01345436,-0.4821984,0.007406627,0.8759274
-0.01357504,-0.4676419,0.007183038,0.8837846
-0.01361939,-0.4621446,0.007098598,0.8866716
-0.01364868,-0.4584668,0.007042106,0.8885788
-0.01366306,-0.4566486,0.007014179,0.8895146
-0.01366306,-0.4566486,0.007014179,0.8895146
-0.01366306,-0.4566486,0.007014179,0.8895146
-0.01366306,-0.4566486,0.007014179,0.8895146
-0.01366306,-0.4566486,0.007014179,0.8895146
-0.01366306,-0.4566486,0.007014179,0.8895146
-0.01366306,-0.4566486,0.007014179,0.8895146
-0.01366306,-0.4566486,0.007014179,0.8895146
-0.01366306,-0.4566486,0.007014179,0.8895146
-0.01366306,-0.4566486,0.007014179,0.8895146
-0.01366306,-0.4566486,0.007014179,0.8895146
-0.01366306,-0.4566486,0.007014179,0.8895146
-0.01366306,-0.4566486,0.007014179,0.8895146
-0.01366306,-0.4566486,0.007014179,0.8895146
-0.01366306,-0.4566486,0.007014179,0.8895146
-0.01366306,-0.4566486,0.007014179,0.8895146
-0.01366306,-0.4566486,0.007014179,0.8895146
-0.01366306,-0.4566486,0.007014179,0.8895146
-0.01366306,-0.4566486,0.007014179,0.8895146
-0.01366306,-0.4566486,0.007014179,0.8895146
-0.01366306,-0.4566486,0.007014179,0.8895146
-0.01366306,-0.4566486,0.007014179,0.8895146
-0.01366306,-0.4566486,0.007014179,0.8895146
-0.01366306,-0.4566486,0.007014179,0.8895146
-0.01366306,-0.4566486,0.007014179,0.8895146
-0.01366306,-0.4566486,0.007014179,0.8895146
-0.01366306,-0.4566486,0.007014179,0.8895146
-0.01366306,-0.4566486,0.007014179,0.8895146
-0.01366306,-0.4566486,0.007014179,0.8895146
-0.01366306,-0.4566486,0.007014179,0.8895146
-0.01366306,-0.4566486,0.007014179,0.8895146
-0.01366306,-0.4566486,0.007014179,0.8895146
-0.01366306,-0.4566486,0.007014179,0.8895146
-0.01366306,-0.4566486,0.007014179,0.8895146
-0.01366306,-0.4566486,0.007014179,0.8895146
-0.01366306,-0.4566486,0.007014179,0.8895146
-0.01366306,-0.4566486,0.007014179,0.8895146
-0.01366306,-0.4566486,0.007014179,0.8895146
-0.01366306,-0.4566486,0.007014179,0.8895146
-0.01366306,-0.4566486,0.007014179,0.8895146
-0.01366306,-0.4566486,0.007014179,0.8895146
-0.01366306,-0.4566486,0.007014179,0.8895146
-0.01366306,-0.4566486,0.007014179,0.8895146
-0.01366306,-0.4566486,0.007014179,0.8895146
-0.01366306,-0.4566486,0.007014179,0.8895146
-0.01366306,-0.4566486,0.007014179,0.8895146
-0.01366306,-0.4566486,0.007014179,0.8895146
-0.01366306,-0.4566486,0.007014179,0.8895146
-0.01366306,-0.4566486,0.007014179,0.8895146
-0.01366306,-0.4566486,0.007014179,0.8895146
-0.01366256,-0.4567115,0.007015145,0.8894823
-0.01366158,-0.4568357,0.007017054,0.8894185
-0.01365816,-0.4572687,0.007023704,0.889196
-0.01365572,-0.4575782,0.007028458,0.8890368
-0.01365264,-0.457967,0.00703443,0.8888365
-0.01364908,-0.4584173,0.007041346,0.8886044
-0.01364502,-0.4589293,0.007049211,0.8883401
-0.01363541,-0.4601374,0.007067767,0.8877149
-0.01362987,-0.4608336,0.007078461,0.8873537
-0.01362382,-0.461591,0.007090094,0.88696
-0.01361712,-0.4624274,0.007102942,0.8865241
-0.01360994,-0.4633231,0.007116699,0.8860564
-0.01359402,-0.4652995,0.007147058,0.8850201
-0.01358529,-0.4663791,0.007163641,0.8844517
-0.01357604,-0.4675193,0.007181155,0.8838495
-0.01356613,-0.4687372,0.007199862,0.8832041
-0.01355569,-0.470016,0.007219505,0.8825243
-0.01353321,-0.4727532,0.007261547,0.8810611
-0.01352116,-0.4742124,0.007283961,0.8802766
-0.01350843,-0.4757479,0.007307548,0.8794476
-0.01349514,-0.4773434,0.007332055,0.8785826
-0.01348131,-0.4789974,0.00735746,0.877682
-0.01345194,-0.4824843,0.007411019,0.87577
-0.0134364,-0.4843164,0.007439159,0.8747582
-0.01342012,-0.4862252,0.007468478,0.8736987
-0.01340326,-0.4881919,0.007498688,0.8726012
-0.01338582,-0.4902163,0.007529782,0.8714656
-0.01334914,-0.4944373,0.007594618,0.8690776
-0.01332974,-0.4966511,0.007628622,0.8678144
-0.01330972,-0.498922,0.007663504,0.8665108
-0.01328907,-0.501249,0.007699247,0.8651668
-0.01326779,-0.5036328,0.007735861,0.8637813
-0.01322331,-0.5085671,0.007811652,0.8608854
-0.01320009,-0.5111176,0.007850829,0.8593736
-0.01317605,-0.5137401,0.007891111,0.8578085
-0.01315133,-0.516417,0.007932228,0.8561996
-0.01312594,-0.5191482,0.007974179,0.8545463
-0.01307307,-0.524772,0.008060561,0.8511043
-0.01304557,-0.5276647,0.008104994,0.849314
-0.0130172,-0.5306259,0.008150478,0.8474671
-0.0129881,-0.5336394,0.008196766,0.8455728
-0.01295827,-0.5367041,0.00824384,0.8436307
-0.01289635,-0.542989,0.008340376,0.8395994
-0.01286425,-0.5462072,0.00838981,0.8375093
-0.0128312,-0.5494918,0.008440262,0.835358
-0.01279739,-0.5528244,0.008491451,0.8331562
-0.01276276,-0.5562072,0.008543411,0.8309017
-0.01269107,-0.563117,0.008649546,0.8262345
-0.01265381,-0.5666592,0.008703955,0.8238091
-0.01261572,-0.5702478,0.008759076,0.8213291
-0.01259592,-0.5721005,0.008787533,0.8200397
-0.01259399,-0.5722805,0.008790297,0.8199142
-0.01259399,-0.5722805,0.008790297,0.8199142
-0.01259399,-0.5722805,0.008790297,0.8199142
-0.01259399,-0.5722805,0.008790297,0.8199142
-0.01259399,-0.5722805,0.008790297,0.8199142
-0.01259399,-0.5722805,0.008790297,0.8199142
-0.01259399,-0.5722805,0.008790297,0.8199142
-0.01259399,-0.5722805,0.008790297,0.8199142
-0.01259399,-0.5722805,0.008790297,0.8199142
-0.01259399,-0.5722805,0.008790297,0.8199142
-0.01259399,-0.5722805,0.008790297,0.8199142
-0.01259399,-0.5722805,0.008790297,0.8199142
-0.01259399,-0.5722805,0.008790297,0.8199142
-0.01259399,-0.5722805,0.008790297,0.8199142
-0.01259399,-0.5722805,0.008790297,0.8199142
-0.01259399,-0.5722805,0.008790297,0.8199142
-0.01259399,-0.5722805,0.008790297,0.8199142
-0.01259399,-0.5722805,0.008790297,0.8199142
-0.01259399,-0.5722805,0.008790297,0.8199142
-0.01259399,-0.5722805,0.008790297,0.8199142
-0.01259399,-0.5722805,0.008790297,0.8199142
-0.01259399,-0.5722805,0.008790297,0.8199142
-0.01259399,-0.5722805,0.008790297,0.8199142
-0.01259399,-0.5722805,0.008790297,0.8199142
-0.01259399,-0.5722805,0.008790297,0.8199142
-0.01259399,-0.5722805,0.008790297,0.8199142
-0.01259399,-0.5722805,0.008790297,0.8199142
-0.0125932,-0.5723544,0.008791433,0.8198626
-0.01259181,-0.5724834,0.008793413,0.8197725
-0.01258981,-0.5726702,0.008796282,0.819642
-0.0125872,-0.5729133,0.008800017,0.8194721
-0.01258012,-0.5735717,0.008810129,0.8190114
-0.01257549,-0.5740019,0.008816737,0.81871
-0.01257025,-0.5744885,0.008824211,0.8183686
-0.01256438,-0.5750322,0.008832564,0.8179866
-0.0125579,-0.5756322,0.008841778,0.8175645
-0.01255062,-0.5763046,0.008852107,0.8170907
-0.01253421,-0.577816,0.008875323,0.8160226
-0.01252506,-0.578657,0.00888824,0.8154264
-0.01251527,-0.579554,0.008902019,0.8147891
-0.01250485,-0.5805067,0.008916652,0.8141107
-0.01249379,-0.5815147,0.008932134,0.813391
-0.0124694,-0.5837296,0.008966155,0.8118028
-0.01245623,-0.58492,0.008984439,0.8109456
-0.01244241,-0.5861654,0.009003569,0.8100458
-0.01242793,-0.5874656,0.009023541,0.8091034
-0.0124128,-0.58882,0.009044345,0.8081182
-0.01238016,-0.5917253,0.00908897,0.8059934
-0.01236284,-0.5932587,0.009112524,0.8048654
-0.01234483,-0.5948457,0.0091369,0.8036932
-0.01232614,-0.596486,0.009162096,0.8024765
-0.01230658,-0.5981957,0.009188357,0.801203
-0.01226538,-0.6017717,0.009243284,0.7985204
-0.01224371,-0.6036387,0.009271963,0.7971101
-0.01222133,-0.6055578,0.00930144,0.7956532
-0.01219824,-0.6075283,0.009331707,0.7941495
-0.01217426,-0.6095639,0.009362973,0.7925882
-0.01212406,-0.6137899,0.009427886,0.7893201
-0.01209784,-0.6159788,0.009461506,0.787613
-0.01207088,-0.6182166,0.009495879,0.7858577
-0.01204315,-0.6205043,0.009531018,0.7840527
-0.01201466,-0.6228412,0.009566912,0.7821975
-0.01195496,-0.627691,0.009641406,0.7783111
-0.01192392,-0.6301883,0.009679765,0.7762904
-0.01189209,-0.6327325,0.009718844,0.7742183
-0.01185946,-0.6353234,0.009758641,0.7720934
-0.01182582,-0.6379756,0.009799378,0.7699034
-0.01175608,-0.6434155,0.009882935,0.7653632
-0.01171994,-0.6462037,0.009925763,0.7630104
-0.01170436,-0.647399,0.009944123,0.7619965
-0.01170436,-0.647399,0.009944123,0.7619965
-0.01170436,-0.647399,0.009944123,0.7619965
-0.01170436,-0.647399,0.009944123,0.7619965
-0.01170436,-0.647399,0.009944123,0.7619965
-0.01170436,-0.647399,0.009944123,0.7619965
-0.01170436,-0.647399,0.009944123,0.7619965
-0.01170436,-0.647399,0.009944123,0.7619965
-0.01170436,-0.647399,0.009944123,0.7619965
-0.01170436,-0.647399,0.009944123,0.7619965
-0.01170436,-0.647399,0.009944123,0.7619965
-0.01170436,-0.647399,0.009944123,0.7619965
-0.01170436,-0.647399,0.009944123,0.7619965
-0.01170436,-0.647399,0.009944123,0.7619965
-0.01170436,-0.647399,0.009944123,0.7619965
-0.01170436,-0.647399,0.009944123,0.7619965
-0.01170436,-0.647399,0.009944123,0.7619965
-0.01170436,-0.647399,0.009944123,0.7619965
-0.01170436,-0.647399,0.009944123,0.7619965
-0.01170436,-0.647399,0.009944123,0.7619965
-0.01170436,-0.647399,0.009944123,0.7619965
-0.01170436,-0.647399,0.009944123,0.7619965
-0.01170436,-0.647399,0.009944123,0.7619965
-0.01170436,-0.647399,0.009944123,0.7619965
-0.01170436,-0.647399,0.009944123,0.7619965
-0.01170436,-0.647399,0.009944123,0.7619965
-0.01170436,-0.647399,0.009944123,0.7619965
-0.01170436,-0.647399,0.009944123,0.7619965
-0.01170436,-0.647399,0.009944123,0.7619965
-0.01170436,-0.647399,0.009944123,0.7619965
-0.01170436,-0.647399,0.009944123,0.7619965
-0.01170436,-0.647399,0.009944123,0.7619965
-0.01170436,-0.647399,0.009944123,0.7619965
-0.01170436,-0.647399,0.009944123,0.7619965
-0.01170436,-0.647399,0.009944123,0.7619965
-0.01170436,-0.647399,0.009944123,0.7619965
-0.01170436,-0.647399,0.009944123,0.7619965
-0.01170436,-0.647399,0.009944123,0.7619965
-0.01170436,-0.647399,0.009944123,0.7619965
-0.01170436,-0.647399,0.009944123,0.7619965
-0.01170506,-0.6473458,0.009943306,0.7620417
-0.01170664,-0.6472248,0.009941448,0.7621444
-0.01170891,-0.6470507,0.009938773,0.7622924
-0.01171551,-0.6465439,0.009930989,0.7627223
-0.01171985,-0.6462106,0.009925869,0.7630046
-0.01172487,-0.6458244,0.009919939,0.7633315
-0.01173058,-0.645385,0.009913188,0.763703
-0.01173717,-0.6448773,0.00990539,0.7641319
-0.01175238,-0.6437016,0.009887332,0.7651225
-0.01176101,-0.6430332,0.009877065,0.7656842
-0.01177031,-0.6423114,0.009865978,0.7662899
-0.01178029,-0.6415356,0.009854062,0.7669395
-0.01179113,-0.6406913,0.009841094,0.767645
-0.01181481,-0.6388392,0.009812645,0.769187
-0.01182765,-0.6378314,0.009797163,0.770023
-0.01184115,-0.6367694,0.009780851,0.7709014
-0.01185548,-0.6356382,0.009763476,0.7718343
-0.01187047,-0.634451,0.009745241,0.7728105
-0.01190241,-0.6319097,0.009706205,0.7748898
-0.01191934,-0.6305555,0.009685405,0.7759922
-0.0119371,-0.6291303,0.009663513,0.7771482
-0.01195548,-0.6276489,0.009640759,0.7783449
-0.01197449,-0.6261111,0.009617138,0.7795826
-0.01201436,-0.6228657,0.009567288,0.782178
-0.01203521,-0.6211572,0.009541044,0.7835355
-0.01205667,-0.6193906,0.009513909,0.7849328
-0.01207891,-0.6175515,0.00948566,0.7863805
-0.01210172,-0.6156553,0.009456534,0.7878659
-0.01214911,-0.6116869,0.00939558,0.7909509
-0.01217366,-0.6096141,0.00936374,0.7925496
-0.01219897,-0.6074663,0.00933075,0.794197
-0.01222483,-0.6052588,0.009296841,0.7958806
-0.01225123,-0.6029917,0.009262018,0.7975996
-0.01230566,-0.5982764,0.009189589,0.8011426
-0.01233367,-0.5958267,0.009151961,0.8029662
-0.01236238,-0.5932994,0.009113141,0.8048354
-0.01239159,-0.5907103,0.009073372,0.8067375
-0.01242131,-0.5880596,0.009032656,0.8086718
-0.01248219,-0.5825697,0.008948331,0.8126357
-0.01251335,-0.5797296,0.008904706,0.8146642
-0.01254513,-0.5768112,0.008859878,0.8167331
-0.01257737,-0.5738272,0.008814044,0.8188324
-0.01261005,-0.5707793,0.008767228,0.8209599
-0.01267671,-0.5644864,0.008670568,0.8252995
-0.01271066,-0.5612413,0.008620724,0.8275098
-0.01274501,-0.5579299,0.00856986,0.829746
-0.01277991,-0.5545359,0.008517727,0.8320181
-0.01281518,-0.5510744,0.008464559,0.8343148
-0.01288681,-0.5439488,0.008355108,0.8389779
-0.01292314,-0.5402831,0.008298804,0.8413431
-0.01295996,-0.5365316,0.00824118,0.8437405
-0.01299708,-0.5327122,0.008182514,0.8461571
-0.01301694,-0.5306528,0.008150881,0.8474501
-0.01301945,-0.5303918,0.008146872,0.8476135
-0.01301945,-0.5303918,0.008146872,0.8476135
-0.01301945,-0.5303918,0.008146872,0.8476135
-0.01301945,-0.5303918,0.008146872,0.8476135
-0.01301945,-0.5303918,0.008146872,0.8476135
-0.01301945,-0.5303918,0.008146872,0.8476135
-0.01301945,-0.5303918,0.008146872,0.8476135
-0.01301945,-0.5303918,0.008146872,0.8476135
-0.01301945,-0.5303918,0.008146872,0.8476135
-0.01301945,-0.5303918,0.008146872,0.8476135
-0.01301945,-0.5303918,0.008146872,0.8476135
-0.01301945,-0.5303918,0.008146872,0.8476135
-0.01301945,-0.5303918,0.008146872,0.8476135
-0.01301945,-0.5303918,0.008146872,0.8476135
-0.01301945,-0.5303918,0.008146872,0.8476135
-0.01301945,-0.5303918,0.008146872,0.8476135
-0.01301945,-0.5303918,0.008146872,0.8476135
-0.01301945,-0.5303918,0.008146872,0.8476135
-0.01301945,-0.5303918,0.008146872,0.8476135
-0.01301945,-0.5303918,0.008146872,0.8476135
-0.01301945,-0.5303918,0.008146872,0.8476135
-0.01301945,-0.5303918,0.008146872,0.8476135
-0.01301945,-0.5303918,0.008146872,0.8476135
-0.01302003,-0.5303319,0.008145951,0.847651
-0.01302117,-0.5302133,0.00814413,0.8477252
-0.01302516,-0.529798,0.00813775,0.8479849
-0.01302816,-0.5294853,0.008132948,0.8481801
-0.01303172,-0.5291138,0.008127242,0.8484119
-0.01303584,-0.5286834,0.00812063,0.8486803
-0.01304053,-0.5281932,0.008113101,0.8489854
-0.01305156,-0.5270367,0.008095337,0.8497038
-0.01305791,-0.5263698,0.008085093,0.8501171
-0.01306497,-0.5256267,0.00807368,0.8505767
-0.01307257,-0.5248254,0.008061372,0.8510714
-0.01308073,-0.5239632,0.008048128,0.8516025
-0.01309867,-0.5220597,0.00801889,0.8527706
-0.01310861,-0.5210009,0.008002626,0.853418
-0.01310861,-0.5210009,0.008002626,0.853418
-0.01310861,-0.5210009,0.008002626,0.853418
-0.01310861,-0.5210009,0.008002626,0.853418
-0.01310694,-0.5211791,0.008005364,0.8533092
-0.01310511,-0.5213745,0.008008366,0.8531897
-0.01310272,-0.5216291,0.008012275,0.8530342
-0.01309978,-0.5219417,0.008017076,0.8528429
-0.01309627,-0.5223143,0.0080228,0.8526148
-0.0130922,-0.5227469,0.008029444,0.8523496
-0.01308207,-0.5238206,0.008045937,0.8516902
-0.01307616,-0.5244464,0.008055549,0.8513049
-0.01306968,-0.5251297,0.008066045,0.8508836
-0.01306264,-0.5258716,0.008077441,0.8504253
-0.01304683,-0.5275326,0.008102953,0.8493959
-0.0130379,-0.5284676,0.008117314,0.8488145
-0.01302839,-0.5294613,0.008132578,0.8481951
-0.0130183,-0.5305118,0.008148714,0.8475385
-0.01300762,-0.531621,0.008165752,0.8468432
-0.01299635,-0.5327882,0.00818368,0.8461093
-0.01297169,-0.5353295,0.008222715,0.8445037
-0.01295845,-0.5366862,0.008243555,0.8436421
-0.01294462,-0.5380998,0.008265268,0.8427413
-0.01293017,-0.5395701,0.008287852,0.8418006
-0.0129151,-0.5410977,0.008311315,0.8408195
-0.01288279,-0.5443526,0.008361312,0.838716
-0.01286567,-0.5460649,0.008387613,0.837602
-0.01284793,-0.5478331,0.008414772,0.8364466
-0.01282954,-0.5496566,0.008442782,0.8352495
-0.01279081,-0.5534697,0.008501351,0.8327277
-0.01277028,-0.5554748,0.008532149,0.8313916
-0.0127491,-0.5575332,0.008563767,0.8300126
-0.01272724,-0.5596465,0.008596228,0.8285891
-0.01270468,-0.5618142,0.008629524,0.8271208
-0.01268145,-0.5640349,0.008663634,0.8256081
-0.01263256,-0.5686653,0.008734756,0.8224257
-0.01260704,-0.5710611,0.008771555,0.8207639
-0.0125808,-0.5735084,0.008809147,0.8190557
-0.01255384,-0.5760072,0.008847529,0.8173003
-0.01252614,-0.5785574,0.0088867,0.815497
-0.01246815,-0.5838421,0.008967873,0.811722
-0.01243803,-0.5865588,0.009009602,0.809761
-0.01240714,-0.5893259,0.009052105,0.8077494
-0.01237547,-0.5921412,0.009095348,0.8056878
-0.01234301,-0.5950056,0.009139346,0.8035748
-0.01227535,-0.6009091,0.009230024,0.7991698
-0.0122403,-0.6039323,0.00927646,0.7968878
-0.01220442,-0.6070019,0.00932361,0.794552
-0.01216772,-0.6101174,0.009371464,0.7921621
-0.01213017,-0.6132782,0.009420015,0.7897177
-0.01205214,-0.6197643,0.009519642,0.7846377
-0.01201181,-0.6230736,0.009570474,0.7820124
-0.0119706,-0.626426,0.009621968,0.7793295
-0.0119285,-0.6298208,0.009674112,0.7765887
-0.01188551,-0.6332567,0.009726889,0.7737895
-0.01179638,-0.6402816,0.00983479,0.7679868
-0.01175041,-0.6438543,0.009889668,0.7649939
-0.0117035,-0.6474654,0.009945135,0.7619401
-0.01165564,-0.6511145,0.01000118,0.7588242
-0.01160681,-0.6548013,0.01005781,0.755645
-0.0115058,-0.6623136,0.0101732,0.7490693
-0.0114538,-0.6661231,0.01023172,0.7456837
-0.01140079,-0.6699664,0.01029075,0.7422326
-0.01134676,-0.6738431,0.0103503,0.7387149
-0.01129169,-0.6777528,0.01041035,0.7351295
-0.011178,-0.6856936,0.01053233,0.7277283
-0.01111956,-0.6897093,0.01059401,0.7239235
-0.01106003,-0.6937543,0.01065614,0.720048
-0.01099941,-0.6978273,0.0107187,0.7161013
-0.01093769,-0.7019272,0.01078168,0.7120832
-0.01081047,-0.7102315,0.01090923,0.7038006
-0.01074516,-0.71442,0.01097357,0.6995485
-0.0106787,-0.7186316,0.01103825,0.6952215
-0.01061107,-0.7228648,0.01110328,0.6908188
-0.01054228,-0.7271186,0.01116862,0.6863402
-0.01040069,-0.7357101,0.01130058,0.6771224
-0.01032808,-0.7400329,0.01136698,0.6723953
-0.01025427,-0.7443712,0.01143362,0.6675895
-0.01017922,-0.748724,0.01150048,0.6627041
-0.01010271,-0.7531036,0.01156775,0.6577227
-0.009945934,-0.7618971,0.01170282,0.647516
-0.009865633,-0.7663094,0.01177059,0.6422881
-0.009784053,-0.77073,0.01183849,0.6369769
-0.009700943,-0.77517,0.01190669,0.6315661
-0.009616756,-0.7796034,0.01197479,0.6260852
-0.009443964,-0.7885056,0.01211153,0.6148359
-0.009355574,-0.7929591,0.01217994,0.6090813
-0.009265825,-0.7974131,0.01224835,0.6032383
-0.009174715,-0.8018658,0.01231674,0.5973067
-0.009082004,-0.8063267,0.01238526,0.5912709
-0.008892437,-0.815233,0.01252207,0.5789294
-0.008795564,-0.8196753,0.0125903,0.5726226
-0.008697294,-0.8241078,0.01265839,0.5662248
-0.008597357,-0.8285405,0.01272647,0.5597185
-0.008496002,-0.8329601,0.01279436,0.55312
-0.008289013,-0.8417531,0.01292942,0.5396442
-0.008183351,-0.8461238,0.01299655,0.5327652
-0.008076243,-0.8504745,0.01306338,0.5257921
-0.007967683,-0.8548037,0.01312988,0.5187243
-0.007857394,-0.8591197,0.01319617,0.5115442
-0.007632416,-0.8676735,0.01332756,0.4968973
-0.007517691,-0.8719084,0.01339261,0.4894283
-0.007401481,-0.8761122,0.01345718,0.4818625
-0.007283512,-0.8802927,0.01352139,0.4741823
-0.007164068,-0.8844374,0.01358506,0.4664061
-0.006920591,-0.8926166,0.01371069,0.4505548
-0.006796594,-0.8966458,0.01377258,0.4424821
-0.006671076,-0.9006323,0.01383381,0.4343105
-0.006543785,-0.9045818,0.01389448,0.4260234
-0.006414957,-0.9084846,0.01395442,0.4176362
-0.006152735,-0.9161398,0.01407201,0.4005646
-0.006019342,-0.9198881,0.01412958,0.3918802
-0.005884435,-0.9235803,0.0141863,0.3830972
-0.005747993,-0.927215,0.01424213,0.3742144
-0.005609761,-0.9307966,0.01429714,0.3652149
-0.005328719,-0.9377697,0.01440425,0.3469181
-0.005185914,-0.9411569,0.01445628,0.3376209
-0.005041604,-0.9444745,0.01450723,0.3282258
-0.004895779,-0.9477205,0.01455709,0.3187321
-0.004748161,-0.9508985,0.01460591,0.3091216
-0.004448397,-0.9570228,0.01469998,0.2896059
-0.004296274,-0.959964,0.01474516,0.2797021
-0.004142665,-0.9628215,0.01478905,0.2697016
-0.003987581,-0.9655927,0.01483162,0.2596051
-0.003830739,-0.9682803,0.0148729,0.2493941
-0.003512678,-0.9733788,0.01495121,0.2286872
-0.003351469,-0.9757851,0.01498817,0.2181918
-0.00318883,-0.9780926,0.01502362,0.2076034
-0.003024478,-0.9803026,0.01505756,0.1969035
-0.002858722,-0.9824085,0.01508991,0.1861122
-0.002523063,-0.9862975,0.01514965,0.1642596
-0.002353158,-0.9880762,0.01517697,0.1531981
-0.002181902,-0.9897406,0.01520253,0.1420488
-0.002009013,-0.9912907,0.01522634,0.130793
-0.001834834,-0.992721,0.01524831,0.1194533
-0.001482536,-0.9952129,0.01528659,0.09651745
-0.001304476,-0.9962689,0.01530281,0.08492509
-0.001124881,-0.9971966,0.01531706,0.07323281
-0.000944081,-0.9979913,0.01532927,0.06146207
-0.0007620673,-0.9986505,0.01533939,0.04961231
-0.0004930906,-0.9993667,0.01535039,0.03210095
-0.000406607,-0.9995316,0.01535292,0.02647055
-0.0003601659,-0.9996071,0.01535408,0.02344706
-0.0003466422,-0.9996274,0.0153544,0.02256662
-0.0003466422,-0.9996274,0.0153544,0.02256662
-0.0003466422,-0.9996274,0.0153544,0.02256662
-0.0003466422,-0.9996274,0.0153544,0.02256662
-0.0003466422,-0.9996274,0.0153544,0.02256662
-0.0003466422,-0.9996274,0.0153544,0.02256662
-0.0003466422,-0.9996274,0.0153544,0.02256662
-0.0003466422,-0.9996274,0.0153544,0.02256662
-0.0003466422,-0.9996274,0.0153544,0.02256662
-0.0003466422,-0.9996274,0.0153544,0.02256662
-0.0003466422,-0.9996274,0.0153544,0.02256662
-0.0003466422,-0.9996274,0.0153544,0.02256662
-0.0003466422,-0.9996274,0.0153544,0.02256662
-0.0003466422,-0.9996274,0.0153544,0.02256662
-0.0003466422,-0.9996274,0.0153544,0.02256662
-0.0003466422,-0.9996274,0.0153544,0.02256662
-0.0003466422,-0.9996274,0.0153544,0.02256662
-0.0003466422,-0.9996274,0.0153544,0.02256662
-0.0003466422,-0.9996274,0.0153544,0.02256662
-0.0003466422,-0.9996274,0.0153544,0.02256662
-0.0003466422,-0.9996274,0.0153544,0.02256662
-0.0003466422,-0.9996274,0.0153544,0.02256662
-0.0003466422,-0.9996274,0.0153544,0.02256662
-0.0003466422,-0.9996274,0.0153544,0.02256662
-0.0003466422,-0.9996274,0.0153544,0.02256662
-0.0003466422,-0.9996274,0.0153544,0.02256662
-0.0003466422,-0.9996274,0.0153544,0.02256662
-0.0003466422,-0.9996274,0.0153544,0.02256662
-0.0003466422,-0.9996274,0.0153544,0.02256662
-0.0003452766,-0.9996294,0.01535443,0.02247771
-0.0003428394,-0.999633,0.01535448,0.02231904
-0.0003393459,-0.9996381,0.01535456,0.0220916
-0.0003291477,-0.9996524,0.01535478,0.02142767
-0.0003221434,-0.9996621,0.01535493,0.02097166
-0.0003141134,-0.9996729,0.0153551,0.02044887
-0.0003049962,-0.9996849,0.01535528,0.01985532
-0.0002948055,-0.9996979,0.01535548,0.01919186
-0.0002712148,-0.9997262,0.01535591,0.01765602
-0.0002575235,-0.9997416,0.01535615,0.01676467
-0.0002427627,-0.9997572,0.01535639,0.01580369
-0.0002269293,-0.9997729,0.01535663,0.01477287
-0.0002100531,-0.9997885,0.01535687,0.01367417
-0.0001730462,-0.9998186,0.01535733,0.01126489
-0.0001526377,-0.9998327,0.01535755,0.009936217
-0.0001311796,-0.9998457,0.01535775,0.008539218
-0.0001086526,-0.9998571,0.01535792,0.007072627
-8.504809E-05,-0.9998668,0.01535807,0.005535888
-3.464587E-05,-0.9998795,0.01535827,0.00225452
-7.534813E-06,-0.999882,0.01535831,0.0004894912
2.063059E-05,-0.9998812,0.0153583,-0.001344179
4.984266E-05,-0.9998769,0.01535823,-0.003245992
8.014244E-05,-0.9998685,0.0153581,-0.005218619
0.0001439225,-0.9998382,0.01535763,-0.009370935
0.0001774213,-0.9998153,0.01535728,-0.01155183
0.0002122817,-0.9997865,0.01535684,-0.01382137
0.0002481882,-0.9997515,0.0153563,-0.01615901
0.0002851752,-0.9997097,0.01535566,-0.018567
0.0003623465,-0.9996037,0.01535403,-0.02359113
0.0004028286,-0.9995381,0.01535303,-0.02622667
0.0004443521,-0.9994635,0.01535188,-0.02893
0.0004869633,-0.9993793,0.01535059,-0.03170415
0.0005306221,-0.9992851,0.01534914,-0.03454649
0.0005753584,-0.9991802,0.01534753,-0.03745899
0.0006686168,-0.9989341,0.01534375,-0.04353045
0.0007168351,-0.9987924,0.01534157,-0.04666964
0.0007661171,-0.9986373,0.01533919,-0.04987807
0.0008164556,-0.9984682,0.01533659,-0.05315529
0.000920306,-0.9980853,0.01533071,-0.05991633
0.0009741166,-0.9978688,0.01532739,-0.0634196
0.001028973,-0.9976354,0.0153238,-0.06699092
0.001084879,-0.9973843,0.01531995,-0.0706306
0.00114183,-0.9971148,0.01531581,-0.07433835
0.00125888,-0.9965174,0.01530663,-0.08195871
0.001319281,-0.9961862,0.01530154,-0.08589106
0.001380716,-0.9958333,0.01529612,-0.0898907
0.00144318,-0.9954578,0.01529035,-0.09395731
0.001506689,-0.9950589,0.01528423,-0.09809203
0.001571227,-0.9946357,0.01527773,-0.1022937
0.001703974,-0.9937089,0.01526349,-0.110936
0.001771905,-0.9932051,0.01525575,-0.1153585
0.001840855,-0.9926735,0.01524759,-0.1198474
0.001910827,-0.9921129,0.01523898,-0.1244029
0.002053815,-0.9909012,0.01522036,-0.1337119
0.002127119,-0.9902456,0.01521029,-0.1384843
0.002201432,-0.989557,0.01519972,-0.1433223
