243.4287,11.05,282.6657
243.5152,11.05,282.7757
243.6017,11.05,282.8857
243.6882,11.05,282.9957
243.7747,11.05,283.1057
243.8613,11.05,283.2158
243.9478,11.05,283.3258
244.0343,11.04853,283.4358
244.1207,11.05,283.5457
244.2072,11.05,283.6557
244.2937,11.05,283.7657
244.3802,11.05,283.8757
244.4668,11.05,283.9857
244.5533,11.05,284.0957
244.6398,11.05,284.2057
244.7263,11.05,284.3157
244.8128,11.05,284.4258
244.8993,11.05,284.5358
244.9859,11.05,284.6458
245.0724,11.0434,284.7558
245.1584,11.05,284.8651
245.2446,11.05,284.9749
245.3312,11.04089,285.0849
245.4169,11.05,285.194
245.503,11.05,285.3034
245.5895,11.05,285.4135
245.6761,11.05,285.5235
245.7626,11.05,285.6335
245.8491,11.05,285.7435
245.9356,11.05,285.8535
246.0221,11.04939,285.9635
246.1086,11.04319,286.0735
246.1943,11.05,286.1825
246.2806,11.04992,286.2922
246.3671,11.04923,286.4022
246.4536,11.04785,286.5122
246.5401,11.04576,286.6223
246.6266,11.04297,286.7322
246.7131,11.05,286.8422
246.7994,11.05,286.9519
246.8859,11.04517,287.062
246.9718,11.05,287.1712
247.0582,11.04574,287.2811
247.1374,11.05,287.3817
247.2093,11.05,287.4731
247.2737,11.05,287.5551
247.3307,11.05,287.6276
247.3803,11.05,287.6907
247.4225,11.05,287.7443
247.4573,11.05,287.7885
247.4846,11.05,287.8233
247.5045,11.05,287.8486
247.5184,11.05,287.8662
247.5264,11.05,287.8764
247.5322,11.05,287.8837
247.5359,11.05,287.8885
247.5379,11.05,287.891
247.5387,11.05,287.8921
247.5387,11.05,287.8921
247.5387,11.05,287.8921
247.5387,11.05,287.8921
247.5387,11.05,287.8921
247.5387,11.05,287.8921
247.5387,11.05,287.8921
247.5387,11.05,287.8921
247.5387,11.05,287.8921
247.5387,11.05,287.8921
247.5387,11.05,287.8921
247.5387,11.05,287.8921
247.5387,11.05,287.8921
247.5387,11.05,287.8921
247.5387,11.05,287.8921
247.5387,11.05,287.8921
247.5387,11.05,287.8921
247.5387,11.05,287.8921
247.5387,11.05,287.8921
247.5387,11.05,287.8921
247.5387,11.05,287.8921
247.5387,11.05,287.8921
247.5387,11.05,287.8921
247.5387,11.05,287.8921
247.5387,11.05,287.8921
247.5387,11.05,287.8921
247.5387,11.05,287.8921
247.5387,11.05,287.8921
247.5387,11.05,287.8921
247.5387,11.05,287.8921
247.5387,11.05,287.8921
247.5387,11.05,287.8921
247.5387,11.05,287.8921
247.5387,11.05,287.8921
247.5387,11.05,287.8921
247.5387,11.05,287.8921
247.5387,11.05,287.8921
247.5387,11.05,287.8921
247.5387,11.05,287.8921
247.5387,11.05,287.8921
247.5387,11.05,287.8921
247.5387,11.05,287.8921
247.5387,11.05,287.8921
247.5387,11.05,287.8921
247.5387,11.05,287.8921
247.5387,11.05,287.8921
247.5387,11.05,287.8921
247.5387,11.05,287.8921
247.5387,11.05,287.8921
247.5387,11.05,287.8921
247.5387,11.05,287.8921
247.5387,11.05,287.8921
247.5387,11.05,287.8921
247.5387,11.05,287.8921
247.5387,11.05,287.8921
247.5387,11.05,287.8921
247.5387,11.05,287.8921
247.5387,11.05,287.8921
247.5387,11.05,287.8921
247.5387,11.05,287.8921
247.5387,11.05,287.8921
247.5387,11.05,287.8921
247.5387,11.05,287.8921
247.5387,11.05,287.8921
247.5387,11.05,287.8921
247.5387,11.05,287.8921
247.5387,11.05,287.8921
247.5387,11.05,287.8921
247.5387,11.05,287.8921
247.5387,11.05,287.8921
247.5387,11.05,287.8921
247.5387,11.05,287.8921
247.5387,11.05,287.8921
247.5387,11.05,287.8921
247.5387,11.05,287.8921
247.5387,11.05,287.8921
247.5387,11.05,287.8921
247.5387,11.05,287.8921
247.5387,11.05,287.8921
247.5387,11.05,287.8921
247.5387,11.05,287.8921
247.5387,11.05,287.8921
247.5387,11.05,287.8921
247.5387,11.05,287.8921
247.5387,11.05,287.8921
247.5387,11.05,287.8921
247.5387,11.05,287.8921
247.5387,11.05,287.8921
247.5387,11.05,287.8921
247.5387,11.05,287.8921
247.5387,11.05,287.8921
247.5387,11.05,287.8921
247.5387,11.05,287.8921
247.5387,11.05,287.8921
247.5387,11.05,287.8921
247.5387,11.05,287.8921
247.5387,11.05,287.8921
247.5387,11.05,287.8921
247.5387,11.05,287.8921
247.5387,11.05,287.8921
247.5387,11.05,287.8921
247.5387,11.05,287.8921
247.5387,11.05,287.8921
247.5387,11.05,287.8921
247.5387,11.05,287.8921
247.5387,11.05,287.8921
247.5387,11.05,287.8921
247.5387,11.05,287.8921
247.5387,11.05,287.8921
247.5387,11.05,287.8921
247.5387,11.05,287.8921
247.5387,11.05,287.8921
247.5387,11.05,287.8921
247.5387,11.05,287.8921
247.5387,11.05,287.8921
247.5387,11.05,287.8921
247.5387,11.05,287.8921
247.5387,11.05,287.8921
247.5387,11.05,287.8921
247.5387,11.05,287.8921
247.5387,11.05,287.8921
247.5387,11.05,287.8921
247.5387,11.05,287.8921
247.5385,11.05,287.8923
247.5376,11.05,287.8932
247.5355,11.05,287.8952
247.5318,11.05,287.8987
247.5228,11.05,287.9074
247.5106,11.05,287.9192
247.4949,11.05,287.9344
247.4751,11.05,287.9536
247.4508,11.05,287.9771
247.4179,11.0499,288.0089
247.3764,11.04699,288.049
247.328,11.05,288.0958
247.2725,11.05,288.1495
247.2095,11.05,288.2104
247.1379,11.05,288.2796
247.0577,11.04581,288.3571
246.9704,11.05,288.4416
246.8747,11.05,288.5341
246.7741,11.05,288.6314
246.6734,11.04809,288.7287
246.5733,11.05,288.8256
246.4727,11.05,288.9229
246.3721,11.04949,289.0201
246.2715,11.05,289.1174
246.1709,11.0488,289.2147
246.0705,11.04373,289.3117
245.9705,11.05,289.4084
245.8701,11.05,289.5055
245.7695,11.05,289.6028
245.6689,11.04939,289.7001
245.5684,11.05,289.7973
245.4678,11.05,289.8946
245.3671,11.05,289.9919
245.2665,11.05,290.0891
245.1659,11.04974,290.1864
245.0654,11.04463,290.2837
244.9651,11.05,290.3806
244.8647,11.05,290.4777
244.7641,11.05,290.575
244.6635,11.04995,290.6723
244.5628,11.05,290.7696
244.4622,11.05,290.8669
244.3616,11.05,290.9642
244.261,11.04525,291.0615
244.1609,11.05,291.1582
244.0604,11.04541,291.2554
243.9602,11.05,291.3523
243.8597,11.05,291.4495
243.7591,11.05,291.5468
243.6585,11.05,291.644
243.5579,11.05,291.7413
243.4572,11.05,291.8387
243.3652,11.05,291.9276
243.2819,11.04992,292.0082
243.2072,11.04182,292.0805
243.1408,11.04999,292.1446
243.0826,11.04138,292.2009
243.0319,11.04873,292.2499
242.9896,11.05,292.2908
242.9559,11.05,292.3234
242.9309,11.05,292.3476
242.9145,11.05,292.3635
242.9021,11.05,292.3756
242.8935,11.05,292.3839
242.8897,11.05,292.3877
242.8875,11.05,292.3898
242.8865,11.05,292.3908
242.8862,11.05,292.3911
242.8862,11.05,292.3911
242.8862,11.05,292.3911
242.8862,11.05,292.3911
242.8862,11.05,292.3911
242.8862,11.05,292.3911
242.8862,11.05,292.3911
242.8862,11.05,292.3911
242.8862,11.05,292.3911
242.8862,11.05,292.3911
242.8862,11.05,292.3911
242.8862,11.05,292.3911
242.8862,11.05,292.3911
242.8862,11.05,292.3911
242.8862,11.05,292.3911
242.8862,11.05,292.3911
242.8862,11.05,292.3911
242.8862,11.05,292.3911
242.8862,11.05,292.3911
242.8862,11.05,292.3911
242.8862,11.05,292.3911
242.8862,11.05,292.3911
242.8862,11.05,292.3911
242.8862,11.05,292.3911
242.8862,11.05,292.3911
242.8862,11.05,292.3911
242.8862,11.05,292.3911
242.8862,11.05,292.3911
242.8862,11.05,292.3911
242.8862,11.05,292.3911
242.8862,11.05,292.3911
242.8862,11.05,292.3911
242.8862,11.05,292.3911
242.8862,11.05,292.3911
242.8862,11.05,292.3911
242.8862,11.05,292.3911
242.8862,11.05,292.3911
242.8862,11.05,292.3911
242.8862,11.05,292.3911
242.8862,11.05,292.3911
242.8862,11.05,292.3911
242.8862,11.05,292.3911
242.8862,11.05,292.3911
242.8862,11.05,292.3911
242.8862,11.05,292.3911
242.8862,11.05,292.3911
242.8862,11.05,292.3911
242.8862,11.05,292.3911
242.8862,11.05,292.3911
242.8862,11.05,292.3911
242.8862,11.05,292.3911
242.8862,11.05,292.3911
242.8862,11.05,292.3911
242.8862,11.05,292.3911
242.8862,11.05,292.3911
242.8862,11.05,292.3911
242.8862,11.05,292.3911
242.8862,11.05,292.3911
242.8862,11.05,292.3911
242.8862,11.05,292.3911
242.8862,11.05,292.3911
242.8862,11.05,292.3911
242.8862,11.05,292.3911
242.8862,11.05,292.3911
242.8862,11.05,292.3911
242.8862,11.05,292.3911
242.8862,11.05,292.3911
242.8862,11.05,292.3911
242.8862,11.05,292.3911
242.8862,11.05,292.3911
242.8862,11.05,292.3911
242.8862,11.05,292.3911
242.8862,11.05,292.3911
242.8862,11.05,292.3911
242.8862,11.05,292.3911
242.8862,11.05,292.3911
242.8862,11.05,292.3911
242.8862,11.05,292.3911
242.8862,11.05,292.3911
242.8862,11.05,292.3911
242.8862,11.05,292.3911
242.8862,11.05,292.3911
242.8862,11.05,292.3911
242.8862,11.05,292.3911
242.8862,11.05,292.3911
242.8862,11.05,292.3911
242.8862,11.05,292.3911
242.8862,11.05,292.3911
242.8862,11.05,292.3911
242.8862,11.05,292.3911
242.8862,11.05,292.3911
242.8862,11.05,292.3911
242.8862,11.05,292.3911
242.8862,11.05,292.3911
242.8862,11.05,292.3911
242.8862,11.05,292.3911
242.8862,11.05,292.3911
242.8862,11.05,292.3911
242.8862,11.05,292.3911
242.8862,11.05,292.3911
242.8862,11.05,292.3911
242.8862,11.05,292.3911
242.8862,11.05,292.3911
242.8862,11.05,292.3911
242.8862,11.05,292.3911
242.8862,11.05,292.3911
242.8862,11.05,292.3911
242.8862,11.05,292.3911
242.8862,11.05,292.3911
242.8862,11.05,292.3911
242.8862,11.05,292.3911
242.8862,11.05,292.3911
242.8862,11.05,292.3911
242.8862,11.05,292.3911
242.8862,11.05,292.3911
242.8862,11.05,292.3911
242.8862,11.05,292.3911
242.8862,11.05,292.3911
242.8862,11.05,292.3911
242.8862,11.05,292.3911
242.8862,11.05,292.3911
242.8862,11.05,292.3911
242.8862,11.05,292.3911
242.8862,11.05,292.3911
242.8862,11.05,292.3911
242.8862,11.05,292.3911
242.8862,11.05,292.3911
242.8862,11.05,292.3911
242.8862,11.05,292.3911
242.8862,11.05,292.3911
242.8862,11.05,292.3911
242.8862,11.05,292.3911
242.8862,11.05,292.3911
242.8862,11.05,292.3911
242.8862,11.05,292.3911
242.8862,11.05,292.3911
242.8862,11.05,292.3911
242.8862,11.05,292.3911
242.8862,11.05,292.3911
242.8862,11.05,292.3911
242.8862,11.05,292.3911
242.8862,11.05,292.3911
242.8862,11.05,292.3911
242.8862,11.05,292.3911
242.8862,11.05,292.3911
242.8862,11.05,292.3911
242.8862,11.05,292.3911
242.8862,11.05,292.3911
242.8862,11.05,292.3911
242.8862,11.05,292.3911
242.8862,11.05,292.3911
242.8862,11.05,292.3911
242.8862,11.05,292.3911
242.8862,11.05,292.3911
242.8862,11.05,292.3911
242.8862,11.05,292.3911
242.8862,11.05,292.3911
242.8862,11.05,292.3911
242.8862,11.05,292.3911
242.8862,11.05,292.3911
242.8862,11.05,292.3911
242.8862,11.05,292.3911
242.8862,11.05,292.3911
242.8862,11.05,292.3911
242.8862,11.05,292.3911
242.8862,11.05,292.3911
242.8862,11.05,292.3911
242.8862,11.05,292.3911
242.8862,11.05,292.3911
242.8862,11.05,292.3911
242.8862,11.05,292.3911
242.8862,11.05,292.3911
242.8862,11.05,292.3911
242.8862,11.05,292.3911
242.8862,11.05,292.3911
242.8862,11.05,292.3911
242.8862,11.05,292.3911
242.8862,11.05,292.3911
242.8862,11.05,292.3911
242.8862,11.05,292.3911
242.8862,11.05,292.3911
242.8862,11.05,292.3911
242.8862,11.05,292.3911
242.8862,11.05,292.3911
242.8862,11.05,292.3911
242.8862,11.05,292.3911
242.8862,11.05,292.3911
242.8862,11.05,292.3911
242.8862,11.05,292.3911
242.8862,11.05,292.3911
242.8862,11.05,292.3911
242.8862,11.05,292.3911
242.8864,11.05,292.3908
242.8883,11.05,292.3886
242.8917,11.05,292.3848
242.897,11.05,292.3789
242.9056,11.05,292.3697
242.9173,11.05,292.3575
242.937,11.05,292.3383
242.9615,11.05,292.3151
242.9914,11.05,292.2877
243.0274,11.04906,292.2557
243.0717,11.04352,292.2175
243.1257,11.0486,292.1731
243.1898,11.05,292.1221
243.2638,11.04476,292.0645
243.3454,11.05,292.0015
243.4365,11.05,291.9314
243.5371,11.05,291.8541
243.6472,11.04053,291.7696
243.7569,11.05,291.6855
243.8673,11.05,291.6007
243.9783,11.05,291.5155
244.0894,11.05,291.4303
244.2005,11.05,291.3451
244.3115,11.05,291.2599
244.4226,11.05,291.1747
244.5336,11.05,291.0895
244.6447,11.04998,291.0043
244.7557,11.05,290.9191
244.8668,11.05,290.8339
244.9778,11.05,290.7487
245.0889,11.05,290.6635
245.2,11.05,290.5783
245.311,11.05,290.4931
245.4221,11.05,290.4079
245.5331,11.05,290.3227
245.6442,11.05,290.2375
245.7552,11.05,290.1523
245.8663,11.04434,290.067
245.977,11.04998,289.9821
246.0878,11.04025,289.8971
246.1978,11.05,289.8127
246.3082,11.05,289.728
246.4192,11.05,289.6428
246.5303,11.04953,289.5576
246.6412,11.05,289.4725
246.7523,11.05,289.3873
246.8633,11.05,289.3021
246.9744,11.05,289.2169
247.0854,11.04077,289.1317
247.1955,11.04721,289.0472
247.306,11.05,288.9624
247.417,11.05,288.8773
247.5281,11.05,288.7921
247.6391,11.04712,288.7068
247.7497,11.05,288.622
247.8607,11.05,288.5368
247.9718,11.05,288.4516
248.0829,11.04132,288.3664
248.193,11.04502,288.282
248.3029,11.05,288.1978
248.4139,11.05,288.1129
248.5252,11.04902,288.028
248.6365,11.05,287.9434
248.748,11.04226,287.8588
248.8587,11.05,287.7748
248.9701,11.05,287.6908
249.0821,11.04149,287.6069
249.1933,11.05,287.5238
249.3051,11.05,287.4406
249.4176,11.05,287.3574
249.5304,11.05,287.2744
249.6435,11.05,287.192
249.7569,11.05,287.1099
249.8705,11.04901,287.0281
249.9843,11.05,286.9468
250.0984,11.05,286.8658
250.2131,11.05,286.7855
250.328,11.05,286.7056
250.4433,11.05,286.6262
250.5589,11.05,286.5472
250.6748,11.05,286.4688
250.7914,11.05,286.3913
250.9083,11.05,286.3143
251.0256,11.04918,286.2379
251.1431,11.04977,286.1621
251.261,11.04045,286.0869
251.379,11.0498,286.0127
251.4975,11.05,285.9397
251.6171,11.05,285.8669
251.7372,11.04792,285.7948
251.857,11.05,285.7236
251.9783,11.05,285.6537
252.1,11.05,285.5845
252.2222,11.05,285.5162
252.3448,11.0432,285.4486
252.4668,11.05,285.3818
252.5904,11.05,285.317
252.7148,11.05,285.2528
252.8394,11.05,285.1889
252.9639,11.05,285.125
253.0884,11.0401,285.061
253.2117,11.05,284.9977
253.3355,11.05,284.9342
253.4601,11.05,284.8702
253.5846,11.05,284.8063
253.7092,11.04931,284.7424
253.8335,11.05,284.6786
253.958,11.05,284.6146
254.0826,11.04139,284.5507
254.206,11.05,284.4874
254.3299,11.04446,284.4237
254.4535,11.05,284.3603
254.5778,11.05,284.2965
254.7023,11.05,284.2326
254.8268,11.05,284.1686
254.9514,11.05,284.1047
255.0759,11.04061,284.0408
255.1996,11.05,283.9773
255.3235,11.05,283.9137
255.448,11.05,283.8498
255.5725,11.05,283.7859
255.6971,11.04961,283.7219
255.8215,11.05,283.6581
255.946,11.05,283.5941
256.0706,11.04373,283.5302
256.1941,11.05,283.4668
256.3183,11.04549,283.403
256.4421,11.05,283.3395
256.5665,11.05,283.2756
256.691,11.05,283.2117
256.8156,11.05,283.1478
256.9401,11.04112,283.0838
257.0642,11.0443,283.0201
257.188,11.05,282.9565
257.3123,11.05,282.8928
257.4369,11.05,282.8288
257.5614,11.05,282.7649
257.6859,11.04986,282.701
257.8104,11.05,282.6371
257.935,11.05,282.5731
258.0595,11.04555,282.5092
258.1831,11.05,282.4457
258.3075,11.04653,282.3819
258.4315,11.05,282.3183
258.5559,11.05,282.2544
258.6804,11.05,282.1905
258.805,11.05,282.1265
258.9295,11.04507,282.0626
259.0538,11.04637,281.9988
259.1776,11.05,281.9352
259.3021,11.05,281.8713
259.4266,11.05,281.8074
259.5511,11.05,281.7435
259.6757,11.04999,281.6796
259.8002,11.05,281.6156
259.9247,11.05,281.5517
260.0493,11.04695,281.4878
260.1731,11.05,281.4242
260.2975,11.04753,281.3603
260.4216,11.05,281.2966
260.5461,11.05,281.2327
260.6705,11.05,281.1686
260.7949,11.05,281.1045
260.9193,11.04077,281.0401
261.0427,11.04772,280.9763
261.1649,11.05,280.9128
261.289,11.05,280.8481
261.4129,11.05,280.783
261.5367,11.05,280.7177
261.6604,11.05,280.6521
261.7839,11.05,280.5863
261.9073,11.05,280.5202
262.0304,11.04884,280.4536
262.153,11.05,280.3867
262.2758,11.04881,280.3194
262.398,11.05,280.2519
262.5203,11.05,280.1838
262.6422,11.05,280.1149
262.7638,11.04739,280.0456
262.885,11.04479,279.976
263.0054,11.04996,279.9065
263.1263,11.05,279.8365
263.2475,11.05,279.7663
263.3686,11.05,279.6961
263.4897,11.05,279.6259
263.6108,11.05,279.5557
263.7319,11.05,279.4855
263.8531,11.05,279.4153
263.9742,11.05,279.3451
264.0953,11.05,279.2749
264.2164,11.05,279.2047
264.3375,11.05,279.1346
264.4586,11.04478,279.0644
264.5794,11.05,278.9944
264.7003,11.05,278.9243
264.8215,11.04933,278.8541
264.9424,11.05,278.784
265.0635,11.04493,278.7138
265.1837,11.05,278.6442
265.3047,11.05,278.5741
265.4258,11.04617,278.5039
265.5463,11.05,278.434
265.6673,11.05,278.3638
265.7883,11.05,278.2934
265.9092,11.05,278.223
266.0301,11.04886,278.1524
266.1507,11.04154,278.0818
266.271,11.04984,278.0113
266.391,11.05,277.9404
266.5114,11.05,277.869
266.6317,11.05,277.7975
266.7519,11.05,277.7256
266.8717,11.05,277.6533
266.9914,11.05,277.5807
267.1109,11.05,277.5078
267.2302,11.05,277.4346
267.3493,11.04991,277.3611
267.468,11.05,277.2869
267.5864,11.05,277.2122
267.7046,11.05,277.1372
267.8225,11.0452,277.0618
267.9399,11.04866,276.9862
268.0565,11.04599,276.9097
268.1725,11.05,276.833
268.2888,11.05,276.7553
268.4049,11.05,276.6771
268.5206,11.04621,276.5983
268.6354,11.05,276.5193
268.7498,11.05,276.4389
268.864,11.05,276.3579
268.9777,11.05,276.2763
269.091,11.0433,276.1941
269.2031,11.05,276.1118
269.315,11.04899,276.0284
269.4271,11.05,275.9448
269.5393,11.05,275.8611
269.6516,11.05,275.7775
269.7638,11.05,275.6938
269.876,11.05,275.6101
269.9882,11.05,275.5264
270.1004,11.05,275.4427
270.2126,11.05,275.3591
270.3248,11.05,275.2754
270.4371,11.05,275.1917
270.5493,11.05,275.1081
270.6615,11.04926,275.0244
270.7736,11.05,274.9408
270.8858,11.05,274.8571
270.998,11.05,274.7734
271.1103,11.05,274.6898
271.2225,11.05,274.6061
271.3347,11.05,274.5224
271.4469,11.05,274.4387
271.5591,11.05,274.355
271.6714,11.05,274.2714
271.7836,11.05,274.1877
271.8958,11.05,274.104
272.008,11.0494,274.0204
272.1202,11.05,273.9367
272.2324,11.05,273.853
272.3446,11.05,273.7693
272.4568,11.05,273.6857
272.569,11.04932,273.602
272.6811,11.05,273.5185
272.7933,11.05,273.4348
272.9055,11.05,273.3511
273.0177,11.04961,273.2674
273.1299,11.04818,273.1838
273.2417,11.05,273.1004
273.3539,11.04965,273.0168
273.466,11.05,272.9331
273.5782,11.05,272.8495
273.6905,11.04644,272.7658
273.8022,11.05,272.6825
273.9143,11.05,272.5989
274.0265,11.04912,272.5152
274.1385,11.05,272.4317
274.2508,11.04405,272.348
274.3623,11.05,272.2648
274.4743,11.05,272.1813
274.5865,11.05,272.0977
274.6987,11.04976,272.014
274.8109,11.04098,271.9303
274.9222,11.05,271.8473
275.0339,11.04856,271.7641
275.1458,11.05,271.6806
275.2581,11.05,271.5969
275.3703,11.05,271.5132
275.4825,11.05,271.4296
275.5947,11.05,271.3459
275.7069,11.05,271.2622
275.8191,11.05,271.1785
275.9313,11.05,271.0949
276.0435,11.04747,271.0112
276.1555,11.05,270.9276
276.2675,11.05,270.8439
276.3796,11.05,270.7601
276.4916,11.05,270.6761
276.6035,11.05,270.5919
276.7152,11.05,270.5077
276.8269,11.05,270.4232
276.9384,11.05,270.3387
277.0497,11.0469,270.2537
277.1602,11.04995,270.169
277.2711,11.04116,270.0836
277.3814,11.05,269.9985
277.4914,11.05,269.913
277.6015,11.05,269.8266
277.7113,11.04949,269.7398
277.8208,11.05,269.6529
277.9301,11.05,269.5654
278.0391,11.04808,269.4777
278.1473,11.05,269.3894
278.2554,11.04872,269.3005
278.3628,11.05,269.2115
278.4702,11.05,269.1218
278.5773,11.04875,269.0316
278.6835,11.05,268.9406
278.7893,11.04776,268.8491
278.8945,11.05,268.7575
278.9994,11.05,268.665
279.104,11.05,268.5719
279.2076,11.05,268.4778
279.3106,11.04671,268.383
279.4129,11.05,268.2884
279.5148,11.05,268.1926
279.6162,11.05,268.0962
279.7165,11.05,267.9985
279.8161,11.04556,267.9002
279.9149,11.05,267.8021
280.0132,11.04978,267.7026
280.1108,11.05,267.6024
280.2079,11.05,267.5015
280.3034,11.04422,267.3993
280.3981,11.05,267.2973
280.4919,11.05,267.1938
280.5852,11.05,267.0895
280.6776,11.05,266.9844
280.7616,11.05,266.8878
280.8372,11.05,266.7998
280.9043,11.05,266.7203
280.9632,11.05,266.6495
281.0138,11.04976,266.5875
281.0564,11.046,266.5343
281.0911,11.05,266.4902
281.118,11.05,266.455
281.1372,11.05,266.429
281.1502,11.05,266.4107
281.1569,11.05,266.401
281.1615,11.05,266.3941
281.1644,11.05,266.3896
281.166,11.05,266.387
281.1668,11.05,266.3858
281.1668,11.05,266.3858
281.1668,11.05,266.3858
281.1668,11.05,266.3858
281.1668,11.05,266.3858
281.1668,11.05,266.3858
281.1668,11.05,266.3858
281.1668,11.05,266.3858
281.1668,11.05,266.3858
281.1668,11.05,266.3858
281.1668,11.05,266.3858
281.1668,11.05,266.3858
281.1669,11.05,266.3855
281.1674,11.05,266.3843
281.1684,11.05,266.3817
281.1701,11.05,266.3769
281.1741,11.05,266.3649
281.1792,11.05,266.3488
281.1855,11.05,266.3279
281.1931,11.04259,266.3015
281.2018,11.04714,266.2694
281.2126,11.04989,266.2257
281.225,11.05,266.1716
281.239,11.05,266.1055
281.254,11.04889,266.0298
281.2698,11.05,265.9437
281.2862,11.05,265.8456
281.3028,11.05,265.7356
281.3193,11.05,265.6135
281.3344,11.05,265.4796
281.3468,11.05,265.3401
281.3547,11.05,265.2004
281.361,11.04538,265.0606
281.3667,11.05,264.9216
281.3714,11.05,264.7819
281.3762,11.05,264.642
281.3809,11.0407,264.5022
281.3856,11.05,264.3631
281.3903,11.05,264.224
281.3951,11.04104,264.0842
281.3997,11.05,263.9454
281.4045,11.05,263.8062
281.4092,11.05,263.6664
281.4139,11.042,263.5265
281.4187,11.05,263.3874
281.4234,11.05,263.2481
281.4281,11.05,263.1082
281.4329,11.05,262.9684
281.4376,11.05,262.8285
281.4423,11.05,262.6887
281.4471,11.04348,262.5488
281.4518,11.05,262.4096
281.4565,11.05,262.2701
281.4612,11.05,262.1303
281.466,11.05,261.9904
281.4707,11.05,261.8506
281.4755,11.05,261.7107
281.4802,11.04483,261.5709
281.4849,11.05,261.4315
281.4897,11.05,261.2919
281.4944,11.05,261.1521
281.4991,11.04981,261.0122
281.5039,11.05,260.8724
281.5086,11.05,260.7326
281.5133,11.04604,260.5927
281.5181,11.05,260.4534
281.5228,11.05,260.3136
281.5275,11.05,260.1738
281.5323,11.04856,260.0339
281.537,11.05,259.8945
281.5417,11.05,259.7547
281.5465,11.04707,259.6148
281.5512,11.05,259.4754
281.5559,11.05,259.3356
281.5607,11.05,259.1958
281.5654,11.04607,259.0559
281.5701,11.05,258.9167
281.5749,11.05,258.777
281.5796,11.04792,258.6371
281.5843,11.05,258.4977
281.5891,11.05,258.3578
281.5938,11.05,258.218
281.5985,11.04229,258.0782
281.6032,11.05,257.9393
281.608,11.05,257.8
281.6127,11.04859,257.6601
281.6174,11.05,257.5205
281.6222,11.05,257.3807
281.6269,11.05,257.2408
281.6317,11.05,257.101
281.6364,11.05,256.9611
281.6411,11.05,256.8213
281.6459,11.04921,256.6814
281.6506,11.05,256.5417
281.6553,11.05,256.4018
281.6601,11.05,256.262
281.6648,11.05,256.1221
281.6696,11.05,255.9823
281.6743,11.05,255.8424
281.679,11.04965,255.7026
281.6837,11.05,255.5628
281.6885,11.05,255.4229
281.6932,11.05,255.2831
281.698,11.05,255.1432
281.7027,11.04999,255.0034
281.7075,11.05,254.8635
281.7122,11.04992,254.7236
281.7169,11.05,254.5838
281.7217,11.05,254.444
281.7264,11.05,254.3041
281.7311,11.05,254.1643
281.7359,11.04926,254.0244
281.7406,11.05,253.8848
281.7454,11.05,253.7449
281.7501,11.05,253.6051
281.7548,11.05,253.4652
281.7596,11.05,253.3254
281.7643,11.05,253.1855
281.769,11.04738,253.0457
281.7738,11.05,252.9064
281.7785,11.05,252.7666
281.7832,11.05,252.6267
281.788,11.05,252.4869
281.7927,11.05,252.347
281.7975,11.05,252.2072
281.8022,11.04429,252.0673
281.8069,11.04067,251.9283
281.8116,11.05,251.7897
281.8163,11.05,251.6506
281.821,11.05,251.5107
281.8258,11.05,251.3709
281.8305,11.05,251.231
281.8353,11.05,251.0912
281.84,11.04218,250.9513
281.8447,11.05,250.8122
281.8494,11.05,250.6729
281.8542,11.05,250.533
281.8589,11.05,250.3932
281.8636,11.05,250.2533
281.8684,11.05,250.1134
281.8731,11.04364,249.9736
281.8778,11.05,249.8344
281.8826,11.05,249.6949
281.8873,11.05,249.555
281.892,11.05,249.4151
281.8968,11.05,249.2753
281.9015,11.05,249.1354
281.9063,11.04498,248.9956
281.9109,11.05,248.8563
281.9155,11.05,248.7166
281.92,11.05,248.5768
281.9243,11.05,248.4369
281.9285,11.05,248.297
281.9325,11.05,248.1572
281.9363,11.04588,248.0173
281.94,11.05,247.8779
281.9431,11.05,247.7381
281.946,11.05,247.5982
281.9485,11.05,247.4583
281.9508,11.05,247.3184
281.9528,11.05,247.1785
281.954,11.04551,247.0385
281.955,11.05,246.8991
281.9554,11.05,246.7593
281.9554,11.05,246.6194
281.955,11.05,246.4795
281.9541,11.05,246.3395
281.9522,11.05,246.1996
281.9497,11.04231,246.0597
281.947,11.05,245.9205
281.9435,11.05,245.7811
281.9387,11.05,245.6413
281.9333,11.05,245.5014
281.9272,11.05,245.3616
281.9205,11.05,245.2219
281.9131,11.04148,245.0821
281.9054,11.04909,244.9435
281.8958,11.05,244.8045
281.8855,11.05,244.6649
281.8743,11.05,244.5255
281.8622,11.05,244.386
281.8494,11.05,244.2467
281.8348,11.05,244.1075
281.8194,11.05,243.9684
281.803,11.04956,243.8295
281.7863,11.05,243.6906
281.7696,11.05,243.5517
281.7529,11.05,243.4127
281.7362,11.05,243.2738
281.7195,11.05,243.1349
281.7028,11.05,242.9959
281.6861,11.05,242.857
281.6694,11.04852,242.7181
281.6527,11.05,242.5793
281.636,11.05,242.4404
281.6193,11.05,242.3015
281.6026,11.05,242.1625
281.5858,11.0493,242.0236
281.5692,11.05,241.8849
281.5525,11.05,241.746
281.5358,11.04681,241.607
281.5191,11.05,241.4684
281.5024,11.05,241.3296
281.4857,11.05,241.1907
281.469,11.04664,241.0517
281.4523,11.05,240.9134
281.4356,11.05,240.7746
281.4189,11.05,240.6357
281.4022,11.04438,240.4967
281.3856,11.05,240.3583
281.3689,11.05,240.2196
281.3522,11.04178,240.0807
281.3356,11.05,239.9427
281.319,11.05,239.8044
281.3023,11.05,239.6655
281.2856,11.05,239.5265
281.2689,11.04109,239.3876
281.2522,11.05,239.2493
281.2356,11.05,239.111
281.2189,11.05,238.9721
281.2022,11.05,238.8331
281.1855,11.05,238.6942
281.1688,11.05,238.5553
281.1521,11.05,238.4164
281.1353,11.05,238.2774
281.1187,11.04975,238.1385
281.1019,11.05,237.9996
281.0852,11.04081,237.8606
281.0685,11.04409,237.7218
281.0518,11.04663,237.5829
281.0351,11.04846,237.4441
281.0184,11.04957,237.3052
281.0017,11.05,237.1663
280.985,11.04878,237.0273
280.9684,11.05,236.8887
280.9516,11.05,236.7497
280.9349,11.05,236.6108
280.9182,11.05,236.4719
280.9015,11.05,236.3329
280.8848,11.05,236.194
280.8681,11.04619,236.0551
280.8515,11.04732,235.9168
280.8348,11.05,235.7782
280.8181,11.05,235.6393
280.8014,11.05,235.5004
280.7847,11.05,235.3615
280.768,11.05,235.2225
280.7513,11.04117,235.0836
280.7347,11.05,234.9457
280.718,11.04497,234.8075
280.7014,11.05,234.6692
280.6848,11.05,234.5305
280.668,11.05,234.3915
280.6513,11.05,234.2526
280.6346,11.05,234.1137
280.6179,11.05,233.9747
280.6012,11.05,233.8358
280.5845,11.04203,233.6969
280.5679,11.05,233.5585
280.5512,11.05,233.4201
280.5345,11.05,233.2812
280.5178,11.05,233.1423
280.5011,11.04999,233.0033
280.4844,11.05,232.8644
280.4677,11.05,232.7254
280.451,11.05,232.5865
280.4343,11.04989,232.4476
280.4176,11.05,232.3087
280.4008,11.05,232.1697
280.3842,11.04881,232.0308
280.3675,11.05,231.8923
280.3508,11.05,231.7533
280.3341,11.05,231.6144
280.3188,11.05,231.4874
280.305,11.04716,231.3723
280.2923,11.05,231.2667
280.281,11.05,231.1728
280.2711,11.05,231.0909
280.2627,11.04945,231.0209
280.2557,11.05,230.9626
280.2501,11.05,230.9163
280.246,11.05,230.8819
280.2433,11.05,230.8594
280.2412,11.05,230.8421
280.2397,11.05,230.8292
280.2386,11.05,230.821
280.238,11.05,230.8156
280.2379,11.05,230.8142
280.2378,11.05,230.8138
280.2378,11.05,230.8138
280.2378,11.05,230.8138
280.2378,11.05,230.8138
280.2378,11.05,230.8138
280.2378,11.05,230.8138
280.2378,11.05,230.8138
280.2378,11.05,230.8138
280.2378,11.05,230.8138
280.2378,11.05,230.8138
280.2378,11.05,230.8138
280.2378,11.05,230.8138
280.2378,11.05,230.8138
280.2378,11.05,230.8138
280.2378,11.05,230.8138
280.2378,11.05,230.8138
280.2378,11.05,230.8138
280.2378,11.05,230.8138
280.2378,11.05,230.8138
280.2378,11.05,230.8138
280.2378,11.05,230.8138
280.2378,11.05,230.8138
280.2378,11.05,230.8138
280.2378,11.05,230.8138
280.2378,11.05,230.8138
280.2378,11.05,230.8138
280.2378,11.05,230.8138
280.2378,11.05,230.8138
280.2378,11.05,230.8138
280.2378,11.05,230.8138
280.2378,11.05,230.8138
280.2378,11.05,230.8138
280.2378,11.05,230.8138
280.2378,11.05,230.8138
280.2378,11.05,230.8138
280.2378,11.05,230.8138
280.2378,11.05,230.8138
280.2378,11.05,230.8138
280.2378,11.05,230.8138
280.2378,11.05,230.8138
280.2378,11.05,230.8138
280.2378,11.05,230.8138
280.2378,11.05,230.8138
280.2378,11.05,230.8138
280.2378,11.05,230.8138
280.2378,11.05,230.8138
280.2378,11.05,230.8138
280.2378,11.05,230.8138
280.2378,11.05,230.8138
280.2378,11.05,230.8138
280.2378,11.05,230.8138
280.2378,11.05,230.8138
280.2378,11.05,230.8138
280.2378,11.05,230.8138
280.2378,11.05,230.8138
280.2378,11.05,230.8138
280.2378,11.05,230.8138
280.2378,11.05,230.8138
280.2378,11.05,230.8138
280.2378,11.05,230.8138
280.2378,11.05,230.8138
280.2378,11.05,230.8138
280.2378,11.05,230.8138
280.2378,11.05,230.8138
280.2378,11.05,230.8138
280.2378,11.05,230.8138
280.2378,11.05,230.8138
280.2378,11.05,230.8138
280.2378,11.05,230.8138
280.2378,11.05,230.8138
280.2378,11.05,230.8138
280.2378,11.05,230.8138
280.2378,11.05,230.8138
280.2378,11.05,230.8138
280.2378,11.05,230.8138
280.2378,11.05,230.8138
280.2378,11.05,230.8138
280.2378,11.05,230.8138
280.2378,11.05,230.8138
280.2378,11.05,230.8138
280.2378,11.05,230.8138
280.2378,11.05,230.8138
280.2378,11.05,230.8138
280.2378,11.05,230.8138
280.2378,11.05,230.8138
280.2378,11.05,230.8138
280.2378,11.05,230.8138
280.2378,11.05,230.8138
280.2378,11.05,230.8138
280.2378,11.05,230.8138
280.2378,11.05,230.8138
280.2378,11.05,230.8138
280.2378,11.05,230.8138
280.2378,11.05,230.8138
280.2378,11.05,230.8138
280.2378,11.05,230.8138
280.2378,11.05,230.8138
280.2378,11.05,230.8138
280.2378,11.05,230.8138
280.2378,11.05,230.8138
280.2378,11.05,230.8138
280.2378,11.05,230.8138
280.2378,11.05,230.8138
280.2378,11.05,230.8138
280.2378,11.05,230.8138
280.2378,11.05,230.8138
280.2378,11.05,230.8138
280.2378,11.05,230.8138
280.2378,11.05,230.8138
280.2378,11.05,230.8138
280.2378,11.05,230.8138
280.2378,11.05,230.8138
280.2378,11.05,230.8138
280.2378,11.05,230.8138
280.2378,11.05,230.8138
280.2378,11.05,230.8138
280.2378,11.05,230.8138
280.2378,11.05,230.8138
280.2378,11.05,230.8138
280.2378,11.05,230.8138
280.2378,11.05,230.8138
280.2378,11.05,230.8138
280.2378,11.05,230.8138
280.2378,11.05,230.8138
280.2378,11.05,230.8138
280.2378,11.05,230.8138
280.2378,11.05,230.8138
280.2378,11.05,230.8138
280.2378,11.05,230.8138
280.2378,11.05,230.8138
280.2378,11.05,230.8138
280.2378,11.05,230.8138
280.2378,11.05,230.8138
280.2378,11.05,230.8138
280.2378,11.05,230.8138
280.2378,11.05,230.8138
280.2378,11.05,230.8138
280.2378,11.05,230.8138
280.2378,11.05,230.8138
280.2378,11.05,230.8138
280.2378,11.05,230.8138
280.2378,11.05,230.8138
280.2378,11.05,230.8138
280.2378,11.05,230.8138
280.2378,11.05,230.8138
280.2378,11.05,230.8138
280.2378,11.05,230.8138
280.2378,11.05,230.8138
280.2378,11.05,230.8138
280.2378,11.05,230.8138
280.2378,11.05,230.8138
280.2378,11.05,230.8138
280.2378,11.05,230.8138
280.2378,11.05,230.8138
280.2378,11.05,230.8138
280.2378,11.05,230.8138
280.2378,11.05,230.8138
280.2378,11.05,230.8138
280.2378,11.05,230.8138
280.2378,11.05,230.8138
280.2378,11.05,230.8138
280.2378,11.05,230.8138
280.2378,11.05,230.8138
280.2378,11.05,230.8138
280.2378,11.05,230.8138
280.2378,11.05,230.8138
280.2378,11.05,230.8138
280.2378,11.05,230.8138
280.2378,11.05,230.8138
280.2378,11.05,230.8138
280.2378,11.05,230.8138
280.2378,11.05,230.8138
280.2378,11.05,230.8138
280.2378,11.05,230.8138
280.2378,11.05,230.8138
280.2378,11.05,230.8138
280.2378,11.05,230.8138
280.2378,11.05,230.8138
280.2378,11.05,230.8138
280.2378,11.05,230.8138
280.2378,11.05,230.8138
280.2378,11.05,230.8138
280.2378,11.05,230.8138
280.2378,11.05,230.8138
280.2378,11.05,230.8138
280.2378,11.05,230.8138
280.2378,11.05,230.8138
280.2378,11.05,230.8138
280.2378,11.05,230.8138
280.2378,11.05,230.8138
280.2378,11.05,230.8138
280.2378,11.05,230.8138
280.2378,11.05,230.8138
280.2378,11.05,230.8138
280.2378,11.05,230.8138
280.2378,11.05,230.8138
280.2378,11.05,230.8138
280.2378,11.05,230.8138
280.2378,11.05,230.8138
280.2378,11.05,230.8138
280.2378,11.05,230.8138
280.2378,11.05,230.8138
280.2378,11.05,230.8138
280.2378,11.05,230.8138
280.2378,11.05,230.8138
280.2378,11.05,230.8138
280.2378,11.05,230.8138
280.2378,11.05,230.8138
280.2378,11.05,230.8138
280.2375,11.05,230.8139
280.2346,11.05,230.8143
280.2296,11.05,230.8151
280.2216,11.05,230.8163
280.2091,11.05,230.8182
280.1923,11.05,230.8207
280.1651,11.05,230.8248
280.1317,11.05,230.8298
280.0894,11.05,230.8362
280.0396,11.04804,230.8437
279.9817,11.05,230.8524
279.9125,11.05,230.8628
279.8315,11.04881,230.875
279.7389,11.05,230.8889
279.6345,11.05,230.9046
279.5182,11.05,230.9221
279.3901,11.05,230.9414
279.2516,11.05,230.9622
279.1132,11.05,230.9831
278.9748,11.04947,231.0039
278.8364,11.04924,231.0247
278.698,11.0474,231.0455
278.5596,11.04445,231.0664
278.4212,11.04038,231.0872
278.2828,11.05,231.108
278.1451,11.05,231.1287
278.0067,11.04994,231.1496
277.8683,11.05,231.1704
277.7298,11.05,231.1912
277.5914,11.05,231.212
277.4529,11.05,231.2329
277.3145,11.05,231.2537
277.1761,11.04389,231.2745
277.0387,11.04813,231.2952
276.901,11.05,231.3159
276.7626,11.05,231.3367
276.6241,11.05,231.3576
276.4857,11.05,231.3784
276.3472,11.04831,231.3992
276.2092,11.05,231.42
276.0707,11.0437,231.4408
275.9332,11.05,231.4615
275.7951,11.05,231.4823
275.6566,11.05,231.5031
275.5182,11.04998,231.524
275.3798,11.05,231.5448
275.2413,11.05,231.5656
275.1029,11.05,231.5865
274.9644,11.05,231.6073
274.826,11.05,231.6281
274.6876,11.05,231.6489
274.5491,11.0408,231.6698
274.4119,11.05,231.6904
274.2742,11.05,231.7111
274.1357,11.05,231.732
273.9973,11.05,231.7528
273.8589,11.05,231.7736
273.7204,11.04656,231.7944
273.5827,11.05,231.8152
273.4444,11.05,231.836
273.3059,11.05,231.8568
273.1675,11.05,231.8776
273.0291,11.04894,231.8985
272.891,11.0495,231.9193
272.7526,11.05,231.9401
272.6142,11.05,231.9609
272.4757,11.05,231.9817
272.3373,11.04999,232.0025
272.1989,11.04932,232.0234
272.0604,11.04293,232.0442
271.9226,11.04469,232.065
271.7842,11.0407,232.0858
271.6459,11.05,232.1066
271.5081,11.05,232.1273
271.3697,11.05,232.1481
271.2313,11.05,232.169
271.0928,11.04408,232.1898
270.9554,11.05,232.2105
270.8173,11.05,232.2313
270.6788,11.05,232.2521
270.5404,11.05,232.2729
270.4019,11.05,232.2937
270.2635,11.04837,232.3146
270.1254,11.05,232.3354
269.987,11.05,232.3562
269.8485,11.05,232.377
269.7101,11.05,232.3978
269.5717,11.05,232.4187
269.4332,11.04998,232.4395
269.2948,11.05,232.4603
269.1563,11.05,232.4812
269.0179,11.0496,232.502
268.8796,11.05,232.5228
268.7411,11.05,232.5436
268.6027,11.05,232.5645
268.4643,11.04074,232.5853
268.3271,11.05,232.6059
268.1893,11.05,232.6266
268.0509,11.04675,232.6475
267.9131,11.05,232.6682
267.7747,11.05,232.689
267.6363,11.0466,232.7099
267.4986,11.05,232.7306
267.3602,11.05,232.7514
267.2218,11.05,232.7722
267.0833,11.04122,232.793
266.946,11.05,232.8137
266.8082,11.04957,232.8345
266.6698,11.05,232.8553
266.5314,11.05,232.8761
266.3929,11.05,232.8969
266.2545,11.05,232.9178
266.1161,11.05,232.9386
265.9776,11.05,232.9594
265.8392,11.05,232.9802
265.7007,11.05,233.0011
265.5623,11.0494,233.0219
265.4239,11.04771,233.0427
265.2854,11.04492,233.0636
265.147,11.041,233.0844
265.0087,11.04991,233.1052
264.8709,11.05,233.1259
264.7325,11.05,233.1468
264.594,11.05,233.1676
264.4556,11.05,233.1884
264.3172,11.05,233.2092
264.1787,11.04835,233.2301
264.0406,11.04793,233.2509
263.9028,11.05,233.2716
263.7644,11.05,233.2924
263.626,11.05,233.3132
263.4875,11.05,233.3341
263.3491,11.04998,233.3549
263.2106,11.05,233.3757
263.0722,11.04343,233.3966
262.9347,11.05,233.4173
262.7966,11.05,233.438
262.6581,11.05,233.4588
262.5197,11.05,233.4797
262.3813,11.04102,233.5005
262.244,11.05,233.5212
262.1063,11.05,233.5419
261.9678,11.05,233.5627
261.8294,11.05,233.5835
261.6909,11.05,233.6044
261.5525,11.04669,233.6252
261.4148,11.05,233.6459
261.2764,11.05,233.6667
261.138,11.05,233.6876
260.9996,11.05,233.7084
260.8611,11.05,233.7292
260.7227,11.04953,233.7501
260.5844,11.05,233.7709
260.4459,11.05,233.7918
260.3075,11.05,233.8127
260.1691,11.05,233.8337
260.0307,11.04882,233.8549
259.8927,11.05,233.8762
259.7544,11.05,233.8977
259.6161,11.05,233.9194
259.4778,11.05,233.9414
259.3396,11.05,233.9635
259.2014,11.05,233.9861
259.0633,11.04486,234.009
258.926,11.04291,234.032
258.7891,11.04619,234.0551
258.6513,11.04213,234.0789
258.5135,11.05,234.1036
258.3763,11.05,234.1285
258.2386,11.05,234.1539
258.101,11.04611,234.1798
257.9644,11.05,234.2059
257.8272,11.05,234.2332
257.69,11.05,234.2611
257.5529,11.05,234.2894
257.416,11.05,234.3183
257.2791,11.04704,234.3478
257.1432,11.05,234.3784
257.0068,11.04994,234.4097
256.8706,11.05,234.4417
256.7344,11.05,234.4744
256.5984,11.05,234.5077
256.4629,11.04602,234.5425
256.3283,11.05,234.5778
256.1933,11.05,234.614
256.0583,11.04573,234.6511
255.9241,11.05,234.6884
255.8014,11.05,234.7234
255.6906,11.04733,234.7558
255.591,11.05,234.7856
255.503,11.05,234.8125
255.4266,11.05,234.8362
255.3616,11.05,234.8565
255.3082,11.05,234.8733
255.2662,11.05,234.8866
255.2357,11.05,234.8963
255.2143,11.05,234.9031
255.2018,11.05,234.907
255.193,11.05,234.9098
255.1879,11.05,234.9115
255.185,11.05,234.9124
255.1837,11.05,234.9128
255.1837,11.05,234.9128
255.1837,11.05,234.9128
255.1837,11.05,234.9128
255.1837,11.05,234.9128
255.1837,11.05,234.9128
255.1837,11.05,234.9128
255.1837,11.05,234.9128
255.1837,11.05,234.9128
255.1837,11.05,234.9128
255.1837,11.05,234.9128
255.1837,11.05,234.9128
