284.537,11.05,263.9864
284.537,11.04994,264.0069
284.5369,11.04906,264.0274
284.5369,11.04712,264.0479
284.5369,11.04413,264.0683
284.5368,11.04005,264.0887
284.5367,11.05,264.1089
284.5367,11.05,264.129
284.5366,11.05,264.149
284.5365,11.05,264.1689
284.5364,11.05,264.1886
284.5363,11.05,264.2082
284.5363,11.05,264.2277
284.5362,11.05,264.247
284.536,11.05,264.2661
284.5359,11.05,264.285
284.5357,11.05,264.3036
284.5356,11.05,264.3221
284.5355,11.05,264.3403
284.5352,11.05,264.3583
284.535,11.05,264.3759
284.5349,11.05,264.3933
284.5347,11.05,264.4091
284.5346,11.05,264.4203
284.5345,11.05,264.4261
284.5345,11.05,264.4298
284.5345,11.05,264.4319
284.5345,11.05,264.4329
284.5345,11.05,264.433
284.5345,11.05,264.433
284.5345,11.05,264.433
284.5345,11.05,264.433
284.5345,11.05,264.433
284.5345,11.05,264.433
284.5345,11.05,264.433
284.5345,11.05,264.433
284.5345,11.05,264.433
284.5345,11.05,264.433
284.5345,11.05,264.433
284.5345,11.05,264.433
284.5345,11.05,264.433
284.5345,11.05,264.433
284.5345,11.05,264.433
284.5345,11.05,264.433
284.5345,11.05,264.433
284.5345,11.05,264.433
284.5345,11.05,264.433
284.5345,11.05,264.433
284.5345,11.05,264.433
284.5345,11.05,264.433
284.5345,11.05,264.433
284.5345,11.05,264.433
284.5345,11.05,264.433
284.5345,11.05,264.433
284.5345,11.05,264.433
284.5345,11.05,264.433
284.5345,11.05,264.433
284.5345,11.05,264.433
284.5345,11.05,264.433
284.5345,11.05,264.433
284.5345,11.05,264.433
284.5345,11.05,264.433
284.5345,11.05,264.433
284.5345,11.05,264.433
284.5345,11.05,264.433
284.5345,11.05,264.433
284.5345,11.05,264.433
284.5345,11.05,264.433
284.5345,11.05,264.433
284.5345,11.05,264.433
284.5345,11.05,264.433
284.5345,11.05,264.433
284.5345,11.05,264.433
284.5345,11.05,264.433
284.5345,11.05,264.433
284.5345,11.05,264.433
284.5345,11.05,264.433
284.5345,11.05,264.433
284.5345,11.05,264.433
284.5345,11.05,264.433
284.5345,11.05,264.433
284.5345,11.05,264.433
284.5345,11.05,264.433
284.5345,11.05,264.433
284.5345,11.05,264.433
284.5345,11.05,264.433
284.5345,11.05,264.433
284.5345,11.05,264.433
284.5345,11.05,264.433
284.5345,11.05,264.433
284.5345,11.05,264.433
284.5345,11.05,264.433
284.5345,11.05,264.433
284.5345,11.05,264.433
284.5345,11.05,264.433
284.5345,11.05,264.433
284.5345,11.05,264.433
284.5345,11.05,264.433
284.5345,11.05,264.433
284.5345,11.05,264.433
284.5345,11.05,264.433
284.5345,11.05,264.433
284.5345,11.05,264.433
284.5345,11.05,264.433
284.5345,11.05,264.433
284.5345,11.05,264.433
284.5345,11.05,264.433
284.5345,11.05,264.433
284.5345,11.05,264.433
284.5345,11.05,264.433
284.5345,11.05,264.433
284.5345,11.05,264.433
284.5345,11.05,264.433
284.5345,11.05,264.433
284.5345,11.05,264.433
284.5345,11.05,264.433
284.5345,11.05,264.433
284.5345,11.05,264.433
284.5345,11.05,264.433
284.5345,11.05,264.433
284.5345,11.05,264.433
284.5345,11.05,264.433
284.5345,11.05,264.433
284.5345,11.05,264.433
284.5345,11.05,264.433
284.5345,11.05,264.433
284.5345,11.05,264.433
284.5345,11.05,264.433
284.5345,11.05,264.433
284.5345,11.05,264.433
284.5345,11.05,264.433
284.5345,11.05,264.433
284.5345,11.05,264.433
284.5345,11.05,264.433
284.5345,11.05,264.433
284.5345,11.05,264.433
284.5345,11.05,264.433
284.5345,11.05,264.433
284.5345,11.05,264.433
284.5345,11.05,264.433
284.5345,11.05,264.433
284.5345,11.05,264.433
284.5345,11.05,264.433
284.5345,11.05,264.433
284.5345,11.05,264.433
284.5345,11.05,264.433
284.5345,11.05,264.433
284.5345,11.05,264.433
284.5345,11.05,264.433
284.5345,11.05,264.433
284.5345,11.05,264.433
284.5345,11.05,264.433
284.5345,11.05,264.433
284.5345,11.05,264.433
284.5345,11.05,264.433
284.5345,11.05,264.433
284.5345,11.05,264.433
284.5345,11.05,264.433
284.5345,11.05,264.433
284.5345,11.05,264.433
284.5345,11.05,264.433
284.5345,11.05,264.433
284.5345,11.05,264.433
284.5345,11.05,264.433
284.5345,11.05,264.433
284.5345,11.05,264.433
284.5345,11.05,264.433
284.5345,11.05,264.433
284.5345,11.05,264.433
284.5345,11.05,264.433
284.5345,11.05,264.433
284.5345,11.05,264.433
284.5345,11.05,264.433
284.5345,11.05,264.433
284.5345,11.05,264.433
284.5345,11.05,264.433
284.5345,11.05,264.433
284.5345,11.05,264.433
284.5345,11.05,264.433
284.5345,11.05,264.433
284.5345,11.05,264.433
284.5345,11.05,264.433
284.5345,11.05,264.433
284.5345,11.05,264.433
284.5345,11.05,264.433
284.5345,11.05,264.433
284.5345,11.05,264.433
284.5345,11.05,264.433
284.5345,11.05,264.433
284.5345,11.05,264.433
284.5345,11.05,264.433
284.5345,11.05,264.433
284.5345,11.05,264.433
284.5345,11.05,264.433
284.5345,11.05,264.433
284.5345,11.05,264.433
284.5345,11.05,264.433
284.5345,11.05,264.433
284.5345,11.05,264.433
284.5345,11.05,264.433
284.5345,11.05,264.433
284.5345,11.05,264.433
284.5345,11.05,264.433
284.5345,11.05,264.433
284.5345,11.05,264.433
284.5345,11.05,264.433
284.5345,11.05,264.433
284.5345,11.05,264.433
284.5345,11.05,264.433
284.5345,11.05,264.433
284.5345,11.05,264.433
284.5345,11.05,264.433
284.5345,11.05,264.433
284.5345,11.05,264.433
284.5345,11.05,264.433
284.5345,11.05,264.433
284.5345,11.05,264.433
284.5345,11.05,264.433
284.5345,11.05,264.433
284.5345,11.05,264.433
284.5345,11.05,264.433
284.5345,11.05,264.433
284.5345,11.05,264.433
284.5345,11.05,264.433
284.5345,11.05,264.433
284.5345,11.05,264.433
284.5345,11.05,264.433
284.5345,11.05,264.433
284.5345,11.05,264.433
284.5345,11.05,264.433
284.5345,11.05,264.433
284.5345,11.05,264.433
284.5345,11.05,264.433
284.5345,11.05,264.433
284.5345,11.05,264.433
284.5345,11.05,264.433
284.5345,11.05,264.433
284.5343,11.05,264.4327
284.5334,11.05,264.4314
284.5315,11.05,264.4284
284.5269,11.05,264.4208
284.5205,11.05,264.4099
284.5119,11.05,264.3953
284.5008,11.05,264.3764
284.4861,11.05,264.3513
284.4652,11.05,264.3158
284.4397,11.05,264.2723
284.41,11.05,264.2216
284.3744,11.05,264.161
284.3338,11.05,264.0919
284.2872,11.04981,264.0125
284.2345,11.05,263.9228
284.1758,11.05,263.8227
284.111,11.05,263.7123
284.0401,11.04798,263.5916
283.9694,11.05,263.4711
283.8985,11.05,263.3504
283.8277,11.05,263.2298
283.7568,11.05,263.1091
283.686,11.05,262.9884
283.6151,11.05,262.8677
283.5443,11.05,262.747
283.4734,11.05,262.6263
283.4026,11.04331,262.5056
283.3318,11.04822,262.385
283.261,11.04999,262.2646
283.1902,11.05,262.1439
283.1194,11.04932,262.0232
283.0486,11.04704,261.9027
282.9779,11.05,261.7822
282.9071,11.05,261.6616
282.8362,11.05,261.5409
282.7654,11.05,261.4202
282.6945,11.05,261.2995
282.6237,11.05,261.1788
282.5528,11.04575,261.0581
282.4822,11.05,260.938
282.4115,11.05,260.8174
282.3406,11.05,260.6967
282.2698,11.05,260.576
282.1989,11.05,260.4553
282.1281,11.05,260.3346
282.0572,11.04589,260.214
281.9865,11.05,260.0935
281.9157,11.04795,259.973
281.8449,11.04997,259.8523
281.7741,11.05,259.7317
281.7032,11.05,259.611
281.6324,11.05,259.4903
281.5615,11.05,259.3696
281.4907,11.05,259.2489
281.4198,11.05,259.1282
281.349,11.04993,259.0075
281.2781,11.05,258.8868
281.2072,11.05,258.7661
281.1364,11.05,258.6454
281.0656,11.04459,258.5247
280.9949,11.05,258.4044
280.9242,11.05,258.2839
280.8533,11.05,258.1632
280.7824,11.04773,258.0425
280.7118,11.05,257.9222
280.641,11.05,257.8016
280.5702,11.04226,257.6809
280.4994,11.04767,257.5603
280.4287,11.04992,257.4399
280.3578,11.05,257.3193
280.287,11.05,257.1986
280.2162,11.04235,257.0779
280.1457,11.05,256.9579
280.0751,11.04288,256.8377
280.0046,11.04997,256.7175
279.9339,11.05,256.5972
279.8631,11.05,256.4765
279.7922,11.05,256.3558
279.7214,11.05,256.2351
279.6505,11.05,256.1144
279.5797,11.05,255.9937
279.5088,11.05,255.873
279.438,11.05,255.7523
279.3671,11.05,255.6316
279.2963,11.05,255.511
279.2254,11.05,255.3903
279.1545,11.04164,255.2696
279.0838,11.04112,255.149
279.0133,11.04873,255.0289
278.9429,11.05,254.909
278.872,11.05,254.7883
278.8012,11.05,254.6676
278.7303,11.05,254.547
278.6595,11.05,254.4263
278.5886,11.05,254.3056
278.5178,11.05,254.1849
278.4469,11.04482,254.0642
278.3764,11.05,253.9441
278.3057,11.05,253.8236
278.2348,11.05,253.7029
278.164,11.05,253.5822
278.0931,11.05,253.4615
278.0222,11.04938,253.3408
277.9514,11.05,253.2202
277.8806,11.05,253.0995
277.8097,11.05,252.9788
277.7389,11.04101,252.8581
277.6681,11.04697,252.7376
277.5974,11.04976,252.6172
277.5266,11.05,252.4966
277.4558,11.05,252.3759
277.3849,11.05,252.2552
277.3141,11.05,252.1345
277.2432,11.04976,252.0138
277.1724,11.05,251.8932
277.1016,11.05,251.7725
277.0309,11.04881,251.6517
276.9603,11.05,251.531
276.8897,11.05,251.4102
276.8193,11.05,251.2892
276.7491,11.05,251.1681
276.6791,11.04724,251.0469
276.6094,11.05,250.9261
276.5398,11.05,250.8048
276.4706,11.05,250.6832
276.4016,11.05,250.5614
276.3329,11.04283,250.4395
276.2646,11.04824,250.3176
276.1969,11.05,250.1954
276.1295,11.04332,250.0728
276.0626,11.04508,249.9508
275.996,11.05,249.8281
275.9298,11.05,249.7051
275.8639,11.05,249.5816
275.7989,11.05,249.4577
275.7343,11.05,249.3335
275.6703,11.05,249.2091
275.6067,11.04099,249.0844
275.5438,11.05,248.9605
275.4822,11.05,248.8356
275.4209,11.05,248.7098
275.3602,11.05,248.5837
275.3001,11.05,248.4573
275.2407,11.04491,248.3306
275.1826,11.04973,248.2035
275.1254,11.04271,248.076
275.0687,11.04405,247.9492
275.0129,11.04979,247.8212
274.9579,11.05,247.6928
274.9044,11.05,247.5635
274.8517,11.05,247.4339
274.7998,11.05,247.3039
274.7489,11.05,247.1736
274.6988,11.0477,247.0429
274.6502,11.05,246.9122
274.603,11.05,246.7805
274.5567,11.04471,246.6484
274.5114,11.04998,246.5163
274.4672,11.05,246.3838
274.425,11.05,246.2504
274.384,11.05,246.1166
274.3441,11.05,245.9825
274.3052,11.05,245.848
274.2676,11.05,245.7132
274.2323,11.05,245.5778
274.1983,11.05,245.4421
274.1655,11.05,245.306
274.134,11.0492,245.1697
274.1038,11.04863,245.0331
274.0763,11.04266,244.8963
274.0501,11.04685,244.759
274.0253,11.0492,244.6214
274.0013,11.05,244.4836
273.9775,11.05,244.3457
273.9537,11.05,244.2078
273.93,11.04384,244.0699
273.9063,11.04956,243.9329
273.8826,11.05,243.7953
273.8588,11.05,243.6574
273.8351,11.05,243.5195
273.8113,11.05,243.3816
273.7875,11.05,243.2437
273.7637,11.05,243.1058
273.74,11.05,242.9679
273.7162,11.04182,242.83
273.6925,11.05,242.6926
273.6688,11.05,242.5553
273.6451,11.05,242.4174
273.6213,11.05,242.2795
273.5975,11.05,242.1416
273.5737,11.04998,242.0037
273.55,11.05,241.8658
273.5262,11.05,241.7279
273.5024,11.04518,241.59
273.4787,11.05,241.4525
273.455,11.05,241.3148
273.4312,11.05,241.1769
273.4074,11.0481,241.039
273.3837,11.05,240.9016
273.36,11.05,240.7637
273.3362,11.05,240.6258
273.3124,11.05,240.4879
273.2886,11.04764,240.35
273.2649,11.05,240.2123
273.2411,11.043,240.0745
273.2175,11.05,239.9375
273.1938,11.05,239.8
273.17,11.05,239.6621
273.1463,11.05,239.5242
273.1225,11.05,239.3863
273.0987,11.05,239.2484
273.075,11.04292,239.1105
273.0512,11.04671,238.9727
273.0274,11.04906,238.835
273.0037,11.04998,238.6971
272.9799,11.05,238.5592
272.9561,11.05,238.4213
272.9323,11.05,238.2834
272.9086,11.05,238.1455
272.8848,11.04046,238.0076
272.8611,11.04995,237.8703
272.8375,11.05,237.7332
272.8137,11.05,237.5953
272.7899,11.05,237.4574
272.7661,11.05,237.3195
272.7424,11.05,237.1816
272.7186,11.04761,237.0437
272.6949,11.05,236.9063
272.6711,11.04404,236.7684
272.6475,11.05,236.631
272.6237,11.05,236.4934
272.6,11.05,236.3555
272.5762,11.05,236.2176
272.5524,11.04198,236.0797
272.5288,11.05,235.9428
272.5051,11.05,235.8054
272.4814,11.05,235.6675
272.4576,11.04674,235.5296
272.4339,11.05,235.392
272.41,11.05,235.2542
272.3862,11.05,235.1164
272.3622,11.05,234.9785
272.3381,11.05,234.8407
272.3139,11.05,234.7028
272.2895,11.05,234.565
272.2648,11.05,234.4273
272.24,11.04846,234.2896
272.2149,11.05,234.1521
272.1896,11.04974,234.0145
272.1638,11.05,233.877
272.1376,11.05,233.7395
272.1111,11.05,233.6021
272.0843,11.04101,233.4648
272.0572,11.04589,233.3276
272.0293,11.04893,233.1908
272.0009,11.04636,233.0538
271.9725,11.05,232.9176
271.9433,11.05,232.7808
271.9135,11.05,232.6441
271.8828,11.05,232.5076
271.8515,11.05,232.3712
271.8197,11.05,232.2349
271.7873,11.05,232.0988
271.7543,11.05,231.9628
271.7201,11.04278,231.8271
271.6855,11.04997,231.6919
271.65,11.05,231.557
271.6138,11.05,231.4218
271.5768,11.05,231.2869
271.5384,11.05,231.1523
271.4992,11.0496,231.018
271.4593,11.05,230.884
271.4186,11.05,230.7501
271.377,11.05,230.6165
271.3337,11.05,230.4834
271.2896,11.04767,230.3506
271.2447,11.05,230.2182
271.1987,11.04063,230.0861
271.1528,11.05,229.955
271.1044,11.05,229.8245
271.0547,11.04625,229.6937
271.004,11.04998,229.5634
270.9524,11.05,229.4335
270.8997,11.05,229.3038
270.8448,11.05,229.1751
270.789,11.04726,229.0468
270.7326,11.05,228.9193
270.6746,11.04129,228.792
270.6157,11.04846,228.6654
270.5545,11.05,228.5401
270.4919,11.05,228.4149
270.4282,11.05,228.2903
270.3633,11.05,228.1663
270.2973,11.04769,228.0429
270.2305,11.05,227.9205
270.1608,11.05,227.7991
270.0898,11.05,227.6785
270.0176,11.04961,227.5586
269.9442,11.05,227.4395
269.8682,11.05,227.322
269.791,11.05,227.2053
269.7125,11.05,227.0894
269.6326,11.05,226.9744
269.5515,11.05,226.8604
269.4678,11.05,226.7482
269.3827,11.05,226.6371
269.2963,11.05,226.5269
269.2086,11.05,226.4179
269.1196,11.05,226.3098
269.028,11.04902,226.2041
268.935,11.05,226.0996
268.8407,11.05,225.9962
268.745,11.05,225.894
268.648,11.05,225.7931
268.5497,11.05,225.6935
268.4487,11.05,225.5965
268.3465,11.05,225.501
268.2429,11.05,225.4069
268.1379,11.05,225.3142
268.0305,11.04884,225.2245
267.9219,11.05,225.1366
267.8118,11.04686,225.05
267.701,11.05,224.9651
267.5885,11.05,224.8819
267.4745,11.05,224.8007
267.3604,11.05,224.7196
267.2462,11.05,224.6386
267.1321,11.05,224.5576
267.018,11.0496,224.4766
266.9039,11.05,224.3956
266.7897,11.05,224.3146
266.6756,11.05,224.2335
266.5615,11.05,224.1525
266.4473,11.04356,224.0715
266.3336,11.05,223.9908
266.2197,11.05,223.9099
266.1056,11.05,223.8289
265.9914,11.05,223.7479
265.8773,11.05,223.6669
265.7631,11.05,223.5858
265.649,11.05,223.5048
265.5349,11.05,223.4238
265.4207,11.05,223.3428
265.3065,11.05,223.2617
265.1924,11.05,223.1807
265.0782,11.04228,223.0998
264.9646,11.04812,223.0194
264.8505,11.0451,222.9388
264.7362,11.0406,222.8581
264.6218,11.05,222.7776
264.5077,11.05,222.6978
264.3929,11.05,222.6177
264.278,11.05,222.5378
264.163,11.05,222.458
264.0477,11.04714,222.3785
263.9327,11.05,222.2997
263.817,11.05,222.2209
263.7011,11.05,222.1425
263.585,11.04479,222.0643
263.469,11.05,221.9866
263.3524,11.05,221.9096
263.2354,11.05,221.8329
263.118,11.05,221.7565
263.0005,11.05,221.6805
262.8826,11.05,221.605
262.7642,11.05,221.5304
262.6454,11.05,221.4562
262.5264,11.05,221.3826
262.407,11.05,221.3095
262.2873,11.05,221.2369
262.1669,11.05,221.1654
262.0462,11.04732,221.0946
261.9256,11.04385,221.0245
261.8043,11.05,220.9549
261.6827,11.05,220.8862
261.5602,11.05,220.8186
261.4371,11.05,220.7517
261.3138,11.05,220.6856
261.19,11.05,220.6203
261.0658,11.04456,220.5557
260.9418,11.05,220.4922
260.8166,11.05,220.4302
260.6907,11.05,220.3689
260.5644,11.05,220.3085
260.4377,11.05,220.2491
260.3101,11.05,220.1914
260.1821,11.05,220.1348
260.0536,11.04639,220.0791
259.9255,11.04385,220.0243
259.7964,11.05,219.9708
259.6666,11.05,219.9194
259.5359,11.05,219.8691
259.4049,11.05,219.8198
259.2734,11.05,219.7717
259.1415,11.05,219.7248
259.0088,11.0499,219.6802
258.8757,11.05,219.6369
258.7422,11.05,219.5949
258.6082,11.05,219.5542
258.4739,11.04896,219.5147
258.3389,11.05,219.478
258.2035,11.05,219.4426
258.0677,11.04424,219.4086
257.9325,11.05,219.3755
257.7963,11.05,219.3444
257.6591,11.05,219.3163
257.5217,11.05,219.2897
257.3839,11.05,219.2646
257.2459,11.05,219.2411
257.1076,11.04215,219.2192
256.9699,11.05,219.1999
256.8317,11.05,219.1811
256.693,11.05,219.1623
256.5542,11.05,219.1435
256.4155,11.05,219.1247
256.2768,11.05,219.1059
256.138,11.0404,219.0871
255.9994,11.04413,219.0683
255.8608,11.04693,219.0495
255.7222,11.04882,219.0307
255.5835,11.04982,219.0119
255.4447,11.05,218.9931
255.306,11.05,218.9743
255.1673,11.05,218.9555
255.0285,11.04898,218.9367
254.8902,11.04952,218.9179
254.7515,11.05,218.8991
254.6127,11.05,218.8803
254.474,11.05,218.8615
254.3353,11.05,218.8427
254.1966,11.05,218.8239
254.0578,11.0458,218.8051
253.9198,11.05,218.7864
253.7812,11.05,218.7676
253.6425,11.04288,218.7488
253.5046,11.05,218.7301
253.3663,11.05,218.7113
253.2276,11.05,218.6925
253.0889,11.05,218.6737
252.9501,11.05,218.6549
252.8114,11.05,218.6361
252.6727,11.05,218.6173
252.534,11.04739,218.5985
252.3956,11.05,218.5797
252.2569,11.05,218.5609
252.1181,11.05,218.5421
251.9794,11.05,218.5233
251.8407,11.05,218.5045
251.702,11.05,218.4857
251.5632,11.05,218.4669
251.4245,11.04965,218.4481
251.2858,11.05,218.4294
251.147,11.05,218.4108
251.0083,11.04991,218.407
250.8696,11.05,218.407
250.7309,11.05,218.4069
250.5921,11.05,218.4068
250.4532,11.05,218.4068
250.3144,11.04464,218.4067
250.1762,11.05,218.4066
250.0375,11.04824,218.4064
249.8994,11.05,218.4063
249.7604,11.05,218.4061
249.6213,11.05,218.406
249.4822,11.05,218.4059
249.343,11.04755,218.4056
249.2041,11.05,218.4054
249.0648,11.04471,218.4052
248.9271,11.05,218.4052
248.7879,11.05,218.4049
248.6485,11.05,218.4045
248.5089,11.05,218.4043
248.3694,11.04925,218.4041
248.2299,11.05,218.4038
248.0902,11.05,218.4036
247.9504,11.05,218.4031
247.8107,11.05,218.4031
247.6709,11.05,218.4031
247.5312,11.05,218.4031
247.3914,11.04992,218.4031
247.2517,11.05,218.4031
247.1119,11.05,218.4031
246.9722,11.05,218.4031
246.8324,11.05,218.4031
246.6927,11.05,218.4031
246.5529,11.05,218.4031
246.4131,11.05,218.4031
246.2734,11.05,218.4031
246.1336,11.05,218.4031
245.9939,11.05,218.4031
245.8541,11.05,218.4031
245.7144,11.05,218.4031
245.5746,11.05,218.4031
245.4349,11.05,218.4031
245.2951,11.04265,218.4031
245.1564,11.05,218.4031
245.0171,11.04963,218.4031
244.8775,11.05,218.4031
244.7377,11.05,218.4031
244.598,11.05,218.4031
244.4582,11.05,218.4031
244.3185,11.0455,218.4031
244.1794,11.05,218.4031
244.0398,11.04802,218.403
243.9007,11.05,218.403
243.7609,11.05,218.4029
243.6211,11.05,218.4029
243.4813,11.05,218.4028
243.3415,11.04765,218.4027
243.2021,11.05,218.4026
243.0623,11.04513,218.4025
242.9234,11.05,218.4024
242.7837,11.05,218.4023
242.6438,11.05,218.4021
242.5039,11.05,218.402
242.364,11.04911,218.4017
242.2242,11.05,218.4016
242.0843,11.04103,218.4014
241.9455,11.05,218.4014
241.8062,11.05,218.3985
241.6662,11.05,218.3965
241.5262,11.05,218.3951
241.3862,11.04996,218.3942
241.2462,11.05,218.3939
241.1062,11.05,218.3941
240.9662,11.05,218.3955
240.8262,11.05,218.3976
240.6863,11.05,218.4003
240.5463,11.05,218.4036
240.4064,11.05,218.4077
240.2665,11.05,218.4132
240.1266,11.05,218.4195
239.9868,11.05,218.4266
239.847,11.05,218.4344
239.7073,11.05,218.4431
239.5676,11.05,218.4525
239.428,11.0492,218.4638
239.2887,11.05,218.4759
239.1493,11.05,218.4889
239.01,11.04987,218.5029
238.8709,11.05,218.5178
238.7319,11.05,218.5347
238.593,11.05,218.5526
238.4543,11.04133,218.5715
238.3169,11.05,218.5909
238.1791,11.05,218.6119
238.0411,11.04789,218.6351
237.9037,11.05,218.6591
237.766,11.05,218.6847
237.6286,11.0457,218.7113
237.4923,11.05,218.739
237.3558,11.05,218.7692
237.2194,11.05,218.8007
237.0833,11.04124,218.8335
236.9483,11.05,218.8665
236.8134,11.04511,218.9016
236.6796,11.05,218.9387
236.5454,11.05,218.9779
236.4115,11.04957,219.0185
236.2779,11.0454,219.0605
236.1449,11.05,219.1038
236.0129,11.04979,219.1499
235.8813,11.05,219.1974
235.7502,11.05,219.2465
235.6196,11.05,219.2969
235.4896,11.05,219.3488
235.3608,11.04885,219.4037
235.233,11.05,219.4599
235.1055,11.05,219.5178
234.9787,11.05,219.5772
234.8527,11.05,219.6381
234.7282,11.05,219.7021
234.6045,11.05,219.7677
234.4816,11.05,219.8348
234.3597,11.05,219.9035
234.2386,11.05,219.9738
234.1194,11.04721,220.0472
234.0014,11.05,220.1221
233.8843,11.05,220.1986
233.7682,11.05,220.2768
233.6532,11.05,220.3567
233.5405,11.05,220.4397
233.429,11.04429,220.5243
233.3192,11.05,220.6092
233.2104,11.05,220.6968
233.1027,11.05,220.7862
232.9977,11.05,220.8788
232.8941,11.0461,220.9729
232.7924,11.04425,221.0676
232.6921,11.05,221.1639
232.5932,11.05,221.2625
232.4973,11.05,221.3645
232.403,11.04736,221.4679
232.3108,11.05,221.5721
232.2199,11.05,221.6786
232.1308,11.05,221.7865
232.0453,11.04742,221.8974
231.9619,11.04859,222.0094
231.8805,11.05,222.1226
231.8008,11.05,222.2377
231.7231,11.05,222.3541
231.6496,11.05,222.4732
231.5782,11.04985,222.5936
231.509,11.05,222.7151
231.4419,11.05,222.838
231.3771,11.05,222.9621
231.317,11.0401,223.0885
231.2586,11.05,223.2141
231.2035,11.05,223.3419
231.1506,11.05,223.4714
231.1001,11.05,223.602
231.0547,11.04624,223.7344
231.0119,11.04982,223.8675
230.9718,11.04945,224.0014
230.9343,11.05,224.1362
230.8995,11.05,224.2717
230.8702,11.05,224.4086
230.8437,11.05,224.546
230.82,11.05,224.6839
230.7992,11.04967,224.8223
230.7813,11.05,224.961
230.7692,11.05,225.1004
230.7601,11.05,225.2401
230.7539,11.05,225.3799
230.7508,11.05,225.5198
230.7508,11.05,225.6598
230.7569,11.04886,225.7996
230.766,11.05,225.9391
230.7783,11.04222,226.0785
230.7921,11.05,226.2164
230.8105,11.05,226.3546
230.8354,11.05,226.4923
230.8634,11.05,226.6295
230.8946,11.05,226.7659
230.9289,11.05,226.9016
230.9665,11.04693,227.0364
231.0103,11.04987,227.1691
231.0573,11.04588,227.3008
231.1074,11.05,227.4313
231.1607,11.05,227.5606
231.2171,11.05,227.6887
231.2798,11.05,227.8138
231.3456,11.05,227.9374
231.4144,11.04559,228.0592
231.4854,11.05,228.1788
231.5536,11.05,228.2874
231.6175,11.05,228.3847
231.6766,11.05,228.471
231.7302,11.05,228.5468
231.7777,11.05,228.6121
231.8188,11.05,228.6673
231.853,11.05,228.7127
231.88,11.05,228.7484
231.8999,11.05,228.7746
231.9125,11.05,228.7911
231.9178,11.05,228.7981
231.9161,11.05,228.7959
231.913,11.05,228.7918
231.9076,11.05,228.7847
231.8999,11.05,228.7747
231.8896,11.05,228.7612
231.873,11.05,228.7393
231.8525,11.05,228.7125
231.8267,11.05,228.6786
231.7961,11.05,228.6385
231.7605,11.05,228.5918
231.7175,11.05,228.5355
231.6673,11.05,228.4697
231.6099,11.05,228.3943
231.5452,11.05,228.3094
231.4731,11.05,228.215
231.3939,11.05,228.111
231.309,11.05,227.9998
231.2241,11.05,227.8885
231.1393,11.05,227.7772
231.0544,11.04628,227.6659
230.9697,11.05,227.5549
230.8849,11.05,227.4437
230.7999,11.05,227.3325
230.7149,11.05,227.2213
230.6371,11.05,227.1198
230.5665,11.04904,227.0278
230.503,11.05,226.9451
230.4467,11.05,226.872
230.3976,11.05,226.8084
230.3557,11.05,226.7545
230.3212,11.05,226.7101
230.2939,11.05,226.6752
230.2739,11.05,226.6498
230.26,11.05,226.6323
230.2491,11.05,226.6187
230.2433,11.05,226.6115
230.24,11.05,226.6074
230.238,11.05,226.605
230.2371,11.05,226.6039
230.2369,11.05,226.6036
230.2369,11.05,226.6036
230.2369,11.05,226.6036
230.2369,11.05,226.6036
230.2369,11.05,226.6036
230.2369,11.05,226.6036
230.2369,11.05,226.6036
230.2369,11.05,226.6036
230.2369,11.05,226.6036
230.2369,11.05,226.6036
230.2369,11.05,226.6036
230.2369,11.05,226.6036
230.2369,11.05,226.6036
230.2369,11.05,226.6036
230.2369,11.05,226.6036
230.2369,11.05,226.6036
230.2369,11.05,226.6036
230.2369,11.05,226.6036
230.2369,11.05,226.6036
230.2369,11.05,226.6036
230.2369,11.05,226.6036
230.2369,11.05,226.6036
230.2369,11.05,226.6036
230.2369,11.05,226.6036
230.2369,11.05,226.6036
230.2369,11.05,226.6036
230.2369,11.05,226.6036
230.2369,11.05,226.6036
230.2369,11.05,226.6036
230.2369,11.05,226.6036
230.2369,11.05,226.6036
230.2369,11.05,226.6036
230.2369,11.05,226.6036
230.2369,11.05,226.6036
230.2369,11.05,226.6036
230.2369,11.05,226.6036
230.2369,11.05,226.6036
230.2369,11.05,226.6036
230.2369,11.05,226.6036
230.2369,11.05,226.6036
230.2369,11.05,226.6036
230.2369,11.05,226.6036
230.2369,11.05,226.6036
230.2369,11.05,226.6036
230.2369,11.05,226.6036
230.2369,11.05,226.6036
230.2369,11.05,226.6036
230.2369,11.05,226.6036
230.2369,11.05,226.6036
230.2369,11.05,226.6036
230.2369,11.05,226.6036
230.2369,11.05,226.6036
230.2369,11.05,226.6036
230.2369,11.05,226.6036
230.2369,11.05,226.6036
230.2369,11.05,226.6036
230.2369,11.05,226.6036
230.2369,11.05,226.6036
230.2369,11.05,226.6036
230.2369,11.05,226.6036
230.2369,11.05,226.6036
230.2369,11.05,226.6036
230.2369,11.05,226.6036
230.2369,11.05,226.6036
230.2369,11.05,226.6036
230.2369,11.05,226.6036
230.2369,11.05,226.6036
230.2369,11.05,226.6036
230.2369,11.05,226.6036
230.2369,11.05,226.6036
230.2369,11.05,226.6036
230.2369,11.05,226.6036
230.2369,11.05,226.6036
230.2369,11.05,226.6036
230.2369,11.05,226.6036
230.2369,11.05,226.6036
230.2369,11.05,226.6036
230.2369,11.05,226.6036
230.2369,11.05,226.6036
230.2369,11.05,226.6036
230.2369,11.05,226.6036
230.2369,11.05,226.6036
230.2369,11.05,226.6036
230.2369,11.05,226.6036
230.2369,11.05,226.6036
230.2369,11.05,226.6036
230.2369,11.05,226.6036
230.2369,11.05,226.6036
230.2369,11.05,226.6036
230.2369,11.05,226.6036
230.2369,11.05,226.6036
230.2369,11.05,226.6036
230.2369,11.05,226.6036
230.2369,11.05,226.6036
230.2369,11.05,226.6036
230.2369,11.05,226.6036
230.2369,11.05,226.6036
230.2369,11.05,226.6036
230.2369,11.05,226.6036
230.2369,11.05,226.6036
230.2369,11.05,226.6036
230.2369,11.05,226.6036
230.2369,11.05,226.6036
230.2369,11.05,226.6036
230.2369,11.05,226.6036
230.2369,11.05,226.6036
230.2369,11.05,226.6036
230.2369,11.05,226.6036
230.2369,11.05,226.6036
230.2369,11.05,226.6036
230.2369,11.05,226.6036
230.2369,11.05,226.6036
230.2369,11.05,226.6036
230.2369,11.05,226.6036
230.2369,11.05,226.6036
230.2369,11.05,226.6036
230.2369,11.05,226.6036
230.2369,11.05,226.6036
230.2369,11.05,226.6036
230.2369,11.05,226.6036
230.2369,11.05,226.6036
230.2369,11.05,226.6036
230.2369,11.05,226.6036
230.2369,11.05,226.6036
230.2369,11.05,226.6036
230.2369,11.05,226.6036
230.2369,11.05,226.6036
230.2369,11.05,226.6036
230.2369,11.05,226.6036
230.2369,11.05,226.6036
230.2369,11.05,226.6036
230.2369,11.05,226.6036
230.2369,11.05,226.6036
230.2369,11.05,226.6036
230.2369,11.05,226.6036
230.2369,11.05,226.6036
230.2369,11.05,226.6036
230.2369,11.05,226.6036
230.2369,11.05,226.6036
230.2369,11.05,226.6036
230.2369,11.05,226.6036
230.2369,11.05,226.6036
230.2378,11.05,226.6045
230.2398,11.05,226.6066
230.2438,11.05,226.6108
230.2498,11.05,226.6174
230.2581,11.05,226.6268
230.2721,11.05,226.6437
230.2894,11.05,226.6651
230.3112,11.05,226.6931
230.3369,11.05,226.7272
230.3665,11.05,226.7679
230.402,11.05,226.8192
230.4429,11.05,226.8811
230.4891,11.05,226.9538
230.5403,11.04825,227.0374
230.5958,11.05,227.131
230.6553,11.05,227.2358
230.7177,11.05,227.3523
230.7798,11.05,227.4777
230.8397,11.05,227.6042
230.8973,11.05,227.7318
230.9502,11.05,227.8613
231.0007,11.05,227.9918
231.0489,11.047,228.1232
231.0945,11.05,228.2554
231.1376,11.05,228.3885
231.1757,11.05,228.5232
231.2112,11.05,228.6586
231.244,11.05,228.7946
231.2742,11.05,228.9312
231.3017,11.0441,229.0685
231.3267,11.05,229.2049
231.3495,11.05,229.3427
231.3719,11.04251,229.4809
231.3941,11.05,229.6181
231.4164,11.05,229.7558
231.4388,11.05,229.8939
231.4612,11.04871,230.032
231.4835,11.05,230.1698
231.5059,11.05,230.3079
231.5283,11.05,230.446
231.5507,11.0493,230.5841
231.5731,11.05,230.7222
231.5955,11.05,230.8603
231.6179,11.05,230.9985
231.6403,11.05,231.1366
231.6627,11.05,231.2747
231.6851,11.05,231.4129
231.7074,11.05,231.551
231.7298,11.05,231.6891
231.7522,11.04647,231.8273
231.7746,11.05,231.965
231.7969,11.05,232.103
231.8193,11.05,232.2411
231.8417,11.05,232.3793
231.8641,11.05,232.5174
231.8865,11.05,232.6555
231.9089,11.05,232.7937
231.9313,11.05,232.9318
231.9537,11.04111,233.0699
231.9759,11.05,233.207
231.9982,11.05,233.3444
232.0206,11.04947,233.4825
232.043,11.04769,233.6207
232.0653,11.04463,233.7588
232.0877,11.04026,233.8969
232.1101,11.04847,234.0349
232.1324,11.049,234.1724
232.1548,11.05,234.3104
232.1772,11.05,234.4485
232.1996,11.05,234.5867
232.2219,11.05,234.7248
232.2443,11.05,234.8629
232.2667,11.05,235.0011
232.2891,11.05,235.1392
232.3115,11.05,235.2773
232.3339,11.04582,235.4155
232.3562,11.05,235.5531
232.3786,11.05,235.6911
232.401,11.05,235.8292
232.4234,11.05,235.9674
232.4458,11.05,236.1055
232.4682,11.05,236.2436
232.4905,11.05,236.3818
232.5129,11.04997,236.5199
232.5353,11.04048,236.658
232.5576,11.05,236.7951
232.5798,11.05,236.9325
232.6022,11.04372,237.0706
232.6244,11.05,237.2075
232.6467,11.05,237.3453
232.6691,11.05,237.4835
232.6915,11.05,237.6216
232.7139,11.04869,237.7597
232.7363,11.05,237.8977
232.7587,11.04839,238.0358
232.781,11.05,238.1734
232.8034,11.05,238.3116
232.8258,11.05,238.4497
232.8482,11.05,238.5878
232.8706,11.05,238.726
232.8929,11.05,238.8641
232.9153,11.04525,239.0022
232.9376,11.05,239.1398
232.96,11.05,239.2778
232.9824,11.05,239.4159
233.0048,11.04997,239.554
233.0272,11.04908,239.6922
233.0496,11.04692,239.8303
233.072,11.04347,239.9684
233.0943,11.04991,240.1065
233.1167,11.05,240.2442
233.1391,11.05,240.3824
233.1615,11.05,240.5205
233.1839,11.05,240.6586
233.2062,11.05,240.7968
233.2286,11.05,240.9349
233.251,11.04328,241.073
233.2732,11.05,241.2099
233.2955,11.0483,241.3477
233.3179,11.05,241.4856
233.3403,11.05,241.6237
233.3627,11.05,241.7618
233.3851,11.05,241.9
233.4075,11.04818,242.0381
233.4298,11.05,242.1757
233.4522,11.05,242.3138
233.4745,11.05,242.4519
233.4969,11.04455,242.59
233.5192,11.05,242.7275
233.5416,11.05,242.8654
233.564,11.04998,243.0035
233.5865,11.05,243.1416
233.6091,11.05,243.2798
233.6318,11.05,243.4178
233.6546,11.05,243.5559
233.6776,11.04983,243.6939
233.7009,11.05,243.8319
233.7244,11.05,243.9698
233.7481,11.05,244.1078
233.772,11.05,244.2456
233.7963,11.05,244.3835
233.8211,11.05,244.5212
233.8462,11.05,244.6588
233.8717,11.05,244.7964
233.8975,11.04917,244.934
233.9237,11.04359,245.0713
233.9502,11.05,245.2074
233.9776,11.05,245.3442
234.0055,11.04996,245.4813
234.0339,11.04856,245.6183
234.0629,11.04503,245.7552
234.0928,11.05,245.8919
234.1233,11.049,246.0282
234.1538,11.04993,246.1645
234.1843,11.04139,246.301
234.2146,11.05,246.4368
234.245,11.05,246.5727
234.2756,11.05,246.7093
234.3061,11.05,246.8459
234.3366,11.05,246.9824
234.3672,11.05,247.119
234.3977,11.05,247.2556
234.4282,11.05,247.3921
234.4588,11.04693,247.5287
234.4892,11.05,247.665
234.5198,11.05,247.8014
234.5503,11.05,247.938
234.5808,11.04299,248.0746
234.6111,11.05,248.2099
234.6415,11.05,248.346
234.6721,11.05,248.4826
234.7026,11.05,248.6192
234.7331,11.04968,248.7557
234.7637,11.05,248.8923
234.7942,11.04896,249.0288
234.8246,11.05,249.1651
234.8552,11.05,249.3016
234.8857,11.05,249.4382
234.9162,11.05,249.5748
234.9468,11.05,249.7113
234.9773,11.05,249.8479
235.0078,11.04992,249.9845
235.0384,11.04815,250.121
235.0689,11.04402,250.2576
235.0994,11.05,250.394
235.1299,11.05,250.5303
235.1604,11.05,250.6669
235.191,11.05,250.8034
235.2215,11.05,250.94
235.252,11.0426,251.0766
235.2822,11.05,251.2119
235.3124,11.04921,251.348
235.3427,11.05,251.4846
235.3728,11.05,251.6212
235.4027,11.05,251.7579
235.4325,11.05,251.8947
235.462,11.04876,252.0315
235.4911,11.05,252.1679
235.5201,11.05,252.3048
235.5488,11.05,252.4418
235.5772,11.05,252.5788
235.605,11.04222,252.716
235.6323,11.05,252.8524
235.6593,11.05,252.9892
235.686,11.05,253.1265
235.7123,11.05,253.264
235.7377,11.05,253.4016
235.7627,11.05,253.5392
235.7872,11.05,253.677
235.8112,11.04999,253.8149
235.8347,11.04118,253.9528
235.8569,11.05,254.09
235.8786,11.05,254.2276
235.8998,11.05,254.3659
235.9203,11.05,254.5043
235.9403,11.05,254.6428
235.9588,11.05,254.7815
235.9767,11.05,254.9203
235.9938,11.04555,255.0592
236.0102,11.04987,255.1971
236.0258,11.04917,255.336
236.0397,11.04802,255.4752
236.0529,11.04648,255.6145
236.0652,11.04465,255.7539
236.0766,11.04259,255.8934
236.0872,11.04039,256.0329
236.0959,11.0463,256.1726
236.1039,11.05,256.3117
236.1106,11.05,256.4514
236.1164,11.05,256.5912
236.1211,11.05,256.731
236.1237,11.05,256.8709
236.1252,11.04985,257.0109
236.1257,11.04961,257.1508
236.125,11.05,257.2906
236.1232,11.05,257.4305
236.119,11.05,257.5704
236.1136,11.05,257.7103
236.107,11.05,257.85
236.0992,11.05,257.9898
236.0901,11.04903,258.1294
236.0802,11.04187,258.2688
236.0703,11.04377,258.4084
236.0605,11.04541,258.5479
236.0506,11.04679,258.6875
236.0407,11.04793,258.827
236.0308,11.04881,258.9666
236.0209,11.04945,259.1062
236.011,11.04985,259.2458
236.0011,11.05,259.3853
235.9912,11.05,259.5249
235.9813,11.05,259.6645
235.9715,11.05,259.8041
235.9616,11.05,259.9437
235.9517,11.04124,260.0833
235.9419,11.05,260.2214
235.932,11.05,260.3604
235.9221,11.05,260.4999
235.9123,11.05,260.6395
235.9024,11.05,260.7791
235.8925,11.04957,260.9187
235.8826,11.04574,261.0582
235.8728,11.05,261.1967
235.8629,11.05,261.3361
235.853,11.05,261.4757
235.8431,11.05,261.6153
235.8333,11.05,261.7549
235.8233,11.04683,261.8945
235.8135,11.0486,262.0334
235.8036,11.05,262.1725
235.7938,11.05,262.3121
235.7839,11.05,262.4517
235.774,11.05,262.5913
235.7641,11.05,262.7309
235.7542,11.04146,262.8705
235.7444,11.0499,263.0089
235.7346,11.05,263.1478
235.7247,11.05,263.2874
235.7148,11.05,263.427
235.7049,11.05,263.5666
235.695,11.04992,263.7062
235.6851,11.05,263.8457
235.6752,11.05,263.9853
235.6653,11.05,264.1249
235.6554,11.05,264.2645
235.6456,11.05,264.4041
235.6357,11.05,264.5437
235.6258,11.04793,264.6833
235.6159,11.05,264.8224
235.606,11.05,264.962
235.5961,11.05,265.1016
235.5863,11.05,265.2411
235.5764,11.05,265.3807
235.5665,11.05,265.5203
235.5566,11.04327,265.6599
235.5468,11.05,265.7985
235.5369,11.05,265.9377
235.527,11.04247,266.0772
235.5172,11.05,266.2155
235.5074,11.05,266.3546
235.4975,11.05,266.4942
235.4876,11.05,266.6338
235.4778,11.05,266.7733
235.468,11.05,266.9129
235.4583,11.04653,267.0526
235.4488,11.05,267.1912
235.4393,11.05,267.3307
235.4302,11.04899,267.4703
235.4212,11.05,267.6098
235.4125,11.05,267.7495
235.404,11.05,267.8891
235.3957,11.04896,268.0288
235.388,11.05,268.1682
235.3805,11.05,268.3079
235.3734,11.04654,268.4477
235.3667,11.05,268.5868
235.3603,11.05,268.7265
235.3547,11.05,268.8663
235.3496,11.04995,269.0062
235.3449,11.05,269.146
235.3406,11.05,269.2859
235.3369,11.04503,269.4258
235.3342,11.05,269.5648
235.332,11.05,269.7045
235.3305,11.05,269.8444
235.3295,11.05,269.9843
235.3291,11.05,270.1243
235.33,11.05,270.2642
235.3316,11.04669,270.4041
235.3338,11.05,270.5435
235.3368,11.05,270.6833
235.3405,11.05,270.8232
235.3458,11.05,270.9631
235.3519,11.05,271.1029
235.3587,11.05,271.2426
235.3664,11.04984,271.3824
235.375,11.05,271.522
235.3853,11.05,271.6616
235.3966,11.05,271.8011
235.4087,11.05,271.9405
235.4219,11.04196,272.0798
235.4354,11.05,272.2177
235.4514,11.05,272.3561
235.4686,11.04956,272.495
235.4868,11.05,272.6337
235.5061,11.05,272.7723
235.5264,11.05,272.9107
235.549,11.047,273.0489
235.5725,11.05,273.1859
235.5974,11.05,273.3235
235.6235,11.05,273.461
235.6508,11.05,273.5983
235.6806,11.04814,273.735
235.7115,11.05,273.8713
235.7438,11.04993,274.0074
235.7774,11.05,274.1433
235.8123,11.05,274.2788
235.8498,11.05,274.4136
235.8887,11.05,274.5481
235.929,11.05,274.6821
235.9706,11.05,274.8157
236.0136,11.04977,274.9489
236.0595,11.04555,275.0811
236.1068,11.04294,275.2126
236.1554,11.05,275.3434
236.2055,11.05,275.4736
236.2567,11.05,275.6038
236.3081,11.05,275.734
236.3595,11.05,275.8642
236.4109,11.05,275.9943
236.4623,11.05,276.1245
236.5136,11.05,276.2547
236.565,11.05,276.3848
236.6164,11.05,276.515
236.6678,11.05,276.6452
236.7192,11.04803,276.7753
236.7706,11.05,276.9054
236.8219,11.04842,277.0355
236.8732,11.05,277.1653
236.9245,11.05,277.2954
236.9759,11.05,277.4256
237.0273,11.04907,277.5558
237.0787,11.04219,277.6859
237.1299,11.05,277.8157
237.1811,11.05,277.9454
237.2325,11.0428,278.0756
237.2834,11.05,278.2046
237.3347,11.05,278.3343
237.3861,11.04614,278.4645
237.4374,11.05,278.5945
237.4887,11.05,278.7245
237.5401,11.05,278.8547
237.5915,11.05,278.9848
237.6429,11.05,279.115
237.6943,11.05,279.2452
237.7457,11.05,279.3753
237.797,11.05,279.5055
237.8484,11.05,279.6357
237.8998,11.05,279.7658
237.9512,11.05,279.896
238.0026,11.04914,280.0262
238.0539,11.04635,280.1561
238.1052,11.05,280.2861
238.1566,11.05,280.4162
238.208,11.05,280.5463
238.2593,11.05,280.6765
238.3107,11.05,280.8066
238.3621,11.05,280.9368
238.4135,11.04435,281.067
238.4645,11.05,281.1961
238.5158,11.05,281.326
238.5674,11.05,281.4561
238.619,11.05,281.5862
238.6708,11.04871,281.7162
238.7227,11.04038,281.846
238.7746,11.05,281.9755
238.8266,11.05,282.1046
238.8792,11.05,282.2342
238.9321,11.05,282.3638
238.9852,11.05,282.4933
239.0386,11.04814,282.6227
239.0922,11.05,282.7518
239.1465,11.05,282.8808
239.2011,11.04988,283.0096
