269.2236,11.05,225.8896
269.0972,11.05,225.8296
268.9707,11.05,225.7695
268.8443,11.05,225.7095
268.7178,11.05,225.6495
268.5913,11.05,225.5894
268.4649,11.04739,225.5294
268.3385,11.05,225.4694
268.2121,11.05,225.4094
268.0857,11.04072,225.3493
267.9601,11.05,225.2897
267.8343,11.05,225.23
267.7079,11.05,225.1699
267.5814,11.05,225.1099
267.4549,11.04688,225.0499
267.3286,11.05,224.9899
267.2023,11.05,224.9299
267.0758,11.04275,224.8699
266.9501,11.05,224.8102
266.8241,11.05,224.7503
266.6976,11.05,224.6903
266.5712,11.04781,224.6303
266.4448,11.04003,224.5703
266.3187,11.05,224.5104
266.193,11.05,224.4507
266.0665,11.04443,224.3907
265.9407,11.05,224.3309
265.8145,11.05,224.271
265.688,11.05,224.211
265.5616,11.05,224.1509
265.4351,11.05,224.0909
265.3087,11.04881,224.0308
265.1823,11.05,223.9708
265.0558,11.04609,223.9108
264.9299,11.05,223.851
264.8036,11.05,223.791
264.6771,11.04818,223.731
264.5507,11.04086,223.671
264.4246,11.05,223.6111
264.2988,11.05,223.5514
264.1723,11.05,223.4913
264.0458,11.04737,223.4314
263.9198,11.05,223.3716
263.7932,11.05,223.3119
263.6666,11.05,223.2522
263.5399,11.05,223.1927
263.4131,11.05,223.1333
263.2863,11.04307,223.0741
263.1596,11.0497,223.0154
263.0328,11.04865,222.9569
262.9059,11.05,222.8987
262.7785,11.04758,222.8407
262.6511,11.05,222.7829
262.5234,11.05,222.7257
262.3955,11.05,222.6688
262.2674,11.05,222.6123
262.1392,11.05,222.5562
262.0108,11.04986,222.5004
261.882,11.05,222.4456
261.7531,11.05,222.3911
261.6239,11.05,222.3371
261.4945,11.05,222.2836
261.365,11.05,222.2307
261.2349,11.05,222.1788
261.1047,11.04968,222.1274
260.9742,11.04174,222.0767
260.8539,11.04885,222.0303
260.7442,11.05,221.9885
260.6456,11.05,221.9514
260.5581,11.05,221.919
260.4817,11.05,221.8912
260.4164,11.05,221.8678
260.3622,11.05,221.8489
260.3193,11.05,221.8342
260.2877,11.05,221.8238
260.2663,11.05,221.817
260.2509,11.05,221.8123
260.2396,11.05,221.8089
260.2345,11.05,221.8074
260.2315,11.05,221.8066
260.2305,11.05,221.8063
260.2303,11.05,221.8062
260.2303,11.05,221.8062
260.2303,11.05,221.8062
260.2303,11.05,221.8062
260.2303,11.05,221.8062
260.2303,11.05,221.8062
260.2303,11.05,221.8062
260.2303,11.05,221.8062
260.2303,11.05,221.8062
260.2303,11.05,221.8062
260.2303,11.05,221.8062
260.2303,11.05,221.8062
260.2303,11.05,221.8062
260.2303,11.05,221.8062
260.2303,11.05,221.8062
260.2303,11.05,221.8062
260.2303,11.05,221.8062
260.2303,11.05,221.8062
260.2303,11.05,221.8062
260.2303,11.05,221.8062
260.2303,11.05,221.8062
260.2303,11.05,221.8062
260.2303,11.05,221.8062
260.2303,11.05,221.8062
260.2303,11.05,221.8062
260.2303,11.05,221.8062
260.2303,11.05,221.8062
260.2303,11.05,221.8062
260.2303,11.05,221.8062
260.2303,11.05,221.8062
260.2303,11.05,221.8062
260.2303,11.05,221.8062
260.2303,11.05,221.8062
260.2303,11.05,221.8062
260.2303,11.05,221.8062
260.2303,11.05,221.8062
260.2303,11.05,221.8062
260.2303,11.05,221.8062
260.2303,11.05,221.8062
260.2303,11.05,221.8062
260.2303,11.05,221.8062
260.2303,11.05,221.8062
260.2303,11.05,221.8062
260.2303,11.05,221.8062
260.2303,11.05,221.8062
260.2303,11.05,221.8062
260.2303,11.05,221.8062
260.2303,11.05,221.8062
260.2303,11.05,221.8062
260.2303,11.05,221.8062
260.2303,11.05,221.8062
260.2303,11.05,221.8062
260.2303,11.05,221.8062
260.2303,11.05,221.8062
260.2303,11.05,221.8062
260.2303,11.05,221.8062
260.2303,11.05,221.8062
260.2303,11.05,221.8062
260.2303,11.05,221.8062
260.2303,11.05,221.8062
260.2303,11.05,221.8062
260.2303,11.05,221.8062
260.2303,11.05,221.8062
260.2303,11.05,221.8062
260.2303,11.05,221.8062
260.2303,11.05,221.8062
260.2303,11.05,221.8062
260.2303,11.05,221.8062
260.2303,11.05,221.8062
260.2303,11.05,221.8062
260.2303,11.05,221.8062
260.2303,11.05,221.8062
260.2303,11.05,221.8062
260.2303,11.05,221.8062
260.2303,11.05,221.8062
260.2303,11.05,221.8062
260.2303,11.05,221.8062
260.2303,11.05,221.8062
260.2295,11.05,221.8077
260.2279,11.05,221.8108
260.2253,11.05,221.816
260.2214,11.05,221.824
260.2199,11.05,221.827
260.2193,11.05,221.8282
260.2192,11.05,221.8285
260.2192,11.05,221.8285
260.2192,11.05,221.8285
260.2192,11.05,221.8285
260.2192,11.05,221.8285
260.2192,11.05,221.8285
260.2192,11.05,221.8285
260.2192,11.05,221.8285
260.2192,11.05,221.8285
260.2192,11.05,221.8285
260.2192,11.05,221.8285
260.2192,11.05,221.8285
260.2192,11.05,221.8285
260.2192,11.05,221.8285
260.2192,11.05,221.8285
260.2192,11.05,221.8285
260.2192,11.05,221.8285
260.2192,11.05,221.8285
260.2192,11.05,221.8285
260.2192,11.05,221.8285
260.2192,11.05,221.8285
260.2192,11.05,221.8285
260.2192,11.05,221.8285
260.2192,11.05,221.8285
260.2192,11.05,221.8285
260.2192,11.05,221.8285
260.2192,11.05,221.8285
260.219,11.05,221.8287
260.2183,11.05,221.8298
260.2151,11.05,221.8348
260.2103,11.05,221.8423
260.2033,11.05,221.8528
260.1939,11.05,221.8669
260.1807,11.05,221.8863
260.1605,11.05,221.9154
260.1357,11.05,221.9503
260.1064,11.05,221.9913
260.0705,11.04165,222.0405
260.0286,11.04898,222.0971
259.9791,11.05,222.1626
259.9218,11.05,222.2372
259.8564,11.05,222.3208
259.7831,11.05,222.4133
259.7016,11.05,222.5145
259.6114,11.04994,222.6215
259.5203,11.05,222.7277
259.4282,11.05,222.8332
259.3353,11.05,222.9378
259.2413,11.04783,223.0416
259.1458,11.05,223.1434
259.049,11.04698,223.2445
258.9518,11.05,223.3445
258.8531,11.05,223.4437
258.7534,11.05,223.542
258.6518,11.05,223.6382
258.5492,11.05,223.7334
258.4456,11.05,223.8275
258.3409,11.05,223.9205
258.2354,11.04981,224.0124
258.1277,11.05,224.1019
258.0192,11.04954,224.1902
257.9096,11.05,224.2773
257.7991,11.05,224.3631
257.6875,11.05,224.4476
257.5752,11.05,224.5312
257.463,11.05,224.6148
257.3507,11.05,224.6984
257.2384,11.05,224.782
257.1262,11.05,224.8656
257.0139,11.04976,224.9492
256.9017,11.04865,225.0328
256.7895,11.05,225.1163
256.6772,11.05,225.1999
256.565,11.05,225.2835
256.4527,11.05,225.3671
256.3405,11.04233,225.4507
256.2292,11.05,225.5335
256.1174,11.05,225.6168
256.0051,11.04997,225.7004
255.8929,11.05,225.784
255.7806,11.04524,225.8676
255.6692,11.05,225.9505
255.5571,11.04855,226.034
255.4449,11.05,226.1175
255.3327,11.05,226.2011
255.2204,11.04741,226.2847
255.1088,11.05,226.3678
254.9966,11.05,226.4513
254.8843,11.05,226.5349
254.772,11.05,226.6185
254.6598,11.04888,226.7021
254.5478,11.05,226.7855
254.4355,11.05,226.8691
254.3232,11.05,226.9527
254.211,11.04835,227.0363
254.0989,11.04973,227.1198
253.9867,11.05,227.2033
253.8744,11.05,227.2869
253.7621,11.05,227.3705
253.6499,11.05,227.4541
253.5376,11.05,227.5377
253.4253,11.05,227.6213
253.3131,11.05,227.7049
253.2008,11.05,227.7885
253.0885,11.04008,227.8721
252.977,11.05,227.9552
252.8654,11.04816,228.0383
252.7533,11.05,228.1217
252.641,11.05,228.2053
252.5288,11.05,228.2889
252.4165,11.05,228.3725
252.3042,11.05,228.4561
252.192,11.05,228.5397
252.0797,11.04198,228.6233
251.968,11.05,228.7064
251.8562,11.05,228.7897
251.744,11.05,228.8733
251.6317,11.05,228.9569
251.5194,11.04794,229.0405
251.4073,11.05,229.124
251.2951,11.05,229.2075
251.1828,11.0426,229.2911
251.0716,11.04354,229.3739
250.9604,11.05,229.4567
250.8485,11.05,229.5401
250.7362,11.05,229.6237
250.6239,11.04563,229.7073
250.5125,11.05,229.7903
250.4004,11.05,229.8738
250.2881,11.05,229.9574
250.1758,11.0479,230.041
250.0638,11.04488,230.1244
249.9521,11.05,230.2076
249.84,11.05,230.291
249.7277,11.05,230.3746
249.6155,11.05,230.4582
249.5032,11.04907,230.5418
249.3912,11.05,230.6252
249.2789,11.05,230.7088
249.1666,11.05,230.7924
249.0544,11.04629,230.876
248.9425,11.04982,230.9593
248.8304,11.0477,231.0428
248.7183,11.05,231.1263
248.6061,11.05,231.2098
248.4938,11.05,231.2934
248.3815,11.05,231.377
248.2693,11.05,231.4606
248.157,11.05,231.5442
248.0447,11.04749,231.6278
247.9328,11.05,231.7112
247.8206,11.05,231.7947
247.7083,11.05,231.8783
247.5961,11.05,231.9619
247.4838,11.0474,232.0455
247.3718,11.05,232.129
247.2595,11.05,232.2125
247.1473,11.05,232.2961
247.035,11.04847,232.3797
246.923,11.05,232.4631
246.8107,11.05,232.5467
246.6985,11.05,232.6303
246.5862,11.05,232.7139
246.4739,11.05,232.7975
246.3616,11.05,232.8811
246.2494,11.05,232.9647
246.1371,11.04707,233.0483
246.0251,11.04921,233.1317
245.913,11.05,233.2151
245.8008,11.05,233.2988
245.6885,11.05,233.3824
245.5763,11.05,233.466
245.4641,11.04539,233.5497
245.3528,11.05,233.6328
245.2409,11.05,233.7166
245.129,11.05,233.8007
245.0172,11.04963,233.8849
244.9055,11.04746,233.9692
244.7945,11.04644,234.0532
244.6836,11.05,234.1378
244.5725,11.05,234.2229
244.4616,11.05,234.3082
244.3508,11.04884,234.3938
244.2405,11.05,234.4793
244.1302,11.05,234.5654
244.0202,11.04949,234.6521
243.9107,11.05,234.7391
243.8013,11.04961,234.8264
243.6923,11.05,234.914
243.5835,11.04999,235.0021
243.4754,11.05,235.0909
243.3675,11.05,235.1802
243.2601,11.04994,235.2699
243.153,11.05,235.36
243.0462,11.04732,235.4505
242.9405,11.05,235.5416
242.8351,11.05,235.6336
242.73,11.05,235.7261
242.6254,11.05,235.8191
242.5213,11.05,235.9127
242.4182,11.04993,236.0074
242.3157,11.05,236.1026
242.2137,11.05,236.1984
242.1122,11.05,236.2948
242.0113,11.04984,236.3919
241.9116,11.05,236.4901
241.8126,11.05,236.589
241.7142,11.05,236.6886
241.6165,11.05,236.7888
241.5194,11.05,236.8896
241.4238,11.05,236.9919
241.329,11.05,237.0948
241.2349,11.05,237.1984
241.1416,11.05,237.3028
241.0491,11.04697,237.4078
240.9583,11.05,237.5138
240.8685,11.05,237.621
240.7794,11.05,237.729
240.6913,11.05,237.8378
240.6041,11.05,237.9473
240.5189,11.04573,238.0583
240.4352,11.05,238.1694
240.3521,11.05,238.2818
240.27,11.0401,238.3951
240.1892,11.05,238.5076
240.1109,11.05,238.6225
240.0332,11.04862,238.7389
239.9568,11.05,238.856
239.8815,11.04461,238.974
239.8076,11.05,239.0915
239.7361,11.05,239.2116
239.6659,11.05,239.3326
239.597,11.05,239.4544
239.5294,11.04858,239.577
239.4634,11.05,239.6999
239.4001,11.05,239.8247
239.3382,11.05,239.9502
239.2777,11.04263,240.0764
239.2188,11.05,240.202
239.1616,11.05,240.3292
239.1074,11.05,240.4583
239.0548,11.04622,240.588
239.004,11.04998,240.7182
238.9548,11.05,240.849
238.9072,11.04662,240.9807
238.8632,11.05,241.1126
238.8209,11.05,241.2459
238.7805,11.05,241.3799
238.7419,11.05,241.5144
238.7051,11.05,241.6494
238.6722,11.04189,241.7855
238.6407,11.05,241.9206
238.6118,11.04593,242.0569
238.5846,11.05,242.193
238.5596,11.05,242.3306
238.5387,11.05,242.4689
238.5199,11.04517,242.6076
238.5033,11.05,242.7456
238.4888,11.05,242.8846
238.4765,11.04928,243.024
238.4686,11.05,243.1635
238.4629,11.05,243.3033
238.4595,11.05,243.4432
238.4583,11.04014,243.5832
238.4588,11.05,243.722
238.4646,11.05,243.861
238.4728,11.05,244.0007
238.4834,11.05,244.1402
238.4963,11.05,244.2796
238.511,11.05,244.4187
238.5271,11.04941,244.5577
238.5433,11.05,244.6967
238.5595,11.05,244.8356
238.5756,11.05,244.9747
238.5918,11.05,245.1136
238.608,11.05,245.2526
238.6241,11.05,245.3916
238.6403,11.05,245.5306
238.6564,11.04989,245.6696
238.6725,11.05,245.8086
238.6883,11.05,245.9477
238.7041,11.04049,246.0867
238.7196,11.05,246.2243
238.7349,11.05,246.3626
238.7502,11.05,246.5017
238.765,11.05,246.6409
238.7796,11.05,246.78
238.7939,11.04006,246.9192
238.8079,11.04586,247.0574
238.8217,11.05,247.1953
238.8347,11.05,247.3345
238.8474,11.05,247.4738
238.8597,11.05,247.6133
238.8716,11.05,247.7527
238.8831,11.04995,247.8921
238.8936,11.04875,248.0317
238.9037,11.05,248.1708
238.9133,11.05,248.3104
238.9223,11.05,248.4501
238.9308,11.05,248.5897
238.9381,11.05,248.7295
238.9448,11.05,248.8693
238.9509,11.04788,249.0091
238.9563,11.05,249.1486
238.961,11.05,249.2884
238.9643,11.05,249.4283
238.9669,11.05,249.5682
238.9688,11.05,249.7081
238.9699,11.05,249.848
238.9702,11.0498,249.988
238.9688,11.05,250.1279
238.9666,11.05,250.2678
238.9641,11.05,250.4077
238.9616,11.05,250.5476
238.9591,11.05,250.6875
238.9566,11.05,250.8274
238.9541,11.04989,250.9673
238.9516,11.05,251.1072
238.9491,11.05,251.2471
238.9466,11.05,251.3871
238.9441,11.05,251.527
238.9416,11.05,251.6669
238.9391,11.05,251.8068
238.9366,11.04994,251.9467
238.9341,11.04051,252.0866
238.9317,11.05,252.2249
238.9292,11.05,252.3641
238.9267,11.05,252.504
238.9242,11.05,252.6439
238.9217,11.05,252.7838
238.9192,11.04999,252.9237
238.9167,11.04491,253.0636
238.9142,11.05,253.2023
238.9117,11.05,253.342
238.9092,11.05,253.4819
238.9067,11.05,253.6219
238.9042,11.05,253.7618
238.9017,11.05,253.9017
238.8992,11.04783,254.0416
238.8968,11.05,254.1808
238.8943,11.05,254.3206
238.8918,11.05,254.4606
238.8893,11.05,254.6005
238.8868,11.05,254.7404
238.8843,11.05,254.8803
238.8818,11.04949,255.0202
238.8793,11.05,255.16
238.8768,11.05,255.2999
238.8743,11.05,255.4398
238.8718,11.05,255.5797
238.8693,11.05,255.7196
238.8668,11.05,255.8595
238.8643,11.05,255.9994
238.8618,11.05,256.1393
238.8593,11.05,256.2792
238.8568,11.05,256.4192
238.8543,11.05,256.5591
238.8518,11.05,256.699
238.8493,11.05,256.8389
238.8468,11.05,256.9788
238.8443,11.05,257.1187
238.8418,11.05,257.2586
238.8393,11.05,257.3985
238.8368,11.05,257.5385
238.8343,11.05,257.6784
238.8318,11.05,257.8183
238.8293,11.05,257.9582
238.8268,11.05,258.0981
238.8243,11.05,258.238
238.8218,11.05,258.3779
238.8194,11.05,258.5178
238.8168,11.05,258.6577
238.8143,11.05,258.7977
238.8119,11.05,258.9376
238.8094,11.04242,259.0775
238.8069,11.05,259.216
238.8044,11.05,259.3555
238.8019,11.05,259.4954
238.7994,11.05,259.6353
238.7969,11.05,259.7752
238.7944,11.04079,259.9151
238.7919,11.04635,260.0539
238.7895,11.05,260.1925
238.787,11.05,260.3323
238.7845,11.05,260.4722
238.782,11.05,260.6121
238.7795,11.05,260.752
238.777,11.04165,260.8919
238.7745,11.04882,261.0308
238.772,11.05,261.1698
238.7695,11.05,261.3097
238.767,11.05,261.4496
238.7645,11.05,261.5895
238.762,11.05,261.7294
238.7595,11.04239,261.8693
238.757,11.04992,262.0082
238.7546,11.05,262.1476
238.7521,11.05,262.2875
238.7496,11.05,262.4274
238.7471,11.05,262.5673
238.7446,11.05,262.7072
238.7421,11.04304,262.8471
238.7396,11.05,262.9861
238.7371,11.05,263.1255
238.7346,11.05,263.2654
238.7321,11.05,263.4054
238.7296,11.05,263.5453
238.7271,11.05,263.6852
238.7246,11.04364,263.8251
238.7222,11.05,263.964
238.7197,11.05,264.1036
238.7172,11.05,264.2435
238.7148,11.05,264.3834
238.7124,11.05,264.5233
238.7101,11.05,264.6632
238.7079,11.04429,264.8032
238.706,11.05,264.9421
238.7043,11.04155,265.0818
238.7027,11.05,265.2202
238.7013,11.05,265.3595
238.7002,11.05,265.4994
238.6996,11.05,265.6393
238.6992,11.04598,265.7793
238.6992,11.05,265.9185
238.6995,11.04573,266.0583
238.7001,11.05,266.1971
238.7015,11.05,266.3369
238.7034,11.05,266.4768
238.7056,11.05,266.6168
238.7083,11.04854,266.7567
238.7115,11.05,266.8963
238.7157,11.04836,267.0362
238.7204,11.05,267.1755
238.7257,11.05,267.3153
238.7315,11.05,267.4551
238.7379,11.05,267.5949
238.7456,11.05,267.7346
238.754,11.04084,267.8743
238.7628,11.04979,268.0129
238.7723,11.05,268.1517
238.7827,11.05,268.2913
238.7946,11.05,268.4307
238.8073,11.05,268.5701
238.8208,11.05,268.7094
238.8351,11.04989,268.8486
238.8502,11.05,268.9877
238.8671,11.05,269.1266
238.8848,11.05,269.2654
238.9034,11.05,269.4041
238.923,11.05,269.5426
238.9435,11.05,269.6811
238.966,11.05,269.8192
238.9895,11.05,269.9572
239.014,11.04975,270.0949
239.0396,11.04803,270.2325
239.0662,11.04448,270.3698
239.095,11.05,270.5067
239.1249,11.05,270.6432
239.1559,11.05,270.7796
239.1882,11.05,270.9158
239.2215,11.04665,271.0517
239.2568,11.05,271.1862
239.2937,11.04953,271.3211
239.332,11.04032,271.4557
239.3712,11.05,271.5892
239.4118,11.05,271.7223
239.4551,11.05,271.8553
239.4998,11.05,271.988
239.5452,11.05,272.1203
239.5909,11.05,272.2526
239.6365,11.05,272.3849
239.6821,11.05,272.5172
239.7278,11.05,272.6495
239.7734,11.04996,272.7818
239.819,11.04432,272.9141
239.8646,11.04734,273.046
239.91,11.05,273.1776
239.9556,11.05,273.3099
240.0012,11.05,273.4422
240.0469,11.04725,273.5744
240.0925,11.05,273.7066
240.1381,11.05,273.8389
240.1837,11.05,273.9712
240.2294,11.05,274.1035
240.275,11.05,274.2357
240.3206,11.04859,274.368
240.3662,11.05,274.5002
240.4119,11.05,274.6325
240.4575,11.05,274.7648
240.5032,11.05,274.8971
240.5488,11.04892,275.0294
240.5943,11.05,275.1614
240.64,11.05,275.2936
240.6856,11.05,275.4259
240.7312,11.05,275.5582
240.7769,11.05,275.6905
240.8225,11.05,275.8228
240.8681,11.04524,275.9551
240.9136,11.0404,276.0871
240.9586,11.05,276.2179
241.0038,11.04998,276.3495
241.0491,11.04698,276.4819
241.0941,11.05,276.6143
241.139,11.05,276.7468
241.1838,11.05,276.8794
241.2284,11.04982,277.012
241.2725,11.05,277.1447
241.3164,11.05,277.2776
241.36,11.0484,277.4106
241.4033,11.05,277.5436
241.4463,11.05,277.6767
241.4886,11.05,277.8101
241.5306,11.05,277.9436
241.5722,11.04248,278.0772
241.6131,11.05,278.2097
241.6537,11.05,278.3431
241.6936,11.05,278.4772
241.7329,11.05,278.6115
241.7717,11.05,278.746
241.81,11.04688,278.8806
241.8477,11.04972,279.0151
241.8843,11.05,279.15
241.9202,11.05,279.2852
241.9556,11.05,279.4206
241.9903,11.05,279.5562
242.0243,11.04926,279.692
242.0569,11.04593,279.828
242.0888,11.04002,279.9642
242.1199,11.05,280.1005
242.1501,11.04533,280.2363
242.1795,11.05,280.3726
242.2074,11.05,280.5095
242.2345,11.05,280.6468
242.2606,11.05,280.7843
242.2859,11.05,280.9219
242.3102,11.04551,281.0598
242.333,11.05,281.1967
242.3544,11.05,281.3348
242.3748,11.0439,281.4733
242.3941,11.05,281.6111
242.4124,11.05,281.7495
242.4286,11.05,281.8885
242.4437,11.04904,282.0276
242.4576,11.05,282.1666
242.4704,11.05,282.3059
242.482,11.05,282.4454
242.493,11.04469,282.5849
242.504,11.05,282.7236
242.515,11.05,282.8629
242.526,11.04999,283.0024
242.5371,11.05,283.1419
242.5484,11.05,283.2813
242.5597,11.05,283.4208
242.5712,11.05,283.5603
242.5828,11.04136,283.6997
242.5944,11.05,283.8382
242.6065,11.05,283.9769
242.6189,11.05,284.1163
242.6316,11.05,284.2557
242.6445,11.05,284.395
242.6577,11.05,284.5343
242.6715,11.05,284.6736
242.6857,11.05,284.8128
242.7002,11.05,284.952
242.7151,11.05,285.0911
242.7305,11.05,285.2302
242.7467,11.05,285.3692
242.7634,11.05,285.5081
242.7805,11.05,285.647
242.7982,11.05,285.7858
242.8164,11.04263,285.9246
242.8356,11.04513,286.0623
242.8551,11.05,286.1996
242.8756,11.05,286.3378
242.8967,11.05,286.4761
242.9185,11.05,286.6143
242.9417,11.05,286.7523
242.9655,11.05,286.8902
242.9901,11.0489,287.028
243.0154,11.0497,287.1653
243.0414,11.04785,287.3028
243.0691,11.04399,287.44
243.0976,11.05,287.5769
243.1268,11.05,287.7134
243.157,11.05,287.8501
243.1881,11.05,287.9865
243.221,11.05,288.1225
243.2548,11.04999,288.2583
243.2896,11.04314,288.3939
243.3251,11.05,288.5286
243.3617,11.05,288.6633
243.3995,11.05,288.798
243.4392,11.05,288.9322
243.4801,11.04451,289.066
243.5213,11.05,289.1986
243.5642,11.05,289.3315
243.6084,11.05,289.4643
243.6547,11.05,289.5963
243.7023,11.04959,289.728
243.7509,11.04261,289.8592
243.8007,11.05,289.9895
243.8516,11.05,290.1194
243.9051,11.05,290.2487
243.9599,11.05,290.3774
244.0159,11.04968,290.5057
244.0732,11.04324,290.6334
244.1316,11.05,290.7601
244.1927,11.05,290.8856
244.2552,11.04985,291.0108
244.319,11.05,291.1353
244.3842,11.05,291.2592
244.4507,11.05,291.3823
244.5199,11.05,291.5039
244.5906,11.04927,291.6248
244.6626,11.04576,291.7448
244.736,11.05,291.8638
244.8107,11.05,291.982
244.8884,11.05,292.0984
244.9675,11.05,292.2139
245.048,11.04711,292.3284
245.1297,11.05,292.4416
245.213,11.05,292.554
245.2993,11.05,292.6642
245.3869,11.05,292.7733
245.476,11.05,292.8813
245.5666,11.05,292.988
245.6586,11.05,293.0935
245.7535,11.05,293.1964
245.8498,11.05,293.298
245.9475,11.05,293.3982
246.0466,11.04727,293.497
246.1469,11.05,293.594
246.2502,11.05,293.6884
246.3549,11.05,293.7812
246.4611,11.05,293.8724
246.5686,11.05,293.9621
246.6775,11.04686,294.05
246.7888,11.05,294.1344
246.9016,11.05,294.2171
247.0157,11.04969,294.2981
247.1311,11.05,294.3772
247.2479,11.05,294.4545
247.3671,11.05,294.5279
247.4875,11.04211,294.5993
247.6089,11.04777,294.6686
247.7314,11.04999,294.7358
247.8552,11.05,294.801
247.9813,11.05,294.8619
248.1084,11.05,294.9206
248.2365,11.05,294.977
248.3656,11.04878,295.0312
248.4956,11.04129,295.083
248.6271,11.05,295.13
248.7592,11.05,295.1744
248.8927,11.05,295.2166
249.0269,11.04909,295.2563
249.1617,11.05,295.2935
249.2979,11.04953,295.3255
249.4348,11.05,295.3549
249.5722,11.05,295.3816
249.7101,11.05,295.4057
249.8485,11.05,295.427
249.9876,11.05,295.4428
250.127,11.05,295.4558
250.2667,11.05,295.466
250.4065,11.04719,295.4734
250.5461,11.05,295.4783
250.686,11.05,295.477
250.826,11.05,295.4727
250.9658,11.05,295.4655
251.1054,11.05,295.4553
251.2448,11.05,295.4421
251.3835,11.04903,295.4229
251.5215,11.05,295.4007
251.6593,11.05,295.3755
251.7964,11.05,295.3472
251.9328,11.05,295.3158
252.0678,11.04422,295.2784
252.201,11.04908,295.2393
252.3336,11.05,295.1959
252.4657,11.05,295.1493
252.5966,11.05,295.0996
252.725,11.04759,295.0439
252.852,11.05,294.9852
252.9776,11.05,294.9235
253.1017,11.05,294.8588
253.2243,11.05,294.7911
253.3434,11.05,294.7176
253.4608,11.05,294.6411
253.5761,11.05,294.5619
253.6895,11.05,294.4797
253.8008,11.05,294.3948
253.9077,11.05,294.3044
254.0123,11.04981,294.2113
254.1144,11.05,294.1157
254.2141,11.04962,294.0174
254.3112,11.05,293.9166
254.4029,11.05,293.8108
254.4918,11.05,293.7027
254.5711,11.04941,293.6017
254.6418,11.05,293.5082
254.7035,11.05,293.4225
254.7567,11.05,293.3452
254.8033,11.05,293.2698
254.8554,11.05,293.1838
254.9133,11.04039,293.0872
254.9736,11.0499,292.9864
255.0397,11.04802,292.8758
255.1114,11.05,292.7558
255.1832,11.05,292.6357
255.255,11.05,292.5155
255.3267,11.04704,292.3954
255.3982,11.05,292.2757
255.47,11.05,292.1557
255.5417,11.04842,292.0355
255.6133,11.05,291.9157
255.6851,11.04229,291.7956
255.7563,11.05,291.6763
255.8279,11.05,291.5566
255.8996,11.05,291.4364
255.9714,11.05,291.3163
256.0432,11.04766,291.1961
256.1148,11.04268,291.0762
256.1862,11.05,290.9568
256.2577,11.05,290.8371
256.3295,11.05,290.7169
256.4012,11.05,290.5968
256.473,11.04999,290.4766
256.5448,11.05,290.3565
256.6166,11.05,290.2364
256.6884,11.05,290.1162
256.7601,11.05,289.9961
256.8319,11.04879,289.8759
256.9035,11.05,289.7561
256.9753,11.05,289.636
257.047,11.04723,289.5158
257.1187,11.05,289.3959
257.1904,11.04542,289.2758
257.2618,11.05,289.1563
257.3335,11.04835,289.0363
257.4051,11.05,288.9165
257.4768,11.05,288.7964
257.5486,11.05,288.6763
257.6205,11.05,288.5562
257.6923,11.05,288.4361
257.7643,11.05,288.316
257.8363,11.05,288.196
257.9086,11.04268,288.0762
257.9805,11.05,287.9571
258.0528,11.0465,287.8378
258.1254,11.05,287.7185
258.1982,11.05,287.5991
258.2714,11.05,287.4798
258.345,11.04984,287.3608
258.4188,11.05,287.2419
258.493,11.05,287.1232
258.5674,11.04997,287.0047
258.6425,11.05,286.8866
258.7179,11.04838,286.7687
258.7934,11.05,286.6514
258.8695,11.05,286.534
258.9461,11.05,286.4169
259.0235,11.04931,286.3003
259.1013,11.0457,286.184
259.1789,11.0441,286.0685
259.2567,11.05,285.9535
259.3358,11.05,285.8383
259.4161,11.05,285.7237
259.4969,11.042,285.6094
259.5773,11.05,285.4961
259.6589,11.05,285.3831
259.7414,11.05,285.27
259.825,11.05,285.1578
259.9094,11.04734,285.0461
259.9939,11.05,284.9351
260.0794,11.04203,284.8244
260.165,11.05,284.7149
260.2523,11.05,284.6061
260.3406,11.05,284.4975
260.4296,11.05,284.3895
260.5193,11.05,284.2821
260.6098,11.05,284.1753
260.701,11.04398,284.0692
260.7926,11.05,283.9642
260.8859,11.05,283.8603
260.9802,11.05,283.7568
261.0753,11.04285,283.6541
261.1704,11.05,283.5528
261.2676,11.05,283.4527
261.366,11.05,283.3531
261.4652,11.05,283.2543
261.5652,11.05,283.1564
261.667,11.04542,283.0603
261.769,11.05,282.9651
261.8723,11.05,282.871
261.9767,11.05,282.7777
262.0819,11.04153,282.6854
262.1869,11.05,282.5946
262.2943,11.05,282.5058
262.4031,11.04987,282.4177
262.5127,11.05,282.3307
262.6233,11.05,282.2449
262.7356,11.05,282.1614
262.8489,11.04209,282.0791
262.9622,11.0492,281.9979
263.0767,11.04258,281.9185
263.1912,11.05,281.8404
263.3073,11.05,281.763
263.424,11.05,281.6857
263.5406,11.04712,281.6084
263.6568,11.05,281.5314
263.7735,11.05,281.4541
263.8901,11.05,281.3768
264.0068,11.04994,281.2995
264.1235,11.04387,281.2221
264.2395,11.05,281.1453
264.3559,11.04415,281.0681
264.4722,11.05,280.9911
264.5886,11.05,280.9139
264.7053,11.05,280.8366
264.822,11.05,280.7593
264.9387,11.05,280.682
265.0554,11.04615,280.6047
265.1713,11.05,280.5278
265.2879,11.05,280.4506
265.4046,11.05,280.3733
265.5213,11.05,280.296
265.638,11.05,280.2186
265.7546,11.05,280.1413
265.8713,11.04485,280.064
265.9877,11.05,279.9869
266.1042,11.05,279.9097
266.2209,11.05,279.8324
266.3376,11.05,279.7551
266.4543,11.05,279.6777
266.571,11.04946,279.6004
266.6875,11.05,279.5232
266.8042,11.05,279.4459
266.9209,11.05,279.3686
267.0375,11.04823,279.2912
267.1539,11.04773,279.2141
267.27,11.05,279.1372
267.3867,11.04549,279.0599
267.5031,11.05,278.9828
267.6196,11.05,278.9055
267.7363,11.04468,278.8282
267.8523,11.05,278.7513
267.9688,11.05,278.6742
268.0855,11.04076,278.5968
268.2011,11.05,278.5202
268.3172,11.05,278.4433
268.4339,11.05,278.366
268.5506,11.05,278.2887
268.6672,11.05,278.2113
268.7839,11.05,278.134
268.9006,11.04596,278.0567
269.017,11.04964,277.9796
269.1335,11.05,277.9024
269.2502,11.05,277.825
269.3669,11.05,277.7477
269.4836,11.05,277.6704
269.6003,11.05,277.5931
269.717,11.05,277.5157
269.8337,11.05,277.4384
269.9504,11.05,277.3611
270.067,11.04434,277.2838
270.1829,11.04963,277.2071
270.2993,11.05,277.1299
270.416,11.04653,277.0526
270.5324,11.05,276.9755
270.649,11.05,276.8982
270.7657,11.04809,276.8209
270.8819,11.05,276.7438
270.9986,11.05,276.6665
271.1153,11.05,276.5892
271.232,11.05,276.5119
271.3487,11.04536,276.4346
271.4647,11.05,276.3577
271.5812,11.05,276.2803
271.6978,11.05,276.2028
271.8143,11.05,276.1252
271.9307,11.04137,276.0476
272.0463,11.04732,275.9704
272.1608,11.05,275.8937
272.2768,11.05,275.8155
272.3927,11.05,275.737
272.5085,11.05,275.6584
272.6241,11.05,275.5795
272.7394,11.05,275.5001
272.8545,11.05,275.4205
272.9695,11.05,275.3405
273.0841,11.04105,275.2603
273.1977,11.05,275.1806
273.3112,11.05,275.0998
273.4249,11.04959,275.0182
273.5383,11.05,274.9362
273.6515,11.05,274.8538
273.7643,11.04997,274.771
273.8766,11.05,274.6874
273.9884,11.05,274.6032
274.0999,11.05,274.5186
274.2111,11.05,274.4336
274.3219,11.04957,274.348
274.4317,11.05,274.2614
274.5412,11.05,274.1743
274.6503,11.04052,274.0865
274.7586,11.05,273.9989
274.8661,11.04877,273.9106
274.973,11.05,273.8207
275.0795,11.04201,273.73
275.1849,11.05,273.6396
275.29,11.05,273.5479
275.3949,11.04772,273.4553
275.4985,11.05,273.362
275.6016,11.05,273.2673
275.704,11.05,273.1719
275.8057,11.04276,273.0758
275.9066,11.04665,272.9797
276.0057,11.04996,272.8824
276.1045,11.05,272.7834
276.2025,11.05,272.6836
276.2999,11.05,272.5829
276.3964,11.04544,272.4816
276.4915,11.05,272.3799
276.5853,11.05,272.2763
276.6784,11.05,272.1718
276.7705,11.04445,272.0664
276.8617,11.04379,271.961
276.9513,11.05,271.8552
277.0393,11.04806,271.7468
277.1263,11.05,271.6375
277.2124,11.05,271.5272
277.2975,11.04112,271.416
277.381,11.05,271.3051
277.4623,11.05,271.192
277.5428,11.04242,271.0775
277.6222,11.05,270.9632
277.7,11.05,270.8474
277.7755,11.05,270.7296
277.8496,11.05,270.6109
277.9225,11.05,270.4914
277.994,11.05,270.3711
278.064,11.04484,270.2499
278.131,11.05,270.1275
278.1967,11.04998,270.0042
278.2609,11.05,269.8798
278.3236,11.05,269.7547
278.3848,11.05,269.6288
278.4427,11.04784,269.5014
278.4993,11.05,269.3739
278.5539,11.05,269.2451
278.6069,11.05,269.1156
278.6581,11.05,268.9854
278.7058,11.05,268.8538
278.7517,11.05,268.7216
278.7958,11.05,268.5888
278.838,11.05,268.4553
278.8783,11.05,268.3213
278.9147,11.05,268.1862
278.9492,11.04353,268.0506
278.9825,11.05,267.9154
279.0129,11.04979,267.7792
279.0413,11.04786,267.6422
279.0655,11.0446,267.5044
279.0876,11.0403,267.3662
279.1075,11.04086,267.2278
279.1261,11.05,267.0901
279.1415,11.05,266.9518
279.1526,11.05,266.8122
279.1613,11.05,266.6726
279.1678,11.05,266.5328
279.1719,11.05,266.3929
279.1737,11.04605,266.253
279.1739,11.05,266.1135
279.1685,11.05,265.9738
279.1607,11.05,265.834
279.1505,11.05,265.6945
279.1378,11.05,265.5551
279.1226,11.05,265.416
279.1024,11.05,265.2775
279.0797,11.04198,265.1394
279.0545,11.04626,265.0018
279.0268,11.0491,264.8649
278.9965,11.05,264.7283
278.961,11.05,264.593
278.9229,11.05,264.4583
278.8823,11.05,264.3243
278.8391,11.05,264.1913
278.7907,11.04549,264.0599
278.7412,11.05,263.9297
278.6877,11.04195,263.8006
278.6321,11.04898,263.6725
278.5735,11.05,263.5459
278.5122,11.05,263.4201
278.4457,11.05,263.2969
278.3767,11.05,263.1752
278.3051,11.04621,263.0549
278.2324,11.05,262.936
278.1558,11.05,262.819
278.0749,11.04293,262.7048
277.9934,11.05,262.5916
277.9105,11.05,262.4794
277.827,11.05,262.3671
277.7434,11.05,262.2548
277.6599,11.05,262.1425
277.5764,11.04886,262.0302
277.493,11.05,261.918
277.4097,11.05,261.8056
277.3264,11.05,261.6932
277.2433,11.05,261.5805
277.1603,11.05,261.4678
277.0775,11.04241,261.355
276.9951,11.05,261.2425
276.913,11.05,261.1298
276.831,11.04966,261.0164
276.7492,11.05,260.9029
276.6677,11.04066,260.7892
276.5864,11.04503,260.6753
276.5056,11.04805,260.5613
276.4252,11.04971,260.4468
276.3452,11.05,260.3321
276.2655,11.05,260.217
276.1862,11.05,260.1017
276.1073,11.05,259.9861
276.0292,11.04893,259.87
275.9516,11.05,259.7536
275.8744,11.05,259.6369
275.7977,11.05,259.5198
275.7215,11.05,259.4025
275.6463,11.05,259.2844
275.5717,11.05,259.166
275.4977,11.0472,259.0472
275.4243,11.05,258.9286
275.3515,11.05,258.8092
275.2799,11.05,258.6889
275.209,11.05,258.5682
275.1388,11.05,258.4472
275.0693,11.04395,258.3257
275.0005,11.05,258.2043
274.9335,11.04155,258.0818
274.8671,11.04458,257.9599
274.8015,11.04923,257.8365
274.7368,11.05,257.7126
274.6728,11.05,257.5882
274.6106,11.05,257.4628
274.5493,11.05,257.337
274.489,11.05,257.2107
274.4296,11.04108,257.084
274.371,11.05,256.958
274.3149,11.05,256.8305
274.2596,11.05,256.7019
274.2054,11.05,256.5729
274.1522,11.05,256.4435
274.1002,11.05,256.3136
274.0504,11.04681,256.1828
274.0019,11.04665,256.0516
273.9545,11.05,255.9208
273.9084,11.05,255.7887
273.8635,11.05,255.6562
273.8213,11.05,255.5228
273.7803,11.05,255.389
273.7407,11.05,255.2547
273.7025,11.05,255.1201
273.6656,11.05,254.9851
273.6317,11.05,254.8494
273.5992,11.04178,254.7132
273.5677,11.04994,254.5774
273.5383,11.05,254.4412
273.5103,11.05,254.304
273.4855,11.05,254.1663
273.4623,11.049,254.0283
273.4408,11.05,253.8904
273.4209,11.05,253.7519
273.4026,11.05,253.6131
273.3878,11.04533,253.474
273.3742,11.05,253.3351
273.3629,11.05,253.1958
273.3534,11.04603,253.0562
273.3449,11.05,252.9172
273.3409,11.05,252.7775
273.3387,11.05,252.6376
273.3385,11.05,252.4976
273.3395,11.04979,252.3577
273.3412,11.05,252.2178
273.3428,11.04235,252.0779
273.3445,11.05,251.9389
273.3461,11.05,251.7995
273.3477,11.05,251.6596
273.3493,11.05,251.5197
273.351,11.04948,251.3798
273.3526,11.05,251.2399
273.3542,11.05,251.1
273.3559,11.05,250.9601
273.3575,11.05,250.8201
273.3591,11.05,250.6802
273.3608,11.05,250.5403
273.3624,11.0491,250.4004
273.364,11.05,250.2606
273.3657,11.05,250.1207
273.3673,11.05,249.9808
273.369,11.05,249.8408
273.3706,11.05,249.7009
273.3722,11.05,249.561
273.3738,11.0486,249.4211
273.3755,11.05,249.2814
273.3771,11.05,249.1415
273.3788,11.05,249.0015
273.3804,11.05,248.8616
273.382,11.05,248.7217
273.3836,11.05,248.5818
273.3853,11.048,248.4418
273.3869,11.05,248.3023
273.3885,11.05,248.1624
273.3902,11.04937,248.0225
273.3918,11.05,247.8827
273.3935,11.05,247.7428
273.3951,11.05,247.6029
273.3967,11.04725,247.463
273.3983,11.05,247.3234
273.4,11.05,247.1836
273.4016,11.04761,247.0437
273.4033,11.05,246.9043
273.4049,11.05,246.7644
273.4065,11.05,246.6245
273.4081,11.04633,246.4846
273.4098,11.05,246.3451
273.4114,11.05,246.2053
273.4131,11.04463,246.0654
273.4147,11.05,245.9262
273.4163,11.05,245.7866
273.4179,11.05,245.6467
273.4196,11.04522,245.5067
273.4212,11.05,245.3673
273.4228,11.05,245.2276
273.4245,11.04028,245.0877
273.4261,11.05,244.9489
273.4277,11.05,244.8098
273.4294,11.05,244.6698
273.431,11.04383,244.5299
273.4326,11.05,244.3906
273.4342,11.05,244.251
273.4359,11.05,244.1111
273.4375,11.05,243.9711
273.4391,11.05,243.8312
273.4408,11.05,243.6913
273.4424,11.04251,243.5514
273.444,11.05,243.4121
273.4457,11.05,243.2727
273.4473,11.05,243.1328
273.4489,11.05,242.9928
273.4506,11.05,242.8529
273.4522,11.05,242.713
273.4538,11.04102,242.573
273.4555,11.05,242.4339
273.4571,11.05,242.2946
273.4587,11.05,242.1547
273.4604,11.04973,242.0148
273.462,11.05,241.875
273.4636,11.05,241.735
273.4652,11.05,241.5951
273.4666,11.05,241.4552
273.468,11.05,241.3152
273.4691,11.05,241.1753
273.4702,11.04843,241.0354
273.471,11.05,240.8959
273.4715,11.05,240.756
273.4718,11.05,240.6161
273.4719,11.04999,240.4761
273.4717,11.05,240.3362
273.4709,11.05,240.1963
273.4698,11.04601,240.0564
273.4685,11.05,239.9171
273.4666,11.05,239.7773
273.4644,11.05,239.6374
273.4614,11.04918,239.4975
273.4579,11.05,239.3577
273.4539,11.05,239.2179
273.4495,11.04232,239.078
273.4449,11.05,238.9391
273.4395,11.05,238.7998
273.4329,11.05,238.66
273.4257,11.04436,238.5203
273.4181,11.05,238.3811
273.4097,11.05,238.2417
273.4,11.05,238.1021
273.3896,11.05,237.9625
273.3784,11.05,237.823
273.3665,11.05,237.6836
273.3539,11.05,237.5443
273.3398,11.04733,237.405
273.3248,11.05,237.2662
273.309,11.05,237.1273
273.2924,11.05,236.9883
273.2748,11.05,236.8495
273.2564,11.05,236.7108
273.2361,11.05,236.5723
273.2149,11.05,236.434
273.1927,11.04331,236.2958
273.17,11.05,236.1582
273.1459,11.04946,236.0208
273.1198,11.05,235.8835
273.0925,11.05,235.7462
273.0641,11.04483,235.6092
273.0347,11.0485,235.4725
273.0041,11.04998,235.336
272.9713,11.05,235.2
272.9373,11.0448,235.0643
272.9029,11.04956,234.9294
272.8665,11.05,234.7945
272.8289,11.05,234.6597
272.7888,11.05,234.5257
272.7475,11.05,234.392
272.7048,11.05,234.2587
272.6609,11.05,234.1258
272.6156,11.05,233.9934
272.5677,11.05,233.8619
272.5184,11.05,233.7309
272.4677,11.05,233.6005
272.4157,11.04811,233.4706
272.3623,11.05,233.3413
272.3061,11.05,233.2132
272.2484,11.04072,233.0857
272.1906,11.05,232.9593
272.1303,11.05,232.8338
272.0682,11.04414,232.7084
272.004,11.04998,232.5844
271.9377,11.05,232.4615
271.8697,11.05,232.3392
271.8002,11.05,232.2177
271.7292,11.05,232.0972
271.6551,11.05,231.9784
271.5795,11.05,231.8606
271.5023,11.05,231.7438
271.4236,11.05,231.6281
271.3434,11.05,231.5134
271.2601,11.05,231.4009
271.1752,11.04174,231.2896
271.0888,11.04001,231.1796
271.002,11.04369,231.0707
270.9139,11.04845,230.9637
270.8214,11.04912,230.8589
270.7274,11.04951,230.7552
270.6317,11.04972,230.653
270.5345,11.0498,230.5523
270.4359,11.04982,230.453
270.3342,11.04968,230.3568
270.231,11.04939,230.2622
270.1264,11.04885,230.1692
270.0203,11.04182,230.0779
269.9142,11.0466,229.9878
269.804,11.04396,229.9019
269.6922,11.04004,229.8177
269.5791,11.05,229.7353
269.4652,11.05,229.6553
269.3494,11.05,229.5768
269.2309,11.05,229.5022
269.1111,11.05,229.4298
268.9901,11.05,229.3594
268.8678,11.05,229.2912
268.7444,11.05,229.2251
268.6187,11.05,229.1635
268.4918,11.05,229.1043
268.3639,11.04719,229.0473
268.2351,11.05,228.9928
268.1053,11.05,228.9407
267.9735,11.05,228.8934
267.8408,11.04996,228.8487
267.7073,11.0438,228.8065
267.5735,11.05,228.7671
267.4388,11.05,228.7303
267.3023,11.05,228.6987
267.1769,11.05,228.672
267.0625,11.04508,228.6499
266.9551,11.05,228.6303
266.8587,11.05,228.6144
266.7738,11.05,228.6019
266.7006,11.05,228.5924
266.6391,11.05,228.5854
266.5894,11.05,228.5804
266.5517,11.0496,228.5769
266.5259,11.04852,228.5745
266.512,11.04765,228.5733
266.5101,11.04751,228.5731
266.5152,11.04787,228.5735
266.524,11.04842,228.5743
266.5408,11.04924,228.5758
266.5626,11.04986,228.5777
266.5899,11.05,228.5801
266.6254,11.05,228.5832
266.668,11.05,228.5869
266.7225,11.05,228.5917
266.7889,11.05,228.5975
266.8673,11.05,228.6043
266.9576,11.05,228.6122
267.059,11.04562,228.6211
267.1706,11.05,228.6309
267.2939,11.05,228.6417
267.4292,11.05,228.6535
267.5687,11.04407,228.6657
267.7076,11.05,228.6779
267.8468,11.05,228.69
267.9862,11.05,228.7022
268.1257,11.05,228.7143
268.2652,11.05,228.7263
268.4047,11.05,228.7382
268.5442,11.05,228.7498
268.6837,11.04622,228.7613
268.8229,11.05,228.7727
268.9623,11.05,228.7838
269.1019,11.05,228.7946
269.2415,11.05,228.805
269.3811,11.05,228.8151
269.5208,11.05,228.8249
269.6605,11.05,228.8344
269.8002,11.04883,228.8435
269.9398,11.05,228.8518
270.0795,11.04201,228.8598
270.2179,11.05,228.8674
270.3572,11.05,228.8745
270.497,11.05,228.8811
270.6369,11.05,228.8868
270.7769,11.04165,228.8919
270.9161,11.05,228.8967
271.0554,11.04614,228.9006
271.1942,11.05,228.9041
271.3341,11.05,228.9063
271.4741,11.05,228.9078
271.6141,11.05,228.9086
271.7541,11.05,228.9088
271.8941,11.04988,228.9082
272.0341,11.04855,228.9062
272.1736,11.05,228.9033
272.3135,11.05,228.8997
272.4534,11.05,228.8953
272.5933,11.05,228.89
272.7332,11.05,228.8831
