-0.01093349,0.7022037,-0.01078602,0.7118105
-0.01093349,0.7022037,-0.01078602,0.7118105
-0.0109419,0.7016484,-0.01077749,0.7123578
-0.0109419,0.7016484,-0.01077749,0.7123578
-0.0109419,0.7016484,-0.01077749,0.7123578
-0.0109419,0.7016484,-0.01077749,0.7123578
-0.0109419,0.7016484,-0.01077749,0.7123578
-0.0109419,0.7016484,-0.01077749,0.7123578
-0.0109419,0.7016484,-0.01077749,0.7123578
-0.0109419,0.7016484,-0.01077749,0.7123578
-0.0109419,0.7016484,-0.01077749,0.7123578
-0.0109419,0.7016484,-0.01077749,0.7123578
-0.0109419,0.7016484,-0.01077749,0.7123578
-0.0109419,0.7016484,-0.01077749,0.7123578
-0.0109419,0.7016484,-0.01077749,0.7123578
-0.0109419,0.7016484,-0.01077749,0.7123578
-0.0109419,0.7016484,-0.01077749,0.7123578
-0.0109419,0.7016484,-0.01077749,0.7123578
-0.0109419,0.7016484,-0.01077749,0.7123578
-0.0109419,0.7016484,-0.01077749,0.7123578
-0.0109419,0.7016484,-0.01077749,0.7123578
-0.0109419,0.7016484,-0.01077749,0.7123578
-0.0109419,0.7016484,-0.01077749,0.7123578
-0.0109419,0.7016484,-0.01077749,0.7123578
-0.0109419,0.7016484,-0.01077749,0.7123578
-0.0109419,0.7016484,-0.01077749,0.7123578
-0.0109419,0.7016484,-0.01077749,0.7123578
-0.0109419,0.7016484,-0.01077749,0.7123578
-0.0109419,0.7016484,-0.01077749,0.7123578
-0.0109419,0.7016484,-0.01077749,0.7123578
-0.0109419,0.7016484,-0.01077749,0.7123578
-0.0109419,0.7016484,-0.01077749,0.7123578
-0.0109419,0.7016484,-0.01077749,0.7123578
-0.0109419,0.7016484,-0.01077749,0.7123578
-0.0109419,0.7016484,-0.01077749,0.7123578
-0.0109419,0.7016484,-0.01077749,0.7123578
-0.0109419,0.7016484,-0.01077749,0.7123578
-0.0109419,0.7016484,-0.01077749,0.7123578
-0.0109419,0.7016484,-0.01077749,0.7123578
-0.0109419,0.7016484,-0.01077749,0.7123578
-0.0109419,0.7016484,-0.01077749,0.7123578
-0.0109419,0.7016484,-0.01077749,0.7123578
-0.0109419,0.7016484,-0.01077749,0.7123578
-0.0109419,0.7016484,-0.01077749,0.7123578
-0.0109419,0.7016484,-0.01077749,0.7123578
-0.0109419,0.7016484,-0.01077749,0.7123578
-0.0109419,0.7016484,-0.01077749,0.7123578
-0.0109419,0.7016484,-0.01077749,0.7123578
-0.0109419,0.7016484,-0.01077749,0.7123578
-0.0109419,0.7016484,-0.01077749,0.7123578
-0.0109419,0.7016484,-0.01077749,0.7123578
-0.0109419,0.7016484,-0.01077749,0.7123578
-0.0109419,0.7016484,-0.01077749,0.7123578
-0.0109419,0.7016484,-0.01077749,0.7123578
-0.0109419,0.7016484,-0.01077749,0.7123578
-0.0109419,0.7016484,-0.01077749,0.7123578
-0.0109419,0.7016484,-0.01077749,0.7123578
-0.0109419,0.7016484,-0.01077749,0.7123578
-0.0109419,0.7016484,-0.01077749,0.7123578
-0.0109419,0.7016484,-0.01077749,0.7123578
-0.0109419,0.7016484,-0.01077749,0.7123578
-0.0109419,0.7016484,-0.01077749,0.7123578
-0.0109419,0.7016484,-0.01077749,0.7123578
-0.0109419,0.7016484,-0.01077749,0.7123578
-0.0109419,0.7016484,-0.01077749,0.7123578
-0.0109419,0.7016484,-0.01077749,0.7123578
-0.0109419,0.7016484,-0.01077749,0.7123578
-0.0109419,0.7016484,-0.01077749,0.7123578
-0.0109419,0.7016484,-0.01077749,0.7123578
-0.0109419,0.7016484,-0.01077749,0.7123578
-0.0109419,0.7016484,-0.01077749,0.7123578
-0.0109419,0.7016484,-0.01077749,0.7123578
-0.0109419,0.7016484,-0.01077749,0.7123578
-0.0109419,0.7016484,-0.01077749,0.7123578
-0.0109419,0.7016484,-0.01077749,0.7123578
-0.0109419,0.7016484,-0.01077749,0.7123578
-0.0109419,0.7016484,-0.01077749,0.7123578
-0.0109419,0.7016484,-0.01077749,0.7123578
-0.0109419,0.7016484,-0.01077749,0.7123578
-0.0109419,0.7016484,-0.01077749,0.7123578
-0.0109419,0.7016484,-0.01077749,0.7123578
-0.0109419,0.7016484,-0.01077749,0.7123578
-0.0109419,0.7016484,-0.01077749,0.7123578
-0.0109419,0.7016484,-0.01077749,0.7123578
-0.0109419,0.7016484,-0.01077749,0.7123578
-0.0109419,0.7016484,-0.01077749,0.7123578
-0.0109419,0.7016484,-0.01077749,0.7123578
-0.0109419,0.7016484,-0.01077749,0.7123578
-0.0109419,0.7016484,-0.01077749,0.7123578
-0.0109419,0.7016484,-0.01077749,0.7123578
-0.0109419,0.7016484,-0.01077749,0.7123578
-0.0109419,0.7016484,-0.01077749,0.7123578
-0.0109419,0.7016484,-0.01077749,0.7123578
-0.0109419,0.7016484,-0.01077749,0.7123578
-0.0109419,0.7016484,-0.01077749,0.7123578
-0.0109419,0.7016484,-0.01077749,0.7123578
-0.0109419,0.7016484,-0.01077749,0.7123578
-0.0109419,0.7016484,-0.01077749,0.7123578
-0.0109419,0.7016484,-0.01077749,0.7123578
-0.0109419,0.7016484,-0.01077749,0.7123578
-0.0109419,0.7016484,-0.01077749,0.7123578
-0.0109419,0.7016484,-0.01077749,0.7123578
-0.0109419,0.7016484,-0.01077749,0.7123578
-0.0109419,0.7016484,-0.01077749,0.7123578
-0.0109419,0.7016484,-0.01077749,0.7123578
-0.0109419,0.7016484,-0.01077749,0.7123578
-0.0109419,0.7016484,-0.01077749,0.7123578
-0.0109419,0.7016484,-0.01077749,0.7123578
-0.0109419,0.7016484,-0.01077749,0.7123578
-0.0109419,0.7016484,-0.01077749,0.7123578
-0.0109419,0.7016484,-0.01077749,0.7123578
-0.0109419,0.7016484,-0.01077749,0.7123578
-0.0109419,0.7016484,-0.01077749,0.7123578
-0.01094267,0.7015979,-0.01077672,0.7124076
-0.01094437,0.7014853,-0.01077499,0.7125185
-0.01094662,0.7013366,-0.0107727,0.7126648
-0.01094961,0.7011383,-0.01076966,0.7128599
-0.01095807,0.7005783,-0.01076106,0.7134103
-0.0109635,0.7002179,-0.01075552,0.7137641
-0.01096989,0.6997937,-0.010749,0.71418
-0.01097682,0.6993332,-0.01074193,0.7146308
-0.0109929,0.6982613,-0.01072547,0.7156783
-0.01100206,0.6976497,-0.01071607,0.7162744
-0.01101214,0.6969754,-0.01070571,0.7169307
-0.01102296,0.69625,-0.01069457,0.7176352
-0.01103472,0.6954598,-0.01068243,0.7184008
-0.01106003,0.6937541,-0.01065624,0.7200481
-0.01107377,0.6928242,-0.01064195,0.720943
-0.01108844,0.691829,-0.01062666,0.7218981
-0.01110402,0.6907691,-0.01061038,0.7229124
-0.01112031,0.6896573,-0.01059331,0.723973
-0.01113711,0.6885073,-0.01057564,0.7250668
-0.01117322,0.6860235,-0.01053749,0.7274173
-0.01119251,0.6846893,-0.010517,0.7286733
-0.01121231,0.6833152,-0.01049589,0.729962
-0.0112328,0.6818874,-0.01047396,0.7312959
-0.01125397,0.6804063,-0.01045121,0.7326742
-0.01129872,0.6772553,-0.01040281,0.7355879
-0.01132211,0.675598,-0.01037736,0.7371104
-0.01134616,0.6738853,-0.01035105,0.7386764
-0.01137088,0.6721172,-0.01032389,0.7402855
-0.01139643,0.6702802,-0.01029567,0.7419492
-0.01144947,0.6664379,-0.01023666,0.7454023
-0.01147695,0.6644316,-0.01020584,0.7471913
-0.01150523,0.6623551,-0.01017394,0.7490327
-0.01153394,0.6602355,-0.01014139,0.7509016
-0.01156326,0.6580582,-0.01010794,0.7528105
-0.0116241,0.6534996,-0.01003792,0.7567711
-0.01165539,0.6511331,-0.01000157,0.7588082
-0.01168744,0.6486935,-0.0099641,0.7608948
-0.01172008,0.6461931,-0.009925693,0.7630195
-0.01178665,0.6410399,-0.009846539,0.7673538
-0.01182095,0.6383574,-0.009805336,0.7695869
-0.0118558,0.6356127,-0.009763177,0.7718554
-0.01189134,0.6327928,-0.009719863,0.7741689
-0.01192739,0.6299102,-0.009675587,0.7765161
-0.01196395,0.6269644,-0.009630338,0.7788966
-0.01203854,0.6208831,-0.009536929,0.7837527
-0.01207672,0.6177325,-0.009488535,0.7862384
-0.01211538,0.614516,-0.009439129,0.7887549
-0.01215431,0.6112489,-0.009388946,0.7912895
-0.01219369,0.6079155,-0.009337746,0.7938531
-0.01227405,0.6010219,-0.009231859,0.799085
-0.01231485,0.5974745,-0.00917737,0.8017408
-0.01235604,0.5938588,-0.009121833,0.8044227
-0.01239761,0.5901752,-0.009065252,0.8071291
-0.01243956,0.5864225,-0.00900761,0.8098598
-0.01248201,0.5825865,-0.008948688,0.8126236
-0.01256826,0.5746736,-0.008827145,0.8182387
-0.01261186,0.57061,-0.008764727,0.8210775
-0.01265576,0.5664756,-0.008701223,0.8239354
-0.01269994,0.5622691,-0.008636611,0.8268117
-0.01278908,0.553639,-0.00850405,0.8326152
-0.01283418,0.5491986,-0.008435844,0.8355507
-0.01287948,0.5446844,-0.008366506,0.8385005
-0.012925,0.5400953,-0.008296018,0.8414637
-0.0129707,0.5354316,-0.008224382,0.844439
-0.0130626,0.5258767,-0.008077617,0.8504222
-0.01310891,0.52097,-0.00800225,0.8534368
-0.01315533,0.5159872,-0.007925713,0.8564587
-0.01320186,0.5109254,-0.007847963,0.8594879
-0.01324832,0.505802,-0.007769267,0.8625129
-0.01334171,0.4952893,-0.007607791,0.8685924
-0.01338846,0.4899124,-0.0075252,0.8716365
-0.01343535,0.4844412,-0.007441161,0.874689
-0.01348223,0.4788891,-0.00735588,0.8777411
-0.01352906,0.4732581,-0.007269388,0.8807899
-0.01357585,0.4675455,-0.007181642,0.8838356
-0.01366941,0.4558442,-0.007001908,0.8899271
-0.01371604,0.4498693,-0.006910132,0.8929623
-0.0137625,0.4438136,-0.006817115,0.8959876
-0.01380881,0.437674,-0.006722811,0.8990026
-0.01390088,0.4251427,-0.006530328,0.904996
-0.01394669,0.4187351,-0.006431906,0.9079786
-0.01399224,0.4122439,-0.0063322,0.9109441
-0.01403752,0.4056666,-0.006231173,0.9138921
-0.0140825,0.3990043,-0.006128839,0.9168203
-0.01412715,0.3922586,-0.006025222,0.9197268
-0.01421559,0.3784731,-0.005813475,0.9254848
-0.01425911,0.3714696,-0.005705901,0.9283181
-0.01430232,0.3643613,-0.005596716,0.9311311
-0.01434507,0.3571672,-0.005486212,0.9339143
-0.01438735,0.3498852,-0.00537436,0.9366667
-0.01447052,0.335032,-0.005146213,0.9420816
-0.01451129,0.3274741,-0.005030122,0.9447354
-0.01455146,0.3198299,-0.004912706,0.9473506
-0.01459101,0.312099,-0.004793958,0.9499255
-0.01466816,0.2963739,-0.004552418,0.9549485
-0.01470579,0.2883636,-0.004429378,0.9573978
-0.01474267,0.2802667,-0.004305009,0.9597993
-0.01477873,0.2721002,-0.00417957,0.9621464
-0.01481406,0.2638298,-0.004052535,0.964447
-0.01483985,0.2576151,-0.003957076,0.9661256
-0.01486374,0.2517106,-0.003866381,0.9676808
-0.01486454,0.2515107,-0.003863311,0.9677327
-0.01486454,0.2515107,-0.003863311,0.9677327
-0.01486454,0.2515107,-0.003863311,0.9677327
-0.01486454,0.2515107,-0.003863311,0.9677327
-0.01486454,0.2515107,-0.003863311,0.9677327
-0.01486454,0.2515107,-0.003863311,0.9677327
-0.01486454,0.2515107,-0.003863311,0.9677327
-0.01486454,0.2515107,-0.003863311,0.9677327
-0.01486454,0.2515107,-0.003863311,0.9677327
-0.01486454,0.2515107,-0.003863311,0.9677327
-0.01486454,0.2515107,-0.003863311,0.9677327
-0.01486454,0.2515107,-0.003863311,0.9677327
-0.01486454,0.2515107,-0.003863311,0.9677327
-0.01486454,0.2515107,-0.003863311,0.9677327
-0.01486454,0.2515107,-0.003863311,0.9677327
-0.01486454,0.2515107,-0.003863311,0.9677327
-0.01486454,0.2515107,-0.003863311,0.9677327
-0.01486454,0.2515107,-0.003863311,0.9677327
-0.01486454,0.2515107,-0.003863311,0.9677327
-0.0148648,0.2514434,-0.003862278,0.9677502
-0.01486534,0.2513081,-0.003860199,0.9677854
-0.01486615,0.2511054,-0.003857087,0.967838
-0.01486722,0.250836,-0.003852948,0.9679078
-0.01486857,0.2504986,-0.003847765,0.9679952
-0.01487219,0.2495856,-0.003833741,0.9682309
-0.01487432,0.2490459,-0.003825452,0.9683699
-0.01487672,0.2484384,-0.00381612,0.9685259
-0.01487944,0.2477458,-0.003805481,0.9687034
-0.01488566,0.2461575,-0.003781085,0.9691082
-0.01488915,0.2452611,-0.003767317,0.9693354
-0.01489295,0.2442808,-0.003752259,0.9695829
-0.014897,0.2432323,-0.003736153,0.9698465
-0.01490129,0.2421155,-0.003719,0.9701259
-0.01491058,0.2396788,-0.003681571,0.9707308
-0.01491558,0.2383576,-0.003661277,0.971056
-0.01492087,0.236951,-0.003639672,0.9714002
-0.01492637,0.2354764,-0.003617023,0.9717587
-0.0149321,0.2339333,-0.00359332,0.9721314
-0.01494417,0.230642,-0.003542765,0.9729174
-0.01495051,0.228894,-0.003515915,0.9733302
-0.01495711,0.2270602,-0.003487747,0.9737597
-0.01496389,0.2251574,-0.00345852,0.9742014
-0.01497086,0.223185,-0.003428223,0.9746552
-0.01497801,0.2211432,-0.003396861,0.9751204
-0.01499292,0.2168178,-0.003330422,0.9760913
-0.01500062,0.2145509,-0.003295602,0.9765921
-0.01500845,0.2122162,-0.003259741,0.977102
-0.01501643,0.2098102,-0.003222784,0.9776215
-0.01503276,0.2047934,-0.003145726,0.9786847
-0.0150411,0.2021802,-0.003105585,0.9792279
-0.01504955,0.1994971,-0.003064374,0.9797781
-0.01505815,0.1967269,-0.003021823,0.980338
-0.01506685,0.1938861,-0.002978188,0.9809039
-0.01507562,0.1909747,-0.002933467,0.9814749
-0.01509345,0.1849067,-0.002840262,0.9826361
-0.01510245,0.1817666,-0.002792031,0.9832218
-0.01511148,0.1785579,-0.002742743,0.9838096
-0.01512054,0.1752765,-0.002692341,0.9843995
-0.01513874,0.1684866,-0.002588046,0.9855844
-0.01514781,0.1649947,-0.002534411,0.9861749
-0.01515691,0.1614128,-0.002479392,0.9867675
-0.01516599,0.1577594,-0.002423275,0.9873582
-0.01517501,0.1540358,-0.002366081,0.9879459
-0.01519293,0.146359,-0.002248164,0.9891123
-0.01520175,0.142423,-0.002187706,0.9896867
-0.01521053,0.1383957,-0.002125846,0.990258
-0.01521916,0.1343152,-0.002063169,0.9908197
-0.01522774,0.1301289,-0.001998866,0.9913782
-0.01523618,0.1258704,-0.001933455,0.9919279
-0.0152526,0.11714,-0.001799355,0.9929966
-0.01526055,0.1126667,-0.001730644,0.9935141
-0.0152683,0.1081234,-0.001660859,0.9940189
-0.01527584,0.1035085,-0.001589972,0.99451
-0.01528319,0.09880359,-0.001517704,0.9949884
-0.01529715,0.08918086,-0.001369898,0.9958971
-0.0153037,0.08427968,-0.001294615,0.9963238
-0.01531002,0.07926965,-0.00121766,0.9967349
-0.01531601,0.07420779,-0.001139909,0.9971246
-0.01532169,0.0690551,-0.001060763,0.9974946
-0.01533202,0.05853641,-0.0008991936,0.9981672
-0.01533663,0.0531694,-0.0008167554,0.9984674
-0.01534087,0.04771358,-0.0007329531,0.9987429
-0.01534468,0.04220608,-0.0006483569,0.9989909
-0.015351,0.03095833,-0.0004755896,0.9994028
-0.01535347,0.02523759,-0.0003877179,0.9995636
-0.01535547,0.01942751,-0.0002984741,0.9996933
-0.01535696,0.01354686,-0.0002081462,0.9997903
-0.01535792,0.007596919,-0.0001167542,0.9998533
-0.01535835,0.001558874,-2.40087E-05,0.9998809
-0.01535748,-0.01072551,0.0001646817,0.9998245
-0.01535615,-0.0169904,0.0002609115,0.9997377
-0.01535419,-0.02330486,0.0003579027,0.9996104
-0.01535159,-0.02970743,0.0004562473,0.9994407
-0.01534831,-0.03617865,0.0005556464,0.9992273
-0.01533967,-0.04932489,0.000757575,0.9986647
-0.01533426,-0.05599963,0.0008601001,0.9983127
-0.0153281,-0.06273985,0.0009636311,0.9979118
-0.01532115,-0.06956527,0.001068471,0.9974592
-0.0153134,-0.07645778,0.001174341,0.9969545
-0.01529542,-0.09043889,0.001389093,0.9957836
-0.01528511,-0.09754515,0.001498247,0.9951126
-0.01527392,-0.1047146,0.001608371,0.9943838
-0.01526181,-0.1119475,0.001719469,0.9935955
-0.01524876,-0.1192457,0.001831571,0.992746
-0.01521977,-0.134028,0.002058631,0.9908586
-0.01520378,-0.1415129,0.0021736,0.9898173
-0.01518672,-0.1490759,0.002289769,0.9887065
-0.01516865,-0.1566799,0.002406568,0.9875301
-0.0151495,-0.1643456,0.002524314,0.9862833
-0.01510784,-0.1798684,0.002762748,0.9835708
-0.01508527,-0.1877237,0.002883407,0.9821018
-0.01506154,-0.1956356,0.003004934,0.9805564
-0.0150366,-0.2036029,0.003127314,0.9789331
-0.01501039,-0.2116422,0.0032508,0.9772266
-0.01495425,-0.2278655,0.003499992,0.9735715
-0.01492415,-0.236082,0.0036262,0.9716118
-0.01489279,-0.2443306,0.003752901,0.9695704
-0.01486009,-0.2526298,0.003880377,0.9674411
-0.01482601,-0.2609775,0.0040086,0.9652227
-0.0147535,-0.2778483,0.004267738,0.9605022
-0.01471509,-0.2863525,0.004398364,0.9580013
-0.0146752,-0.2949015,0.004529679,0.9554042
-0.01463382,-0.3034922,0.004661633,0.9527102
-0.01459083,-0.3121415,0.00479449,0.9499115
-0.01450018,-0.3295599,0.005062039,0.9440098
-0.01445247,-0.3383262,0.005196691,0.9409036
-0.01440314,-0.3471282,0.005331892,0.9376919
-0.01435216,-0.3559655,0.005467635,0.9343729
-0.01429941,-0.3648528,0.005604146,0.9309385
-0.01418879,-0.3827198,0.005878586,0.9237368
-0.01413076,-0.3917139,0.006016738,0.9199589
-0.01407108,-0.4007171,0.006155029,0.9160731
-0.01400947,-0.4097634,0.006293982,0.9120626
-0.01388103,-0.4278901,0.006572411,0.9037004
-0.01388103,-0.4278901,0.006572411,0.9037004
-0.01374478,-0.446143,0.006852779,0.89483
-0.01367374,-0.4553008,0.006993446,0.8902053
-0.01360075,-0.464475,0.007134363,0.8854531
-0.01352579,-0.4736614,0.007275468,0.8805732
-0.01336994,-0.492059,0.007558058,0.8704264
-0.01328884,-0.5012841,0.007699759,0.8651465
-0.01320571,-0.5105102,0.007841473,0.8597345
-0.01312051,-0.5197387,0.007983225,0.8541872
-0.01303322,-0.5289649,0.008124942,0.8485047
-0.0128523,-0.5474058,0.008408198,0.8367264
-0.01275848,-0.5566308,0.008549897,0.830618
-0.01266249,-0.5658451,0.00869143,0.8243685
-0.01257837,-0.5737421,0.008812729,0.8188921
-0.01251192,-0.5798678,0.008906821,0.8145658
-0.01244332,-0.5860905,0.009002403,0.8101
-0.01243709,-0.5866507,0.009011007,0.8096945
-0.01243709,-0.5866507,0.009011007,0.8096945
-0.01243709,-0.5866507,0.009011007,0.8096945
-0.01243709,-0.5866507,0.009011007,0.8096945
-0.01243709,-0.5866507,0.009011007,0.8096945
-0.01243709,-0.5866507,0.009011007,0.8096945
-0.01243709,-0.5866507,0.009011007,0.8096945
-0.01243709,-0.5866507,0.009011007,0.8096945
-0.01243709,-0.5866507,0.009011007,0.8096945
-0.01243709,-0.5866507,0.009011007,0.8096945
-0.01243709,-0.5866507,0.009011007,0.8096945
-0.01243709,-0.5866507,0.009011007,0.8096945
-0.01243709,-0.5866507,0.009011007,0.8096945
-0.01243709,-0.5866507,0.009011007,0.8096945
-0.01243709,-0.5866507,0.009011007,0.8096945
-0.01243709,-0.5866507,0.009011007,0.8096945
-0.01243709,-0.5866507,0.009011007,0.8096945
-0.01243709,-0.5866507,0.009011007,0.8096945
-0.01243709,-0.5866507,0.009011007,0.8096945
-0.01243709,-0.5866507,0.009011007,0.8096945
-0.01243709,-0.5866507,0.009011007,0.8096945
-0.01243773,-0.5865933,0.009010125,0.8097361
-0.01243882,-0.5864956,0.009008626,0.8098068
-0.01244071,-0.5863256,0.009006014,0.80993
-0.01244635,-0.585818,0.008998218,0.8102971
-0.01245027,-0.5854647,0.008992791,0.8105524
-0.01245465,-0.5850696,0.008986722,0.8108377
-0.01245966,-0.5846177,0.008979781,0.8111635
-0.01246544,-0.5840951,0.008971753,0.81154
-0.01247886,-0.5828792,0.008953076,0.8124138
-0.01248668,-0.5821692,0.00894217,0.8129227
-0.0124951,-0.5814027,0.008930395,0.813471
-0.01250412,-0.5805803,0.008917764,0.8140581
-0.01251375,-0.5796997,0.008904237,0.8146855
-0.01252401,-0.5787606,0.008889813,0.8153529
-0.01254662,-0.5766812,0.008857873,0.816825
-0.01255882,-0.5755543,0.008840564,0.8176194
-0.01257161,-0.5743696,0.008822367,0.8184521
-0.01258499,-0.5731261,0.008803266,0.8193234
-0.01259895,-0.5718247,0.008783277,0.820232
-0.01262891,-0.5690161,0.008740136,0.822183
-0.01264459,-0.5675384,0.008717438,0.8232036
-0.01266084,-0.566001,0.008693824,0.8242615
-0.0126778,-0.5643899,0.008669077,0.8253655
-0.01271338,-0.5609874,0.008616813,0.8276819
-0.01273198,-0.5591961,0.008589299,0.8288932
-0.01275113,-0.557344,0.00856085,0.8301397
-0.01277081,-0.555431,0.008531466,0.8314207
-0.01279116,-0.5534427,0.008500924,0.8327457
-0.01283341,-0.5492811,0.008437001,0.8354965
-0.0128553,-0.5471073,0.008403611,0.8369216
-0.01287769,-0.5448713,0.008369264,0.8383791
-0.0129007,-0.5425586,0.00833374,0.8398776
-0.01292421,-0.5401827,0.008297246,0.8414077
-0.01297262,-0.5352408,0.008221338,0.8445599
-0.01299753,-0.532674,0.008181912,0.8461812
-0.01302288,-0.5300432,0.008141503,0.8478315
-0.01304881,-0.5273332,0.008099875,0.8495198
-0.01307517,-0.5245584,0.008057254,0.851236
-0.01312913,-0.518814,0.007969018,0.8547493
-0.01315672,-0.5158435,0.007923392,0.8565452
-0.01318484,-0.5127909,0.007876502,0.8583761
-0.01321334,-0.5096723,0.0078286,0.8602315
-0.01324221,-0.5064864,0.007779663,0.8621112
-0.01327144,-0.5032336,0.007729699,0.864014
-0.0133312,-0.4964933,0.007626167,0.8679048
-0.01336157,-0.4930218,0.007572845,0.8698815
-0.01339225,-0.4894802,0.007518444,0.8718792
-0.0134231,-0.4858854,0.007463227,0.8738877
-0.01345436,-0.4822067,0.007406722,0.8759229
-0.01351797,-0.4746073,0.007289994,0.8800637
-0.01355015,-0.470701,0.007229992,0.8821592
-0.01358257,-0.4667245,0.007168911,0.8842695
-0.0136152,-0.4626766,0.007106734,0.8863942
-0.01368108,-0.4543652,0.006979071,0.8906831
-0.01371442,-0.4500855,0.006913334,0.8928534
-0.01374792,-0.4457327,0.006846474,0.8950344
-0.01378143,-0.441324,0.006778755,0.8972164
-0.01381509,-0.4368415,0.006709903,0.8994074
-0.01388309,-0.4276062,0.006568047,0.9038347
-0.01391729,-0.4228673,0.006495256,0.9060615
-0.01395156,-0.4180535,0.006421316,0.9082927
-0.01398588,-0.4131644,0.006346219,0.9105271
-0.01402024,-0.4081992,0.006269952,0.9127637
-0.01405471,-0.4031438,0.0061923,0.9150078
-0.01412362,-0.3928027,0.006033459,0.9194946
-0.01415803,-0.3875172,0.005952273,0.9217346
-0.01419238,-0.3821541,0.005869893,0.9239711
-0.01422666,-0.3767135,0.005786326,0.9262024
-0.0142949,-0.3656006,0.005615629,0.9306451
-0.01432883,-0.3599265,0.005528474,0.9328542
-0.01436271,-0.3541569,0.005439851,0.93506
-0.01439641,-0.3483084,0.005350017,0.9372543
-0.01442992,-0.3423813,0.005258976,0.9394356
-0.01446322,-0.3363738,0.0051667,0.9416034
-0.01452925,-0.3240871,0.004977974,0.9459026
-0.01456186,-0.3178239,0.004881769,0.9480253
-0.01459416,-0.3114808,0.004784339,0.9501284
-0.01462613,-0.3050582,0.004685686,0.9522099
-0.01465777,-0.298553,0.004585765,0.9542695
-0.01472005,-0.2852691,0.004381721,0.9583244
-0.01475057,-0.2785064,0.004277845,0.9603116
-0.01478066,-0.271661,0.004172698,0.9622705
-0.01481036,-0.2647179,0.004066051,0.9642036
-0.01483955,-0.2576939,0.003958161,0.9661046
-0.01489637,-0.2434031,0.003738652,0.9698036
-0.01492388,-0.2361537,0.003627299,0.9715943
-0.0149508,-0.228823,0.003514698,0.9733469
-0.01497717,-0.2213927,0.003400568,0.9750638
-0.01500295,-0.2138646,0.003284934,0.9767426
-0.01505248,-0.1985669,0.003049958,0.9799671
-0.01507617,-0.1907957,0.002930591,0.9815097
-0.01509916,-0.1829271,0.002809728,0.9830065
-0.01512137,-0.1749798,0.002687655,0.9844522
-0.01516329,-0.1588601,0.002440055,0.9871816
-0.01518296,-0.1506897,0.002314555,0.9884618
-0.01520177,-0.1424225,0.002187569,0.9896868
-0.01521967,-0.1340757,0.002059361,0.9908521
-0.01523662,-0.1256506,0.00192995,0.9919557
-0.01526757,-0.1085651,0.001667514,0.9939707
-0.01528154,-0.0998885,0.001534239,0.9948801
-0.01529444,-0.09113561,0.001399793,0.9957201
-0.01530625,-0.08230472,0.001264149,0.9964889
-0.01531693,-0.07339785,0.001127338,0.9971845
-0.01532646,-0.06441669,0.0009893861,0.9978049
-0.01534197,-0.04619174,0.0007094476,0.9988145
-0.01534787,-0.03696864,0.0005677792,0.9991984
-0.01535248,-0.02767363,0.0004250061,0.999499
-0.01535579,-0.01830602,0.0002811179,0.9997145
-0.01535836,0.000642581,-9.93592E-06,0.9998819
-0.01535756,0.01022082,-0.0001570594,0.9998298
-0.01535533,0.01988735,-0.000305539,0.9996843
-0.01535161,0.0296386,-0.0004553198,0.9994427
-0.0153464,0.03945748,-0.0006061395,0.9991032
-0.01533965,0.04934198,-0.0007579671,0.9986639
-0.01532142,0.06930306,-0.001064573,0.9974774
-0.01530988,0.07937907,-0.001219342,0.9967262
-0.01529666,0.08953341,-0.001375314,0.9958655
-0.01528174,0.09974778,-0.001532209,0.9948942
-0.01524961,0.1187747,-0.001824465,0.9928025
-0.01523804,0.1249085,-0.001918682,0.9920493
-0.01523007,0.1289653,-0.001980995,0.9915302
-0.01522606,0.1309568,-0.002011584,0.9912691
-0.01522606,0.1309568,-0.002011584,0.9912691
-0.01522606,0.1309568,-0.002011584,0.9912691
-0.01522606,0.1309568,-0.002011584,0.9912691
-0.01522606,0.1309568,-0.002011584,0.9912691
-0.01522606,0.1309568,-0.002011584,0.9912691
-0.01522606,0.1309568,-0.002011584,0.9912691
-0.01522606,0.1309568,-0.002011584,0.9912691
-0.01522606,0.1309568,-0.002011584,0.9912691
-0.01522606,0.1309568,-0.002011584,0.9912691
-0.01522606,0.1309568,-0.002011584,0.9912691
-0.01522606,0.1309568,-0.002011584,0.9912691
-0.01522606,0.1309568,-0.002011584,0.9912691
-0.01522606,0.1309568,-0.002011584,0.9912691
-0.01522606,0.1309568,-0.002011584,0.9912691
-0.01522606,0.1309568,-0.002011584,0.9912691
-0.01522606,0.1309568,-0.002011584,0.9912691
-0.01522606,0.1309568,-0.002011584,0.9912691
-0.01522606,0.1309568,-0.002011584,0.9912691
-0.01522606,0.1309568,-0.002011584,0.9912691
-0.01522606,0.1309568,-0.002011584,0.9912691
-0.01522606,0.1309568,-0.002011584,0.9912691
-0.01522606,0.1309568,-0.002011584,0.9912691
-0.01522606,0.1309568,-0.002011584,0.9912691
-0.01522606,0.1309568,-0.002011584,0.9912691
-0.01522606,0.1309568,-0.002011584,0.9912691
-0.01522606,0.1309568,-0.002011584,0.9912691
-0.01522606,0.1309568,-0.002011584,0.9912691
-0.01522606,0.1309568,-0.002011584,0.9912691
-0.01522606,0.1309568,-0.002011584,0.9912691
-0.01522606,0.1309568,-0.002011584,0.9912691
-0.01522606,0.1309568,-0.002011584,0.9912691
-0.01522606,0.1309568,-0.002011584,0.9912691
-0.01522606,0.1309568,-0.002011584,0.9912691
-0.01522606,0.1309568,-0.002011584,0.9912691
-0.01522606,0.1309568,-0.002011584,0.9912691
-0.01522606,0.1309568,-0.002011584,0.9912691
-0.01522606,0.1309568,-0.002011584,0.9912691
-0.01522606,0.1309568,-0.002011584,0.9912691
-0.01522606,0.1309568,-0.002011584,0.9912691
-0.01522606,0.1309568,-0.002011584,0.9912691
-0.01522606,0.1309568,-0.002011584,0.9912691
-0.01522606,0.1309568,-0.002011584,0.9912691
-0.01522606,0.1309568,-0.002011584,0.9912691
-0.01522606,0.1309568,-0.002011584,0.9912691
-0.01522606,0.1309568,-0.002011584,0.9912691
-0.01522606,0.1309568,-0.002011584,0.9912691
-0.01522606,0.1309568,-0.002011584,0.9912691
-0.01522606,0.1309568,-0.002011584,0.9912691
-0.01522606,0.1309568,-0.002011584,0.9912691
-0.01522606,0.1309568,-0.002011584,0.9912691
-0.01522606,0.1309568,-0.002011584,0.9912691
-0.01522606,0.1309568,-0.002011584,0.9912691
-0.01522606,0.1309568,-0.002011584,0.9912691
-0.01522606,0.1309568,-0.002011584,0.9912691
-0.01522606,0.1309568,-0.002011584,0.9912691
-0.01522606,0.1309568,-0.002011584,0.9912691
-0.01522606,0.1309568,-0.002011584,0.9912691
-0.01522606,0.1309568,-0.002011584,0.9912691
-0.01522606,0.1309568,-0.002011584,0.9912691
-0.01522606,0.1309568,-0.002011584,0.9912691
-0.01522606,0.1309568,-0.002011584,0.9912691
-0.01522606,0.1309568,-0.002011584,0.9912691
-0.01522606,0.1309568,-0.002011584,0.9912691
-0.01522606,0.1309568,-0.002011584,0.9912691
-0.01522606,0.1309568,-0.002011584,0.9912691
-0.01522606,0.1309568,-0.002011584,0.9912691
-0.01522606,0.1309568,-0.002011584,0.9912691
-0.01522606,0.1309568,-0.002011584,0.9912691
-0.01522606,0.1309568,-0.002011584,0.9912691
-0.01522606,0.1309568,-0.002011584,0.9912691
-0.01522606,0.1309568,-0.002011584,0.9912691
-0.01522606,0.1309568,-0.002011584,0.9912691
-0.01522606,0.1309568,-0.002011584,0.9912691
-0.01522606,0.1309568,-0.002011584,0.9912691
-0.01522592,0.1310268,-0.00201266,0.9912599
-0.01522563,0.1311661,-0.002014799,0.9912415
-0.01522521,0.1313757,-0.002018019,0.9912137
-0.01522393,0.132002,-0.002027638,0.9911305
-0.01522308,0.1324194,-0.00203405,0.9910749
-0.01522204,0.1329214,-0.002041761,0.9910076
-0.01522086,0.1334927,-0.002050536,0.9909308
-0.01521953,0.1341333,-0.002060376,0.9908443
-0.01521643,0.1356206,-0.002083221,0.9906419
-0.01521464,0.1364683,-0.002096242,0.9905254
-0.01521269,0.1373847,-0.002110319,0.9903987
-0.01521058,0.1383697,-0.002125449,0.9902616
-0.01520827,0.1394418,-0.002141916,0.9901111
-0.01520314,0.141792,-0.002178016,0.9897773
-0.01520032,0.1430714,-0.002197667,0.9895932
-0.01519727,0.144437,-0.002218643,0.9893948
-0.01519404,0.1458711,-0.002240671,0.9891844
-0.01519062,0.1473735,-0.002263749,0.9889617
-0.01518318,0.1505854,-0.002313084,0.9884778
-0.01517912,0.1523121,-0.002339606,0.9882132
-0.01517912,0.1523121,-0.002339606,0.9882132
-0.01517912,0.1523121,-0.002339606,0.9882132
-0.01517912,0.1523121,-0.002339606,0.9882132
-0.01517912,0.1523121,-0.002339606,0.9882132
-0.01517912,0.1523121,-0.002339606,0.9882132
-0.01517912,0.1523121,-0.002339606,0.9882132
-0.01517912,0.1523121,-0.002339606,0.9882132
-0.01517912,0.1523121,-0.002339606,0.9882132
-0.01517912,0.1523121,-0.002339606,0.9882132
-0.01517912,0.1523121,-0.002339606,0.9882132
-0.01517912,0.1523121,-0.002339606,0.9882132
-0.01517912,0.1523121,-0.002339606,0.9882132
-0.01517912,0.1523121,-0.002339606,0.9882132
-0.01517912,0.1523121,-0.002339606,0.9882132
-0.01517912,0.1523121,-0.002339606,0.9882132
-0.01517912,0.1523121,-0.002339606,0.9882132
-0.01517912,0.1523121,-0.002339606,0.9882132
-0.01517912,0.1523121,-0.002339606,0.9882132
-0.01517912,0.1523121,-0.002339606,0.9882132
-0.01517912,0.1523121,-0.002339606,0.9882132
-0.01517912,0.1523121,-0.002339606,0.9882132
-0.01517912,0.1523121,-0.002339606,0.9882132
-0.01517912,0.1523121,-0.002339606,0.9882132
-0.01517912,0.1523121,-0.002339606,0.9882132
-0.01517928,0.152243,-0.002338544,0.9882237
-0.01517961,0.152104,-0.002336409,0.9882452
-0.0151801,0.1518963,-0.00233322,0.9882771
-0.01518075,0.1516194,-0.002328967,0.9883196
-0.01518254,0.1508588,-0.002317283,0.988436
-0.01518371,0.1503579,-0.002309589,0.9885123
-0.01518504,0.1497894,-0.002300857,0.9885986
-0.01518652,0.1491499,-0.002291034,0.9886953
-0.0151882,0.1484253,-0.002279904,0.9888044
-0.01519192,0.1468025,-0.002254978,0.9890466
-0.01519404,0.1458694,-0.002240645,0.9891847
-0.0151963,0.1448669,-0.002225246,0.989332
-0.0151987,0.1437953,-0.002208787,0.9894883
-0.01520124,0.1426547,-0.002191267,0.9896534
-0.0152067,0.140166,-0.002153041,0.990009
-0.01520966,0.1387999,-0.002132057,0.9902014
-0.01521273,0.1373639,-0.00211,0.9904016
-0.01521592,0.1358592,-0.002086888,0.9906092
-0.01521921,0.134287,-0.002062739,0.9908235
-0.01522265,0.1326264,-0.002037231,0.9910471
-0.0152298,0.1290967,-0.001983014,0.9915131
-0.01523351,0.1272266,-0.001954289,0.9917548
-0.01523731,0.1252868,-0.001924493,0.9920017
-0.01524117,0.1232773,-0.001893628,0.9922535
-0.01524514,0.121181,-0.001861428,0.9925116
-0.01525324,0.1167788,-0.001793809,0.9930392
-0.01525737,0.114474,-0.001758408,0.9933075
-0.01526153,0.1120981,-0.001721913,0.9935785
-0.01526572,0.1096534,-0.001684361,0.9938512
-0.01526996,0.1071209,-0.001645462,0.9941275
-0.01527848,0.1018447,-0.001564419,0.9946818
-0.0152827,0.09911968,-0.001522562,0.994957
-0.01528695,0.09630685,-0.001479357,0.9952332
-0.01529117,0.09342392,-0.001435074,0.995508
-0.01529951,0.08744643,-0.001343259,0.9960509
-0.01530361,0.08435176,-0.001295724,0.9963177
-0.01530766,0.08116964,-0.001246847,0.996582
-0.01531165,0.07791646,-0.001196877,0.9968417
-0.01531556,0.07459302,-0.001145829,0.9970959
-0.01531939,0.07118163,-0.001093429,0.9973452
-0.01532672,0.06414706,-0.0009853769,0.9978223
-0.0153302,0.06052421,-0.0009297293,0.9980486
-0.01533353,0.05683074,-0.0008729969,0.9982657
-0.01533671,0.0530664,-0.0008151761,0.9984729
-0.01533974,0.04921473,-0.0007560137,0.9986702
-0.01534525,0.04129843,-0.0006344179,0.9990289
-0.01534771,0.03723635,-0.0005720237,0.9991885
-0.01534994,0.03310207,-0.0005085204,0.999334
-0.01535194,0.02889935,-0.000443966,0.9994644
-0.0153552,0.02028302,-0.0003116177,0.9996763
-0.01535643,0.01586886,-0.0002438153,0.9997562
-0.01535737,0.0113666,-0.0001746597,0.9998175
-0.01535801,0.00677607,-0.0001041485,0.9998592
-0.01535833,0.002135104,-3.286243E-05,0.9998798
-0.01535831,-0.002594928,3.979167E-05,0.9998787
-0.01535721,-0.01226218,0.0001882824,0.9998069
-0.01535609,-0.01720127,0.0002641477,0.9997341
-0.01535457,-0.02220835,0.0003410572,0.9996355
-0.01535264,-0.02730335,0.0004193173,0.9995093
-0.01535027,-0.03246644,0.0004986234,0.9993549
-0.01534415,-0.04299954,0.0006604136,0.998957
-0.01534038,-0.04836961,0.0007428987,0.9987115
-0.01533611,-0.05380603,0.0008264031,0.9984333
-0.0153313,-0.05933005,0.0009112531,0.9981203
-0.01532596,-0.06491981,0.0009971127,0.9977723
-0.01531358,-0.07630263,0.001171955,0.9969665
-0.01530651,-0.08209631,0.001260947,0.996506
-0.0152988,-0.08797432,0.001351234,0.9960043
-0.01529049,-0.09389909,0.00144224,0.9954633
-0.0152815,-0.0999093,0.001534558,0.9948781
-0.0152615,-0.1121237,0.001722173,0.9935756
-0.01525044,-0.1183304,0.001817509,0.9928555
-0.01523865,-0.1246001,0.001913813,0.9920882
-0.01522608,-0.1309527,0.00201139,0.9912697
-0.01521274,-0.1373676,0.002109925,0.9904011
-0.01518366,-0.1503896,0.002309944,0.9885076
-0.01516788,-0.1569944,0.002411396,0.9874801
-0.01515124,-0.1636611,0.002513797,0.9863971
-0.01513369,-0.170406,0.002617401,0.9852542
-0.01511523,-0.177212,0.002721942,0.9840528
-0.01507556,-0.1910011,0.002933745,0.9814697
-0.01505428,-0.1979859,0.003041032,0.9800846
-0.01503197,-0.205044,0.003149447,0.9786323
-0.01500865,-0.2121616,0.003258774,0.977114
-0.01498431,-0.219335,0.003368959,0.9755288
-0.01493243,-0.2338493,0.003591901,0.9721516
-0.01490486,-0.24119,0.003704656,0.9703563
-0.0148761,-0.2486018,0.003818503,0.968484
-0.01484627,-0.2560477,0.003932873,0.9665421
-0.01481528,-0.263546,0.004048048,0.9645246
-0.01474958,-0.2787294,0.004281269,0.9602469
-0.01471489,-0.2863955,0.004399022,0.9579884
-0.01467894,-0.2941096,0.004517512,0.9556484
-0.01464172,-0.3018721,0.004636745,0.9532248
-0.01460311,-0.3096966,0.004756931,0.9507114
-0.01452189,-0.3254819,0.004999397,0.9454236
-0.01447923,-0.3334405,0.005121641,0.942646
-0.01443517,-0.3414412,0.005244534,0.9397777
-0.0143897,-0.3494819,0.005368041,0.9368172
-0.01429442,-0.3656797,0.005616842,0.9306141
-0.01424445,-0.3738527,0.005742381,0.927361
-0.01419288,-0.382076,0.005868692,0.9240033
-0.01413976,-0.3903341,0.005995539,0.9205452
-0.01408508,-0.3986253,0.006122893,0.9169853
-0.01402882,-0.4069468,0.006250713,0.9133227
-0.01391148,-0.4236768,0.00650769,0.9056832
-0.01385035,-0.4320822,0.006636798,0.9017034
-0.01378742,-0.4405304,0.006766564,0.8976063
-0.01372292,-0.4489851,0.00689643,0.8934072
-0.01358862,-0.4659762,0.007157417,0.884664
-0.01351892,-0.4744916,0.007288215,0.8801261
-0.01344716,-0.4830571,0.007419783,0.8754542
-0.01337375,-0.4916195,0.007551303,0.8706747
-0.01329836,-0.5002118,0.007683284,0.8657669
-0.01314234,-0.5173948,0.007947218,0.855609
-0.01306151,-0.5259985,0.008079372,0.8503469
-0.01297848,-0.5346383,0.008212083,0.8449414
-0.01289354,-0.5432802,0.008344824,0.839411
-0.01280663,-0.5519238,0.008477593,0.833753
-0.01271776,-0.5605661,0.00861034,0.8279673
-0.01253403,-0.57784,0.008875672,0.8160056
-0.01243913,-0.5864668,0.009008182,0.8098276
-0.01234204,-0.5950977,0.009140755,0.8035066
-0.01224307,-0.6037006,0.009272899,0.7970632
-0.01214203,-0.6122888,0.009404814,0.790485
-0.01193348,-0.6294273,0.009668066,0.7769076
-0.01182596,-0.6379707,0.009799294,0.7699075
-0.01171611,-0.6465037,0.009930363,0.7627563
-0.01160411,-0.6550099,0.01006102,0.7554643
-0.01148994,-0.6634855,0.01019121,0.7480315
-0.01125504,-0.6803367,0.01045005,0.7327387
-0.01113428,-0.688707,0.01057862,0.7248771
-0.01101113,-0.6970486,0.01070675,0.7168594
-0.01088575,-0.7053465,0.0108342,0.7086964
-0.01075813,-0.7135968,0.01096093,0.7003883
-0.01049612,-0.7299476,0.01121208,0.6833305
-0.01036174,-0.7380406,0.01133639,0.6745816
-0.01022487,-0.7460873,0.01145999,0.6656711
-0.01008653,-0.7540264,0.01158194,0.6566646
-0.009831442,-0.7681736,0.01179924,0.6400573
-0.009831442,-0.7681736,0.01179924,0.6400573
-0.009695064,-0.7754855,0.01191155,0.6311786
-0.009661502,-0.7772587,0.01193879,0.6289936
-0.009661068,-0.7772816,0.01193914,0.6289654
-0.00966223,-0.7772205,0.0119382,0.629041
-0.009664267,-0.7771131,0.01193655,0.6291736
-0.00966737,-0.7769495,0.01193404,0.6293756
-0.009671072,-0.7767541,0.01193104,0.6296167
-0.009675607,-0.7765147,0.01192736,0.629912
-0.009687399,-0.7758913,0.01191779,0.6306797
-0.009687399,-0.7758913,0.01191779,0.6306797
-0.009702927,-0.7750684,0.01190515,0.6316907
-0.009711816,-0.7745964,0.0118979,0.6322694
-0.009721525,-0.77408,0.01188997,0.6329015
-0.009732061,-0.7735187,0.01188134,0.6335874
-0.009756034,-0.7722377,0.01186167,0.6351481
-0.009769453,-0.7715183,0.01185062,0.6360217
-0.009783693,-0.7707531,0.01183887,0.6369488
-0.009798736,-0.7699427,0.01182642,0.6379282
-0.009814594,-0.7690862,0.01181326,0.6389606
-0.009831259,-0.7681835,0.01179939,0.6400456
-0.009867384,-0.7662177,0.0117692,0.6423975
-0.009886655,-0.7651642,0.01175302,0.6436521
-0.009906491,-0.764076,0.0117363,0.6449435
-0.009927115,-0.7629406,0.01171886,0.6462862
-0.009971152,-0.7605027,0.01168142,0.6491531
-0.009994553,-0.7591996,0.0116614,0.6506767
-0.0100187,-0.7578492,0.01164066,0.6522489
-0.01004365,-0.7564487,0.01161915,0.6538728
-0.01006913,-0.7550114,0.01159707,0.6555318
-0.01012279,-0.7519642,0.01155026,0.6590251
-0.01015077,-0.7503638,0.01152568,0.6608465
-0.01017967,-0.7487025,0.01150016,0.6627282
-0.01020931,-0.7469902,0.01147386,0.6646577
-0.01023968,-0.7452261,0.01144677,0.666635
-0.01030261,-0.7415408,0.01139016,0.670732
-0.01033514,-0.7396197,0.01136065,0.6728498
-0.01036838,-0.7376453,0.01133032,0.6750137
-0.01040251,-0.7356058,0.011299,0.6772358
-0.01043733,-0.7335123,0.01126684,0.6795027
-0.01047284,-0.7313638,0.01123384,0.6818146
-0.01054628,-0.7268773,0.01116492,0.6865956
-0.01058399,-0.7245505,0.01112918,0.6890506
-0.01062233,-0.722168,0.01109259,0.6915472
-0.01066133,-0.7197284,0.01105511,0.6940859
-0.01074124,-0.7146747,0.01097749,0.6992884
-0.01078212,-0.7120607,0.01093734,0.70195
-0.01082362,-0.7093875,0.01089628,0.7046514
-0.01086591,-0.7066419,0.0108541,0.7074047
-0.01090879,-0.7038362,0.01081101,0.7101963
-0.01099628,-0.6980419,0.01072201,0.7158922
-0.01104087,-0.6950522,0.01067608,0.7187953
-0.0110862,-0.6919868,0.010629,0.7217469
-0.01113206,-0.6888594,0.01058096,0.7247323
-0.01117845,-0.6856679,0.01053194,0.7277526
-0.01122537,-0.682411,0.01048191,0.7308074
-0.01132089,-0.6756902,0.01037868,0.7370257
-0.01136928,-0.6722376,0.01032565,0.7401761
-0.01141813,-0.6687194,0.0102716,0.7433563
-0.01146743,-0.6651337,0.01021653,0.7465664
-0.01151738,-0.6614658,0.01016019,0.7498181
-0.01161871,-0.6539116,0.01004415,0.7564151
-0.01166988,-0.6500379,0.009984653,0.7597466
-0.01172144,-0.646094,0.009924075,0.7631034
-0.01177355,-0.6420659,0.009862203,0.7664956
-0.01182602,-0.6379653,0.009799215,0.769912
-0.01193234,-0.6295188,0.009669477,0.7768335
-0.01198578,-0.6252007,0.00960315,0.7803129
-0.01203952,-0.6208087,0.009535687,0.7838116
-0.01209354,-0.6163424,0.009467083,0.7873285
-0.01214817,-0.6117725,0.009396889,0.7908847
-0.01225812,-0.6024042,0.00925299,0.7980434
-0.01231326,-0.5976195,0.009179495,0.8016328
-0.01236876,-0.5927415,0.009104569,0.8052464
-0.01242443,-0.5877867,0.009028463,0.8088702
-0.01248042,-0.5827376,0.008950907,0.8125153
-0.01259277,-0.5724006,0.008792127,0.8198302
-0.01264911,-0.5671111,0.00871088,0.8234981
-0.01270551,-0.5617417,0.008628403,0.8271701
-0.01276199,-0.556289,0.00854465,0.830847
-0.01281849,-0.5507553,0.008459651,0.8345254
-0.01293184,-0.5394076,0.008285346,0.8419048
-0.01298848,-0.5336078,0.008196261,0.8455927
-0.01304508,-0.527724,0.008105884,0.849277
-0.0131016,-0.5217553,0.008014204,0.852957
-0.01315817,-0.5156858,0.007920974,0.8566402
-0.01327093,-0.5032899,0.00773057,0.8639812
-0.01332708,-0.4969612,0.007633359,0.8676368
-0.01338305,-0.4905448,0.007534802,0.8712806
-0.0134388,-0.4840419,0.007434917,0.8749101
-0.01349432,-0.4774503,0.007333667,0.8785246
-0.01360483,-0.4639679,0.007126576,0.8857189
-0.01365962,-0.4570924,0.007020966,0.8892866
-0.01371409,-0.4501276,0.006913986,0.8928322
-0.01376818,-0.4430728,0.006805622,0.8963541
-0.01382201,-0.4359117,0.006695627,0.8998584
-0.01392836,-0.4213189,0.006471477,0.9067825
-0.01398085,-0.4138844,0.006357283,0.9101999
-0.01403283,-0.4063603,0.006241712,0.9135839
-0.01408429,-0.3987431,0.006124709,0.9169341
-0.01413519,-0.3910342,0.0060063,0.920248
-0.01423542,-0.3753083,0.005764747,0.9267728
-0.01428457,-0.3673064,0.005641836,0.9299732
-0.01433305,-0.3592134,0.005517526,0.9331291
-0.01438092,-0.3510106,0.005391528,0.9362456
-0.01442804,-0.3427165,0.00526413,0.9393134
-0.01451996,-0.3258469,0.005005009,0.9452978
-0.01456468,-0.3172737,0.004873323,0.9482097
-0.01460855,-0.3086078,0.004740213,0.9510654
-0.01465152,-0.2998496,0.004605686,0.9538629
-0.01469364,-0.2909826,0.004469487,0.9566051
-0.01477496,-0.2729718,0.004192838,0.9618995
-0.01480537,-0.2658972,0.004084171,0.963879
-0.01482659,-0.2608361,0.004006431,0.9652609
-0.01483915,-0.2577923,0.003959678,0.9660783
-0.01484325,-0.256789,0.003944267,0.9663455
-0.01484325,-0.256789,0.003944267,0.9663455
-0.01484325,-0.256789,0.003944267,0.9663455
-0.01484325,-0.256789,0.003944267,0.9663455
-0.01484325,-0.256789,0.003944267,0.9663455
-0.01484325,-0.256789,0.003944267,0.9663455
-0.01484325,-0.256789,0.003944267,0.9663455
-0.01484325,-0.256789,0.003944267,0.9663455
-0.01484325,-0.256789,0.003944267,0.9663455
-0.01484325,-0.256789,0.003944267,0.9663455
-0.01484325,-0.256789,0.003944267,0.9663455
-0.01484325,-0.256789,0.003944267,0.9663455
-0.01484325,-0.256789,0.003944267,0.9663455
-0.01484325,-0.256789,0.003944267,0.9663455
-0.01484325,-0.256789,0.003944267,0.9663455
-0.01484325,-0.256789,0.003944267,0.9663455
-0.01484325,-0.256789,0.003944267,0.9663455
-0.01484325,-0.256789,0.003944267,0.9663455
-0.01484325,-0.256789,0.003944267,0.9663455
-0.01484325,-0.256789,0.003944267,0.9663455
-0.01484325,-0.256789,0.003944267,0.9663455
-0.01484325,-0.256789,0.003944267,0.9663455
-0.01484325,-0.256789,0.003944267,0.9663455
-0.01484325,-0.256789,0.003944267,0.9663455
-0.01484325,-0.256789,0.003944267,0.9663455
-0.01484325,-0.256789,0.003944267,0.9663455
-0.01484325,-0.256789,0.003944267,0.9663455
-0.01484325,-0.256789,0.003944267,0.9663455
-0.01484325,-0.256789,0.003944267,0.9663455
-0.01484325,-0.256789,0.003944267,0.9663455
-0.01484325,-0.256789,0.003944267,0.9663455
-0.01484325,-0.256789,0.003944267,0.9663455
-0.01484325,-0.256789,0.003944267,0.9663455
-0.01484325,-0.256789,0.003944267,0.9663455
-0.01484325,-0.256789,0.003944267,0.9663455
-0.01484325,-0.256789,0.003944267,0.9663455
-0.01484325,-0.256789,0.003944267,0.9663455
-0.01484325,-0.256789,0.003944267,0.9663455
-0.01484325,-0.256789,0.003944267,0.9663455
-0.01484325,-0.256789,0.003944267,0.9663455
-0.01484325,-0.256789,0.003944267,0.9663455
-0.01484325,-0.256789,0.003944267,0.9663455
-0.01484325,-0.256789,0.003944267,0.9663455
-0.01484325,-0.256789,0.003944267,0.9663455
-0.01484325,-0.256789,0.003944267,0.9663455
-0.01484325,-0.256789,0.003944267,0.9663455
-0.01484325,-0.256789,0.003944267,0.9663455
-0.01484325,-0.256789,0.003944267,0.9663455
-0.01484325,-0.256789,0.003944267,0.9663455
-0.01484325,-0.256789,0.003944267,0.9663455
-0.01484325,-0.256789,0.003944267,0.9663455
-0.01484325,-0.256789,0.003944267,0.9663455
-0.01484325,-0.256789,0.003944267,0.9663455
-0.01484325,-0.256789,0.003944267,0.9663455
-0.01484325,-0.256789,0.003944267,0.9663455
-0.01484325,-0.256789,0.003944267,0.9663455
-0.01484325,-0.256789,0.003944267,0.9663455
-0.01484325,-0.256789,0.003944267,0.9663455
-0.01484325,-0.256789,0.003944267,0.9663455
-0.01484325,-0.256789,0.003944267,0.9663455
-0.01484325,-0.256789,0.003944267,0.9663455
-0.01484325,-0.256789,0.003944267,0.9663455
-0.01484325,-0.256789,0.003944267,0.9663455
-0.01484325,-0.256789,0.003944267,0.9663455
-0.01484325,-0.256789,0.003944267,0.9663455
-0.01484325,-0.256789,0.003944267,0.9663455
-0.01484325,-0.256789,0.003944267,0.9663455
-0.01484325,-0.256789,0.003944267,0.9663455
-0.01484325,-0.256789,0.003944267,0.9663455
-0.01484325,-0.256789,0.003944267,0.9663455
-0.01484325,-0.256789,0.003944267,0.9663455
-0.01484325,-0.256789,0.003944267,0.9663455
-0.01484325,-0.256789,0.003944267,0.9663455
-0.01484325,-0.256789,0.003944267,0.9663455
-0.01484325,-0.256789,0.003944267,0.9663455
-0.01484325,-0.256789,0.003944267,0.9663455
-0.01484325,-0.256789,0.003944267,0.9663455
-0.01484325,-0.256789,0.003944267,0.9663455
-0.01484325,-0.256789,0.003944267,0.9663455
-0.01484325,-0.256789,0.003944267,0.9663455
-0.01484325,-0.256789,0.003944267,0.9663455
-0.01484325,-0.256789,0.003944267,0.9663455
-0.01484325,-0.256789,0.003944267,0.9663455
-0.01484325,-0.256789,0.003944267,0.9663455
-0.0148429,-0.2568746,0.003945582,0.9663227
-0.01484235,-0.2570091,0.003947648,0.966287
-0.01484146,-0.2572276,0.003951004,0.9662288
-0.01483869,-0.2579046,0.003961402,0.9660484
-0.01483688,-0.2583446,0.00396816,0.9659308
-0.01483487,-0.2588329,0.003975661,0.9658
-0.01483001,-0.2600116,0.003993766,0.9654834
-0.01482715,-0.2607017,0.004004366,0.9652972
-0.01482393,-0.2614758,0.004016256,0.9650878
-0.01482035,-0.2623364,0.004029476,0.9648542
-0.01481647,-0.2632619,0.004043692,0.9646021
-0.0148123,-0.2642559,0.004058959,0.9643303
-0.01480304,-0.2664457,0.004092596,0.9637275
-0.01479795,-0.2676412,0.004110957,0.9633963
-0.01479248,-0.2689193,0.004130591,0.9630402
-0.0147867,-0.2702641,0.004151247,0.9626638
-0.0147806,-0.2716756,0.004172927,0.9622664
-0.01476741,-0.2746979,0.004219351,0.9614079
-0.01476024,-0.2763268,0.004244371,0.960941
-0.01475281,-0.2780034,0.004270123,0.9604573
-0.01474504,-0.2797457,0.004296886,0.9599513
-0.01473691,-0.2815541,0.004324663,0.9594225
-0.01472828,-0.2834635,0.004353991,0.9588601
-0.01470991,-0.2874781,0.004415657,0.9576641
-0.01470015,-0.2895851,0.004448019,0.9570291
-0.0146901,-0.2917398,0.004481117,0.9563744
-0.01467966,-0.2939585,0.004515197,0.9556948
-0.01465742,-0.2986248,0.004586872,0.9542471
-0.01464569,-0.301055,0.004624201,0.9534832
-0.01463353,-0.3035496,0.004662519,0.9526919
-0.01462087,-0.3061256,0.004702086,0.9518672
-0.01460776,-0.3087659,0.004742641,0.9510141
-0.01459421,-0.3114705,0.004784184,0.9501317
-0.01456556,-0.3171043,0.004870721,0.9482663
-0.01455062,-0.3199984,0.004915175,0.9472936
-0.0145351,-0.3229728,0.004960862,0.9462836
-0.0145191,-0.3260099,0.005007512,0.9452416
-0.01448557,-0.332271,0.005103685,0.943059
-0.01446803,-0.3354951,0.005153207,0.9419167
-0.01444986,-0.3387974,0.00520393,0.940734
-0.01443115,-0.3421613,0.005255601,0.9395158
-0.01441188,-0.345586,0.005308206,0.9382614
-0.01437164,-0.3526179,0.005416217,0.9356413
-0.01435054,-0.356241,0.005471868,0.9342679
-0.01432885,-0.3599233,0.005528429,0.9328555
-0.01430654,-0.3636651,0.005585904,0.9314032
-0.01428361,-0.3674649,0.005644268,0.9299106
-0.01423584,-0.3752411,0.005763713,0.9268
-0.01421096,-0.3792174,0.005824789,0.9251801
-0.0141853,-0.383267,0.005886992,0.9235099
-0.01415897,-0.3873723,0.00595005,0.9217954
-0.01413192,-0.3915353,0.006013995,0.9200349
-0.01407569,-0.4000293,0.006144465,0.9163737
-0.01404647,-0.4043595,0.006210978,0.9144712
-0.01401638,-0.4087601,0.006278573,0.9125127
-0.01398553,-0.4132148,0.006346998,0.9105041
-0.0139539,-0.4177232,0.006416247,0.9084446
-0.01388823,-0.4268982,0.006557177,0.9041693
-0.01385417,-0.4315634,0.006628835,0.9019519
-0.01381915,-0.4362958,0.006701526,0.8996722
-0.01378328,-0.4410786,0.006774991,0.897337
-0.01374655,-0.4459113,0.006849223,0.8949454
-0.01367041,-0.4557241,0.006999949,0.8899886
-0.01363098,-0.4607034,0.007076432,0.8874213
-0.01359049,-0.4657452,0.007153876,0.8847856
-0.01354906,-0.4708338,0.007232037,0.8820883
-0.01350667,-0.475968,0.0073109,0.8793285
-0.01341897,-0.486369,0.007470661,0.8736185
-0.01337347,-0.4916511,0.007551795,0.8706568
-0.01332696,-0.4969757,0.007633581,0.8676286
-0.01327941,-0.5023418,0.007716007,0.8645327
-0.0132308,-0.5077485,0.007799055,0.8613684
-0.01313038,-0.5186803,0.007966968,0.8548303
-0.01307852,-0.5242044,0.00805182,0.851454
-0.01302554,-0.5297658,0.008137244,0.848005
-0.01297113,-0.5353945,0.008223703,0.8444624
-0.01291556,-0.5410584,0.008310701,0.8408448
-0.01280125,-0.5524528,0.00848572,0.8334027
-0.01274214,-0.5582149,0.008574228,0.8295543
-0.01268198,-0.5639917,0.008662961,0.8256376
-0.01262044,-0.5698125,0.00875237,0.8216312
-0.01255765,-0.5756621,0.008842221,0.8175435
-0.01242825,-0.5874436,0.009023187,0.8091194
-0.01236146,-0.5933868,0.009114476,0.8047709
-0.01229336,-0.5993535,0.009206126,0.8003371
-0.01222392,-0.6053433,0.00929813,0.7958163
-0.01215314,-0.6113541,0.009390457,0.7912081
-0.01200749,-0.6234334,0.009575997,0.7817256
-0.01193241,-0.6295131,0.009669384,0.7768381
-0.01185593,-0.6356081,0.009763004,0.7718592
-0.01177803,-0.6417176,0.009856847,0.7667873
-0.01169869,-0.6478398,0.009950886,0.7616218
-0.01153565,-0.6601154,0.01013944,0.7510071
-0.01145174,-0.6662794,0.01023412,0.7455441
-0.01136632,-0.6724496,0.0103289,0.7399836
-0.01130186,-0.677039,0.01039939,0.7357869
-0.011259,-0.6800591,0.01044578,0.7329963
-0.01123783,-0.6815416,0.01046855,0.7316182
-0.01123783,-0.6815416,0.01046855,0.7316182
-0.01123783,-0.6815416,0.01046855,0.7316182
-0.01123783,-0.6815416,0.01046855,0.7316182
-0.01123783,-0.6815416,0.01046855,0.7316182
-0.01123783,-0.6815416,0.01046855,0.7316182
-0.01123783,-0.6815416,0.01046855,0.7316182
-0.01123783,-0.6815416,0.01046855,0.7316182
-0.01123783,-0.6815416,0.01046855,0.7316182
-0.01123783,-0.6815416,0.01046855,0.7316182
-0.01123783,-0.6815416,0.01046855,0.7316182
-0.01123783,-0.6815416,0.01046855,0.7316182
-0.01123783,-0.6815416,0.01046855,0.7316182
-0.01123783,-0.6815416,0.01046855,0.7316182
-0.01123783,-0.6815416,0.01046855,0.7316182
-0.01123783,-0.6815416,0.01046855,0.7316182
-0.01123783,-0.6815416,0.01046855,0.7316182
-0.01123783,-0.6815416,0.01046855,0.7316182
-0.01123783,-0.6815416,0.01046855,0.7316182
-0.01123783,-0.6815416,0.01046855,0.7316182
-0.01123783,-0.6815416,0.01046855,0.7316182
-0.01123783,-0.6815416,0.01046855,0.7316182
-0.01123783,-0.6815416,0.01046855,0.7316182
-0.01123783,-0.6815416,0.01046855,0.7316182
-0.01123783,-0.6815416,0.01046855,0.7316182
-0.01123783,-0.6815416,0.01046855,0.7316182
-0.01123783,-0.6815416,0.01046855,0.7316182
-0.01123783,-0.6815416,0.01046855,0.7316182
-0.01123783,-0.6815416,0.01046855,0.7316182
-0.01123783,-0.6815416,0.01046855,0.7316182
-0.01123783,-0.6815416,0.01046855,0.7316182
-0.01123783,-0.6815416,0.01046855,0.7316182
-0.01123783,-0.6815416,0.01046855,0.7316182
-0.01123783,-0.6815416,0.01046855,0.7316182
-0.01123783,-0.6815416,0.01046855,0.7316182
-0.01123783,-0.6815416,0.01046855,0.7316182
-0.01123783,-0.6815416,0.01046855,0.7316182
-0.01123783,-0.6815416,0.01046855,0.7316182
-0.01123783,-0.6815416,0.01046855,0.7316182
-0.01123783,-0.6815416,0.01046855,0.7316182
-0.01123783,-0.6815416,0.01046855,0.7316182
-0.01123783,-0.6815416,0.01046855,0.7316182
-0.01123783,-0.6815416,0.01046855,0.7316182
-0.01123783,-0.6815416,0.01046855,0.7316182
-0.01123783,-0.6815416,0.01046855,0.7316182
-0.01123783,-0.6815416,0.01046855,0.7316182
-0.01123783,-0.6815416,0.01046855,0.7316182
-0.01123783,-0.6815416,0.01046855,0.7316182
-0.01123783,-0.6815416,0.01046855,0.7316182
-0.01123783,-0.6815416,0.01046855,0.7316182
-0.01123783,-0.6815416,0.01046855,0.7316182
-0.01123783,-0.6815416,0.01046855,0.7316182
-0.01123783,-0.6815416,0.01046855,0.7316182
-0.01123783,-0.6815416,0.01046855,0.7316182
-0.01123783,-0.6815416,0.01046855,0.7316182
-0.01123783,-0.6815416,0.01046855,0.7316182
-0.01123783,-0.6815416,0.01046855,0.7316182
-0.01123783,-0.6815416,0.01046855,0.7316182
-0.01123783,-0.6815416,0.01046855,0.7316182
-0.01123783,-0.6815416,0.01046855,0.7316182
-0.01123783,-0.6815416,0.01046855,0.7316182
-0.01123783,-0.6815416,0.01046855,0.7316182
-0.01123783,-0.6815416,0.01046855,0.7316182
-0.01123783,-0.6815416,0.01046855,0.7316182
-0.01123783,-0.6815416,0.01046855,0.7316182
-0.01123783,-0.6815416,0.01046855,0.7316182
-0.01123783,-0.6815416,0.01046855,0.7316182
-0.01123783,-0.6815416,0.01046855,0.7316182
-0.01123783,-0.6815416,0.01046855,0.7316182
-0.01123783,-0.6815416,0.01046855,0.7316182
-0.01123783,-0.6815416,0.01046855,0.7316182
-0.01123783,-0.6815416,0.01046855,0.7316182
-0.01123783,-0.6815416,0.01046855,0.7316182
-0.01123783,-0.6815416,0.01046855,0.7316182
-0.01123783,-0.6815416,0.01046855,0.7316182
-0.01123783,-0.6815416,0.01046855,0.7316182
-0.01123783,-0.6815416,0.01046855,0.7316182
-0.01123783,-0.6815416,0.01046855,0.7316182
-0.01123783,-0.6815416,0.01046855,0.7316182
-0.01123783,-0.6815416,0.01046855,0.7316182
-0.01123783,-0.6815416,0.01046855,0.7316182
-0.01123783,-0.6815416,0.01046855,0.7316182
-0.01123783,-0.6815416,0.01046855,0.7316182
-0.01123783,-0.6815416,0.01046855,0.7316182
-0.01123783,-0.6815416,0.01046855,0.7316182
-0.01123783,-0.6815416,0.01046855,0.7316182
-0.01123783,-0.6815416,0.01046855,0.7316182
-0.01123783,-0.6815416,0.01046855,0.7316182
-0.01123783,-0.6815416,0.01046855,0.7316182
-0.01123783,-0.6815416,0.01046855,0.7316182
-0.01123783,-0.6815416,0.01046855,0.7316182
-0.01123783,-0.6815416,0.01046855,0.7316182
-0.01123783,-0.6815416,0.01046855,0.7316182
-0.01123783,-0.6815416,0.01046855,0.7316182
-0.01123783,-0.6815416,0.01046855,0.7316182
-0.01123783,-0.6815416,0.01046855,0.7316182
-0.01123783,-0.6815416,0.01046855,0.7316182
-0.01123783,-0.6815416,0.01046855,0.7316182
-0.01123783,-0.6815416,0.01046855,0.7316182
-0.0112369,-0.6816065,0.01046955,0.7315577
-0.01123524,-0.6817225,0.01047133,0.7314496
-0.01122974,-0.6821065,0.01047723,0.7310916
-0.01122591,-0.6823742,0.01048134,0.7308417
-0.01122113,-0.6827068,0.01048645,0.730531
-0.01121563,-0.6830901,0.01049234,0.7301726
-0.0112094,-0.6835229,0.01049899,0.7297675
-0.01120242,-0.6840082,0.01050644,0.7293126
-0.01118606,-0.6851418,0.01052385,0.7282479
-0.01117687,-0.6857772,0.01053362,0.7276495
-0.01116694,-0.6864624,0.01054414,0.7270032
-0.01115608,-0.6872102,0.01055563,0.7262962
-0.01114448,-0.6880082,0.01056788,0.7255404
-0.01111859,-0.689781,0.01059511,0.7238553
-0.01110453,-0.6907405,0.01060985,0.7229396
-0.01108969,-0.6917505,0.01062537,0.7219734
-0.01107428,-0.6927955,0.01064142,0.7209706
-0.01105791,-0.693903,0.01065843,0.7199047
-0.01102268,-0.6962749,0.01069486,0.7176108
-0.011004,-0.6975263,0.01071408,0.7163947
-0.01098453,-0.6988257,0.01073404,0.7151272
-0.01096427,-0.7001724,0.01075473,0.7138087
-0.01092101,-0.7030325,0.01079866,0.7109919
-0.01089818,-0.7045324,0.0108217,0.7095057
-0.01087454,-0.7060788,0.01084545,0.7079667
-0.0108501,-0.707671,0.01086991,0.7063752
-0.01082465,-0.7093209,0.01089525,0.7047184
-0.01077127,-0.7127565,0.01094802,0.7012435
-0.01074334,-0.7145411,0.01097543,0.6994249
-0.01071457,-0.7163697,0.01100352,0.6975519
-0.01068475,-0.7182547,0.01103248,0.6956108
-0.01065409,-0.7201827,0.01106209,0.6936146
-0.01059018,-0.7241668,0.01112329,0.6894538
-0.01055675,-0.7262328,0.01115502,0.6872773
-0.01052243,-0.728341,0.01118741,0.6850427
-0.01048722,-0.73049,0.01122042,0.6827507
-0.01045111,-0.73268,0.01125405,0.6804001
-0.01037603,-0.7371888,0.01132331,0.6755123
-0.01033724,-0.7394952,0.01135874,0.6729866
-0.01029753,-0.7418397,0.01139475,0.6704015
-0.0102567,-0.7442334,0.01143152,0.667743
-0.01021494,-0.7466637,0.01146885,0.6650245
-0.01012859,-0.7516334,0.01154518,0.6594023
-0.01008397,-0.7541716,0.01158417,0.6564978
-0.0100384,-0.7567439,0.01162368,0.6535311
-0.009991664,-0.7593611,0.01166388,0.6504883
-0.009943935,-0.7620119,0.0117046,0.6473809
-0.009845518,-0.7674093,0.01178751,0.6409736
-0.009794604,-0.7701657,0.01182985,0.6376589
-0.00974268,-0.7729521,0.01187265,0.6342784
-0.009689736,-0.7757678,0.0119159,0.6308316
-0.009635776,-0.7786113,0.01195957,0.6273186
-0.009580788,-0.7814822,0.01200367,0.6237386
-0.009467215,-0.7873266,0.01209344,0.6163447
-0.009409071,-0.7902755,0.01213874,0.6125593
-0.009349622,-0.7932602,0.01218458,0.608689
-0.009289099,-0.7962682,0.01223079,0.6047487
-0.009227501,-0.7992981,0.01227733,0.6007385
-0.009100786,-0.8054323,0.01237155,0.5924889
-0.009035883,-0.8085235,0.01241903,0.5882635
-0.008969647,-0.8116435,0.01246696,0.5839512
-0.008902291,-0.8147805,0.01251514,0.5795661
-0.008764132,-0.8211044,0.01261228,0.5705714
-0.008693108,-0.8242983,0.01266134,0.5659475
-0.00862093,-0.8275049,0.01271059,0.5612485
-0.008547572,-0.830724,0.01276004,0.5564727
-0.008473037,-0.8339541,0.01280965,0.5516201
-0.008320412,-0.8404421,0.01290931,0.5416837
-0.008242295,-0.8436983,0.01295933,0.536598
-0.008162973,-0.8469606,0.01300944,0.5314339
-0.008082431,-0.8502283,0.01305963,0.5261902
-0.00800019,-0.8535186,0.01311017,0.5208361
-0.007916715,-0.8568112,0.01316074,0.5154015
-0.007746029,-0.8633983,0.01326192,0.5042892
-0.007659075,-0.86668,0.01331233,0.4986282
-0.007570597,-0.8699686,0.01336285,0.492868
-0.007480623,-0.8732612,0.01341342,0.4870104
-0.007389374,-0.8765479,0.01346391,0.4810697
-0.007203034,-0.8830974,0.01356451,0.4689383
-0.007107908,-0.8863583,0.01361459,0.4627453
-0.007011741,-0.8895988,0.01366437,0.4564845
-0.006913768,-0.8928431,0.0137142,0.4501061
-0.006714404,-0.8992689,0.01381291,0.4371268
-0.006612738,-0.902456,0.01386186,0.430508
-0.006509746,-0.9056243,0.01391053,0.4238028
-0.006405421,-0.9087717,0.01395887,0.4170108
-0.006299494,-0.9119046,0.01400699,0.4101147
-0.006192218,-0.9150136,0.01405475,0.4031306
-0.005973144,-0.9211654,0.01414924,0.3888681
-0.005861572,-0.9241982,0.01419582,0.3816043
-0.00574865,-0.9271996,0.01424193,0.3742527
