0.01459851,0.3106183,-0.004771083,-0.9504107
0.01459851,0.3106183,-0.004771083,-0.9504107
0.01459851,0.3106183,-0.004771083,-0.9504107
0.01459851,0.3106183,-0.004771083,-0.9504107
0.01459851,0.3106183,-0.004771083,-0.9504107
0.01459851,0.3106183,-0.004771083,-0.9504107
0.01459851,0.3106183,-0.004771083,-0.9504107
0.01459851,0.3106183,-0.004771083,-0.9504107
0.01459851,0.3106183,-0.004771083,-0.9504107
0.01459851,0.3106183,-0.004771083,-0.9504107
0.01459851,0.3106183,-0.004771083,-0.9504107
0.01459851,0.3106183,-0.004771083,-0.9504107
0.01459851,0.3106183,-0.004771083,-0.9504107
0.01459851,0.3106183,-0.004771083,-0.9504107
0.01459851,0.3106183,-0.004771083,-0.9504107
0.01459851,0.3106183,-0.004771083,-0.9504107
0.01459851,0.3106183,-0.004771083,-0.9504107
0.01459851,0.3106183,-0.004771083,-0.9504107
0.01459851,0.3106183,-0.004771083,-0.9504107
0.01459851,0.3106183,-0.004771083,-0.9504107
0.01459851,0.3106183,-0.004771083,-0.9504107
0.01459851,0.3106183,-0.004771083,-0.9504107
0.01459851,0.3106183,-0.004771083,-0.9504107
0.01459851,0.3106183,-0.004771083,-0.9504107
0.01459851,0.3106183,-0.004771083,-0.9504107
0.01459851,0.3106183,-0.004771083,-0.9504107
0.01459851,0.3106183,-0.004771083,-0.9504107
0.01459851,0.3106183,-0.004771083,-0.9504107
0.01459851,0.3106183,-0.004771083,-0.9504107
0.01459851,0.3106183,-0.004771083,-0.9504107
0.01459851,0.3106183,-0.004771083,-0.9504107
0.01459851,0.3106183,-0.004771083,-0.9504107
0.01459851,0.3106183,-0.004771083,-0.9504107
0.01459851,0.3106183,-0.004771083,-0.9504107
0.01459851,0.3106183,-0.004771083,-0.9504107
0.01459851,0.3106183,-0.004771083,-0.9504107
0.01459851,0.3106183,-0.004771083,-0.9504107
0.01459851,0.3106183,-0.004771083,-0.9504107
0.01459851,0.3106183,-0.004771083,-0.9504107
0.01459851,0.3106183,-0.004771083,-0.9504107
0.01459825,0.3106693,-0.004771867,-0.950394
0.01459767,0.3107851,-0.004773646,-0.9503561
0.01459667,0.3109854,-0.004776723,-0.9502906
0.01459348,0.3116179,-0.004786439,-0.9500834
0.01459148,0.3120158,-0.004792551,-0.9499528
0.01458905,0.312497,-0.004799941,-0.9497947
0.01458628,0.3130443,-0.004808349,-0.9496143
0.01458317,0.313658,-0.004817775,-0.9494118
0.01457583,0.3151008,-0.004839936,-0.948934
0.01457168,0.3159123,-0.004852402,-0.9486641
0.0145671,0.3168067,-0.004866139,-0.9483658
0.01456217,0.3177669,-0.004880889,-0.9480445
0.01455122,0.3198849,-0.004913421,-0.947332
0.01454511,0.3210602,-0.004931473,-0.9469343
0.01453864,0.3223009,-0.00495053,-0.9465128
0.0145318,0.3236056,-0.004970571,-0.9460675
0.01452458,0.3249772,-0.00499164,-0.9455972
0.01451689,0.3264294,-0.005013946,-0.9450969
0.01450044,0.3295136,-0.005061319,-0.9440259
0.01449168,0.3311441,-0.005086364,-0.9434552
0.01448251,0.3328394,-0.005112404,-0.9428585
0.01447284,0.3346173,-0.005139714,-0.942229
0.01446276,0.3364597,-0.005168013,-0.9415727
0.01444117,0.3403686,-0.005228055,-0.9401667
0.01442971,0.3424209,-0.005259579,-0.9394212
0.01441792,0.34452,-0.005291821,-0.9386534
0.0144056,0.3466977,-0.005325271,-0.9378513
0.01437959,0.3512448,-0.005395115,-0.9361577
0.01436588,0.3536132,-0.005431495,-0.9352656
0.01435171,0.3560444,-0.005468839,-0.9343429
0.01433705,0.3585382,-0.005507143,-0.9333888
0.01432181,0.361111,-0.005546662,-0.9323964
0.01428982,0.3664429,-0.005628562,-0.9303138
0.01427306,0.3692015,-0.005670934,-0.9292225
0.01425567,0.3720379,-0.005714503,-0.9280905
0.01423775,0.3749353,-0.005759008,-0.9269238
0.01421928,0.3778944,-0.00580446,-0.9257213
0.01418068,0.3839939,-0.005898149,-0.9232079
0.01416052,0.387134,-0.005946383,-0.9218956
0.01413967,0.39035,-0.00599578,-0.9205385
0.01411812,0.3936426,-0.006046355,-0.9191352
0.01409596,0.3969936,-0.006097828,-0.9176929
0.01404991,0.4038547,-0.006203216,-0.9146942
0.01402598,0.407364,-0.00625712,-0.9131367
0.01400141,0.410931,-0.006311909,-0.9115371
0.01397607,0.4145711,-0.006367821,-0.9098873
0.01395006,0.4182678,-0.006424604,-0.9081939
0.01389598,0.4258306,-0.00654077,-0.9046726
0.01386776,0.429711,-0.006600373,-0.9028358
0.01383883,0.4336469,-0.006660831,-0.900952
0.01380916,0.437637,-0.006722119,-0.8990206
0.01377875,0.4416812,-0.006784239,-0.8970406
0.01371564,0.4499297,-0.006910937,-0.892932
0.01368279,0.4541488,-0.006975743,-0.8907936
0.01364915,0.4584188,-0.007041332,-0.8886036
0.0136147,0.462741,-0.007107723,-0.8863605
0.01357942,0.4671141,-0.007174894,-0.8840637
0.01350635,0.4760084,-0.007311512,-0.8793066
0.01346852,0.4805302,-0.007380969,-0.8768437
0.01342969,0.4851149,-0.007451391,-0.8743156
0.01338982,0.4897641,-0.007522803,-0.8717197
0.01334903,0.4944603,-0.007594938,-0.8690646
0.01326484,0.5039728,-0.007741051,-0.863583
0.01322139,0.5087885,-0.007815022,-0.8607545
0.01317685,0.5136627,-0.00788989,-0.8578547
0.01313131,0.5185818,-0.007965448,-0.85489
0.0130848,0.5235415,-0.00804163,-0.8518618
0.01303713,0.5285581,-0.008118687,-0.8487582
0.0129387,0.5387121,-0.008274655,-0.8423499
0.0128879,0.5438485,-0.008353551,-0.8390429
0.01283604,0.5490226,-0.008433026,-0.8356664
0.01278309,0.554234,-0.008513073,-0.8322192
0.01272905,0.5594805,-0.008593661,-0.8287013
0.0126173,0.5701084,-0.00875691,-0.8214259
0.01255971,0.5754735,-0.008839319,-0.8176762
0.01250096,0.5808699,-0.008922208,-0.8138515
0.01244088,0.5863113,-0.00900579,-0.8099403
0.01237961,0.5917826,-0.009089831,-0.8059513
0.01225341,0.6028121,-0.009259246,-0.7977353
0.01218846,0.6083679,-0.009344585,-0.7935065
0.01212225,0.6139491,-0.009430313,-0.7891962
0.01205461,0.6195679,-0.009516618,-0.7847928
0.0119857,0.6252095,-0.009603276,-0.7803059
0.01184395,0.6365558,-0.009777557,-0.7710777
0.01177109,0.6422586,-0.009865154,-0.7663342
0.01169688,0.6479795,-0.009953029,-0.7615029
0.01162133,0.6537156,-0.01004114,-0.7565845
0.01154442,0.6594666,-0.01012947,-0.751577
0.01138604,0.6710359,-0.01030718,-0.7412658
0.01130472,0.6768382,-0.01039631,-0.7359716
0.0112218,0.6826614,-0.01048575,-0.7305735
0.01113743,0.688493,-0.01057533,-0.7250803
0.0109647,0.7001454,-0.01075431,-0.7138352
0.01087612,0.7059773,-0.01084389,-0.708068
0.01078583,0.7118241,-0.0109337,-0.7021899
0.01069384,0.7176824,-0.01102368,-0.6962011
0.01060032,0.7235388,-0.01111364,-0.6901129
0.01050528,0.7293907,-0.01120353,-0.6839249
0.01031054,0.7410749,-0.011383,-0.6712467
0.01021082,0.7469039,-0.01147254,-0.6647546
0.01010951,0.7527224,-0.01156191,-0.658159
0.01000661,0.7585279,-0.01165108,-0.6514597
0.009901879,0.7643307,-0.01174021,-0.6446416
0.009687558,0.7758841,-0.01191768,-0.6306885
0.009577936,0.7816312,-0.01200595,-0.6235518
0.00946647,0.7873657,-0.01209404,-0.616295
0.009353328,0.793076,-0.01218175,-0.608929
0.009238522,0.7987593,-0.01226905,-0.6014547
0.009003863,0.810037,-0.01244228,-0.5861776
0.008911108,0.8143727,-0.01250887,-0.580139
0.008844835,0.8174291,-0.01255582,-0.5758244
0.008812299,0.8189172,-0.01257868,-0.5737062
0.008807133,0.8191527,-0.0125823,-0.5733699
0.00885213,0.8170944,-0.01255068,-0.5762993
0.008875901,0.8160007,-0.01253388,-0.5778468
0.008900724,0.8148538,-0.01251626,-0.5794629
0.008926378,0.8136636,-0.01249798,-0.5811331
0.008979973,0.8111602,-0.01245953,-0.5846224
0.009008107,0.809837,-0.0124392,-0.586454
0.009037068,0.8084683,-0.01241818,-0.5883394
0.009066843,0.807054,-0.01239646,-0.5902779
0.009097435,0.8055936,-0.01237402,-0.5922695
0.009128826,0.804087,-0.01235088,-0.5943132
0.009194449,0.8009117,-0.01230211,-0.5985855
0.009228461,0.799252,-0.01227662,-0.6007999
0.009263252,0.7975443,-0.01225038,-0.6030648
0.00929903,0.7957777,-0.01222325,-0.6053941
0.009335575,0.7939621,-0.01219536,-0.6077733
0.009410963,0.7901808,-0.01213728,-0.6126814
0.00944979,0.7882144,-0.01210707,-0.6152092
0.009489364,0.7861967,-0.01207608,-0.6177855
0.009529675,0.7841274,-0.01204429,-0.62041
0.009570715,0.7820059,-0.01201171,-0.6230818
0.009655392,0.7775816,-0.01194375,-0.6285945
0.009698795,0.7752888,-0.01190853,-0.6314202
0.009742899,0.7729415,-0.01187248,-0.6342915
0.009787686,0.7705395,-0.01183558,-0.6372073
0.009833365,0.7680705,-0.01179766,-0.6401811
0.009879719,0.7655451,-0.01175887,-0.643199
0.009974857,0.7602981,-0.01167827,-0.6493928
0.0100234,0.7575873,-0.01163663,-0.6525533
0.01007258,0.7548176,-0.01159409,-0.655755
0.01012216,0.7520012,-0.01155083,-0.6589829
0.01022359,0.7461627,-0.01146115,-0.6655865
0.0102754,0.7431403,-0.01141472,-0.6689594
0.01032779,0.7400559,-0.01136735,-0.67237
0.01038077,0.7369077,-0.01131899,-0.675819
0.01043429,0.7336965,-0.01126966,-0.6793037
0.01054299,0.7270808,-0.01116804,-0.68638
0.01059832,0.723663,-0.01111555,-0.6899827
0.01065416,0.7201792,-0.01106203,-0.6936182
0.01071051,0.7166279,-0.01100748,-0.6972867
0.01076734,0.713009,-0.0109519,-0.7009867
0.01082465,0.7093218,-0.01089526,-0.7047175
0.01094102,0.7017139,-0.0107784,-0.7122934
0.01097704,0.699325,-0.01074171,-0.7146389
0.01099058,0.6984234,-0.01072786,-0.71552
0.01099058,0.6984234,-0.01072786,-0.71552
0.01099058,0.6984234,-0.01072786,-0.71552
0.01099154,0.6983595,-0.01072688,-0.7155824
0.01099324,0.6982458,-0.01072513,-0.7156934
0.01099569,0.6980823,-0.01072262,-0.7158528
0.01099889,0.6978688,-0.01071934,-0.7160609
0.01100749,0.6972939,-0.01071051,-0.7166208
0.01101292,0.6969304,-0.01070493,-0.7169743
0.01101909,0.6965171,-0.01069858,-0.7173759
0.0110262,0.6960399,-0.01069125,-0.7178389
0.01103385,0.6955259,-0.01068335,-0.7183369
0.01105174,0.6943207,-0.01066484,-0.7195019
0.0110618,0.6936416,-0.01065441,-0.7201566
0.01107259,0.6929117,-0.0106432,-0.7208589
0.01108429,0.692118,-0.01063101,-0.7216209
0.01109673,0.6912727,-0.01061802,-0.7224308
0.01112375,0.6894295,-0.01058971,-0.72419
0.01113836,0.6884291,-0.01057435,-0.725141
0.01115386,0.6873643,-0.01055799,-0.7261505
0.01117009,0.6862469,-0.01054083,-0.7272066
0.01120424,0.683883,-0.01050452,-0.7294301
0.01120424,0.683883,-0.01050452,-0.7294301
0.01124177,0.6812674,-0.01046434,-0.7318736
0.01126148,0.6798865,-0.01044313,-0.7331566
0.01128187,0.6784521,-0.0104211,-0.7344841
0.01130314,0.6769502,-0.01039803,-0.7358686
0.01132509,0.6753929,-0.01037411,-0.7372982
0.01137136,0.6720901,-0.01032338,-0.7403102
0.01139548,0.6703561,-0.01029674,-0.7418807
0.01142025,0.6685671,-0.01026926,-0.7434933
0.01144567,0.666722,-0.01024092,-0.7451483
0.01147174,0.6648203,-0.01021171,-0.7468454
0.01152613,0.6608212,-0.01015028,-0.7503862
0.01155426,0.6587354,-0.01011825,-0.7522179
0.01158302,0.6565914,-0.01008531,-0.7540901
0.01161219,0.6544037,-0.01005171,-0.7559893
0.01167268,0.6498262,-0.009981398,-0.7599277
0.01170381,0.6474489,-0.009944881,-0.7619541
0.01173552,0.6450115,-0.009907442,-0.7640185
0.01176797,0.6425008,-0.009868877,-0.7661312
0.01180098,0.6399295,-0.009829381,-0.7682802
0.01186864,0.6346033,-0.009747569,-0.7726854
0.01190328,0.6318478,-0.009705245,-0.7749403
0.0119386,0.6290168,-0.00966176,-0.77724
0.01197445,0.6261223,-0.0096173,-0.7795737
0.01201079,0.623165,-0.009571875,-0.7819397
0.01208495,0.6170576,-0.009478064,-0.786768
0.01212291,0.6138942,-0.009429472,-0.789239
0.01216133,0.6106648,-0.009379868,-0.7917403
0.01220019,0.6073701,-0.00932926,-0.7942706
0.0122395,0.6040088,-0.00927763,-0.7968297
0.01231938,0.5970863,-0.009171298,-0.80203
0.01235992,0.5935241,-0.009116581,-0.8046697
0.01240102,0.5898799,-0.009060605,-0.807345
0.01244249,0.586167,-0.009003574,-0.8100447
0.0124843,0.5823858,-0.008945494,-0.8127673
0.0125068,0.5803366,-0.008914017,-0.8142319
0.0125068,0.5803366,-0.008914017,-0.8142319
0.0125068,0.5803366,-0.008914017,-0.8142319
0.0125068,0.5803366,-0.008914017,-0.8142319
0.0125068,0.5803366,-0.008914017,-0.8142319
0.0125068,0.5803366,-0.008914017,-0.8142319
0.01250602,0.580408,-0.008915114,-0.814181
0.01250461,0.580537,-0.008917096,-0.8140891
0.01250257,0.5807227,-0.00891995,-0.8139566
0.01249991,0.5809659,-0.008923685,-0.813783
0.01249663,0.5812649,-0.008928278,-0.8135695
0.01248787,0.5820618,-0.008940518,-0.8129995
0.01248255,0.5825452,-0.008947943,-0.8126532
0.0124766,0.583085,-0.008956235,-0.812266
0.01247003,0.5836807,-0.008965385,-0.8118381
0.01246281,0.5843334,-0.008975411,-0.8113683
0.01244615,0.5858367,-0.008998502,-0.8102836
0.01243686,0.5866725,-0.009011341,-0.8096786
0.01242694,0.5875629,-0.009025017,-0.8090327
0.01241622,0.5885227,-0.009039761,-0.8083348
0.01239296,0.590597,-0.009071622,-0.8068205
0.01238044,0.591709,-0.009088703,-0.8060053
0.01236726,0.5928761,-0.00910663,-0.8051472
0.01235324,0.5941136,-0.009125639,-0.8042346
0.0123384,0.5954192,-0.009145692,-0.8032685
0.0123229,0.5967785,-0.009166572,-0.8022591
0.01228983,0.5996613,-0.009210852,-0.8001065
0.01227227,0.6011838,-0.009234238,-0.7989631
0.01225403,0.6027586,-0.009258428,-0.7977758
0.01223508,0.6043881,-0.009283457,-0.796542
0.01221527,0.6060842,-0.00930951,-0.7952523
0.01217351,0.6096351,-0.009364052,-0.7925335
0.01215154,0.6114895,-0.009392535,-0.7911035
0.01212886,0.6133953,-0.009421809,-0.7896267
0.01210529,0.615366,-0.009452079,-0.7880919
0.01208098,0.6173872,-0.009483125,-0.7865096
0.01203014,0.6215809,-0.009547541,-0.7831994
0.01200358,0.6237531,-0.009580907,-0.7814705
0.01197626,0.6259748,-0.009615034,-0.779692
0.01194818,0.6282454,-0.009649909,-0.7778637
0.01188965,0.6329339,-0.009721927,-0.7740536
0.01185904,0.6353638,-0.00975925,-0.7720603
0.01182762,0.6378407,-0.009797296,-0.7700151
0.0117954,0.6403645,-0.009836061,-0.7679176
0.01176236,0.6429352,-0.009875548,-0.7657666
0.0116938,0.6482146,-0.009956641,-0.7613028
0.01165809,0.6509352,-0.00999843,-0.758978
0.01162152,0.6537011,-0.01004091,-0.7565969
0.01158409,0.6565107,-0.01008407,-0.7541604
0.01154581,0.659363,-0.01012788,-0.7516679
0.01150664,0.6622584,-0.01017236,-0.7491181
0.0114253,0.6682008,-0.01026363,-0.7438225
0.01138328,0.6712334,-0.01031021,-0.741087
0.01134034,0.6743069,-0.01035742,-0.7382916
0.0112963,0.677433,-0.01040544,-0.7354242
0.01125134,0.6805974,-0.01045405,-0.7324967
0.01115873,0.6870292,-0.01055284,-0.7264674
0.0111111,0.6902934,-0.01060298,-0.7233666
0.01106231,0.6936065,-0.01065387,-0.7201904
0.01101234,0.6969684,-0.01070551,-0.7169374
0.01096139,0.7003642,-0.01075767,-0.7136204
0.01085648,0.7072566,-0.01086354,-0.7067901
0.01080248,0.7107526,-0.01091724,-0.7032744
0.01074725,0.7142925,-0.01097161,-0.6996787
0.01069119,0.7178491,-0.01102624,-0.6960294
0.01057591,0.725051,-0.01113687,-0.6885239
0.01051646,0.7287067,-0.01119302,-0.6846538
0.01045595,0.7323884,-0.01124957,-0.680714
0.01039432,0.7360972,-0.01130654,-0.6767015
0.01033139,0.7398428,-0.01136408,-0.6726044
0.0102026,0.7473792,-0.01147984,-0.6642202
0.01013631,0.7511928,-0.01153842,-0.6599042
0.01006887,0.7550272,-0.01159731,-0.6555136
0.01000027,0.7588813,-0.01165651,-0.6510478
0.009930505,0.7627546,-0.01171601,-0.6465057
0.009859351,0.7666569,-0.01177595,-0.6418733
0.009713459,0.7745101,-0.01189658,-0.6323751
0.009638704,0.7784584,-0.01195722,-0.6275083
0.00956253,0.7824301,-0.01201823,-0.6225491
0.009485131,0.7864131,-0.01207941,-0.6175101
0.009406483,0.7904068,-0.01214075,-0.6123899
0.009245456,0.7984189,-0.01226382,-0.6019065
0.009163046,0.8024354,-0.01232552,-0.5965413
0.009079156,0.8064669,-0.01238744,-0.5910798
0.008993964,0.8105028,-0.01244943,-0.5855334
0.008907466,0.8145413,-0.01251147,-0.5799022
0.008730554,0.8226197,-0.01263555,-0.5683845
0.00864011,0.8266572,-0.01269757,-0.5624963
0.008548358,0.8306903,-0.01275952,-0.5565229
0.008455046,0.8347283,-0.01282154,-0.5504479
0.008360369,0.8387603,-0.01288348,-0.5442842
0.008166943,0.846799,-0.01300695,-0.5316914
0.008067936,0.8508121,-0.01306859,-0.5252457
0.007967802,0.8548023,-0.01312989,-0.5187266
0.00786605,0.8587872,-0.01319109,-0.5121022
0.007658553,0.8666999,-0.01331264,-0.4985935
0.007552573,0.8706328,-0.01337305,-0.4916938
0.007445179,0.8745445,-0.01343313,-0.4847021
0.007336146,0.8784412,-0.01349299,-0.4776037
0.007225679,0.8823134,-0.01355247,-0.4704119
0.007113785,0.8861588,-0.01361153,-0.4631272
0.00688566,0.8937636,-0.01372834,-0.4482754
0.006769422,0.8975192,-0.01378603,-0.440708
0.006651489,0.9012487,-0.01384332,-0.4330301
0.006532373,0.9049338,-0.01389992,-0.4252752
0.006411796,0.9085815,-0.01395595,-0.4174253
0.006165766,0.9157706,-0.01406638,-0.4014078
0.006040549,0.9193009,-0.0141206,-0.3932558
0.005913616,0.9227921,-0.01417423,-0.384992
0.005785236,0.9262348,-0.01422711,-0.376634
0.005655355,0.9296283,-0.01427924,-0.3681783
0.005391208,0.9362565,-0.01438105,-0.3509814
0.005256948,0.9394868,-0.01443067,-0.3422406
0.005121223,0.9426588,-0.01447939,-0.3334045
0.004984022,0.9457706,-0.01452719,-0.3244722
0.004845365,0.9488195,-0.01457402,-0.3154452
0.004563145,0.9547317,-0.01466484,-0.2970716
0.004419847,0.9575847,-0.01470866,-0.2877425
0.004275098,0.960366,-0.01475138,-0.2783188
0.004128635,0.9630782,-0.01479304,-0.2687835
0.003980742,0.9657136,-0.01483352,-0.2591552
0.003777753,0.9691634,-0.01488651,-0.2459399
0.003723128,0.9700589,-0.01490027,-0.2423836
0.003699513,0.9704418,-0.01490615,-0.2408462
0.003699513,0.9704418,-0.01490615,-0.2408462
0.003699513,0.9704418,-0.01490615,-0.2408462
0.003699513,0.9704418,-0.01490615,-0.2408462
0.003699513,0.9704418,-0.01490615,-0.2408462
0.003699513,0.9704418,-0.01490615,-0.2408462
0.003699513,0.9704418,-0.01490615,-0.2408462
0.003699513,0.9704418,-0.01490615,-0.2408462
0.003700564,0.9704248,-0.01490589,-0.2409146
0.003702638,0.9703913,-0.01490538,-0.2410497
0.003705758,0.9703408,-0.0149046,-0.2412528
0.0037102,0.9702688,-0.0149035,-0.241542
0.003715653,0.9701804,-0.01490214,-0.241897
0.003722186,0.9700742,-0.01490051,-0.2423223
0.003738879,0.9698021,-0.01489633,-0.2434091
0.003748491,0.9696449,-0.01489391,-0.2440349
0.0037594,0.9694659,-0.01489116,-0.2447451
0.003771352,0.9692691,-0.01488814,-0.2455231
0.003784366,0.9690541,-0.01488484,-0.2463704
0.003814018,0.9685612,-0.01487727,-0.2483009
0.003830111,0.9682921,-0.01487313,-0.2493486
0.003847524,0.9679994,-0.01486864,-0.2504822
0.003865937,0.9676884,-0.01486386,-0.2516809
0.003885414,0.9673578,-0.01485878,-0.2529489
0.003927687,0.9666339,-0.01484766,-0.255701
0.003950523,0.9662394,-0.0148416,-0.2571878
0.003974376,0.9658247,-0.01483523,-0.2587407
0.003999247,0.9653895,-0.01482855,-0.2603599
0.004052056,0.9644557,-0.0148142,-0.263798
0.004080261,0.9639516,-0.01480646,-0.2656342
0.00410948,0.9634254,-0.01479838,-0.2675365
0.004139699,0.9628769,-0.01478995,-0.2695038
0.004170936,0.9623053,-0.01478117,-0.2715374
0.004203178,0.9617106,-0.01477204,-0.2736365
0.004271239,0.9604388,-0.0147525,-0.2780675
0.004306756,0.9597663,-0.01474217,-0.2803798
0.004343308,0.9590679,-0.01473144,-0.2827594
0.004380575,0.9583493,-0.01472041,-0.2851857
0.004419103,0.9575993,-0.01470888,-0.2876939
0.004499418,0.9560128,-0.01468452,-0.2929227
0.004540928,0.9551806,-0.01467173,-0.2956251
0.004583681,0.9543147,-0.01465843,-0.2984085
0.004627437,0.9534193,-0.01464468,-0.3012572
0.00471788,0.9515387,-0.01461579,-0.3071454
0.004764816,0.950547,-0.01460056,-0.310201
0.004812714,0.9495237,-0.01458484,-0.3133194
0.004861588,0.9484677,-0.01456862,-0.3165013
0.004911421,0.9473789,-0.0145519,-0.3197456
0.005013923,0.9451005,-0.0145169,-0.3264188
0.005066591,0.9439092,-0.0144986,-0.3298477
0.005120463,0.9426763,-0.01447966,-0.3333549
0.005175266,0.941407,-0.01446017,-0.3369229
0.005230997,0.9401006,-0.0144401,-0.3405511
0.005287676,0.9387558,-0.01441944,-0.3442411
0.00540403,0.9359431,-0.01437624,-0.3518162
0.005463461,0.9344796,-0.01435376,-0.3556854
0.005524036,0.932969,-0.01433055,-0.359629
0.005585514,0.9314163,-0.0143067,-0.3636314
0.005711154,0.9281814,-0.01425701,-0.371811
0.005775289,0.9264979,-0.01423116,-0.3759864
0.005840554,0.9247622,-0.01420449,-0.3802354
0.005906694,0.9229801,-0.01417712,-0.3845413
0.005973706,0.9211501,-0.01414901,-0.3889041
0.00604155,0.919273,-0.01412018,-0.393321
0.006180243,0.915357,-0.01406003,-0.4023504
0.00625085,0.9133226,-0.01402878,-0.4069472
0.006322265,0.9112368,-0.01399674,-0.4115965
0.006394509,0.9090977,-0.01396388,-0.4162999
0.006430368,0.908025,-0.0139474,-0.4186344
0.006436861,0.90783,-0.01394441,-0.4190571
0.006436861,0.90783,-0.01394441,-0.4190571
0.006436861,0.90783,-0.01394441,-0.4190571
0.006436861,0.90783,-0.01394441,-0.4190571
0.006436861,0.90783,-0.01394441,-0.4190571
0.006436861,0.90783,-0.01394441,-0.4190571
0.006436861,0.90783,-0.01394441,-0.4190571
0.006436861,0.90783,-0.01394441,-0.4190571
0.006436861,0.90783,-0.01394441,-0.4190571
0.006436861,0.90783,-0.01394441,-0.4190571
0.006436861,0.90783,-0.01394441,-0.4190571
0.006436861,0.90783,-0.01394441,-0.4190571
0.006436861,0.90783,-0.01394441,-0.4190571
0.006436861,0.90783,-0.01394441,-0.4190571
0.006436861,0.90783,-0.01394441,-0.4190571
0.006436861,0.90783,-0.01394441,-0.4190571
0.006436861,0.90783,-0.01394441,-0.4190571
0.006436861,0.90783,-0.01394441,-0.4190571
0.006436861,0.90783,-0.01394441,-0.4190571
0.006436861,0.90783,-0.01394441,-0.4190571
0.006436861,0.90783,-0.01394441,-0.4190571
0.006436861,0.90783,-0.01394441,-0.4190571
0.006436861,0.90783,-0.01394441,-0.4190571
0.006436861,0.90783,-0.01394441,-0.4190571
0.006436861,0.90783,-0.01394441,-0.4190571
0.006436861,0.90783,-0.01394441,-0.4190571
0.006436861,0.90783,-0.01394441,-0.4190571
0.006436861,0.90783,-0.01394441,-0.4190571
0.006436861,0.90783,-0.01394441,-0.4190571
0.006436861,0.90783,-0.01394441,-0.4190571
0.006436861,0.90783,-0.01394441,-0.4190571
0.006436861,0.90783,-0.01394441,-0.4190571
0.006436861,0.90783,-0.01394441,-0.4190571
0.006436861,0.90783,-0.01394441,-0.4190571
0.006436861,0.90783,-0.01394441,-0.4190571
0.006436861,0.90783,-0.01394441,-0.4190571
0.006436861,0.90783,-0.01394441,-0.4190571
0.006436861,0.90783,-0.01394441,-0.4190571
0.006436861,0.90783,-0.01394441,-0.4190571
0.006436861,0.90783,-0.01394441,-0.4190571
0.006436861,0.90783,-0.01394441,-0.4190571
0.006436861,0.90783,-0.01394441,-0.4190571
0.006436861,0.90783,-0.01394441,-0.4190571
0.006436861,0.90783,-0.01394441,-0.4190571
0.006436861,0.90783,-0.01394441,-0.4190571
0.006436861,0.90783,-0.01394441,-0.4190571
0.006436861,0.90783,-0.01394441,-0.4190571
0.006436861,0.90783,-0.01394441,-0.4190571
0.006436861,0.90783,-0.01394441,-0.4190571
0.006436861,0.90783,-0.01394441,-0.4190571
0.006436861,0.90783,-0.01394441,-0.4190571
0.006436861,0.90783,-0.01394441,-0.4190571
0.006436861,0.90783,-0.01394441,-0.4190571
0.006436861,0.90783,-0.01394441,-0.4190571
0.006436861,0.90783,-0.01394441,-0.4190571
0.006436861,0.90783,-0.01394441,-0.4190571
0.006436861,0.90783,-0.01394441,-0.4190571
0.006436861,0.90783,-0.01394441,-0.4190571
0.006436861,0.90783,-0.01394441,-0.4190571
0.006436861,0.90783,-0.01394441,-0.4190571
0.006436861,0.90783,-0.01394441,-0.4190571
0.006436861,0.90783,-0.01394441,-0.4190571
0.006436861,0.90783,-0.01394441,-0.4190571
0.006436861,0.90783,-0.01394441,-0.4190571
0.006436861,0.90783,-0.01394441,-0.4190571
0.006436861,0.90783,-0.01394441,-0.4190571
0.006436861,0.90783,-0.01394441,-0.4190571
0.006436861,0.90783,-0.01394441,-0.4190571
0.006436861,0.90783,-0.01394441,-0.4190571
0.006436861,0.90783,-0.01394441,-0.4190571
0.006436861,0.90783,-0.01394441,-0.4190571
0.006436861,0.90783,-0.01394441,-0.4190571
0.006436861,0.90783,-0.01394441,-0.4190571
0.006436861,0.90783,-0.01394441,-0.4190571
0.006436861,0.90783,-0.01394441,-0.4190571
0.006436861,0.90783,-0.01394441,-0.4190571
0.006436861,0.90783,-0.01394441,-0.4190571
0.006436861,0.90783,-0.01394441,-0.4190571
0.006436861,0.90783,-0.01394441,-0.4190571
0.006436861,0.90783,-0.01394441,-0.4190571
0.006436861,0.90783,-0.01394441,-0.4190571
0.006436861,0.90783,-0.01394441,-0.4190571
0.006436861,0.90783,-0.01394441,-0.4190571
0.006436861,0.90783,-0.01394441,-0.4190571
0.006436861,0.90783,-0.01394441,-0.4190571
0.006436861,0.90783,-0.01394441,-0.4190571
0.006436861,0.90783,-0.01394441,-0.4190571
0.006435872,0.9078597,-0.01394486,-0.4189928
0.006433921,0.9079183,-0.01394576,-0.4188658
0.006430744,0.9080136,-0.01394723,-0.4186589
0.006421463,0.9082921,-0.01395151,-0.4180547
0.006415349,0.9084751,-0.01395432,-0.4176567
0.006408029,0.9086941,-0.01395768,-0.4171802
0.006399723,0.9089422,-0.01396149,-0.4166394
0.006390441,0.9092189,-0.01396574,-0.4160351
0.006368932,0.9098582,-0.01397556,-0.4146348
0.006356711,0.9102204,-0.01398112,-0.4138391
0.006343262,0.9106181,-0.01398723,-0.4129636
0.006313959,0.9114808,-0.01400048,-0.4110558
0.006297831,0.9119536,-0.01400775,-0.4100058
0.006280469,0.912461,-0.01401554,-0.4088755
0.006262094,0.9129961,-0.01402376,-0.4076792
0.006242483,0.913565,-0.0140325,-0.4064024
0.006200552,0.9147747,-0.01405108,-0.4036726
0.006178231,0.9154146,-0.01406091,-0.4022194
0.006154658,0.9160873,-0.01407124,-0.4006847
0.006130083,0.9167854,-0.01408196,-0.3990848
0.006104508,0.9175084,-0.01409307,-0.3974198
0.006077932,0.9182559,-0.01410455,-0.3956896
0.006021752,0.9198234,-0.01412863,-0.3920321
0.005992148,0.9206424,-0.01414121,-0.3901047
0.00596127,0.9214917,-0.01415425,-0.3880945
0.005929381,0.9223633,-0.01416764,-0.3860183
0.005896221,0.9232638,-0.01418147,-0.3838595
0.005826842,0.9251288,-0.01421012,-0.3793427
0.005790583,0.9260932,-0.01422493,-0.3769821
0.005753299,0.9270777,-0.01424005,-0.3745547
0.00571473,0.9280882,-0.01425558,-0.3720438
0.005675397,0.9291106,-0.01427128,-0.3694831
0.005634771,0.930158,-0.01428737,-0.3668382
0.005550597,0.9323006,-0.01432028,-0.3613582
0.005506557,0.9334069,-0.01433727,-0.358491
0.005461742,0.9345222,-0.01435441,-0.3555734
0.005415593,0.9356599,-0.01437188,-0.3525689
0.005368658,0.9368055,-0.01438948,-0.3495133
0.005320386,0.9379721,-0.0144074,-0.3463706
0.005220103,0.9403573,-0.01444403,-0.3398418
0.005168354,0.941568,-0.01446263,-0.3364728
0.005115529,0.9427899,-0.0144814,-0.3330337
0.005061907,0.9440157,-0.01450023,-0.3295427
0.005006947,0.9452572,-0.0145193,-0.3259646
0.004893234,0.9477777,-0.01455802,-0.3185615
0.004834736,0.9490494,-0.01457755,-0.3147531
0.00477514,0.9503273,-0.01459718,-0.3108732
0.004714466,0.9516104,-0.01461689,-0.3069231
0.004652658,0.9528989,-0.01463668,-0.3028992
0.004525224,0.9554964,-0.01467658,-0.2946028
0.004459839,0.9567986,-0.01469658,-0.290346
0.004393339,0.9581016,-0.0147166,-0.2860166
0.00432572,0.9594048,-0.01473661,-0.2816144
0.00418713,0.9620072,-0.01477659,-0.2725917
0.004115878,0.9633096,-0.01479659,-0.2679529
0.004043783,0.9646029,-0.01481646,-0.2632593
0.003895905,0.9671788,-0.01485603,-0.2536319
0.00382041,0.9684544,-0.01487562,-0.248717
0.00382041,0.9684544,-0.01487562,-0.248717
0.003664935,0.9709978,-0.01491469,-0.238595
0.003585464,0.9722545,-0.01493399,-0.2334212
0.003423675,0.9747231,-0.01497191,-0.2228881
0.003341057,0.9759374,-0.01499056,-0.2175094
0.003257022,0.9771407,-0.01500905,-0.2120384
0.003171824,0.9783278,-0.01502728,-0.2064918
0.003085486,0.9794973,-0.01504525,-0.2008709
0.002997725,0.9806517,-0.01506298,-0.1951573
0.002908809,0.981786,-0.0150804,-0.1893686
0.002727499,0.9839893,-0.01511425,-0.1775647
0.002635109,0.9850557,-0.01513063,-0.1715498
0.002541569,0.9860969,-0.01514662,-0.16546
0.002446614,0.9871143,-0.01516225,-0.1592781
0.002350502,0.9881036,-0.01517744,-0.1530209
0.002154809,0.9899927,-0.01520646,-0.1402806
0.002054951,0.9908921,-0.01522028,-0.1337795
0.001953951,0.9917577,-0.01523357,-0.1272041
0.001851813,0.9925879,-0.01524632,-0.1205545
0.001748513,0.9933816,-0.01525852,-0.1138294
0.001538479,0.9948533,-0.01528112,-0.1001554
0.001431476,0.99553,-0.01529152,-0.09318918
0.00132334,0.9961639,-0.01530125,-0.08614913
0.001214086,0.9967535,-0.01531031,-0.07903634
0.001103701,0.9972972,-0.01531866,-0.07184994
0.0008795065,0.9982415,-0.01533317,-0.05725408
0.0007657566,0.9986387,-0.01533927,-0.04984858
0.0006505965,0.9989848,-0.01534459,-0.04235127
0.0005346219,0.9992763,-0.01534906,-0.03480093
0.0004172813,0.9995131,-0.0153527,-0.02716165
0.0001792733,0.999814,-0.01535733,-0.01166653
5.865108E-05,0.9998748,-0.01535826,-0.003813611
-6.304623E-05,0.9998736,-0.01535825,0.004109296
-0.0001858162,0.9998088,-0.01535725,0.01210204
-0.0003099027,0.9996784,-0.01535525,0.02018049
-0.0004350478,0.9994807,-0.01535221,0.02832785
-0.000689016,0.9988751,-0.01534291,0.04486204
-0.0008175545,0.9984642,-0.0153366,0.05323033
-0.0009468067,0.99798,-0.01532916,0.06164508
-0.001208826,0.9967798,-0.01531073,0.07870342
-0.001341315,0.9960611,-0.01529969,0.0873289
-0.001474771,0.9952612,-0.0152874,0.09601732
-0.001609176,0.9943781,-0.01527384,0.1047676
-0.00174482,0.9934081,-0.01525894,0.1135984
-0.001881383,0.9923511,-0.01524271,0.1224891
-0.002018862,0.9912053,-0.01522511,0.1314394
-0.00229674,0.9886379,-0.01518567,0.1495302
-0.002436847,0.9872152,-0.01516382,0.1586517
-0.002578065,0.9856936,-0.01514045,0.1678454
-0.002720111,0.9840743,-0.01511558,0.1770931
-0.003006628,0.9805343,-0.0150612,0.1957463
-0.003151059,0.9786102,-0.01503165,0.2051493
-0.003296512,0.9765772,-0.01500042,0.2146188
-0.003442703,0.9744368,-0.01496755,0.2241363
-0.003737191,0.9698274,-0.01489675,0.2433084
-0.003885462,0.9673545,-0.01485876,0.2529614
-0.004034377,0.9647673,-0.01481902,0.2626562
-0.004184178,0.9620591,-0.01477742,0.2724087
-0.004334578,0.9592326,-0.01473401,0.2822003
-0.004485549,0.9562861,-0.01468875,0.292029
-0.004789129,0.9500259,-0.0145926,0.3117931
-0.004941677,0.9467088,-0.01454165,0.3217244
-0.005094973,0.9432583,-0.01448865,0.3317045
-0.005248433,0.9396853,-0.01443376,0.3416953
-0.005557036,0.9321346,-0.01431779,0.3617863
-0.005711883,0.9281589,-0.01425672,0.3718674
-0.005867327,0.92404,-0.01419345,0.3819873
-0.00602207,0.9198108,-0.01412849,0.3920616
-0.006176095,0.9154718,-0.01406184,0.4020891
-0.006368122,0.9098784,-0.01397593,0.4145907
-0.006422552,0.9082555,-0.013951,0.4181342
-0.006446752,0.9075285,-0.01393984,0.4197097
-0.00644074,0.9077094,-0.01394261,0.4193183
-0.006433486,0.9079275,-0.01394596,0.4188461
-0.006425283,0.9081735,-0.01394974,0.418312
-0.006405677,0.9087604,-0.01395876,0.4170356
-0.006394539,0.9090928,-0.01396386,0.4163105
-0.006382184,0.9094607,-0.01396951,0.4155062
-0.00636857,0.9098651,-0.01397573,0.4146198
-0.006338947,0.9107415,-0.01398919,0.4126913
-0.006322656,0.9112213,-0.01399656,0.4116307
-0.006305379,0.9117286,-0.01400435,0.4105059
-0.006287116,0.912263,-0.01401256,0.4093169
-0.006267595,0.9128322,-0.0140213,0.408046
-0.006246845,0.9134349,-0.01403056,0.4066951
-0.006225092,0.9140641,-0.01404022,0.4052789
-0.006178594,0.9154003,-0.01406075,0.4022517
-0.00615385,0.9161065,-0.01407159,0.4006408
-0.006128116,0.9168374,-0.01408282,0.3989654
-0.006101384,0.9175928,-0.01409442,0.3972251
-0.006073629,0.9183729,-0.0141064,0.3954181
-0.006014604,0.9200179,-0.01413167,0.3915754
-0.00598359,0.9208745,-0.01414483,0.3895563
-0.005951546,0.9217543,-0.01415834,0.3874702
-0.005884385,0.9235802,-0.01418639,0.3830977
-0.005884385,0.9235802,-0.01418639,0.3830977
-0.005812859,0.925498,-0.01421584,0.3784411
-0.005775447,0.9264902,-0.01423108,0.3760055
-0.005737005,0.927502,-0.01424663,0.3735028
-0.005657011,0.9295821,-0.01427858,0.3682949
-0.005657011,0.9295821,-0.01427858,0.3682949
-0.005572265,0.9317492,-0.01431186,0.3627777
-0.005528309,0.9328582,-0.0143289,0.359916
-0.005483309,0.9339833,-0.01434618,0.3569863
-0.005437012,0.9351298,-0.01436379,0.3539723
-0.00538965,0.9362912,-0.01438163,0.3508888
-0.005291728,0.9386556,-0.01441795,0.3445138
-0.005241172,0.9398571,-0.0144364,0.3412225
-0.005189534,0.9410709,-0.01445504,0.3378607
-0.005136579,0.9423015,-0.01447395,0.3344131
-0.005082552,0.9435424,-0.01449301,0.3308958
-0.004971207,0.9460533,-0.01453158,0.3236468
-0.004914182,0.9473153,-0.01455096,0.3199343
-0.00485553,0.9485963,-0.01457063,0.3161159
-0.00479578,0.9498837,-0.01459041,0.312226
-0.004673016,0.9524737,-0.01463019,0.3042336
-0.004609952,0.9537753,-0.01465019,0.300128
-0.004546063,0.9550743,-0.01467014,0.2959686
-0.00448052,0.9563861,-0.01469029,0.2917016
-0.004413894,0.9576983,-0.01471044,0.287364
-0.004346126,0.9590111,-0.01473061,0.2829521
-0.004207246,0.9616325,-0.01477087,0.2739106
-0.004136097,0.9629399,-0.01479095,0.2692785
-0.004063824,0.9642433,-0.01481097,0.2645733
-0.00399016,0.9655464,-0.01483099,0.2597776
-0.00391538,0.9668431,-0.01485091,0.2549092
-0.003762367,0.9694148,-0.01489041,0.2449475
-0.003684153,0.9706871,-0.01490995,0.2398555
-0.003604806,0.971949,-0.01492933,0.2346898
-0.003524305,0.9731996,-0.01494854,0.2294488
-0.00335961,0.9756653,-0.01498641,0.2187267
-0.003275407,0.9768782,-0.01500504,0.2132448
-0.003222453,0.9776244,-0.0150165,0.2097973
-0.003200985,0.9779232,-0.01502109,0.2083997
-0.003200985,0.9779232,-0.01502109,0.2083997
-0.003200985,0.9779232,-0.01502109,0.2083997
-0.003200985,0.9779232,-0.01502109,0.2083997
-0.003200985,0.9779232,-0.01502109,0.2083997
-0.003200985,0.9779232,-0.01502109,0.2083997
-0.003200985,0.9779232,-0.01502109,0.2083997
-0.003200985,0.9779232,-0.01502109,0.2083997
-0.003200985,0.9779232,-0.01502109,0.2083997
-0.003200985,0.9779232,-0.01502109,0.2083997
-0.003200985,0.9779232,-0.01502109,0.2083997
-0.003200985,0.9779232,-0.01502109,0.2083997
-0.003200985,0.9779232,-0.01502109,0.2083997
-0.003200985,0.9779232,-0.01502109,0.2083997
-0.003200985,0.9779232,-0.01502109,0.2083997
-0.003200985,0.9779232,-0.01502109,0.2083997
-0.003200985,0.9779232,-0.01502109,0.2083997
-0.003200985,0.9779232,-0.01502109,0.2083997
-0.003200985,0.9779232,-0.01502109,0.2083997
-0.003200985,0.9779232,-0.01502109,0.2083997
-0.003200985,0.9779232,-0.01502109,0.2083997
-0.003200985,0.9779232,-0.01502109,0.2083997
-0.003200985,0.9779232,-0.01502109,0.2083997
-0.003200985,0.9779232,-0.01502109,0.2083997
-0.003200985,0.9779232,-0.01502109,0.2083997
-0.003200985,0.9779232,-0.01502109,0.2083997
-0.003200985,0.9779232,-0.01502109,0.2083997
-0.003200985,0.9779232,-0.01502109,0.2083997
-0.003200985,0.9779232,-0.01502109,0.2083997
-0.003200985,0.9779232,-0.01502109,0.2083997
-0.003200985,0.9779232,-0.01502109,0.2083997
-0.003200985,0.9779232,-0.01502109,0.2083997
-0.003200985,0.9779232,-0.01502109,0.2083997
-0.003200985,0.9779232,-0.01502109,0.2083997
-0.003200985,0.9779232,-0.01502109,0.2083997
-0.003200985,0.9779232,-0.01502109,0.2083997
-0.003200985,0.9779232,-0.01502109,0.2083997
-0.003200985,0.9779232,-0.01502109,0.2083997
-0.003199677,0.9779413,-0.01502137,0.2083145
-0.003197317,0.9779741,-0.01502187,0.2081609
-0.003193619,0.9780253,-0.01502266,0.2079201
-0.003183664,0.9781628,-0.01502477,0.207272
-0.003177111,0.9782531,-0.01502616,0.2068454
-0.003169248,0.9783611,-0.01502782,0.2063335
-0.003160333,0.9784834,-0.0150297,0.2057531
-0.003150365,0.9786196,-0.01503179,0.2051042
-0.003127278,0.9789335,-0.01503661,0.2036011
-0.003114159,0.9791107,-0.01503933,0.2027471
-0.003099693,0.9793053,-0.01504232,0.2018053
-0.003084211,0.9795124,-0.0150455,0.2007974
-0.003067674,0.9797325,-0.01504888,0.1997207
-0.003050079,0.9799653,-0.01505246,0.1985752
-0.003011433,0.9804718,-0.01506024,0.1960592
-0.002990407,0.9807446,-0.01506443,0.1946904
-0.002968326,0.9810287,-0.01506879,0.1932529
-0.002945181,0.9813244,-0.01507333,0.1917461
-0.002920978,0.981631,-0.01507804,0.1901703
-0.002869108,0.9822792,-0.015088,0.1867934
-0.002841457,0.9826198,-0.01509323,0.1849933
-0.002812733,0.9829699,-0.01509861,0.1831233
-0.002782957,0.9833292,-0.01510413,0.1811848
-0.002751843,0.9837003,-0.01510983,0.1791591
-0.002686416,0.9844665,-0.0151216,0.1748996
-0.002652104,0.9848608,-0.01512765,0.1726657
-0.002616706,0.985262,-0.01513381,0.1703612
-0.002580242,0.9856696,-0.01514007,0.1679873
-0.002542446,0.9860858,-0.01514647,0.1655266
-0.002463632,0.9869334,-0.01515948,0.1603956
-0.002422591,0.9873639,-0.0151661,0.1577237
-0.002380207,0.9878007,-0.01517281,0.1549643
-0.002337039,0.9882375,-0.01517952,0.152154
-0.002292796,0.9886767,-0.01518626,0.1492736
-0.002200516,0.9895651,-0.01519991,0.1432658
-0.002152747,0.9900104,-0.01520675,0.1401559
-0.002103647,0.9904577,-0.01521362,0.1369594
-0.002053429,0.9909042,-0.01522047,0.13369
-0.002002428,0.9913465,-0.01522727,0.1303697
-0.001950061,0.9917889,-0.01523406,0.1269604
-0.001842059,0.9926637,-0.0152475,0.1199291
-0.001786434,0.9930945,-0.01525412,0.1163077
-0.001729715,0.99352,-0.01526065,0.1126151
-0.001671904,0.9939393,-0.01526709,0.1088514
-0.00155249,0.9947601,-0.0152797,0.1010772
-0.001491139,0.9951578,-0.01528581,0.09708305
-0.001428707,0.995546,-0.01529177,0.09301847
-0.001365173,0.9959238,-0.01529757,0.08888224
-0.001300553,0.9962903,-0.0153032,0.08467519
-0.00116749,0.9969887,-0.01531393,0.07601235
-0.001099325,0.9973171,-0.01531897,0.07157458
-0.001030065,0.9976304,-0.01532378,0.06706552
-0.0009594522,0.9979288,-0.01532837,0.06246841
-0.0008877501,0.99821,-0.01533269,0.05780036
-0.0007410558,0.9987172,-0.01534048,0.04825006
-0.0006660754,0.9989411,-0.01534391,0.04336858
-0.0005900069,0.9991438,-0.01534703,0.03841626
-0.0005459447,0.99925,-0.01534866,0.03554767
-0.0005422377,0.9992586,-0.01534879,0.03530633
-0.0005422377,0.9992586,-0.01534879,0.03530633
-0.0005422377,0.9992586,-0.01534879,0.03530633
-0.0005422377,0.9992586,-0.01534879,0.03530633
-0.0005422377,0.9992586,-0.01534879,0.03530633
-0.0005422377,0.9992586,-0.01534879,0.03530633
-0.0005422377,0.9992586,-0.01534879,0.03530633
-0.0005422377,0.9992586,-0.01534879,0.03530633
-0.0005422377,0.9992586,-0.01534879,0.03530633
-0.0005422377,0.9992586,-0.01534879,0.03530633
-0.0005422377,0.9992586,-0.01534879,0.03530633
-0.0005422377,0.9992586,-0.01534879,0.03530633
-0.0005422377,0.9992586,-0.01534879,0.03530633
-0.0005422377,0.9992586,-0.01534879,0.03530633
-0.0005422377,0.9992586,-0.01534879,0.03530633
-0.0005422377,0.9992586,-0.01534879,0.03530633
-0.0005422377,0.9992586,-0.01534879,0.03530633
-0.0005422377,0.9992586,-0.01534879,0.03530633
-0.0005422377,0.9992586,-0.01534879,0.03530633
-0.0005422377,0.9992586,-0.01534879,0.03530633
-0.0005422377,0.9992586,-0.01534879,0.03530633
-0.0005432701,0.9992562,-0.01534875,0.03537354
-0.0005454034,0.9992513,-0.01534868,0.03551243
-0.00055287,0.9992338,-0.01534841,0.03599852
-0.0005582244,0.9992212,-0.01534822,0.03634712
-0.0005643473,0.9992067,-0.01534799,0.03674573
-0.0005721017,0.999188,-0.01534771,0.03725057
-0.000580906,0.9991664,-0.01534738,0.03782377
-0.000601747,0.9991142,-0.01534657,0.03918059
-0.0006134898,0.9990839,-0.01534611,0.03994508
-0.0006265817,0.9990494,-0.01534558,0.0407974
-0.0006407673,0.9990113,-0.01534499,0.04172093
-0.0006728627,0.9989218,-0.01534362,0.04381045
-0.0006905063,0.9988708,-0.01534284,0.04495911
-0.0007092474,0.9988151,-0.01534198,0.04617922
-0.0007290578,0.9987547,-0.01534105,0.04746895
-0.0007499325,0.9986891,-0.01534005,0.04882796
-0.0007718787,0.9986182,-0.01533896,0.05025673
-0.0008195142,0.9984574,-0.01533649,0.05335796
-0.0008449379,0.9983675,-0.01533511,0.05501313
-0.0008714342,0.998271,-0.01533362,0.05673813
-0.0008989612,0.9981675,-0.01533203,0.05853023
-0.0009278419,0.9980555,-0.01533031,0.06041047
-0.000988809,0.9978073,-0.0153265,0.06437963
-0.001020895,0.9976704,-0.0153244,0.06646854
-0.001054031,0.9975242,-0.01532215,0.06862581
-0.001088244,0.9973685,-0.01531976,0.0708532
-0.001160387,0.9970237,-0.01531447,0.07554996
-0.001198062,0.9968349,-0.01531157,0.0780027
-0.001236499,0.9966359,-0.01530851,0.08050509
-0.001276004,0.9964248,-0.01530527,0.08307698
-0.001316857,0.9961995,-0.01530181,0.08573668
-0.001359029,0.9959594,-0.01529812,0.08848218
-0.001446269,0.9954385,-0.01529012,0.09416185
-0.001491591,0.995155,-0.01528576,0.09711243
-0.001537976,0.9948556,-0.01528117,0.1001323
-0.001633907,0.9942072,-0.01527121,0.1063777
-0.001683443,0.9938568,-0.01526583,0.1096026
-0.001734024,0.9934882,-0.01526016,0.1128956
-0.001785916,0.9930985,-0.01525418,0.116274
-0.001838855,0.9926889,-0.01524789,0.1197205
-0.001947855,0.9918072,-0.01523434,0.1268168
-0.00200392,0.9913337,-0.01522707,0.1304668
-0.002061007,0.9908375,-0.01521945,0.1341833
-0.002119132,0.9903177,-0.01521147,0.1379675
-0.002178555,0.989771,-0.01520307,0.1418361
-0.002300499,0.9886008,-0.01518509,0.149775
-0.002363271,0.987973,-0.01517545,0.1538617
-0.002427067,0.9873173,-0.01516538,0.1580151
-0.002491589,0.9866358,-0.01515491,0.1622157
-0.002557656,0.985919,-0.0151439,0.1665169
-0.002692272,0.9843987,-0.01512055,0.1752809
-0.002692272,0.9843987,-0.01512055,0.1752809
-0.00283147,0.982742,-0.01509511,0.1843431
-0.00290227,0.9818662,-0.01508165,0.1889524
-0.002974325,0.9809518,-0.01506761,0.1936434
-0.003121381,0.9790133,-0.01503783,0.2032173
-0.003196374,0.9779871,-0.01502207,0.2080996
-0.003272331,0.9769218,-0.01500571,0.2130446
-0.003349506,0.9758126,-0.01498867,0.218069
-0.003427926,0.9746576,-0.01497093,0.2231744
-0.003587036,0.9722276,-0.0149336,0.233533
-0.003668007,0.9709463,-0.01491392,0.2388045
-0.003749912,0.9696193,-0.01489354,0.2441368
-0.003832994,0.9682412,-0.01487237,0.2495457
-0.003917,0.9668152,-0.01485047,0.2550147
-0.004087742,0.9638147,-0.01480438,0.2661307
-0.004174724,0.9622331,-0.01478009,0.2717935
-0.004262582,0.9605989,-0.01475499,0.2775134
-0.004351328,0.958911,-0.01472906,0.283291
-0.00444094,0.9571681,-0.01470229,0.289125
-0.004531393,0.9553696,-0.01467467,0.2950138
-0.004715391,0.951588,-0.01461658,0.3069926
-0.004808647,0.9496079,-0.01458617,0.3130639
-0.004902723,0.9475668,-0.01455481,0.3191886
-0.004997612,0.9454634,-0.01452251,0.3253662
-0.005190003,0.9410598,-0.01445487,0.3378915
-0.005190003,0.9410598,-0.01445487,0.3378915
-0.005385499,0.9363923,-0.01438317,0.3506189
-0.005484487,0.9339539,-0.01434572,0.3570634
-0.005584227,0.9314455,-0.01430719,0.3635568
-0.005684693,0.928866,-0.01426757,0.3700975
-0.005786143,0.9262071,-0.01422673,0.3767022
-0.005991121,0.9206669,-0.01414163,0.3900469
-0.006094349,0.9177908,-0.01409745,0.3967673
-0.006198713,0.9148234,-0.01405188,0.4035618
-0.006303734,0.9117767,-0.01400508,0.410399
-0.006515602,0.9054419,-0.01390778,0.4241923
-0.006622439,0.9021506,-0.01385722,0.4311478
-0.00672985,0.8987753,-0.01380538,0.4381406
-0.006837816,0.8953146,-0.01375222,0.4451695
-0.006946552,0.8917597,-0.01369762,0.4522486
-0.007055801,0.8881168,-0.01364166,0.459361
-0.007275538,0.8805704,-0.01352575,0.4736666
-0.007386467,0.8766472,-0.01346549,0.4808885
-0.007497576,0.8726403,-0.01340394,0.488122
-0.007609358,0.8685296,-0.0133408,0.4953994
-0.007721511,0.8643239,-0.0132762,0.502701
-0.007946708,0.8556288,-0.01314265,0.5173621
-0.008060174,0.8511185,-0.01307337,0.524749
-0.008173687,0.8465177,-0.0130027,0.5321391
-0.008401765,0.8369999,-0.01285651,0.5469877
-0.008516056,0.8320896,-0.01278108,0.5544285
-0.008630554,0.8270743,-0.01270405,0.5618826
-0.008745464,0.8219424,-0.01262522,0.5693636
-0.008860531,0.8167023,-0.01254473,0.5768549
-0.008975731,0.811353,-0.01246257,0.5843548
-0.00909125,0.8058832,-0.01237855,0.5918754
-0.009322491,0.794607,-0.01220535,0.60693
-0.009438153,0.7887986,-0.01211613,0.6144599
-0.009553789,0.7828761,-0.01202516,0.6219882
-0.009669591,0.7768267,-0.01193224,0.6295272
-0.009900919,0.7643763,-0.011741,0.6445874
-0.0100164,0.7579727,-0.01164264,0.6521055
-0.01013171,0.7514487,-0.01154243,0.6596128
-0.01024682,0.744804,-0.01144037,0.6671066
-0.01036189,0.7380254,-0.01133625,0.6745983
-0.01059117,0.7240992,-0.01112234,0.6895248
-0.01070531,0.7169495,-0.01101252,0.6969559
-0.01081906,0.7096754,-0.01090079,0.7043614
-0.0109326,0.7022617,-0.01078692,0.7117532
-0.01104569,0.6947213,-0.0106711,0.7191151
-0.01127035,0.6792552,-0.01043353,0.7337415
-0.01138186,0.6713286,-0.01031178,0.7410008
-0.01149274,0.6632731,-0.01018805,0.7482199
-0.01160317,0.6550732,-0.0100621,0.7554094
-0.01171292,0.646742,-0.009934128,0.7625542
-0.01193017,0.6296865,-0.009672152,0.7766976
-0.01203761,0.6209594,-0.009538103,0.7836923
-0.0121442,0.6120992,-0.009402009,0.7906319
-0.01225006,0.6030922,-0.009263661,0.7975237
-0.01235497,0.5939521,-0.009123269,0.8043538
-0.01256183,0.5752682,-0.008836281,0.8178207
-0.01266368,0.5657247,-0.008689692,0.8244512
-0.01276441,0.5560464,-0.008541032,0.8310094
-0.01286413,0.5462192,-0.008390085,0.8375015
-0.01296265,0.5362572,-0.008237067,0.8439149
-0.01315586,0.5159292,-0.007924827,0.8564935
-0.01325046,0.5055636,-0.007765608,0.8626527
-0.01334367,0.4950638,-0.00760433,0.8687209
-0.01343557,0.4844145,-0.007440756,0.8747038
-0.01352597,0.4736324,-0.007275141,0.8805888
-0.01370208,0.4516678,-0.006937762,0.892054
-0.0137877,0.4404861,-0.006766009,0.8976281
-0.01387162,0.4291732,-0.006592242,0.9030917
-0.01395391,0.4177131,-0.006416212,0.9084492
-0.01403441,0.4061221,-0.006238173,0.9136898
-0.01411306,0.3944017,-0.006058146,0.9188098
-0.01418981,0.3825518,-0.005876129,0.9238064
-0.01433749,0.358454,-0.005505984,0.9334211
-0.01440822,0.3462245,-0.005318136,0.938026
-0.01447685,0.33387,-0.005128369,0.942494
-0.01460776,0.308758,-0.004742646,0.9510167
-0.01466985,0.2960197,-0.004546983,0.9550584
-0.01472961,0.2831614,-0.004349478,0.9589493
-0.01478709,0.2701668,-0.004149879,0.9626911
-0.01484213,0.2570561,-0.003948496,0.9662745
-0.01493718,0.2325541,-0.003572142,0.9724622
-0.01497034,0.2233347,-0.00343053,0.9746209
-0.01499351,0.216646,-0.00332779,0.9761294
-0.01501107,0.2114303,-0.003247678,0.9772724
-0.01501969,0.2088185,-0.00320756,0.9778338
-0.01502173,0.2081952,-0.003197985,0.9779667
-0.01502173,0.2081952,-0.003197985,0.9779667
-0.01502173,0.2081952,-0.003197985,0.9779667
-0.01502173,0.2081952,-0.003197985,0.9779667
-0.01502173,0.2081952,-0.003197985,0.9779667
-0.01502173,0.2081952,-0.003197985,0.9779667
-0.01502173,0.2081952,-0.003197985,0.9779667
-0.01502173,0.2081952,-0.003197985,0.9779667
-0.01502173,0.2081952,-0.003197985,0.9779667
-0.01502173,0.2081952,-0.003197985,0.9779667
-0.01502173,0.2081952,-0.003197985,0.9779667
-0.01502173,0.2081952,-0.003197985,0.9779667
-0.01502173,0.2081952,-0.003197985,0.9779667
-0.01502173,0.2081952,-0.003197985,0.9779667
-0.01502173,0.2081952,-0.003197985,0.9779667
-0.01502173,0.2081952,-0.003197985,0.9779667
-0.01502173,0.2081952,-0.003197985,0.9779667
-0.01502173,0.2081952,-0.003197985,0.9779667
-0.01502173,0.2081952,-0.003197985,0.9779667
-0.01502173,0.2081952,-0.003197985,0.9779667
-0.01502173,0.2081952,-0.003197985,0.9779667
-0.01502173,0.2081952,-0.003197985,0.9779667
-0.01502173,0.2081952,-0.003197985,0.9779667
-0.01502173,0.2081952,-0.003197985,0.9779667
-0.01502173,0.2081952,-0.003197985,0.9779667
-0.01502173,0.2081952,-0.003197985,0.9779667
-0.01502173,0.2081952,-0.003197985,0.9779667
-0.01502173,0.2081952,-0.003197985,0.9779667
-0.01502173,0.2081952,-0.003197985,0.9779667
-0.01502173,0.2081952,-0.003197985,0.9779667
-0.01502173,0.2081952,-0.003197985,0.9779667
-0.01502173,0.2081952,-0.003197985,0.9779667
-0.01502173,0.2081952,-0.003197985,0.9779667
-0.01502173,0.2081952,-0.003197985,0.9779667
-0.01502173,0.2081952,-0.003197985,0.9779667
-0.01502151,0.2082626,-0.003199021,0.9779524
-0.01502107,0.2083987,-0.003201112,0.9779234
-0.0150204,0.2086029,-0.003204249,0.9778799
-0.0150195,0.2088755,-0.003208435,0.9778217
-0.01501838,0.2092159,-0.003213664,0.9777488
-0.01501535,0.2101361,-0.003227797,0.9775516
-0.01501349,0.210698,-0.003236428,0.9774306
-0.01501141,0.2113276,-0.003246099,0.9772947
-0.01500908,0.212026,-0.003256826,0.9771434
-0.01500647,0.2128095,-0.003268862,0.9769731
-0.01500051,0.2145806,-0.003296065,0.9765855
-0.01499717,0.2155682,-0.003311236,0.976368
-0.01499359,0.2166234,-0.003327443,0.9761344
-0.01498975,0.2177469,-0.003344701,0.9758844
-0.01498559,0.2189557,-0.003363268,0.975614
-0.01497651,0.2215748,-0.003403497,0.9750225
-0.01497156,0.222987,-0.003425189,0.9747005
-0.01496628,0.2244835,-0.003448175,0.9743569
-0.01496073,0.2260474,-0.003472197,0.9739952
-0.01495489,0.2276777,-0.003497239,0.9736155
-0.01494235,0.2311406,-0.00355043,0.9727992
-0.01493564,0.2329731,-0.003578577,0.9723619
-0.01492862,0.2348721,-0.003607746,0.9719049
-0.01492129,0.2368387,-0.003637953,0.9714276
-0.0149135,0.2389074,-0.00366973,0.9709209
-0.0148971,0.2432064,-0.003735762,0.969853
-0.01488832,0.2454744,-0.003770599,0.9692815
-0.01487926,0.2477899,-0.003806167,0.968692
-0.01486979,0.2501885,-0.003843009,0.9680753
-0.01485996,0.2526536,-0.003880873,0.9674349
-0.01483916,0.2577813,-0.003959636,0.9660813
-0.01482819,0.2604436,-0.004000529,0.9653669
-0.01481675,0.2631881,-0.004042685,0.9646223
-0.01480491,0.2659984,-0.004085851,0.9638512
-0.01479265,0.2688728,-0.004130002,0.9630533
-0.01476686,0.2748156,-0.004221285,0.9613743
-0.01475331,0.277884,-0.004268417,0.9604919
-0.0147393,0.2810166,-0.004316533,0.9595801
-0.01472476,0.2842292,-0.004365879,0.9586334
-0.01470966,0.2875239,-0.004416486,0.9576503
-0.01469408,0.2908806,-0.004468047,0.9566361
-0.0146615,0.297768,-0.004573837,0.9545147
-0.01464448,0.3012964,-0.004628034,0.9534069
-0.01462685,0.3049041,-0.004683449,0.9522592
-0.01460868,0.3085738,-0.004739817,0.9510764
-0.01457067,0.3160988,-0.004855402,0.948602
-0.01455081,0.3199534,-0.00491461,0.9473088
-0.01453027,0.3238852,-0.004975002,0.9459717
-0.01450913,0.3278774,-0.005036324,0.9445954
-0.01448737,0.3319297,-0.005098567,0.9431791
-0.01444198,0.3402114,-0.005225775,0.9402236
-0.01441821,0.3444575,-0.005290996,0.9386764
-0.01439377,0.3487621,-0.005357115,0.9370855
-0.01436866,0.3531244,-0.005424121,0.9354504
-0.01434285,0.3575433,-0.005491996,0.9337703
-0.0142891,0.3665521,-0.005630373,0.9302708
-0.01426112,0.3711415,-0.005700866,0.9284493
-0.01423239,0.3757861,-0.005772208,0.9265792
-0.0142028,0.380502,-0.005844645,0.9246526
-0.01417242,0.3852728,-0.005917926,0.922675
-0.01410927,0.3949757,-0.006066963,0.9185632
-0.01407634,0.3999236,-0.006142965,0.9164198
-0.01404257,0.404924,-0.006219771,0.9142214
-0.01400796,0.4099745,-0.006297348,0.9119677
-0.01397246,0.4150776,-0.006375732,0.9096564
-0.01389867,0.425448,-0.006535023,0.9048526
-0.01386046,0.4306982,-0.006615667,0.9023654
-0.01382119,0.436014,-0.006697318,0.8998089
-0.01378097,0.4413771,-0.006779696,0.8971903
-0.01373979,0.4467856,-0.006862772,0.8945093
-0.0136975,0.4522555,-0.00694679,0.8917562
-0.01361001,0.4633161,-0.007116682,0.8860601
-0.01356478,0.4689037,-0.007202508,0.8831158
-0.01351837,0.4745508,-0.007289249,0.8800941
-0.01347076,0.4802552,-0.007376869,0.8769944
-0.01342207,0.4859984,-0.007465085,0.8738248
-0.01332134,0.4976068,-0.007643393,0.8672667
-0.01326941,0.5034525,-0.007733183,0.8638864
-0.01321619,0.5093511,-0.007823787,0.8604217
-0.0131618,0.5152857,-0.007914942,0.8568808
-0.01310609,0.5212701,-0.008006863,0.8532535
-0.01299104,0.5333374,-0.008192217,0.8457633
-0.01293164,0.5394202,-0.00828565,0.8418967
-0.01287116,0.5455173,-0.008379303,0.8379589
-0.01280909,0.5516744,-0.008473876,0.8339182
-0.01274574,0.5578591,-0.008568874,0.8297936
-0.01261509,0.5703067,-0.008760071,0.8212883
-0.01254776,0.5765684,-0.008856252,0.8169046
-0.01247906,0.5828533,-0.008952788,0.8124323
-0.01240901,0.5891584,-0.009049636,0.8078716
-0.01233739,0.5954991,-0.00914703,0.8032092
-0.01218994,0.6082335,-0.009342633,0.7936096
-0.01211405,0.6146267,-0.009440834,0.7886686
-0.01203652,0.6210485,-0.009539472,0.7836217
-0.01195771,0.6274679,-0.009638076,0.7784909
-0.01179561,0.6403407,-0.009835803,0.7679374
-0.01171211,0.6468046,-0.009935089,0.7625012
-0.01162707,0.6532753,-0.01003448,0.7569648
-0.01154048,0.6597504,-0.01013394,0.7513278
-0.01145233,0.6662292,-0.01023345,0.745589
-0.01127129,0.6791888,-0.01043251,0.7338029
-0.01117837,0.6856672,-0.01053202,0.7277532
-0.01108364,0.6921542,-0.01063166,0.7215862
-0.01098727,0.6986361,-0.01073123,0.7153123
-0.01088926,0.7051104,-0.01083067,0.7089312
-0.01078957,0.711576,-0.01092998,0.7024413
-0.01058477,0.7244959,-0.01112844,0.6891079
-0.01047982,0.7309341,-0.01122733,0.6822752
-0.01037316,0.737354,-0.01132594,0.6753319
-0.01026477,0.7437558,-0.01142427,0.6682749
-0.01015446,0.7501466,-0.01152243,0.6610932
-0.009928551,0.7628559,-0.01171765,0.6463861
-0.009813165,0.7691579,-0.01181445,0.6388742
-0.009695767,0.7754427,-0.01191098,0.6312312
-0.009576594,0.7816943,-0.01200701,0.6234726
-0.009455425,0.7879216,-0.01210266,0.6155841
-0.009207634,0.8002633,-0.01229223,0.5994521
-0.009081243,0.8063616,-0.0123859,0.5912235
-0.008952567,0.8124372,-0.01247922,0.5828463
-0.008822056,0.8184659,-0.01257182,0.5743496
-0.008689729,0.8244444,-0.01266365,0.5657346
-0.008503499,0.8326342,-0.01278945,0.5536104
-0.008450354,0.8349243,-0.01282463,0.5501505
-0.008424019,0.8360514,-0.01284194,0.548436
-0.008424019,0.8360515,-0.01284194,0.5484361
-0.008424019,0.8360515,-0.01284194,0.5484361
-0.008424019,0.8360515,-0.01284194,0.5484361
-0.008424019,0.8360515,-0.01284194,0.5484361
-0.008424019,0.8360515,-0.01284194,0.5484361
-0.008424019,0.8360515,-0.01284194,0.5484361
-0.008424019,0.8360515,-0.01284194,0.5484361
-0.008424019,0.8360515,-0.01284194,0.5484361
-0.008424019,0.8360515,-0.01284194,0.5484361
-0.008424019,0.8360515,-0.01284194,0.5484361
-0.008424019,0.8360515,-0.01284194,0.5484361
-0.008424019,0.8360515,-0.01284194,0.5484361
-0.008424019,0.8360515,-0.01284194,0.5484361
-0.008424019,0.8360515,-0.01284194,0.5484361
-0.008424019,0.8360515,-0.01284194,0.5484361
-0.008424019,0.8360515,-0.01284194,0.5484361
-0.008424019,0.8360515,-0.01284194,0.5484361
-0.008424019,0.8360515,-0.01284194,0.5484361
-0.008424019,0.8360515,-0.01284194,0.5484361
-0.008424019,0.8360515,-0.01284194,0.5484361
-0.008424019,0.8360515,-0.01284194,0.5484361
-0.008424019,0.8360515,-0.01284194,0.5484361
-0.008424019,0.8360515,-0.01284194,0.5484361
-0.008424019,0.8360515,-0.01284194,0.5484361
-0.008424019,0.8360515,-0.01284194,0.5484361
-0.008424019,0.8360515,-0.01284194,0.5484361
-0.008424019,0.8360515,-0.01284194,0.5484361
-0.008424019,0.8360515,-0.01284194,0.5484361
-0.008424019,0.8360515,-0.01284194,0.5484361
-0.008425157,0.8360029,-0.01284119,0.5485101
-0.008427192,0.8359159,-0.01283986,0.5486427
-0.008430117,0.8357909,-0.01283794,0.5488331
-0.008438655,0.8354256,-0.01283233,0.549389
-0.008444274,0.8351849,-0.01282863,0.5497548
-0.008450998,0.8348966,-0.0128242,0.5501926
-0.008458383,0.8345795,-0.01281933,0.5506734
-0.008466666,0.8342234,-0.01281386,0.5512126
-0.008486362,0.8333749,-0.01280083,0.5524949
-0.008497526,0.8328926,-0.01279342,0.5532216
-0.008509821,0.8323604,-0.01278524,0.5540221
-0.008522999,0.8317886,-0.01277646,0.55488
-0.008537061,0.8311772,-0.01276707,0.5557955
-0.008567804,0.8298354,-0.01274646,0.5577969
-0.008584484,0.8291044,-0.01273523,0.5588828
-0.00860227,0.8283228,-0.01272323,0.5600407
-0.008620937,0.8274998,-0.01271058,0.561256
-0.008640462,0.8266362,-0.01269732,0.5625271
-0.008682072,0.8247862,-0.0126689,0.5652361
-0.008704165,0.8237987,-0.01265374,0.5666744
-0.008727117,0.8227688,-0.01263792,0.5681686
-0.008750925,0.8216963,-0.01262144,0.5697186
-0.008801083,0.8194225,-0.01258652,0.572984
-0.008827644,0.8182108,-0.0125679,0.5747133
-0.008855049,0.8169547,-0.01254861,0.5764974
-0.008883275,0.8156548,-0.01252864,0.578335
-0.008912339,0.8143099,-0.01250799,0.5802272
-0.008942444,0.8129098,-0.01248648,0.5821871
-0.009005115,0.8099722,-0.01244136,0.5862672
-0.009037672,0.8084338,-0.01241773,0.5883867
-0.009071031,0.8068488,-0.01239338,0.5905585
-0.009105186,0.8052165,-0.01236831,0.5927821
-0.009140349,0.803526,-0.01234234,0.5950713
-0.009213011,0.8000012,-0.0122882,0.5998019
-0.009250514,0.7981647,-0.01225999,0.6022435
-0.009288787,0.7962786,-0.01223102,0.6047351
-0.009328017,0.7943324,-0.01220113,0.6072891
-0.009367998,0.7923357,-0.01217046,0.609892
-0.009450204,0.7881873,-0.01210674,0.6152439
-0.00949242,0.7860341,-0.01207367,0.6179923
-0.009535575,0.7838171,-0.01203961,0.6208019
-0.009579422,0.7815477,-0.01200475,0.6236564
-0.009623984,0.7792239,-0.01196906,0.6265575
-0.009715235,0.7744097,-0.01189511,0.6324981
-0.009762092,0.771908,-0.01185669,0.6355487
-0.009809604,0.7693508,-0.01181741,0.6386419
-0.009857591,0.7667467,-0.01177741,0.6417661
-0.009906447,0.7640733,-0.01173635,0.6449467
-0.009956136,0.7613308,-0.01169422,0.6481817
-0.01005741,0.7556679,-0.01160724,0.654775
-0.01010877,0.752758,-0.01156254,0.6581182
-0.01016073,0.7497867,-0.0115169,0.6615014
-0.01021349,0.7467424,-0.01147014,0.664936
-0.01032074,0.7404658,-0.01137373,0.6719185
-0.01037521,0.7372324,-0.01132407,0.6754647
-0.01043023,0.7339345,-0.01127341,0.6790466
-0.010486,0.7305585,-0.01122155,0.6826774
-0.01054208,0.7271299,-0.01116889,0.686328
-0.01059887,0.7236218,-0.01111501,0.6900258
-0.01071434,0.7163787,-0.01100375,0.6975427
-0.01077277,0.7126545,-0.01094655,0.7013471
-0.01083165,0.7088618,-0.01088829,0.7051802
