0.0055717,0.9317642,-0.01431199,-0.362739
0.005656091,0.9296066,-0.01427885,-0.3682332
0.005699702,0.9284769,-0.01426149,-0.3710724
0.005744269,0.9273121,-0.0142436,-0.3739738
0.005789768,0.926112,-0.01422517,-0.376936
0.005836195,0.924876,-0.01420619,-0.3799586
0.005932323,0.9222801,-0.01416631,-0.386217
0.005981765,0.9209256,-0.01414551,-0.3894358
0.006032124,0.9195324,-0.0141241,-0.3927144
0.006083388,0.9180998,-0.0141021,-0.3960519
0.006135796,0.9166204,-0.01407938,-0.3994638
0.006243286,0.9135387,-0.01403204,-0.4064618
0.006298102,0.9119425,-0.01400752,-0.4100306
0.006353799,0.9103034,-0.01398235,-0.4136566
0.006410876,0.9086056,-0.01395627,-0.4173726
0.006527089,0.905092,-0.0139023,-0.4249384
0.006586476,0.9032665,-0.01387426,-0.4288048
0.006646978,0.9013862,-0.01384538,-0.4327437
0.006708564,0.8994503,-0.01381564,-0.4367532
0.006770944,0.897467,-0.01378518,-0.4408144
0.00689769,0.8933666,-0.0137222,-0.449066
0.006962275,0.8912407,-0.01368954,-0.4532707
0.00702768,0.8890622,-0.01365608,-0.4575288
0.007094129,0.8868225,-0.01362168,-0.4618549
0.007161593,0.8845212,-0.01358633,-0.4662471
0.007229817,0.8821657,-0.01355015,-0.4706888
0.007368545,0.877287,-0.01347521,-0.4797205
0.007439024,0.8747623,-0.01343643,-0.4843089
0.007510222,0.8721799,-0.01339677,-0.4889442
0.007582152,0.8695381,-0.01335619,-0.4936271
0.00765502,0.8668278,-0.01331456,-0.4983711
0.007802824,0.8612239,-0.01322848,-0.5079936
0.007877737,0.8583285,-0.01318401,-0.5128708
0.007953078,0.8553785,-0.0131387,-0.5177758
0.008029561,0.8523446,-0.0130921,-0.5227551
0.00818417,0.8460888,-0.01299601,-0.5328207
0.00826228,0.842865,-0.01294649,-0.537906
0.008341213,0.8395634,-0.01289578,-0.5430447
0.008420727,0.8361921,-0.01284399,-0.5482215
0.008500816,0.8327504,-0.01279113,-0.5534356
0.008662665,0.8256506,-0.01268207,-0.5639726
0.008744608,0.8219814,-0.01262571,-0.5693073
0.008827071,0.818237,-0.0125682,-0.574676
0.008910028,0.8144169,-0.01250952,-0.5800769
0.008993451,0.8105211,-0.01244968,-0.585508
0.009161673,0.802496,-0.01232642,-0.5964599
0.009246655,0.798354,-0.0122628,-0.6019925
0.009332045,0.7941316,-0.01219794,-0.6075518
0.009417827,0.7898278,-0.01213183,-0.6131365
0.009503981,0.7854414,-0.01206446,-0.6187454
0.009677346,0.7764173,-0.01192585,-0.6300321
0.009764515,0.7717776,-0.01185458,-0.6357071
0.00981956,0.7688118,-0.01180902,-0.6392907
0.009849631,0.7671795,-0.01178395,-0.6412485
0.009854084,0.7669373,-0.01178023,-0.6415383
0.009833099,0.768078,-0.01179775,-0.6401721
0.009788334,0.7704977,-0.01183492,-0.6372578
0.009764772,0.7717639,-0.01185437,-0.6357238
0.009740117,0.7730833,-0.01187464,-0.6341187
0.009714391,0.7744541,-0.01189569,-0.6324438
0.009687802,0.7758643,-0.01191735,-0.6307127
0.009631951,0.7788062,-0.01196254,-0.6270766
0.009602691,0.7803362,-0.01198604,-0.6251717
0.009572532,0.7819052,-0.01201014,-0.6232082
0.009541471,0.7835127,-0.01203483,-0.621186
0.009509295,0.7851689,-0.01206027,-0.6190912
0.009442419,0.7885823,-0.0121127,-0.6147373
0.009407512,0.7903487,-0.01213983,-0.6124647
0.009371446,0.7921628,-0.0121677,-0.6101167
0.009334442,0.7940123,-0.01219611,-0.6077076
0.009296734,0.7958853,-0.01222488,-0.6052527
0.009218236,0.7997458,-0.01228417,-0.6001422
0.009177468,0.8017308,-0.01231466,-0.597488
0.00913573,0.8037487,-0.01234566,-0.5947707
0.009093024,0.8057987,-0.01237715,-0.5919904
0.009004684,0.8099925,-0.01244156,-0.5862392
0.009004684,0.8099925,-0.01244156,-0.5862392
0.008911479,0.8143498,-0.01250849,-0.5801712
0.008863376,0.8165719,-0.01254262,-0.5770395
0.008814264,0.818822,-0.01257718,-0.5738422
0.008764374,0.8210886,-0.012612,-0.5705941
0.008661078,0.8257213,-0.01268316,-0.5638692
0.008607889,0.8280754,-0.01271932,-0.5604063
0.00855366,0.8304538,-0.01275585,-0.5568758
0.008498135,0.8328664,-0.01279291,-0.5532609
0.008384411,0.8377376,-0.01286773,-0.5458571
0.008325698,0.8402159,-0.0129058,-0.5420346
0.008265914,0.842714,-0.01294417,-0.5381425
0.008204834,0.8452401,-0.01298297,-0.5341659
0.008142644,0.8477854,-0.01302207,-0.5301172
0.008079366,0.8503475,-0.01306142,-0.5259975
0.007949489,0.85552,-0.01314087,-0.5175421
0.007882881,0.8581283,-0.01318094,-0.5132056
0.007815153,0.86075,-0.0132212,-0.5087963
0.007746297,0.8633841,-0.01326166,-0.5043135
0.007676054,0.8660391,-0.01330245,-0.4997404
0.007532123,0.8713791,-0.01338447,-0.49037
0.007458427,0.8740618,-0.01342568,-0.4855721
0.007383558,0.8767518,-0.013467,-0.4806978
0.007307294,0.8794558,-0.01350853,-0.4757327
0.007151442,0.8848693,-0.01359168,-0.4655862
0.007071631,0.8875839,-0.01363338,-0.4603902
0.006990356,0.8903085,-0.01367523,-0.4550989
0.006908137,0.8930243,-0.01371694,-0.4497461
0.00682471,0.8957392,-0.01375864,-0.4443147
0.006740072,0.8984514,-0.0138003,-0.4388044
0.006566584,0.9038803,-0.01388369,-0.4275097
0.006478023,0.9065849,-0.01392523,-0.4217441
0.006388223,0.9092817,-0.01396666,-0.4158977
0.006296909,0.9119774,-0.01400806,-0.4099529
0.006204344,0.9146624,-0.01404931,-0.4039266
0.00601546,0.9199948,-0.01413121,-0.3916295
0.005919125,0.9226394,-0.01417183,-0.3853577
0.005821279,0.9252743,-0.0142123,-0.3789876
0.005722166,0.9278911,-0.0142525,-0.3725349
0.005621768,0.9304887,-0.0142924,-0.3659987
0.005417134,0.9356195,-0.01437121,-0.3526762
0.005312635,0.9381557,-0.01441016,-0.3458729
0.005207112,0.9406599,-0.01444863,-0.339003
0.005100315,0.9431367,-0.01448667,-0.3320502
0.004882845,0.9480026,-0.01456141,-0.317892
0.004882845,0.9480026,-0.01456141,-0.317892
0.004659153,0.9527622,-0.01463452,-0.3033288
0.004545345,0.9550894,-0.01467027,-0.2959195
0.004430245,0.957379,-0.01470544,-0.288426
0.004196408,0.961834,-0.01477387,-0.2732024
0.004077416,0.9640008,-0.01480715,-0.2654556
0.003956849,0.9661279,-0.01483982,-0.2576062
0.003834986,0.9682085,-0.01487178,-0.2496725
0.00371182,0.970241,-0.014903,-0.2416539
0.00358735,0.9722234,-0.01493345,-0.2335505
0.003334573,0.97603,-0.01499192,-0.2170937
0.003205978,0.9778545,-0.01501994,-0.2087217
0.003076105,0.9796211,-0.01504708,-0.2002665
0.002944934,0.9813282,-0.0150733,-0.1917268
0.00281277,0.9829702,-0.01509852,-0.1831224
0.002544105,0.9860682,-0.0151461,-0.1656313
0.002407862,0.9875171,-0.01516836,-0.1567614
0.002311467,0.9884928,-0.01518335,-0.1504857
0.002246237,0.9891301,-0.01519314,-0.146239
0.002213167,0.989446,-0.01519799,-0.144086
0.002211889,0.9894581,-0.01519817,-0.1440028
0.002211889,0.9894581,-0.01519817,-0.1440028
0.002211889,0.9894581,-0.01519817,-0.1440028
0.002211889,0.9894581,-0.01519817,-0.1440028
0.002211889,0.9894581,-0.01519817,-0.1440028
0.002211889,0.9894581,-0.01519817,-0.1440028
0.002211889,0.9894581,-0.01519817,-0.1440028
0.002211889,0.9894581,-0.01519817,-0.1440028
0.002211889,0.9894581,-0.01519817,-0.1440028
0.002211889,0.9894581,-0.01519817,-0.1440028
0.002211889,0.9894581,-0.01519817,-0.1440028
0.002211889,0.9894581,-0.01519817,-0.1440028
0.002211889,0.9894581,-0.01519817,-0.1440028
0.002211889,0.9894581,-0.01519817,-0.1440028
0.002211889,0.9894581,-0.01519817,-0.1440028
0.002211889,0.9894581,-0.01519817,-0.1440028
0.002211889,0.9894581,-0.01519817,-0.1440028
0.002211889,0.9894581,-0.01519817,-0.1440028
0.002211889,0.9894581,-0.01519817,-0.1440028
0.002211889,0.9894581,-0.01519817,-0.1440028
0.002211889,0.9894581,-0.01519817,-0.1440028
0.002211889,0.9894581,-0.01519817,-0.1440028
0.002211889,0.9894581,-0.01519817,-0.1440028
0.002211889,0.9894581,-0.01519817,-0.1440028
0.002211889,0.9894581,-0.01519817,-0.1440028
0.002211889,0.9894581,-0.01519817,-0.1440028
0.002211889,0.9894581,-0.01519817,-0.1440028
0.002211889,0.9894581,-0.01519817,-0.1440028
0.002211889,0.9894581,-0.01519817,-0.1440028
0.002211889,0.9894581,-0.01519817,-0.1440028
0.002211889,0.9894581,-0.01519817,-0.1440028
0.002211889,0.9894581,-0.01519817,-0.1440028
0.002211889,0.9894581,-0.01519817,-0.1440028
0.002211889,0.9894581,-0.01519817,-0.1440028
0.002211889,0.9894581,-0.01519817,-0.1440028
0.002211889,0.9894581,-0.01519817,-0.1440028
0.002211889,0.9894581,-0.01519817,-0.1440028
0.002211889,0.9894581,-0.01519817,-0.1440028
0.002211889,0.9894581,-0.01519817,-0.1440028
0.002211889,0.9894581,-0.01519817,-0.1440028
0.002211889,0.9894581,-0.01519817,-0.1440028
0.002211889,0.9894581,-0.01519817,-0.1440028
0.002211889,0.9894581,-0.01519817,-0.1440028
0.002211889,0.9894581,-0.01519817,-0.1440028
0.002211889,0.9894581,-0.01519817,-0.1440028
0.002211889,0.9894581,-0.01519817,-0.1440028
0.002211889,0.9894581,-0.01519817,-0.1440028
0.002211889,0.9894581,-0.01519817,-0.1440028
0.002211889,0.9894581,-0.01519817,-0.1440028
0.002211889,0.9894581,-0.01519817,-0.1440028
0.002211889,0.9894581,-0.01519817,-0.1440028
0.002211889,0.9894581,-0.01519817,-0.1440028
0.002211889,0.9894581,-0.01519817,-0.1440028
0.002211889,0.9894581,-0.01519817,-0.1440028
0.002211889,0.9894581,-0.01519817,-0.1440028
0.002211889,0.9894581,-0.01519817,-0.1440028
0.002211889,0.9894581,-0.01519817,-0.1440028
0.002211889,0.9894581,-0.01519817,-0.1440028
0.002211889,0.9894581,-0.01519817,-0.1440028
0.002211889,0.9894581,-0.01519817,-0.1440028
0.002211889,0.9894581,-0.01519817,-0.1440028
0.002211889,0.9894581,-0.01519817,-0.1440028
0.002211889,0.9894581,-0.01519817,-0.1440028
0.002211889,0.9894581,-0.01519817,-0.1440028
0.002211889,0.9894581,-0.01519817,-0.1440028
0.002211889,0.9894581,-0.01519817,-0.1440028
0.002211889,0.9894581,-0.01519817,-0.1440028
0.002211889,0.9894581,-0.01519817,-0.1440028
0.002211889,0.9894581,-0.01519817,-0.1440028
0.002211889,0.9894581,-0.01519817,-0.1440028
0.002211889,0.9894581,-0.01519817,-0.1440028
0.002211889,0.9894581,-0.01519817,-0.1440028
0.002211889,0.9894581,-0.01519817,-0.1440028
0.002211889,0.9894581,-0.01519817,-0.1440028
0.002211889,0.9894581,-0.01519817,-0.1440028
0.002211889,0.9894581,-0.01519817,-0.1440028
0.002211889,0.9894581,-0.01519817,-0.1440028
0.002211889,0.9894581,-0.01519817,-0.1440028
0.002211889,0.9894581,-0.01519817,-0.1440028
0.002211889,0.9894581,-0.01519817,-0.1440028
0.002211889,0.9894581,-0.01519817,-0.1440028
0.002211889,0.9894581,-0.01519817,-0.1440028
0.002211889,0.9894581,-0.01519817,-0.1440028
0.002211889,0.9894581,-0.01519817,-0.1440028
0.002211889,0.9894581,-0.01519817,-0.1440028
0.002211889,0.9894581,-0.01519817,-0.1440028
0.002211889,0.9894581,-0.01519817,-0.1440028
0.002211889,0.9894581,-0.01519817,-0.1440028
0.002211889,0.9894581,-0.01519817,-0.1440028
0.002211889,0.9894581,-0.01519817,-0.1440028
0.002211889,0.9894581,-0.01519817,-0.1440028
0.002211889,0.9894581,-0.01519817,-0.1440028
0.002211889,0.9894581,-0.01519817,-0.1440028
0.002211889,0.9894581,-0.01519817,-0.1440028
0.002211889,0.9894581,-0.01519817,-0.1440028
0.002211889,0.9894581,-0.01519817,-0.1440028
0.002211889,0.9894581,-0.01519817,-0.1440028
0.002211889,0.9894581,-0.01519817,-0.1440028
0.002211889,0.9894581,-0.01519817,-0.1440028
0.002211889,0.9894581,-0.01519817,-0.1440028
0.002211889,0.9894581,-0.01519817,-0.1440028
0.002211889,0.9894581,-0.01519817,-0.1440028
0.002211889,0.9894581,-0.01519817,-0.1440028
0.002211889,0.9894581,-0.01519817,-0.1440028
0.002211889,0.9894581,-0.01519817,-0.1440028
0.002211889,0.9894581,-0.01519817,-0.1440028
0.002211889,0.9894581,-0.01519817,-0.1440028
0.002211889,0.9894581,-0.01519817,-0.1440028
0.002211889,0.9894581,-0.01519817,-0.1440028
0.002211889,0.9894581,-0.01519817,-0.1440028
0.002211889,0.9894581,-0.01519817,-0.1440028
0.002211889,0.9894581,-0.01519817,-0.1440028
0.002211889,0.9894581,-0.01519817,-0.1440028
0.002211889,0.9894581,-0.01519817,-0.1440028
0.002211889,0.9894581,-0.01519817,-0.1440028
0.002211889,0.9894581,-0.01519817,-0.1440028
0.002211889,0.9894581,-0.01519817,-0.1440028
0.002211889,0.9894581,-0.01519817,-0.1440028
0.002211889,0.9894581,-0.01519817,-0.1440028
0.002211889,0.9894581,-0.01519817,-0.1440028
0.002211889,0.9894581,-0.01519817,-0.1440028
0.002211889,0.9894581,-0.01519817,-0.1440028
0.002211889,0.9894581,-0.01519817,-0.1440028
0.002211889,0.9894581,-0.01519817,-0.1440028
0.002211889,0.9894581,-0.01519817,-0.1440028
0.002211889,0.9894581,-0.01519817,-0.1440028
0.002211889,0.9894581,-0.01519817,-0.1440028
0.002211889,0.9894581,-0.01519817,-0.1440028
0.002211889,0.9894581,-0.01519817,-0.1440028
0.002211889,0.9894581,-0.01519817,-0.1440028
0.002211889,0.9894581,-0.01519817,-0.1440028
0.002211889,0.9894581,-0.01519817,-0.1440028
0.002211889,0.9894581,-0.01519817,-0.1440028
0.002211889,0.9894581,-0.01519817,-0.1440028
0.002211889,0.9894581,-0.01519817,-0.1440028
0.002211889,0.9894581,-0.01519817,-0.1440028
0.002211889,0.9894581,-0.01519817,-0.1440028
0.002211889,0.9894581,-0.01519817,-0.1440028
0.002211889,0.9894581,-0.01519817,-0.1440028
0.002211889,0.9894581,-0.01519817,-0.1440028
0.002211889,0.9894581,-0.01519817,-0.1440028
0.002211889,0.9894581,-0.01519817,-0.1440028
0.002211889,0.9894581,-0.01519817,-0.1440028
0.002211889,0.9894581,-0.01519817,-0.1440028
0.002211889,0.9894581,-0.01519817,-0.1440028
0.002211889,0.9894581,-0.01519817,-0.1440028
0.002211889,0.9894581,-0.01519817,-0.1440028
0.002211889,0.9894581,-0.01519817,-0.1440028
0.002211889,0.9894581,-0.01519817,-0.1440028
0.002211889,0.9894581,-0.01519817,-0.1440028
0.002211889,0.9894581,-0.01519817,-0.1440028
0.002211889,0.9894581,-0.01519817,-0.1440028
0.002211889,0.9894581,-0.01519817,-0.1440028
0.002211889,0.9894581,-0.01519817,-0.1440028
0.002211889,0.9894581,-0.01519817,-0.1440028
0.002211889,0.9894581,-0.01519817,-0.1440028
0.002211889,0.9894581,-0.01519817,-0.1440028
0.002211889,0.9894581,-0.01519817,-0.1440028
0.002211889,0.9894581,-0.01519817,-0.1440028
0.002211889,0.9894581,-0.01519817,-0.1440028
0.002211889,0.9894581,-0.01519817,-0.1440028
0.002211889,0.9894581,-0.01519817,-0.1440028
0.002211889,0.9894581,-0.01519817,-0.1440028
0.002211889,0.9894581,-0.01519817,-0.1440028
0.002211889,0.9894581,-0.01519817,-0.1440028
0.002211889,0.9894581,-0.01519817,-0.1440028
0.002211889,0.9894581,-0.01519817,-0.1440028
0.002211889,0.9894581,-0.01519817,-0.1440028
0.002211889,0.9894581,-0.01519817,-0.1440028
0.002211889,0.9894581,-0.01519817,-0.1440028
0.002212958,0.989448,-0.01519802,-0.1440723
0.002218806,0.9893924,-0.01519717,-0.1444531
0.002223336,0.9893494,-0.0151965,-0.144748
0.002228924,0.9892961,-0.01519569,-0.1451118
0.002235827,0.98923,-0.01519467,-0.1455612
0.002243798,0.9891536,-0.0151935,-0.1460801
0.002262946,0.9889687,-0.01519066,-0.1473267
0.002274107,0.9888601,-0.01518899,-0.1480534
0.002286584,0.9887382,-0.01518712,-0.1488657
0.002300118,0.9886051,-0.01518507,-0.1497468
0.002314717,0.9884607,-0.01518285,-0.1506972
0.002347051,0.9881375,-0.01517789,-0.1528023
0.002364817,0.9879578,-0.01517513,-0.1539589
0.002383629,0.9877663,-0.01517219,-0.1551837
0.002403772,0.9875593,-0.01516901,-0.1564951
0.002424961,0.9873397,-0.01516563,-0.1578745
0.002470496,0.9868612,-0.01515828,-0.160839
0.002494847,0.9866015,-0.01515429,-0.1624244
0.00252025,0.9863278,-0.01515009,-0.1640782
0.002546705,0.9860397,-0.01514567,-0.1658005
0.002574469,0.9857341,-0.01514097,-0.1676081
0.002633138,0.985077,-0.01513088,-0.1714276
0.002664047,0.9847247,-0.01512547,-0.1734399
0.002695987,0.9843562,-0.01511981,-0.1755193
0.002728964,0.983971,-0.01511389,-0.1776662
0.002762984,0.9835685,-0.01510771,-0.1798811
0.002798329,0.9831449,-0.0151012,-0.1821822
0.002872677,0.9822356,-0.01508723,-0.1870226
0.002911123,0.9817557,-0.01507986,-0.1895256
0.002950601,0.9812561,-0.01507219,-0.1920957
0.002991368,0.9807328,-0.01506415,-0.1947498
0.003075983,0.9796228,-0.0150471,-0.2002585
0.003119835,0.9790348,-0.01503807,-0.2031135
0.003164711,0.9784241,-0.01502869,-0.2060351
0.003210613,0.9777901,-0.01501895,-0.2090234
0.003257785,0.9771286,-0.01500879,-0.2120945
0.003355175,0.9757307,-0.01498732,-0.218435
0.003405388,0.974993,-0.01497599,-0.221704
0.003456607,0.9742288,-0.01496425,-0.2250386
0.003508833,0.9734372,-0.01495209,-0.2284387
0.003562313,0.9726136,-0.01493944,-0.2319204
0.003672285,0.9708785,-0.01491279,-0.23908
0.003728755,0.9699657,-0.01489877,-0.2427565
0.003786467,0.9690176,-0.0148842,-0.2465137
0.003845158,0.9680375,-0.01486915,-0.2503347
0.003904822,0.9670247,-0.01485359,-0.2542191
0.00402707,0.9648974,-0.01482092,-0.2621779
0.004089904,0.9637765,-0.0148037,-0.2662686
0.004153701,0.9626194,-0.01478593,-0.270422
0.004218178,0.9614303,-0.01476766,-0.2746197
0.004283607,0.9602033,-0.01474881,-0.2788794
0.00441809,0.9576171,-0.01470909,-0.2876347
0.004486583,0.9562663,-0.01468834,-0.2920939
0.004556275,0.9548686,-0.01466687,-0.2966311
0.004626902,0.9534281,-0.01464474,-0.3012291
0.004698438,0.9519442,-0.01462195,-0.3058864
0.00477088,0.9504158,-0.01459847,-0.3106026
0.004918958,0.9472109,-0.01454925,-0.3202431
0.004994325,0.9455379,-0.01452355,-0.3251497
0.005070569,0.9438163,-0.01449711,-0.3301135
0.005147691,0.9420452,-0.0144699,-0.3351344
0.005225669,0.9402237,-0.01444192,-0.3402111
0.005384699,0.9364127,-0.01438339,-0.3505645
0.005465474,0.9344271,-0.01435289,-0.3558233
0.00554708,0.9323867,-0.01432155,-0.3611361
0.005629472,0.9302912,-0.01428936,-0.3665002
0.005796949,0.9259216,-0.01422224,-0.3774036
0.005881737,0.9236524,-0.01418739,-0.3829235
0.005967306,0.9213231,-0.01415161,-0.3884944
0.006053915,0.9189251,-0.01411478,-0.394133
0.006141251,0.9164655,-0.014077,-0.3998189
0.006318168,0.9113541,-0.01399849,-0.4113369
0.006407704,0.9087006,-0.01395773,-0.417166
0.006498216,0.9059722,-0.01391582,-0.4230587
0.006589164,0.9031835,-0.01387298,-0.4289797
0.006681032,0.9003186,-0.01382898,-0.4349606
0.006866774,0.8943756,-0.0137377,-0.4470531
0.006960853,0.8912877,-0.01369027,-0.453178
0.007055556,0.8881259,-0.0136417,-0.4593436
0.007150867,0.8848891,-0.01359198,-0.4655487
0.007246773,0.8815759,-0.01354109,-0.4717925
0.007343265,0.878185,-0.01348901,-0.4780745
0.007538387,0.8711495,-0.01338094,-0.4907777
0.007636753,0.8675106,-0.01332505,-0.4971817
0.007735632,0.8637894,-0.01326789,-0.5036191
0.007835005,0.8599848,-0.01320945,-0.5100886
0.00793509,0.8560864,-0.01314957,-0.5166045
0.008136579,0.8480322,-0.01302586,-0.5297222
0.008237973,0.8438729,-0.01296197,-0.5363233
0.008339522,0.8396345,-0.01289687,-0.5429345
0.008441676,0.8352965,-0.01283024,-0.5495852
0.00864728,0.8263341,-0.01269257,-0.5629707
0.008750446,0.8217181,-0.01262167,-0.5696872
0.008854121,0.8169974,-0.01254916,-0.5764368
0.008957851,0.8121907,-0.01247533,-0.58319
0.00906207,0.8072754,-0.01239983,-0.5899751
0.009166709,0.8022523,-0.01232268,-0.5967875
0.00937636,0.7919163,-0.01216391,-0.6104366
0.009481319,0.7866017,-0.01208228,-0.6172698
0.009586621,0.7811733,-0.0119989,-0.6241253
0.009692231,0.7756301,-0.01191376,-0.6310009
0.009797906,0.7699821,-0.011827,-0.6378807
0.01000914,0.7583789,-0.01164878,-0.651633
0.01011465,0.7524223,-0.01155728,-0.658502
0.01022032,0.7463455,-0.01146394,-0.6653816
0.01029474,0.7419978,-0.01139716,-0.6702265
0.01034492,0.7390335,-0.01135163,-0.6734936
0.01038026,0.7369304,-0.01131933,-0.6757942
0.01038026,0.7369304,-0.01131933,-0.6757942
0.01038026,0.7369304,-0.01131933,-0.6757942
0.01038026,0.7369304,-0.01131933,-0.6757942
0.01038026,0.7369304,-0.01131933,-0.6757942
0.01038026,0.7369304,-0.01131933,-0.6757942
0.01038026,0.7369304,-0.01131933,-0.6757942
0.01038026,0.7369304,-0.01131933,-0.6757942
0.01038026,0.7369304,-0.01131933,-0.6757942
0.01038026,0.7369304,-0.01131933,-0.6757942
0.01038026,0.7369304,-0.01131933,-0.6757942
0.01038026,0.7369304,-0.01131933,-0.6757942
0.01038026,0.7369304,-0.01131933,-0.6757942
0.01038026,0.7369304,-0.01131933,-0.6757942
0.01038026,0.7369304,-0.01131933,-0.6757942
0.01038026,0.7369304,-0.01131933,-0.6757942
0.01038026,0.7369304,-0.01131933,-0.6757942
0.01038026,0.7369304,-0.01131933,-0.6757942
0.01038026,0.7369304,-0.01131933,-0.6757942
0.01038026,0.7369304,-0.01131933,-0.6757942
0.01038026,0.7369304,-0.01131933,-0.6757942
0.01038026,0.7369304,-0.01131933,-0.6757942
0.01038026,0.7369304,-0.01131933,-0.6757942
0.01038026,0.7369304,-0.01131933,-0.6757942
0.01038026,0.7369304,-0.01131933,-0.6757942
0.01038026,0.7369304,-0.01131933,-0.6757942
0.01038026,0.7369304,-0.01131933,-0.6757942
0.01038026,0.7369304,-0.01131933,-0.6757942
0.01038026,0.7369304,-0.01131933,-0.6757942
0.01038026,0.7369304,-0.01131933,-0.6757942
0.01038026,0.7369304,-0.01131933,-0.6757942
0.01038026,0.7369304,-0.01131933,-0.6757942
0.01038026,0.7369304,-0.01131933,-0.6757942
0.01038026,0.7369304,-0.01131933,-0.6757942
0.01038105,0.7368832,-0.0113186,-0.6758457
0.01038283,0.7367766,-0.01131696,-0.6759618
0.0103854,0.7366235,-0.01131461,-0.6761287
0.01038876,0.7364225,-0.01131153,-0.6763475
0.01039291,0.7361741,-0.01130771,-0.6766179
0.01039805,0.7358667,-0.01130299,-0.6769524
0.01041068,0.7351093,-0.01129135,-0.6777746
0.01041819,0.7346584,-0.01128443,-0.6782634
0.01042645,0.7341612,-0.01127679,-0.6788015
0.01043572,0.7336029,-0.01126822,-0.6794048
0.01044555,0.73301,-0.01125911,-0.6800445
0.01046775,0.731666,-0.01123847,-0.6814903
0.01048032,0.7309029,-0.01122674,-0.6823087
0.01049345,0.7301044,-0.01121448,-0.683163
0.01050734,0.7292571,-0.01120146,-0.6840674
0.010522,0.7283607,-0.01118769,-0.6850218
0.01055398,0.7263964,-0.01115752,-0.6871044
0.01057112,0.7253397,-0.01114129,-0.6882197
0.010589,0.7242331,-0.01112429,-0.6893843
0.01060763,0.7230765,-0.01110653,-0.6905972
0.0106272,0.7218576,-0.01108781,-0.6918712
0.01066856,0.7192674,-0.01104802,-0.6945635
0.01069034,0.7178953,-0.01102695,-0.6959817
0.01071304,0.7164597,-0.0110049,-0.6974594
0.01073626,0.7149847,-0.01098224,-0.6989715
0.0107604,0.7134448,-0.01095859,-0.700543
0.01081079,0.7102091,-0.01090889,-0.7038232
0.01083704,0.7085109,-0.0108828,-0.7055327
0.01086419,0.7067471,-0.01085571,-0.7072996
0.01089201,0.7049294,-0.01082779,-0.7091113
0.01092052,0.7030577,-0.01079904,-0.7109669
0.01097936,0.6991624,-0.01073921,-0.7147979
0.01101007,0.6971122,-0.01070772,-0.7167975
0.01104124,0.69502,-0.01067558,-0.7188264
0.01107305,0.6928714,-0.01064258,-0.7208977
0.01110551,0.6906658,-0.0106087,-0.723011
0.01117271,0.6860567,-0.0105379,-0.727386
0.01120725,0.6836651,-0.01050117,-0.7296343
0.01124257,0.6812024,-0.01046334,-0.7319341
0.01127849,0.6786816,-0.01042462,-0.7342721
0.0113519,0.6734738,-0.01034463,-0.7390516
0.01138956,0.6707736,-0.01030315,-0.7415031
0.01142778,0.6680124,-0.01026074,-0.7439916
0.01146656,0.6651898,-0.01021738,-0.7465163
0.01150589,0.6623051,-0.01017308,-0.7490768
0.01154593,0.6593447,-0.0101276,-0.751684
0.01162757,0.6532356,-0.01003377,-0.756999
0.01166916,0.6500844,-0.009985365,-0.7597067
0.01171142,0.646856,-0.009935775,-0.7624575
0.01175415,0.6435623,-0.009885184,-0.7652396
0.01179734,0.6402036,-0.009833594,-0.7680517
0.0118851,0.6332868,-0.009727351,-0.7737648
0.01192962,0.6297284,-0.009672694,-0.7766636
0.01197458,0.6261013,-0.009616981,-0.7795905
0.01202011,0.6223924,-0.009560012,-0.7825547
0.01206603,0.6186151,-0.009501993,-0.7855441
0.01215899,0.6108515,-0.009382742,-0.7915962
0.01220601,0.6068639,-0.009321493,-0.7946574
0.01225353,0.6027915,-0.00925894,-0.797751
0.01230137,0.5986472,-0.009195283,-0.8008656
0.01234934,0.5944458,-0.00913075,-0.803989
0.01244648,0.5857961,-0.008997888,-0.8103129
0.01249545,0.5813603,-0.008929755,-0.8135012
0.01254467,0.57685,-0.008860475,-0.8167057
0.01259427,0.5722511,-0.008789835,-0.8199347
0.01264408,0.5675759,-0.008718025,-0.8231778
0.01274427,0.5579976,-0.0085709,-0.8297005
0.01279462,0.5530927,-0.008495561,-0.8329781
0.0128451,0.5481109,-0.00841904,-0.8362647
0.01289571,0.5430506,-0.008341313,-0.8395595
0.01294642,0.5379126,-0.008262392,-0.8428607
0.01299738,0.5326787,-0.008181999,-0.8461783
0.01309975,0.5219416,-0.008017075,-0.852843
0.01315098,0.516452,-0.007932754,-0.8561785
0.01320222,0.5108811,-0.007847184,-0.8595142
0.01325329,0.5052453,-0.007760618,-0.8628392
0.01330461,0.4994953,-0.007672298,-0.8661805
0.01340706,0.4877467,-0.007491838,-0.8728501
0.01345814,0.481747,-0.007399682,-0.8761758
0.0135091,0.4756632,-0.007306234,-0.8794934
0.01355977,0.4695123,-0.007211755,-0.8827924
0.01366088,0.4569213,-0.007018357,-0.8893745
0.01371124,0.4504825,-0.006919456,-0.8926532
0.01376136,0.4439573,-0.006819229,-0.8959163
0.01381122,0.4373458,-0.006717676,-0.8991623
0.01386079,0.4306474,-0.006614788,-0.9023896
0.01395897,0.4169903,-0.006405012,-0.9087812
0.01400764,0.4100139,-0.006297854,-0.91195
0.01405592,0.4029493,-0.006189342,-0.9150934
0.01410368,0.3958139,-0.006079741,-0.9182023
0.01415099,0.3885908,-0.005968794,-0.9212825
0.01419794,0.3812623,-0.005856227,-0.9243394
0.01429054,0.3663054,-0.005626488,-0.9303679
0.01433603,0.3586924,-0.005509552,-0.9333295
0.01438083,0.3510083,-0.005391523,-0.9362465
0.01442503,0.3432348,-0.005272122,-0.939124
0.01451178,0.3273691,-0.005028423,-0.9447718
0.01455408,0.3193109,-0.004904648,-0.9475256
0.01459566,0.3111634,-0.004779502,-0.9502324
0.01463649,0.3029261,-0.004652977,-0.9528903
0.01467661,0.2945827,-0.00452482,-0.9555026
0.01475439,0.2776273,-0.004264385,-0.9605662
0.01479197,0.2690162,-0.004132117,-0.9630132
0.01482866,0.2603157,-0.003998476,-0.9654015
0.0148644,0.2515269,-0.003863479,-0.9677285
0.01489924,0.2426328,-0.003726866,-0.9699966
0.01496594,0.2245611,-0.003449283,-0.974339
0.01499766,0.2154031,-0.003308615,-0.9764044
0.01501951,0.208853,-0.003208004,-0.9778265
0.01503596,0.2037733,-0.00312998,-0.9788977
0.01504381,0.2013031,-0.003092038,-0.9794086
0.01504512,0.2008865,-0.003085639,-0.9794941
0.01504512,0.2008865,-0.003085639,-0.9794941
0.01504512,0.2008865,-0.003085639,-0.9794941
0.01504512,0.2008865,-0.003085639,-0.9794941
0.01504512,0.2008865,-0.003085639,-0.9794941
0.01504512,0.2008865,-0.003085639,-0.9794941
0.01504512,0.2008865,-0.003085639,-0.9794941
0.01504512,0.2008865,-0.003085639,-0.9794941
0.01504512,0.2008865,-0.003085639,-0.9794941
0.01504512,0.2008865,-0.003085639,-0.9794941
0.01504512,0.2008865,-0.003085639,-0.9794941
0.01504512,0.2008865,-0.003085639,-0.9794941
0.01504512,0.2008865,-0.003085639,-0.9794941
0.01504512,0.2008865,-0.003085639,-0.9794941
0.01504512,0.2008865,-0.003085639,-0.9794941
0.01504512,0.2008865,-0.003085639,-0.9794941
0.01504512,0.2008865,-0.003085639,-0.9794941
0.01504539,0.200801,-0.003084325,-0.9795117
0.01504588,0.2006473,-0.003081963,-0.9795432
0.01504657,0.2004247,-0.003078545,-0.9795887
0.01504862,0.1997739,-0.003068548,-0.9797217
0.01505001,0.1993289,-0.003061713,-0.9798123
0.01505161,0.1988155,-0.003053827,-0.9799166
0.01505342,0.1982332,-0.003044883,-0.9800346
0.01505544,0.1975831,-0.003034897,-0.9801658
0.01506014,0.1960591,-0.003011488,-0.9804718
0.01506276,0.1952028,-0.002998334,-0.9806427
0.01506564,0.1942609,-0.002983867,-0.9808297
0.01506871,0.1932484,-0.002968316,-0.9810297
0.01507196,0.19217,-0.002951751,-0.9812415
0.01507903,0.1898047,-0.00291542,-0.9817018
0.01508289,0.1885015,-0.002895402,-0.9819528
0.01508692,0.1871295,-0.002874328,-0.9822152
0.01509112,0.1856878,-0.002852185,-0.9824888
0.01509548,0.1841787,-0.002829004,-0.9827728
0.01510006,0.1825824,-0.002804485,-0.9830707
0.01510966,0.1791827,-0.002752266,-0.983696
0.01511468,0.177379,-0.002724561,-0.9840227
0.01511984,0.175506,-0.002695791,-0.9843585
0.01512513,0.1735632,-0.00266595,-0.9847029
0.01513059,0.1715344,-0.002634787,-0.9850584
0.01514181,0.1672856,-0.002569525,-0.9857889
0.0151476,0.1650472,-0.002535142,-0.9861661
0.01515345,0.1627582,-0.002499982,-0.9865465
0.01515942,0.160382,-0.002463484,-0.9869356
0.01516553,0.1579171,-0.002425623,-0.987333
0.01517794,0.1527794,-0.002346708,-0.988141
0.01518423,0.150105,-0.002305629,-0.9885508
0.01519058,0.1473601,-0.002263466,-0.9889637
0.01519696,0.1445449,-0.002220225,-0.9893791
0.01520341,0.1416419,-0.002175634,-0.9897989
0.01521634,0.1356267,-0.002083241,-0.990641
0.01522281,0.1325136,-0.002035422,-0.9910622
0.01522927,0.1293305,-0.001986531,-0.9914827
0.01523571,0.1260757,-0.001936536,-0.9919018
0.01524214,0.1227328,-0.00188519,-0.9923209
0.01525488,0.1158345,-0.001779231,-0.9931498
0.01526114,0.1122812,-0.001724651,-0.9935578
0.01526733,0.1086561,-0.00166897,-0.9939607
0.01527343,0.1049594,-0.001612189,-0.9943579
0.01527946,0.1011745,-0.001554051,-0.9947502
0.01529114,0.09339324,-0.001434531,-0.9955109
0.01529678,0.08939685,-0.001373146,-0.9958777
0.01530226,0.08532928,-0.001310667,-0.9962345
0.01530757,0.08119025,-0.001247092,-0.9965803
0.01531763,0.07270026,-0.001116685,-0.9972356
0.01532238,0.06833043,-0.001049564,-0.9975445
0.0153269,0.06388944,-0.0009813495,-0.9978388
0.01533118,0.05937678,-0.0009120346,-0.9981175
0.01533522,0.05477601,-0.0008413663,-0.9983806
0.01533899,0.05010457,-0.0007696126,-0.9986259
0.01534565,0.04055107,-0.0006228698,-0.9990594
0.01534851,0.0356674,-0.0005478562,-0.9992458
0.01535104,0.03071307,-0.0004717571,-0.9994102
0.01535322,0.02567096,-0.0003943098,-0.9995525
0.01535504,0.02055853,-0.0003157824,-0.9996707
0.0153575,0.01012424,-0.0001555106,-0.9998308
0.01535811,0.004800329,-7.373488E-05,-0.9998705
0.01535828,-0.0006087807,9.349553E-06,-0.9998819
0.015358,-0.006089862,9.353949E-05,-0.9998636
0.015356,-0.01724095,0.0002648213,-0.9997334
0.01535424,-0.02292869,0.0003521855,-0.9996191
0.01535196,-0.02868487,0.000440601,-0.9994705
0.01534913,-0.03451027,0.0005300796,-0.9992864
0.01534574,-0.04040463,0.0006206175,-0.9990654
0.01534176,-0.04636731,0.0007122049,-0.9988064
0.01533195,-0.0585316,0.0008990494,-0.9981675
0.01532608,-0.06471562,0.0009940367,-0.9977856
0.01531955,-0.07096571,0.001090039,-0.9973606
0.01531234,-0.07728223,0.001187061,-0.996891
0.0153044,-0.0836837,0.001285388,-0.9963741
0.01528631,-0.09668571,0.0014851,-0.9951965
0.01527613,-0.1032847,0.001586462,-0.9945333
0.01526515,-0.1099477,0.001688806,-0.9938188
0.01525333,-0.116693,0.001792414,-0.9930493
0.01524068,-0.1235029,0.001897015,-0.9922254
0.01521292,-0.1372426,0.002108058,-0.9904184
0.01519795,-0.1441028,0.00221343,-0.9894436
0.01518844,-0.1482888,0.002277729,-0.9888249
0.01518387,-0.1502613,0.002308026,-0.988527
0.01518423,-0.1501082,0.002305674,-0.9885503
0.01518538,-0.1496138,0.002298081,-0.9886252
0.01518625,-0.1492361,0.002292279,-0.9886823
0.01518724,-0.1488082,0.002285707,-0.9887468
0.01518839,-0.1483109,0.002278068,-0.9888216
0.01518974,-0.1477268,0.002269097,-0.988909
0.01519288,-0.1463514,0.00224797,-0.9891135
0.01519467,-0.1455594,0.002235805,-0.9892303
0.01519661,-0.1446986,0.002222584,-0.9893566
0.01519869,-0.1437686,0.002208298,-0.9894922
0.01520095,-0.142753,0.002192698,-0.9896392
0.01520587,-0.140514,0.002158307,-0.9899597
0.01520853,-0.1392903,0.002139511,-0.9901325
0.01521131,-0.1379976,0.002119654,-0.9903135
0.01521421,-0.136635,0.002098725,-0.9905024
0.01521723,-0.1352037,0.00207674,-0.9906988
0.01522366,-0.1320967,0.002029016,-0.9911178
0.01522704,-0.1304395,0.002003561,-0.9913374
0.0152305,-0.1287127,0.001977038,-0.9915631
0.01523406,-0.1269161,0.001949442,-0.9917946
0.0152377,-0.12505,0.001920779,-0.9920316
0.01524528,-0.1210739,0.001859706,-0.9925247
0.0152492,-0.1189633,0.001827286,-0.9927799
0.01525314,-0.1168008,0.00179407,-0.9930366
0.01525714,-0.1145681,0.001759776,-0.9932967
0.01526121,-0.1122466,0.001724117,-0.9935617
0.01526941,-0.107413,0.001649872,-0.9940959
0.01527359,-0.1048639,0.001610719,-0.994368
0.01527775,-0.1022641,0.001570785,-0.9946388
0.01528194,-0.09957634,0.001529501,-0.9949115
0.01529025,-0.09400873,0.001443982,-0.9954529
0.01529437,-0.09112795,0.001399733,-0.9957208
0.0152985,-0.08814,0.001353838,-0.9959897
0.01530256,-0.08510116,0.001307161,-0.996254
0.01530658,-0.08197306,0.001259113,-0.9965162
0.01531052,-0.07879379,0.001210279,-0.9967726
0.01531821,-0.07218682,0.001108795,-0.9972729
0.01532191,-0.06877892,0.00105645,-0.9975137
0.0153255,-0.06530067,0.001003023,-0.9977475
0.01532897,-0.06175165,0.00094851,-0.9979734
0.01533231,-0.05813165,0.0008929065,-0.9981908
0.01533857,-0.05064341,0.0007778864,-0.9985987
0.01534146,-0.04679462,0.0007187685,-0.9987864
0.01534417,-0.04285684,0.0006582838,-0.9989632
0.01534668,-0.03886755,0.000597008,-0.9991264
0.01534898,-0.03480808,0.0005346541,-0.999276
0.01535291,-0.02644261,0.0004061596,-0.9995323
0.01535452,-0.02215493,0.0003403005,-0.9996366
0.01535586,-0.0177774,0.0002730612,-0.999724
0.01535692,-0.01334945,0.0002050474,-0.9997929
0.01535815,-0.004263875,6.549212E-05,-0.999873
0.01535815,-0.004263875,6.549212E-05,-0.999873
0.01535808,0.00515537,-7.918839E-05,-0.9998688
0.01535753,0.009950332,-0.0001528395,-0.9998326
0.0153566,0.01483402,-0.0002278534,-0.9997721
0.01535357,0.02479045,-0.0003807851,-0.9995747
0.01535143,0.02988088,-0.0004589747,-0.9994355
0.01534885,0.03503987,-0.0005382172,-0.9992679
0.01534583,0.04026816,-0.0006185243,-0.9990709
0.01534233,0.0455653,-0.0006998889,-0.9988433
0.01533834,0.05094824,-0.0007825713,-0.9985832
0.01532881,0.06191787,-0.000951066,-0.9979631
0.01532324,0.06750539,-0.001036891,-0.9976007
0.0153171,0.073178,-0.001124023,-0.9972007
0.01531037,0.07891846,-0.001212197,-0.9967628
0.01530308,0.08470637,-0.001301099,-0.9962876
0.01528656,0.09651936,-0.001482548,-0.9952126
0.01527734,0.1025234,-0.001574771,-0.994612
0.01526744,0.1085932,-0.001668004,-0.9939677
0.01525682,0.1147476,-0.001762536,-0.9932759
0.01524551,0.1209475,-0.001857767,-0.9925401
0.01522062,0.1335778,-0.00205177,-0.9909194
0.01520702,0.1399876,-0.002150225,-0.9900342
0.01519263,0.1464604,-0.002249648,-0.9890973
0.01517738,0.1530149,-0.002350325,-0.9881045
0.0151613,0.1596317,-0.002451959,-0.9870572
0.01514431,0.1663266,-0.002554795,-0.9859512
0.01510771,0.1798815,-0.002763,-0.9835684
0.01508806,0.1867397,-0.002868342,-0.9822894
0.01506742,0.1936749,-0.002974867,-0.9809456
0.01504581,0.2006691,-0.003082299,-0.9795387
0.01499961,0.21483,-0.003299811,-0.9765308
0.01497497,0.2219958,-0.003409879,-0.9749267
0.01494928,0.2292181,-0.003520814,-0.9732539
0.01492245,0.2365125,-0.003632857,-0.9715071
0.01489451,0.2438618,-0.003745743,-0.9696884
0.01486545,0.2512651,-0.003859459,-0.9677965
0.01480373,0.2662621,-0.004089814,-0.9637784
0.01477117,0.2738193,-0.004205892,-0.9616586
0.0147374,0.2814267,-0.004322744,-0.9594599
0.01470231,0.2891005,-0.004440613,-0.9571756
0.01462834,0.3045903,-0.004678537,-0.9523597
0.0145894,0.3124061,-0.004798589,-0.9498246
0.01454905,0.3202826,-0.004919574,-0.9471976
0.01450743,0.3281865,-0.005040978,-0.9444882
0.01446435,0.3361499,-0.005163297,-0.9416834
0.01437396,0.3522,-0.005409827,-0.9357988
0.01432661,0.3602843,-0.005534003,-0.9327161
0.01427779,0.3684068,-0.005658764,-0.9295379
0.01422749,0.3765651,-0.005784077,-0.9262629
0.01417557,0.3847752,-0.005910185,-0.9228825
0.01406708,0.4012962,-0.00616395,-0.9158196
0.01401047,0.4096044,-0.006291564,-0.912134
0.01395225,0.4179418,-0.006419628,-0.908344
0.01389229,0.4263235,-0.006548372,-0.9044404
0.01383069,0.4347305,-0.006677504,-0.9004297
0.01370242,0.4516193,-0.006936918,-0.8920786
0.01363571,0.4600968,-0.007067133,-0.887736
0.01356715,0.4686093,-0.007197885,-0.8832721
0.01349681,0.47714,-0.007328919,-0.8786931
0.01342469,0.485687,-0.007460202,-0.8739979
0.01327502,0.5028213,-0.007723385,-0.8642539
0.01319728,0.511422,-0.007855493,-0.8591925
0.01311767,0.5200309,-0.007987726,-0.8540094
0.01303616,0.5286471,-0.008120072,-0.8487028
0.01295274,0.5372681,-0.00825249,-0.8432717
0.01286739,0.5458915,-0.008384947,-0.8377151
0.01269053,0.5631659,-0.008650282,-0.8262012
0.01259912,0.5717986,-0.008782881,-0.8202502
0.01250571,0.5804253,-0.008915388,-0.8141686
0.01242981,0.5872948,-0.009020905,-0.8092274
0.01233278,0.5959019,-0.009153111,-0.8029104
0.0123176,0.5972313,-0.009173531,-0.801922
0.0123176,0.5972313,-0.009173531,-0.801922
0.0123176,0.5972313,-0.009173531,-0.801922
0.0123176,0.5972313,-0.009173531,-0.801922
0.0123176,0.5972313,-0.009173531,-0.801922
0.0123176,0.5972313,-0.009173531,-0.801922
0.0123176,0.5972313,-0.009173531,-0.801922
0.0123176,0.5972313,-0.009173531,-0.801922
0.0123176,0.5972313,-0.009173531,-0.801922
0.0123176,0.5972313,-0.009173531,-0.801922
0.0123176,0.5972313,-0.009173531,-0.801922
0.0123176,0.5972313,-0.009173531,-0.801922
0.0123176,0.5972313,-0.009173531,-0.801922
0.0123176,0.5972313,-0.009173531,-0.801922
0.0123176,0.5972313,-0.009173531,-0.801922
0.0123176,0.5972313,-0.009173531,-0.801922
0.0123176,0.5972313,-0.009173531,-0.801922
0.0123176,0.5972313,-0.009173531,-0.801922
0.0123176,0.5972313,-0.009173531,-0.801922
0.0123176,0.5972313,-0.009173531,-0.801922
0.0123176,0.5972313,-0.009173531,-0.801922
0.0123176,0.5972313,-0.009173531,-0.801922
0.0123176,0.5972313,-0.009173531,-0.801922
0.0123176,0.5972313,-0.009173531,-0.801922
0.0123176,0.5972313,-0.009173531,-0.801922
0.0123176,0.5972313,-0.009173531,-0.801922
0.0123176,0.5972313,-0.009173531,-0.801922
0.0123176,0.5972313,-0.009173531,-0.801922
0.0123176,0.5972313,-0.009173531,-0.801922
0.0123176,0.5972313,-0.009173531,-0.801922
0.0123176,0.5972313,-0.009173531,-0.801922
0.0123176,0.5972313,-0.009173531,-0.801922
0.0123176,0.5972313,-0.009173531,-0.801922
0.0123176,0.5972313,-0.009173531,-0.801922
0.0123176,0.5972313,-0.009173531,-0.801922
0.0123176,0.5972313,-0.009173531,-0.801922
0.0123176,0.5972313,-0.009173531,-0.801922
0.0123176,0.5972313,-0.009173531,-0.801922
0.0123176,0.5972313,-0.009173531,-0.801922
0.0123176,0.5972313,-0.009173531,-0.801922
0.0123176,0.5972313,-0.009173531,-0.801922
0.0123176,0.5972313,-0.009173531,-0.801922
0.0123176,0.5972313,-0.009173531,-0.801922
0.0123176,0.5972313,-0.009173531,-0.801922
0.0123176,0.5972313,-0.009173531,-0.801922
0.0123176,0.5972313,-0.009173531,-0.801922
0.0123176,0.5972313,-0.009173531,-0.801922
0.0123176,0.5972313,-0.009173531,-0.801922
0.0123176,0.5972313,-0.009173531,-0.801922
0.0123176,0.5972313,-0.009173531,-0.801922
0.0123176,0.5972313,-0.009173531,-0.801922
0.0123176,0.5972313,-0.009173531,-0.801922
0.0123176,0.5972313,-0.009173531,-0.801922
0.0123176,0.5972313,-0.009173531,-0.801922
0.01231954,0.5970614,-0.009170921,-0.8020486
0.01232164,0.5968783,-0.009168109,-0.8021848
0.01232437,0.5966392,-0.009164436,-0.8023627
0.01232774,0.5963439,-0.009159899,-0.8025822
0.01233192,0.595978,-0.00915428,-0.8028539
0.01233672,0.5955564,-0.009147803,-0.8031667
0.01234824,0.594544,-0.009132253,-0.8039165
0.01235495,0.5939527,-0.00912317,-0.8043534
0.01236228,0.5933059,-0.009113235,-0.8048307
0.0123704,0.5925878,-0.009102205,-0.8053595
0.01237915,0.5918127,-0.009090301,-0.8059292
0.01239851,0.5900928,-0.009063882,-0.8071893
0.01240912,0.5891468,-0.00904935,-0.8078801
0.01242035,0.5881432,-0.009033935,-0.808611
0.01243233,0.5870687,-0.00901743,-0.8093915
0.01245796,0.5847618,-0.008981996,-0.8110597
0.01247158,0.5835292,-0.008963064,-0.811947
0.01248596,0.5822247,-0.008943027,-0.8128829
0.01250093,0.5808616,-0.008922089,-0.8138575
0.01251648,0.5794402,-0.008900256,-0.8148701
0.01253277,0.5779458,-0.008877302,-0.8159307
0.0125671,0.574778,-0.008828645,-0.8181653
0.0125851,0.5731061,-0.008802963,-0.8193373
0.01260367,0.5713735,-0.008776351,-0.8205465
0.0126228,0.5695816,-0.008748827,-0.8217914
0.01266268,0.5658172,-0.008691005,-0.8243877
0.01268358,0.5638294,-0.008660473,-0.8257485
0.01270501,0.5617806,-0.008629004,-0.8271438
0.01272696,0.5596706,-0.008596594,-0.8285728
0.01274942,0.5574995,-0.008563246,-0.8300352
0.01279586,0.5529712,-0.008493692,-0.8330588
0.01281998,0.5505984,-0.008457244,-0.834629
0.01284458,0.5481631,-0.008419839,-0.8362305
0.01286966,0.5456643,-0.008381456,-0.8378631
0.0128952,0.5431027,-0.008342111,-0.8395258
0.01292135,0.5404617,-0.008301544,-0.8412285
0.012975,0.534986,-0.008217437,-0.8447214
0.01300248,0.5321508,-0.008173889,-0.8465104
0.01303051,0.5292372,-0.008129135,-0.848335
0.0130588,0.5262727,-0.0080836,-0.8501771
0.01308765,0.523227,-0.008036818,-0.852055
0.0131465,0.5169356,-0.007940182,-0.8558866
0.01317649,0.5136884,-0.007890305,-0.8578393
0.01320698,0.5103592,-0.007839167,-0.8598242
0.01323767,0.5069786,-0.007787242,-0.8618218
0.01326882,0.5035146,-0.007734033,-0.8638502
0.01333197,0.4963946,-0.007624669,-0.8679612
0.0133642,0.4927069,-0.007568026,-0.8700598
0.01339657,0.4889666,-0.007510575,-0.8721673
0.01342922,0.4851564,-0.00745205,-0.8742926
0.01346212,0.4812757,-0.007392442,-0.8764347
0.01349541,0.4773074,-0.007331489,-0.8786022
0.01356278,0.4691444,-0.007206104,-0.8829879
0.01359671,0.4649626,-0.007141871,-0.8851972
0.01363097,0.4606914,-0.007076264,-0.8874276
0.01369973,0.4519641,-0.006942213,-0.8919039
0.01373445,0.4474753,-0.006873265,-0.8941644
0.0137693,0.4429129,-0.006803185,-0.8964332
0.01380426,0.4382758,-0.006731959,-0.8987094
0.01383945,0.4335466,-0.006659319,-0.9010003
0.01390979,0.423898,-0.006511115,-0.9055797
0.01392764,0.4214069,-0.006472852,-0.9067417
0.01393183,0.4208187,-0.006463817,-0.9070148
0.01393183,0.4208187,-0.006463817,-0.9070148
0.01393183,0.4208187,-0.006463817,-0.9070148
0.01393183,0.4208187,-0.006463817,-0.9070148
0.01393183,0.4208187,-0.006463817,-0.9070148
0.01393183,0.4208187,-0.006463817,-0.9070148
0.01393183,0.4208187,-0.006463817,-0.9070148
0.01393183,0.4208187,-0.006463817,-0.9070148
0.01393183,0.4208187,-0.006463817,-0.9070148
0.01393183,0.4208187,-0.006463817,-0.9070148
0.01393183,0.4208187,-0.006463817,-0.9070148
0.01393183,0.4208187,-0.006463817,-0.9070148
0.01393183,0.4208187,-0.006463817,-0.9070148
0.01393183,0.4208187,-0.006463817,-0.9070148
0.01393183,0.4208187,-0.006463817,-0.9070148
0.01393183,0.4208187,-0.006463817,-0.9070148
0.01393183,0.4208187,-0.006463817,-0.9070148
0.01393183,0.4208187,-0.006463817,-0.9070148
0.01393183,0.4208187,-0.006463817,-0.9070148
0.01393183,0.4208187,-0.006463817,-0.9070148
0.01393183,0.4208187,-0.006463817,-0.9070148
0.01393183,0.4208187,-0.006463817,-0.9070148
0.01393183,0.4208187,-0.006463817,-0.9070148
0.01393183,0.4208187,-0.006463817,-0.9070148
0.01393183,0.4208187,-0.006463817,-0.9070148
0.01393183,0.4208187,-0.006463817,-0.9070148
0.01393183,0.4208187,-0.006463817,-0.9070148
0.01393183,0.4208187,-0.006463817,-0.9070148
0.01393183,0.4208187,-0.006463817,-0.9070148
0.01393183,0.4208187,-0.006463817,-0.9070148
0.01393183,0.4208187,-0.006463817,-0.9070148
0.01393183,0.4208187,-0.006463817,-0.9070148
0.01393183,0.4208187,-0.006463817,-0.9070148
0.01393183,0.4208187,-0.006463817,-0.9070148
0.01393183,0.4208187,-0.006463817,-0.9070148
0.01393183,0.4208187,-0.006463817,-0.9070148
0.01393183,0.4208187,-0.006463817,-0.9070148
0.01393183,0.4208187,-0.006463817,-0.9070148
0.01393183,0.4208187,-0.006463817,-0.9070148
0.01393183,0.4208187,-0.006463817,-0.9070148
0.01393183,0.4208187,-0.006463817,-0.9070148
0.01393183,0.4208187,-0.006463817,-0.9070148
0.01393183,0.4208187,-0.006463817,-0.9070148
0.01393183,0.4208187,-0.006463817,-0.9070148
0.01393183,0.4208187,-0.006463817,-0.9070148
