269.325,11.04137,229.4418
269.2988,11.05,229.4361
269.2822,11.05,229.4326
269.2713,11.05,229.4304
269.2646,11.05,229.429
269.2606,11.05,229.4283
269.2592,11.05,229.428
269.259,11.05,229.428
269.259,11.05,229.428
269.259,11.05,229.428
269.259,11.05,229.428
269.259,11.05,229.428
269.259,11.05,229.428
269.259,11.05,229.428
269.259,11.05,229.428
269.259,11.05,229.428
269.259,11.05,229.428
269.259,11.05,229.428
269.259,11.05,229.428
269.259,11.05,229.428
269.259,11.05,229.428
269.259,11.05,229.428
269.259,11.05,229.428
269.259,11.05,229.428
269.259,11.05,229.428
269.259,11.05,229.428
269.259,11.05,229.428
269.259,11.05,229.428
269.259,11.05,229.428
269.259,11.05,229.428
269.259,11.05,229.428
269.259,11.05,229.428
269.259,11.05,229.428
269.259,11.05,229.428
269.259,11.05,229.428
269.259,11.05,229.428
269.259,11.05,229.428
269.259,11.05,229.428
269.259,11.05,229.428
269.259,11.05,229.428
269.2587,11.05,229.428
269.2567,11.05,229.4283
269.2523,11.05,229.429
269.2443,11.05,229.4303
269.2318,11.05,229.4324
269.2141,11.05,229.4358
269.1899,11.05,229.4407
269.1584,11.05,229.4476
269.1187,11.05,229.4567
269.0716,11.04354,229.4682
269.0174,11.04962,229.4819
268.9527,11.05,229.4994
268.8768,11.05,229.5211
268.7897,11.05,229.5471
268.6916,11.05,229.5779
268.5824,11.0494,229.6134
268.4628,11.05,229.6539
268.3333,11.05,229.7013
268.2027,11.05,229.7518
268.0731,11.04327,229.8046
267.9445,11.05,229.8577
267.8166,11.04407,229.9136
267.6901,11.05,229.9707
267.5638,11.04885,230.0303
267.438,11.05,230.0914
267.313,11.05,230.1545
267.189,11.04942,230.2195
267.0664,11.04445,230.2867
266.9448,11.05,230.3545
266.8245,11.05,230.4254
266.705,11.05,230.4984
266.5864,11.05,230.5727
266.4693,11.05,230.6494
266.3535,11.05,230.728
266.2389,11.05,230.8085
266.1257,11.05,230.8908
266.0135,11.04977,230.9745
265.9031,11.0454,231.0605
265.7943,11.05,231.1476
265.6859,11.05,231.2358
265.5784,11.05,231.3255
265.4725,11.05,231.4171
265.3683,11.05,231.5104
265.2657,11.05,231.6056
265.1652,11.05,231.7031
265.066,11.04452,231.8018
264.9677,11.05,231.9007
264.8719,11.04999,232.0024
264.7773,11.05,232.1055
264.685,11.05,232.2108
264.5948,11.05,232.3177
264.507,11.05,232.4268
264.4213,11.04148,232.5375
264.3372,11.05,232.6476
264.2557,11.05,232.7605
264.1751,11.05,232.875
264.0964,11.05,232.9907
264.0186,11.04957,233.107
263.9413,11.05,233.2237
263.8642,11.05,233.3405
263.787,11.05,233.4572
263.7097,11.05,233.5739
263.6326,11.04789,233.6907
263.5557,11.05,233.8068
263.4785,11.05,233.9235
263.4013,11.04797,234.0403
263.3244,11.05,234.1566
263.2472,11.04957,234.2733
263.1701,11.05,234.3899
263.0929,11.05,234.5067
263.0157,11.04969,234.6234
262.9385,11.05,234.7401
262.8613,11.05,234.8569
262.7841,11.05,234.9736
262.7069,11.05,235.0903
262.6297,11.05,235.2071
262.5525,11.05,235.3238
262.4753,11.05,235.4405
262.3981,11.05,235.5573
262.3209,11.05,235.674
262.2437,11.05,235.7907
262.1665,11.05,235.9075
262.0893,11.04927,236.0242
262.0122,11.04981,236.1408
261.935,11.05,236.2575
261.8578,11.05,236.3743
261.7806,11.05,236.491
261.7034,11.05,236.6077
261.6262,11.04392,236.7245
261.5497,11.05,236.8402
261.4727,11.05,236.9567
261.3954,11.04321,237.0734
261.3189,11.05,237.1892
261.2419,11.04745,237.3056
261.1651,11.05,237.4217
261.088,11.04021,237.5384
261.0111,11.04985,237.6546
260.9343,11.05,237.7707
260.8571,11.04943,237.8874
260.78,11.04998,238.004
260.7029,11.05,238.1207
260.6256,11.05,238.2374
260.5484,11.05,238.3542
260.4713,11.05,238.4709
260.394,11.05,238.5876
260.3168,11.05,238.7044
260.2396,11.05,238.8211
260.1624,11.05,238.9379
260.0852,11.04081,239.0546
260.0084,11.04991,239.1709
259.9315,11.05,239.287
259.8543,11.05,239.4037
259.7771,11.05,239.5205
259.7,11.05,239.6372
259.6227,11.05,239.7539
259.5455,11.05,239.8707
259.4683,11.05,239.9874
259.3911,11.05,240.1042
259.3139,11.05,240.2209
259.2367,11.04359,240.3376
259.1602,11.05,240.4533
259.0832,11.04126,240.5697
259.0063,11.04995,240.6859
258.9293,11.05,240.802
258.8519,11.04721,240.9185
258.7748,11.04852,241.0344
258.6974,11.05,241.1505
258.6196,11.05,241.2669
258.5417,11.05,241.3831
258.4637,11.0492,241.4993
258.3856,11.05,241.6152
258.3073,11.05,241.7311
258.2286,11.05,241.8469
258.1498,11.05,241.9626
258.0707,11.0437,242.078
257.9918,11.05,242.193
257.9124,11.05,242.3079
257.8324,11.05,242.4228
257.7523,11.05,242.5375
257.6718,11.05,242.652
257.5909,11.05,242.7662
257.5096,11.05,242.8801
257.4279,11.05,242.9938
257.3458,11.05,243.1071
257.2632,11.05,243.2201
257.1804,11.05,243.3329
257.0972,11.05,243.4454
257.0136,11.04977,243.5577
256.9295,11.05,243.6696
256.8448,11.05,243.781
256.7597,11.05,243.8921
256.6741,11.04999,244.0028
256.588,11.05,244.1131
256.5014,11.05,244.2231
256.4142,11.05,244.3326
256.3265,11.04162,244.4417
256.2393,11.05,244.5493
256.1507,11.05,244.6569
256.0611,11.04531,244.7644
255.9713,11.05,244.8712
255.8806,11.04408,244.9776
255.7903,11.04134,245.0828
255.6995,11.05,245.1873
255.6071,11.05,245.2915
255.5134,11.05,245.3955
255.4191,11.04599,245.4989
255.325,11.05,245.6011
255.2292,11.05,245.703
255.1328,11.05,245.8045
255.0359,11.04838,245.9055
254.9385,11.04717,246.0056
254.8409,11.05,246.1048
254.7417,11.05,246.2035
254.6419,11.05,246.3016
254.5412,11.05,246.3988
254.4397,11.04807,246.4952
254.3385,11.05,246.591
254.2361,11.05,246.6863
254.1329,11.05,246.7809
254.0287,11.04897,246.8743
253.9236,11.04885,246.9665
253.8177,11.04585,247.0575
253.7112,11.05,247.1474
253.6037,11.05,247.2368
253.4955,11.05,247.3256
253.3866,11.04955,247.4135
253.2767,11.05,247.4999
253.1658,11.05,247.5854
253.0542,11.04631,247.6699
252.9423,11.05,247.7531
252.8289,11.04998,247.835
252.715,11.05,247.9164
252.6003,11.05,247.9966
252.4848,11.04278,248.0757
252.3689,11.05,248.1528
252.2519,11.05,248.2288
252.1335,11.05,248.3036
252.0146,11.04974,248.3773
251.895,11.05,248.45
251.7746,11.05,248.5215
251.6535,11.05,248.5915
251.5313,11.05,248.6599
251.4083,11.05,248.7268
251.2844,11.05,248.7919
251.1597,11.05,248.8556
251.0343,11.04853,248.9177
250.9087,11.04694,248.9786
250.7828,11.0482,249.0379
250.6555,11.05,249.0958
250.5271,11.05,249.1517
250.3981,11.05,249.2059
250.2682,11.05,249.2581
250.1376,11.05,249.3086
250.0062,11.04995,249.3569
249.8744,11.05,249.404
249.7418,11.05,249.4489
249.6087,11.05,249.4924
249.4754,11.04777,249.5351
249.3426,11.05,249.5773
249.2092,11.05,249.6198
249.0758,11.04275,249.6622
248.9433,11.05,249.7043
248.8103,11.05,249.7466
248.6768,11.04206,249.789
248.5446,11.05,249.8311
248.4117,11.05,249.8733
248.2783,11.05,249.9157
248.1449,11.05,249.9582
248.0115,11.04983,250.0006
247.8781,11.04768,250.043
247.7448,11.04078,250.0854
247.6116,11.05,250.1277
247.4789,11.05,250.1699
247.3455,11.05,250.2123
247.2121,11.04886,250.2548
247.079,11.04213,250.2971
246.9466,11.05,250.3392
246.8137,11.05,250.3814
246.6803,11.05,250.4239
246.5468,11.05,250.4663
246.4134,11.04429,250.5087
246.2811,11.05,250.5508
246.1479,11.05,250.5931
246.0145,11.04974,250.6355
245.8812,11.05,250.6779
245.7478,11.05,250.7204
245.6143,11.05,250.7628
245.4809,11.05,250.8052
245.3475,11.05,250.8476
245.2141,11.05,250.89
245.0807,11.04177,250.9325
244.9482,11.04957,250.9746
244.8155,11.04965,251.0168
244.6821,11.04559,251.0592
244.5488,11.05,251.1016
244.4155,11.05,251.144
244.2821,11.05,251.1864
244.1487,11.04597,251.2288
244.0162,11.04967,251.2709
243.883,11.05,251.3133
243.7496,11.05,251.3557
243.6162,11.05,251.3981
243.4828,11.05,251.4406
243.3493,11.05,251.483
243.2159,11.05,251.5254
243.0825,11.0414,251.5678
242.9501,11.05,251.6099
242.8173,11.05,251.6522
242.6839,11.04993,251.6946
242.5505,11.05,251.737
242.4171,11.05,251.7794
242.2836,11.05,251.8218
242.1502,11.05,251.8642
242.0168,11.04965,251.9067
241.8835,11.04731,251.9491
241.7508,11.05,251.9913
241.6174,11.04858,252.0337
241.484,11.0427,252.0761
241.3508,11.05,252.1184
241.2179,11.05,252.1607
241.0845,11.04098,252.2031
240.952,11.05,252.2452
240.8193,11.05,252.2874
240.6859,11.05,252.3299
240.5525,11.05,252.3723
240.419,11.05,252.4146
240.2856,11.05,252.4569
240.1521,11.05,252.4991
240.0186,11.04957,252.5411
239.8851,11.05,252.583
239.7515,11.05,252.6249
239.6179,11.04851,252.6667
239.4846,11.05,252.7081
239.3508,11.05,252.7494
239.217,11.05,252.7905
239.0831,11.04127,252.8313
238.9501,11.05,252.8717
238.8167,11.04431,252.9118
238.6838,11.05,252.9516
238.5499,11.05,252.9913
238.4155,11.04882,253.0307
238.2811,11.04387,253.0698
238.1467,11.05,253.1084
238.0123,11.04981,253.1465
237.8776,11.05,253.1843
237.7427,11.05,253.2217
237.6077,11.05,253.2589
237.4726,11.05,253.2954
237.3373,11.05,253.3315
237.2019,11.05,253.367
237.0663,11.04447,253.4019
236.9314,11.05,253.4363
236.7958,11.05,253.47
236.6599,11.05,253.5034
236.5237,11.04991,253.536
236.3874,11.05,253.5678
236.2509,11.05,253.599
236.1143,11.05,253.6295
235.9775,11.05,253.6591
235.8405,11.05,253.6881
235.7034,11.0499,253.7163
235.5661,11.05,253.7438
235.4287,11.05,253.7705
235.2911,11.05,253.7963
235.1534,11.05,253.8212
235.0154,11.0497,253.8451
234.8774,11.05,253.868
234.7391,11.05,253.89
234.6007,11.05,253.9111
234.4622,11.05,253.9313
234.3235,11.05,253.9503
234.1846,11.05,253.9682
234.0457,11.04738,253.9851
233.9072,11.04444,254.0012
233.769,11.04967,254.0162
233.63,11.04881,254.0309
233.4908,11.0474,254.0455
233.3516,11.04544,254.0602
233.2124,11.04293,254.0749
233.0732,11.04325,254.0896
232.935,11.05,254.1041
232.7962,11.05,254.1188
232.657,11.05,254.1335
232.5177,11.05,254.1481
232.3785,11.05,254.1628
232.2393,11.05,254.1775
232.1001,11.04466,254.1922
231.9618,11.05,254.2068
231.8228,11.05,254.2214
231.6836,11.05,254.2361
231.5444,11.05,254.2508
231.4051,11.05,254.2655
231.2659,11.04987,254.2802
231.1267,11.05,254.2948
230.9875,11.05,254.3095
230.8482,11.05,254.3242
230.709,11.05,254.3389
230.5698,11.05,254.3535
230.4306,11.05,254.3682
230.2913,11.04472,254.3829
230.1531,11.05,254.3975
230.0141,11.04975,254.4122
229.8749,11.05,254.4269
229.7357,11.05,254.4416
229.5965,11.05,254.4565
229.4573,11.04988,254.4714
229.3181,11.05,254.4864
229.179,11.05,254.5015
229.0398,11.04802,254.5168
228.9012,11.05,254.5322
228.7621,11.05,254.5479
228.623,11.05,254.5638
228.4839,11.04419,254.58
228.3459,11.05,254.5963
228.2072,11.05,254.6129
228.0682,11.04414,254.6299
227.9301,11.05,254.647
227.7915,11.05,254.6647
227.6527,11.04943,254.6829
227.5141,11.05,254.7014
227.3754,11.05,254.7204
227.2367,11.05,254.7398
227.0981,11.05,254.7595
226.9596,11.05,254.7798
226.8211,11.05,254.8004
226.6828,11.05,254.8217
226.5445,11.05,254.8436
226.4063,11.05,254.866
226.2682,11.05,254.889
226.1302,11.05,254.9126
225.9923,11.05,254.9369
225.8546,11.04274,254.9619
225.718,11.05,254.9871
225.581,11.04978,255.0134
225.4436,11.04794,255.0406
225.3065,11.04408,255.0686
225.1696,11.05,255.0972
225.033,11.04864,255.1267
224.8968,11.05,255.157
224.7603,11.05,255.1881
224.624,11.05,255.22
224.4879,11.05,255.2529
224.352,11.05,255.2865
224.2163,11.04308,255.3211
224.082,11.04151,255.356
223.9483,11.05,255.3912
223.814,11.05,255.4284
223.6793,11.05,255.4666
223.5449,11.05,255.5057
223.4108,11.05,255.546
223.277,11.05,255.5871
223.1435,11.05,255.6292
223.0101,11.04987,255.6718
222.8771,11.05,255.7153
222.7444,11.04985,255.76
222.6123,11.05,255.806
222.4804,11.05,255.8531
222.349,11.05,255.9014
222.218,11.05,255.9508
222.0874,11.04033,256.0012
221.9579,11.04442,256.0516
221.8296,11.05,256.1024
221.7006,11.05,256.156
221.5718,11.05,256.2108
221.4436,11.05,256.2671
221.316,11.04995,256.3247
221.189,11.05,256.3836
221.0624,11.0451,256.4433
220.9367,11.05,256.5033
220.8114,11.05,256.5653
220.6867,11.05,256.6289
220.5627,11.05,256.6938
220.4394,11.05,256.7601
220.317,11.05,256.828
220.1953,11.05,256.8972
220.0741,11.04307,256.9673
219.954,11.04561,257.0376
219.835,11.05,257.1086
219.7162,11.05,257.1824
219.5982,11.05,257.2576
219.4812,11.05,257.3345
219.3653,11.04858,257.4129
219.2504,11.05,257.4921
219.1363,11.05,257.5732
219.0232,11.04933,257.6556
218.9114,11.05,257.7396
218.8005,11.04962,257.825
218.6907,11.05,257.9117
218.5822,11.05,258
218.4747,11.05,258.0898
218.3681,11.05,258.1805
218.263,11.04994,258.2729
218.159,11.05,258.3665
218.0565,11.04598,258.4619
217.9555,11.05,258.558
217.856,11.05,258.6563
217.758,11.05,258.7563
217.6611,11.05,258.8572
217.5648,11.05,258.9588
217.47,11.0452,259.0618
217.3771,11.05,259.1653
217.2857,11.05,259.271
217.1956,11.05,259.3781
217.1074,11.05,259.4868
217.0209,11.04946,259.5968
216.9355,11.05,259.7077
216.8514,11.05,259.8195
216.7689,11.05,259.9326
216.6886,11.04721,260.0472
216.6103,11.05,260.1624
216.5335,11.05,260.2794
216.459,11.05,260.3978
216.3863,11.05,260.5174
216.314,11.05,260.6372
216.2437,11.05,260.7582
216.1758,11.05,260.8806
216.1103,11.04998,261.0043
216.0469,11.04724,261.1291
215.9861,11.05,261.2549
215.9268,11.05,261.3816
215.8696,11.05,261.5093
215.8135,11.05,261.6375
215.7602,11.04997,261.7669
215.709,11.05,261.8972
215.6601,11.049,262.0283
215.6141,11.05,262.1601
215.5704,11.05,262.2931
215.529,11.05,262.4267
215.4888,11.04675,262.5608
215.4511,11.05,262.6947
215.4164,11.05,262.8302
215.3841,11.05,262.9663
215.3543,11.05,263.1031
215.3277,11.05,263.2404
215.3037,11.0465,263.3783
215.283,11.05,263.5159
215.2641,11.05,263.6545
215.2479,11.05,263.7935
215.235,11.05,263.9328
215.2248,11.0434,264.0724
215.2162,11.05,264.2108
215.2115,11.05,264.3503
215.2102,11.05,264.4902
215.2117,11.05,264.6301
215.216,11.05,264.77
215.2238,11.05,264.9097
215.2351,11.04696,265.0492
215.2494,11.05,265.1875
215.2679,11.04787,265.3262
215.2892,11.05,265.4642
215.3134,11.05,265.602
215.3391,11.05,265.7396
215.3662,11.05,265.8769
215.3969,11.04978,266.0134
215.4306,11.05,266.1491
215.4671,11.05,266.2842
215.5074,11.05,266.4182
215.5505,11.05,266.5514
215.5965,11.04524,266.6835
215.644,11.05,266.8149
215.6943,11.05,266.9453
215.7483,11.04303,267.0743
215.8037,11.05,267.2016
215.8633,11.05,267.3277
215.9267,11.05,267.4525
215.993,11.05,267.5757
216.0613,11.04527,267.6978
216.1316,11.05,267.8184
216.2055,11.05,267.937
216.2823,11.04633,268.0541
216.3613,11.05,268.1686
216.4441,11.05,268.2813
216.5296,11.05,268.392
216.6178,11.05,268.5007
216.708,11.05,268.6078
216.8007,11.05,268.7126
216.8966,11.05,268.8146
216.995,11.05,268.9141
217.0964,11.04986,269.0106
217.2002,11.05,269.1045
217.3063,11.05,269.1958
217.4146,11.05,269.2844
217.5252,11.05,269.3703
217.6379,11.05,269.4533
217.7532,11.05,269.5326
217.8705,11.05,269.609
217.9903,11.05,269.6815
218.1118,11.05,269.751
218.2349,11.05,269.8176
218.3587,11.05,269.883
218.483,11.05,269.9474
218.608,11.04987,270.0103
218.7335,11.04338,270.0725
218.8586,11.05,270.1342
218.9838,11.05,270.1959
219.1094,11.05,270.2578
219.2349,11.04548,270.3198
219.3604,11.04972,270.3816
219.4858,11.05,270.4435
219.6113,11.05,270.5053
219.7369,11.05,270.5673
219.8624,11.05,270.6292
219.988,11.05,270.6911
220.1135,11.05,270.753
220.2391,11.05,270.8149
220.3646,11.05,270.8768
220.4902,11.05,270.9387
220.6157,11.05,271.0006
220.7413,11.04508,271.0626
220.8665,11.05,271.1243
220.9919,11.05,271.1862
221.1174,11.05,271.248
221.243,11.04719,271.31
221.3685,11.04999,271.3719
221.494,11.05,271.4337
221.6195,11.05,271.4956
221.7451,11.05,271.5576
221.8706,11.05,271.6194
221.9962,11.05,271.6814
222.1217,11.05,271.7433
222.2473,11.05,271.8052
222.3728,11.05,271.8671
222.4984,11.05,271.929
222.6239,11.05,271.9909
222.7495,11.04649,272.0529
222.8748,11.05,272.1147
223.0003,11.05,272.1765
223.1258,11.04199,272.2384
223.2511,11.04849,272.3002
223.3763,11.05,272.362
223.5019,11.05,272.4239
223.6274,11.05,272.4858
223.753,11.05,272.5477
223.8785,11.05,272.6096
224.0041,11.04998,272.6715
224.1296,11.05,272.7334
224.2552,11.05,272.7953
224.3807,11.05,272.8572
224.5063,11.05,272.9192
224.6318,11.05,272.9811
224.7574,11.04768,273.043
224.8828,11.05,273.1048
225.0083,11.04991,273.1667
225.1338,11.04434,273.2286
225.2592,11.04939,273.2905
225.3846,11.05,273.3523
225.5101,11.05,273.4142
225.6357,11.05,273.4761
225.7612,11.05,273.538
225.8868,11.05,273.5999
226.0123,11.04981,273.6618
226.1378,11.05,273.7237
226.2634,11.05,273.7856
226.3889,11.05,273.8475
226.5145,11.05,273.9095
226.64,11.05,273.9714
226.7656,11.04861,274.0333
226.8911,11.05,274.0952
227.0166,11.04966,274.157
227.1421,11.04629,274.2189
227.2675,11.04989,274.2808
227.3929,11.05,274.3427
227.5185,11.05,274.4045
227.644,11.05,274.4665
227.7696,11.05,274.5284
227.8951,11.05,274.5903
228.0207,11.04946,274.6522
228.1461,11.05,274.7141
228.2717,11.05,274.776
228.3972,11.05,274.8379
228.5228,11.05,274.8998
228.6483,11.05,274.9617
228.7739,11.0493,275.0236
228.8994,11.04075,275.0855
229.0244,11.04926,275.1471
229.1492,11.04778,275.2087
229.2747,11.05,275.2706
229.4003,11.05,275.3325
229.5258,11.05,275.3944
229.6514,11.05,275.4563
229.7769,11.05,275.5182
229.9025,11.05,275.5801
230.028,11.04902,275.642
230.1533,11.05,275.7038
230.2789,11.05,275.7657
230.4044,11.05,275.8277
230.53,11.05,275.8896
230.6555,11.05,275.9515
230.7811,11.04978,276.0134
230.9066,11.04284,276.0753
231.0317,11.04874,276.137
231.1568,11.0489,276.1986
231.2823,11.05,276.2606
231.4078,11.05,276.3224
231.5334,11.05,276.3843
231.659,11.05,276.4462
231.7846,11.05,276.508
231.9102,11.05,276.5697
232.0251,11.04921,276.6261
232.1296,11.05,276.6773
232.2234,11.05,276.7232
232.3064,11.05,276.7637
232.3787,11.05,276.7989
232.4402,11.05,276.8287
232.491,11.05,276.8532
232.531,11.05,276.8724
232.5602,11.05,276.8864
232.5804,11.05,276.896
232.595,11.05,276.9029
232.605,11.05,276.9075
232.6118,11.05,276.9107
232.6151,11.05,276.9122
232.6164,11.05,276.9128
232.6166,11.05,276.9129
232.6166,11.05,276.9129
232.6166,11.05,276.9129
232.6166,11.05,276.9129
232.6166,11.05,276.9129
232.6166,11.05,276.9129
232.6166,11.05,276.9129
232.6166,11.05,276.9129
232.6166,11.05,276.9129
232.6166,11.05,276.9129
232.6166,11.05,276.9129
232.6166,11.05,276.9129
232.6166,11.05,276.9129
232.6166,11.05,276.9129
232.6166,11.05,276.9129
232.6166,11.05,276.9129
232.6166,11.05,276.9129
232.6166,11.05,276.9129
232.6166,11.05,276.9129
232.6166,11.05,276.9129
232.6166,11.05,276.9129
232.6166,11.05,276.9129
232.6166,11.05,276.9129
232.6166,11.05,276.9129
232.6166,11.05,276.9129
232.6166,11.05,276.9129
232.6166,11.05,276.9129
232.6166,11.05,276.9129
232.6166,11.05,276.9129
232.6166,11.05,276.9129
232.6166,11.05,276.9129
232.6166,11.05,276.9129
232.6166,11.05,276.9129
232.6166,11.05,276.9129
232.6166,11.05,276.9129
232.6166,11.05,276.9129
232.6166,11.05,276.9129
232.6166,11.05,276.9129
232.6166,11.05,276.9129
232.6166,11.05,276.9129
232.6166,11.05,276.9129
232.6166,11.05,276.9129
232.6166,11.05,276.9129
232.6166,11.05,276.9129
232.6166,11.05,276.9129
232.6166,11.05,276.9129
232.6166,11.05,276.9129
232.6166,11.05,276.9129
232.6166,11.05,276.9129
232.6166,11.05,276.9129
232.6166,11.05,276.9129
232.6166,11.05,276.9129
232.6166,11.05,276.9129
232.6166,11.05,276.9129
232.6166,11.05,276.9129
232.6166,11.05,276.9129
232.6166,11.05,276.9129
232.6166,11.05,276.9129
232.6166,11.05,276.9129
232.6166,11.05,276.9129
232.6166,11.05,276.9129
232.6166,11.05,276.9129
232.6166,11.05,276.9129
232.6166,11.05,276.9129
232.6166,11.05,276.9129
232.6166,11.05,276.9129
232.6166,11.05,276.9129
232.6166,11.05,276.9129
232.6166,11.05,276.9129
232.6166,11.05,276.9129
232.6166,11.05,276.9129
232.6166,11.05,276.9129
232.6166,11.05,276.9129
232.6166,11.05,276.9129
232.6166,11.05,276.9129
232.6166,11.05,276.9129
232.6166,11.05,276.9129
232.6166,11.05,276.9129
232.6166,11.05,276.9129
232.6166,11.05,276.9129
232.6166,11.05,276.9129
232.6166,11.05,276.9129
232.6166,11.05,276.9129
232.6166,11.05,276.9129
232.6166,11.05,276.9129
232.6166,11.05,276.9129
232.6166,11.05,276.9129
232.6166,11.05,276.9129
232.6166,11.05,276.9129
232.6171,11.05,276.9129
232.6184,11.05,276.9128
232.6228,11.05,276.9124
232.6308,11.05,276.9118
232.6434,11.05,276.9107
232.6613,11.05,276.9093
232.686,11.05,276.9072
232.7179,11.05,276.9046
232.7569,11.05,276.9014
232.8052,11.04464,276.8975
232.8621,11.04941,276.8928
232.9308,11.05,276.8871
233.0116,11.04983,276.8805
233.1041,11.05,276.8729
233.2086,11.05,276.8643
233.3251,11.05,276.8548
233.4535,11.05,276.8443
233.593,11.05,276.8328
233.7326,11.04504,276.8214
233.8715,11.05,276.81
234.0108,11.04985,276.7986
234.1503,11.05,276.7871
234.2899,11.05,276.7757
234.4294,11.05,276.7642
234.5689,11.05,276.7528
234.7085,11.04932,276.7413
234.8479,11.05,276.7299
234.9874,11.05,276.7184
235.1269,11.05,276.707
235.2664,11.05,276.6956
235.406,11.05,276.6841
235.5455,11.05,276.6727
235.685,11.05,276.6612
235.8246,11.05,276.6497
235.9641,11.05,276.6383
236.1036,11.05,276.6269
236.2432,11.05,276.6154
236.3827,11.05,276.604
236.5222,11.0469,276.5925
236.6613,11.05,276.5811
236.8008,11.05,276.5697
236.9403,11.05,276.5582
237.0798,11.04195,276.5468
237.218,11.05,276.5355
237.3569,11.05,276.524
237.4965,11.04984,276.5126
237.636,11.05,276.5012
237.7755,11.05,276.4897
237.9151,11.05,276.4783
238.0546,11.04626,276.4668
238.1931,11.05,276.4554
238.3325,11.04215,276.444
238.4712,11.05,276.4326
238.6102,11.05,276.4212
238.7498,11.05,276.4098
238.8893,11.05,276.3983
239.0288,11.04896,276.3869
239.168,11.05,276.3755
239.3043,11.04774,276.3643
239.4317,11.05,276.3539
239.5471,11.05,276.3444
239.6507,11.05,276.3359
239.7422,11.05,276.3284
239.8218,11.05,276.3218
239.8895,11.05,276.3163
239.9451,11.05,276.3117
239.9888,11.05,276.3081
240.0206,11.04947,276.3055
240.0416,11.04783,276.3038
240.0567,11.04597,276.3026
240.0667,11.0444,276.3018
240.0728,11.04333,276.3013
240.0763,11.04265,276.301
240.0774,11.04243,276.3009
240.0776,11.04241,276.3009
240.0776,11.04241,276.3009
240.0776,11.04241,276.3009
240.0776,11.04241,276.3009
240.0776,11.04241,276.3009
240.0776,11.04241,276.3009
240.0776,11.04241,276.3009
240.0776,11.04241,276.3009
240.0776,11.04241,276.3009
240.0776,11.04241,276.3009
240.0776,11.04241,276.3009
240.0776,11.04241,276.3009
240.0776,11.04241,276.3009
240.0776,11.04241,276.3009
240.0776,11.04241,276.3009
240.0776,11.04241,276.3009
240.0776,11.04241,276.3009
240.0776,11.04241,276.3009
240.0776,11.04241,276.3009
240.0776,11.04241,276.3009
240.0776,11.04241,276.3009
240.0776,11.04241,276.3009
240.0776,11.04241,276.3009
240.0776,11.04241,276.3009
240.0776,11.04241,276.3009
240.0776,11.04241,276.3009
240.0776,11.04241,276.3009
240.0776,11.04241,276.3009
240.0776,11.04241,276.3009
240.0776,11.04241,276.3009
240.0776,11.04241,276.3009
240.0776,11.04241,276.3009
240.0776,11.04241,276.3009
240.0776,11.04241,276.3009
240.0776,11.04241,276.3009
240.0776,11.04241,276.3009
240.0776,11.04241,276.3009
240.0776,11.04241,276.3009
240.0776,11.04241,276.3009
240.0776,11.04241,276.3009
240.0776,11.04241,276.3009
240.0776,11.04241,276.3009
240.0776,11.04241,276.3009
240.0776,11.04241,276.3009
240.0776,11.04241,276.3009
240.0776,11.04241,276.3009
240.0776,11.04241,276.3009
240.0776,11.04241,276.3009
240.0776,11.04241,276.3009
240.0776,11.04241,276.3009
240.0776,11.04241,276.3009
240.0776,11.04241,276.3009
240.0776,11.04241,276.3009
240.0776,11.04241,276.3009
240.0776,11.04241,276.3009
240.0776,11.04241,276.3009
240.0776,11.04241,276.3009
240.0776,11.04241,276.3009
240.0776,11.04241,276.3009
240.0776,11.04241,276.3009
240.0776,11.04241,276.3009
240.0776,11.04241,276.3009
240.0776,11.04241,276.3009
240.0776,11.04241,276.3009
240.0776,11.04241,276.3009
240.0776,11.04241,276.3009
240.0776,11.04241,276.3009
240.0776,11.04241,276.3009
240.0776,11.04241,276.3009
240.0776,11.04241,276.3009
240.0776,11.04241,276.3009
240.0776,11.04241,276.3009
240.0776,11.04241,276.3009
240.0776,11.04241,276.3009
240.0776,11.04241,276.3009
240.0776,11.04241,276.3009
240.0776,11.04241,276.3009
240.0776,11.04241,276.3009
240.0776,11.04241,276.3009
240.0776,11.04241,276.3009
240.0776,11.04241,276.3009
240.0776,11.04241,276.3009
240.0776,11.04241,276.3009
240.0776,11.04241,276.3009
240.0776,11.04241,276.3009
240.0776,11.04241,276.3009
240.0776,11.04241,276.3009
240.0776,11.04241,276.3009
240.0776,11.04241,276.3009
240.0776,11.04241,276.3009
240.0776,11.04241,276.3009
240.0776,11.04241,276.3009
240.0776,11.04241,276.3009
240.0776,11.04241,276.3009
240.0776,11.04241,276.3009
240.0776,11.04241,276.3009
240.0776,11.04241,276.3009
240.0776,11.04241,276.3009
240.0776,11.04241,276.3009
240.0776,11.04241,276.3009
240.0776,11.04241,276.3009
240.0776,11.04241,276.3009
240.0776,11.04241,276.3009
240.0776,11.04241,276.3009
240.0776,11.04241,276.3009
240.0776,11.04241,276.3009
240.0776,11.04241,276.3009
240.0776,11.04241,276.3009
240.0776,11.04241,276.3009
240.0776,11.04241,276.3009
240.0776,11.04241,276.3009
240.0776,11.04241,276.3009
240.0776,11.04241,276.3009
240.0776,11.04241,276.3009
240.0776,11.04241,276.3009
240.0776,11.04241,276.3009
240.0776,11.04241,276.3009
240.0776,11.04241,276.3009
240.0776,11.04241,276.3009
240.0776,11.04241,276.3009
240.0776,11.04241,276.3009
240.0776,11.04241,276.3009
240.0776,11.04241,276.3009
240.0776,11.04241,276.3009
240.0776,11.04241,276.3009
240.0776,11.04241,276.3009
240.0776,11.04241,276.3009
240.0776,11.04241,276.3009
240.0776,11.04241,276.3009
240.0776,11.04241,276.3009
240.0776,11.04241,276.3009
240.0776,11.04241,276.3009
240.0776,11.04241,276.3009
240.0776,11.04241,276.3009
240.0776,11.04241,276.3009
240.0776,11.04241,276.3009
240.0776,11.04241,276.3009
240.0776,11.04241,276.3009
240.0776,11.04241,276.3009
240.0776,11.04241,276.3009
240.0776,11.04241,276.3009
240.0776,11.04241,276.3009
240.0776,11.04241,276.3009
240.0776,11.04241,276.3009
240.0776,11.04241,276.3009
240.0776,11.04241,276.3009
240.0776,11.04241,276.3009
240.0776,11.04241,276.3009
240.0776,11.04241,276.3009
240.0776,11.04241,276.3009
240.0776,11.04241,276.3009
240.0776,11.04241,276.3009
240.0776,11.04241,276.3009
240.0776,11.04241,276.3009
240.0776,11.04241,276.3009
240.0776,11.04241,276.3009
240.0776,11.04241,276.3009
240.0776,11.04241,276.3009
240.0776,11.04241,276.3009
240.0776,11.04241,276.3009
240.0776,11.04241,276.3009
240.0776,11.04241,276.3009
240.0776,11.04241,276.3009
240.0776,11.04241,276.3009
240.0776,11.04241,276.3009
240.0776,11.04241,276.3009
240.0776,11.04241,276.3009
240.0776,11.04241,276.3009
240.0776,11.04241,276.3009
240.0776,11.04241,276.3009
240.0776,11.04241,276.3009
240.0776,11.04241,276.3009
240.0776,11.04241,276.3009
240.0776,11.04241,276.3009
240.0776,11.04241,276.3009
240.0776,11.04241,276.3009
240.0776,11.04241,276.3009
240.0776,11.04241,276.3009
240.0776,11.04241,276.3009
240.0776,11.04241,276.3009
240.0776,11.04241,276.3009
240.0776,11.04241,276.3009
240.0776,11.04241,276.3009
240.0776,11.04241,276.3009
240.0776,11.04241,276.3009
240.0776,11.04241,276.3009
240.0776,11.04241,276.3009
240.0776,11.04241,276.3009
240.0776,11.04241,276.3009
240.0776,11.04241,276.3009
240.0776,11.04241,276.3009
240.0776,11.04241,276.3009
240.0776,11.04241,276.3009
240.0776,11.04241,276.3009
240.0776,11.04241,276.3009
240.0776,11.04241,276.3009
240.0776,11.04241,276.3009
240.0776,11.04241,276.3009
240.0776,11.04241,276.3009
240.0776,11.04241,276.3009
240.0776,11.04241,276.3009
240.0776,11.04241,276.3009
240.0776,11.04241,276.3009
240.0776,11.04241,276.3009
240.0776,11.04241,276.3009
240.0776,11.04241,276.3009
240.0776,11.04241,276.3009
240.0776,11.04241,276.3009
240.0776,11.04241,276.3009
240.0776,11.04241,276.3009
240.0776,11.04241,276.3009
240.0776,11.04241,276.3009
240.0776,11.04241,276.3009
240.0776,11.04241,276.3009
240.0776,11.04241,276.3009
240.0776,11.04241,276.3009
240.0776,11.04241,276.3009
240.0776,11.04241,276.3009
240.0776,11.04241,276.3009
240.0776,11.04241,276.3009
240.0776,11.04241,276.3009
240.0776,11.04241,276.3009
240.0776,11.04241,276.3009
240.0776,11.04241,276.3009
240.0776,11.04241,276.3009
240.0776,11.04241,276.3009
240.0776,11.04241,276.3009
240.0776,11.04241,276.3009
240.0776,11.04241,276.3009
240.0776,11.04241,276.3009
240.0776,11.04241,276.3009
240.0776,11.04241,276.3009
240.0776,11.04241,276.3009
240.0776,11.04241,276.3009
240.0776,11.04241,276.3009
240.0776,11.04241,276.3009
240.0776,11.04241,276.3009
240.0776,11.04241,276.3009
240.0776,11.04241,276.3009
240.0776,11.04241,276.3009
240.0776,11.04241,276.3009
240.0776,11.04241,276.3009
240.0776,11.04241,276.3009
240.0776,11.04241,276.3009
240.0776,11.04241,276.3009
240.0776,11.04241,276.3009
240.0776,11.04241,276.3009
240.0776,11.04241,276.3009
240.0776,11.04241,276.3009
240.0776,11.04241,276.3009
240.0776,11.04241,276.3009
240.0776,11.04241,276.3009
240.0776,11.04241,276.3009
240.0776,11.04241,276.3009
240.0777,11.04237,276.3008
240.079,11.04212,276.3008
240.0825,11.04141,276.3004
240.089,11.05,276.2999
240.0929,11.05,276.2996
240.1088,11.05,276.2983
240.1308,11.05,276.2965
240.1599,11.05,276.2942
240.1954,11.04421,276.2913
240.2375,11.04841,276.2879
240.2913,11.05,276.2835
240.357,11.05,276.2782
240.4346,11.05,276.2719
240.5242,11.05,276.2647
240.6257,11.05,276.2564
240.7392,11.05,276.2473
240.8647,11.05,276.2371
241.0021,11.04999,276.226
241.1416,11.04665,276.2147
241.2807,11.05,276.2034
241.4201,11.05,276.1921
241.5597,11.05,276.1808
241.6992,11.05,276.1695
241.8388,11.05,276.1582
241.9783,11.05,276.1469
242.1178,11.0498,276.1356
242.2574,11.05,276.1243
242.3969,11.05,276.1129
242.5364,11.05,276.1017
242.676,11.05,276.0904
242.8155,11.04211,276.079
242.955,11.04165,276.0677
243.0939,11.04599,276.0565
243.2332,11.04743,276.0452
243.3728,11.04855,276.034
243.5123,11.04935,276.0228
243.6519,11.04983,276.0118
243.7914,11.05,276.0008
243.931,11.04782,275.99
244.0702,11.04379,275.9793
244.2084,11.05,275.9687
244.3477,11.05,275.9583
244.4873,11.05,275.9481
244.627,11.05,275.9381
244.7666,11.05,275.9284
244.9063,11.0499,275.9189
245.046,11.04735,275.9098
245.1849,11.05,275.9009
245.3246,11.05,275.8923
245.4643,11.05,275.8841
245.6041,11.05,275.8763
245.7439,11.04012,275.8688
245.8829,11.05,275.8616
246.0219,11.0494,275.8551
246.1616,11.05,275.8491
246.3015,11.05,275.8433
246.4414,11.05,275.8379
246.5813,11.05,275.8332
246.7212,11.04267,275.829
246.8605,11.05,275.8251
247,11.05,275.8221
247.14,11.05,275.8197
247.28,11.05,275.8178
247.42,11.05,275.8161
247.5599,11.05,275.8151
247.6999,11.04168,275.8147
247.8392,11.05,275.8146
247.9786,11.05,275.8157
248.1186,11.05,275.8175
248.2586,11.05,275.8201
248.3986,11.05,275.8232
248.5385,11.05,275.827
248.6785,11.05,275.8315
248.8183,11.04978,275.8369
248.9582,11.05,275.8433
249.098,11.05,275.8506
249.2377,11.05,275.8586
249.3775,11.05,275.8676
249.5171,11.05,275.8773
249.6567,11.05,275.8881
249.7962,11.04324,275.8998
249.9351,11.05,275.912
250.074,11.04309,275.9259
250.2118,11.05,275.9402
250.3505,11.05,275.9563
250.4895,11.05,275.9729
250.6284,11.05,275.9904
250.7671,11.0499,276.0091
250.9057,11.04039,276.029
251.0436,11.04453,276.0495
251.181,11.04366,276.0709
251.3189,11.05,276.0944
251.4563,11.05,276.1193
251.5939,11.05,276.1451
251.7313,11.05,276.1721
251.8684,11.05,276.2006
252.0052,11.04997,276.23
252.1418,11.04101,276.261
252.2776,11.04986,276.2925
252.4128,11.05,276.3262
252.5484,11.05,276.361
252.6838,11.05,276.3968
252.8187,11.05,276.4342
252.9533,11.05,276.4726
253.0874,11.04032,276.5127
253.22,11.05,276.553
253.3525,11.05,276.5956
253.4852,11.05,276.6402
253.6176,11.04708,276.6859
253.7491,11.05,276.7332
253.8802,11.05,276.782
254.0109,11.04985,276.8323
254.1408,11.05,276.8844
254.2701,11.05,276.938
254.3988,11.05,276.993
254.5269,11.04692,277.0495
254.6541,11.05,277.1075
254.7806,11.05,277.1673
254.9062,11.05,277.2291
