-0.0153583,0,0,0.9998821
-0.0153583,0,0,0.9998821
-0.0153583,0,0,0.9998821
-0.0153583,0,0,0.9998821
-0.0153583,0,0,0.9998821
-0.0153583,0,0,0.9998821
-0.0153583,0,0,0.9998821
-0.0153583,0,0,0.9998821
-0.0153583,0,0,0.9998821
-0.0153583,0,0,0.9998821
-0.0153583,0,0,0.9998821
-0.0153583,0,0,0.9998821
-0.0153583,0,0,0.9998821
-0.0153583,0,0,0.9998821
-0.0153583,0,0,0.9998821
-0.0153583,0,0,0.9998821
-0.0153583,0,0,0.9998821
-0.0153583,0,0,0.9998821
-0.0153583,0,0,0.9998821
-0.0153583,0,0,0.9998821
-0.0153583,0,0,0.9998821
-0.0153583,0,0,0.9998821
-0.0153583,0,0,0.9998821
-0.0153583,0,0,0.9998821
-0.0153583,0,0,0.9998821
-0.0153583,0,0,0.9998821
-0.0153583,0,0,0.9998821
-0.0153583,0,0,0.9998821
-0.0153583,0,0,0.9998821
-0.0153583,0,0,0.9998821
-0.0153583,0,0,0.9998821
-0.0153583,0,0,0.9998821
-0.0153583,0,0,0.9998821
-0.0153583,0,0,0.9998821
-0.0153583,0,0,0.9998821
-0.0153583,0,0,0.9998821
-0.0153583,0,0,0.9998821
-0.0153583,0,0,0.9998821
-0.0153583,0,0,0.9998821
-0.0153583,0,0,0.9998821
-0.0153583,0,0,0.9998821
-0.0153583,0,0,0.9998821
-0.0153583,0,0,0.9998821
-0.0153583,0,0,0.9998821
-0.0153583,0,0,0.9998821
-0.0153583,0,0,0.9998821
-0.0153583,0,0,0.9998821
-0.0153583,0,0,0.9998821
-0.0153583,0,0,0.9998821
-0.0153583,0,0,0.9998821
-0.0153583,0,0,0.9998821
-0.0153583,0,0,0.9998821
-0.0153583,0,0,0.9998821
-0.0153583,0,0,0.9998821
-0.0153583,0,0,0.9998821
-0.0153583,0,0,0.9998821
-0.0153583,2.769174E-05,-4.25348E-07,0.9998821
-0.0153583,0.0002365989,-3.634184E-06,0.9998821
-0.01535829,0.0006456996,-9.918016E-06,0.9998819
-0.01535829,0.0009788263,-1.503488E-05,0.9998816
-0.01535827,0.00171042,-2.627224E-05,0.9998807
-0.01535824,0.002635689,-4.048447E-05,0.9998786
-0.0153582,0.003513836,-5.39729E-05,0.9998759
-0.01535812,0.004801833,-7.375667E-05,0.9998705
-0.01535805,0.005666779,-8.704233E-05,0.999866
-0.01535789,0.007268293,-0.0001116417,0.9998556
-0.01535771,0.008698205,-0.0001336053,0.9998443
-0.01535749,0.01024474,-0.0001573603,0.9998296
-0.01535703,0.01281668,-0.0001968655,0.9997999
-0.01535674,0.014212,-0.0002182978,0.9997811
-0.01535615,0.0166865,-0.0002563064,0.9997429
-0.01535557,0.01882034,-0.0002890825,0.999705
-0.01535469,0.02164406,-0.000332455,0.9996478
-0.01535363,0.02464404,-0.000378535,0.9995783
-0.01535261,0.02719048,-0.0004176486,0.9995123
-0.01535145,0.02985369,-0.0004585558,0.9994363
-0.01534973,0.03337484,-0.000512641,0.9993249
-0.01534773,0.03706791,-0.000569367,0.9991947
-0.01534541,0.04093894,-0.0006288263,0.9990437
-0.01534329,0.04418682,-0.0006787141,0.9989052
-0.01534091,0.04755256,-0.0007304122,0.9987507
-0.01533755,0.05194285,-0.0007978475,0.998532
-0.01533453,0.05560238,-0.0008540583,0.9983349
-0.01533119,0.05937798,-0.000912052,0.9981174
-0.01532652,0.06428792,-0.0009874692,0.9978133
-0.01532236,0.0683543,-0.001049929,0.9975429
-0.01531662,0.07360935,-0.001130647,0.9971689
-0.01531153,0.07796476,-0.001197547,0.9968379
-0.015306,0.08243706,-0.001266242,0.996478
-0.01529841,0.08820768,-0.001354879,0.9959837
-0.01529176,0.09296905,-0.001428014,0.9955506
-0.01528458,0.09784491,-0.001502908,0.9950832
-0.01527478,0.1041276,-0.001599411,0.9944454
-0.01526627,0.1092902,-0.001678709,0.9938913
-0.01525474,0.115912,-0.00178042,0.9931408
-0.01524475,0.1213576,-0.001864065,0.9924901
-0.01523406,0.1269176,-0.001949467,0.9917943
-0.01521965,0.1340441,-0.00205893,0.9908564
-0.01520725,0.1398865,-0.00214867,0.9900485
-0.01519404,0.1458398,-0.002240114,0.989189
-0.01517632,0.1534634,-0.002357213,0.988035
-0.01516114,0.1596942,-0.002452919,0.9870471
-0.01514088,0.1676461,-0.002575061,0.9857277
-0.01512354,0.1741502,-0.002674966,0.9845994
-0.01510522,0.1807638,-0.002776551,0.9834067
-0.01508083,0.1892017,-0.002906159,0.9818181
-0.0150653,0.1943735,-0.002985598,0.9808074
-0.01503803,0.2031276,-0.003120063,0.9790319
-0.01501485,0.2102691,-0.003229756,0.9775229
-0.01499048,0.2175154,-0.00334106,0.9759361
-0.01495821,0.2267356,-0.003482684,0.9738353
-0.0149309,0.2342407,-0.003597963,0.9720573
-0.01490227,0.2418453,-0.00371477,0.9701933
-0.01486703,0.2508684,-0.003853366,0.9678994
-0.01484728,0.2557773,-0.003928767,0.9666137
-0.0148468,0.255895,-0.003930575,0.9665826
-0.0148468,0.255895,-0.003930575,0.9665826
-0.0148468,0.255895,-0.003930575,0.9665826
-0.0148468,0.255895,-0.003930575,0.9665826
-0.0148468,0.255895,-0.003930575,0.9665826
-0.0148468,0.255895,-0.003930575,0.9665826
-0.0148468,0.255895,-0.003930575,0.9665826
-0.0148468,0.255895,-0.003930575,0.9665826
-0.0148468,0.255895,-0.003930575,0.9665826
-0.0148468,0.255895,-0.003930575,0.9665826
-0.0148468,0.255895,-0.003930575,0.9665826
-0.0148468,0.255895,-0.003930575,0.9665826
-0.0148468,0.255895,-0.003930575,0.9665826
-0.0148468,0.255895,-0.003930575,0.9665826
-0.0148468,0.255895,-0.003930575,0.9665826
-0.0148468,0.255895,-0.003930575,0.9665826
-0.0148468,0.255895,-0.003930575,0.9665826
-0.0148468,0.255895,-0.003930575,0.9665826
-0.0148468,0.255895,-0.003930575,0.9665826
-0.0148468,0.255895,-0.003930575,0.9665826
-0.01484664,0.255935,-0.003931189,0.966572
-0.01484604,0.2560841,-0.003933479,0.9665325
-0.0148443,0.2565099,-0.003940019,0.9664196
-0.01484259,0.2569287,-0.003946452,0.9663084
-0.01483971,0.2576319,-0.003957254,0.966121
-0.0148369,0.2583193,-0.003967812,0.9659376
-0.01483181,0.2595547,-0.003986788,0.9656063
-0.01482882,0.2602777,-0.003997894,0.9654117
-0.01482321,0.2616285,-0.004018641,0.9650465
-0.01481676,0.2631718,-0.004042346,0.9646268
-0.01481251,0.2641833,-0.004057882,0.9643502
-0.01480303,0.2664263,-0.004092336,0.963733
-0.01479782,0.2676522,-0.004111166,0.9633932
-0.01478844,0.2698386,-0.004144749,0.9627831
-0.01478024,0.2717363,-0.004173899,0.9622492
-0.01477149,0.273747,-0.004204784,0.9616791
-0.01475721,0.2769912,-0.004254615,0.9607497
-0.01474951,0.2787234,-0.004281221,0.9602486
-0.01473317,0.2823626,-0.004337118,0.9591848
-0.01471855,0.2855762,-0.00438648,0.958233
-0.01470926,0.2875972,-0.004417524,0.9576284
-0.01469287,0.2911284,-0.004471762,0.9565607
-0.01467543,0.294833,-0.004528665,0.9554254
-0.01466068,0.2979272,-0.004576192,0.9544651
-0.01464121,0.3019573,-0.004638094,0.9531978
-0.01462486,0.305297,-0.004689393,0.9521334
-0.0146078,0.3087389,-0.004742261,0.9510228
-0.01458065,0.3141325,-0.004825107,0.949255
-0.01456636,0.3169294,-0.004868067,0.9483248
-0.01454153,0.3217264,-0.00494175,0.9467081
-0.01452062,0.3257046,-0.005002855,0.9453469
-0.01449886,0.3297881,-0.005065579,0.94393
-0.01447034,0.3350556,-0.005146488,0.9420732
-0.01444641,0.3394038,-0.005213277,0.9405153
-0.01442775,0.3427508,-0.005264688,0.9393008
-0.01439532,0.3484831,-0.005352736,0.9371893
-0.01436128,0.3543852,-0.005443392,0.9349734
-0.01433288,0.3592257,-0.005517744,0.9331244
-0.01430332,0.3641852,-0.005593921,0.9312
-0.01427267,0.3692462,-0.00567166,0.9292047
-0.01423272,0.3757252,-0.005771177,0.9266039
-0.0141994,0.3810322,-0.005852693,0.9244342
-0.01416491,0.3864348,-0.005935677,0.9221888
-0.01411995,0.393346,-0.006041834,0.9192622
-0.01407314,0.4003943,-0.006150096,0.9162143
-0.01402578,0.4073763,-0.00625734,0.9131312
-0.01400928,0.4097761,-0.006294201,0.9120568
-0.01400928,0.4097761,-0.006294201,0.9120569
-0.01400928,0.4097761,-0.006294201,0.9120569
-0.01400928,0.4097761,-0.006294201,0.9120569
-0.01400928,0.4097761,-0.006294201,0.9120569
-0.01400928,0.4097761,-0.006294201,0.9120569
-0.01400928,0.4097761,-0.006294201,0.9120569
-0.01400928,0.4097761,-0.006294201,0.9120569
-0.01400928,0.4097761,-0.006294201,0.9120569
-0.01400928,0.4097761,-0.006294201,0.9120569
-0.01400928,0.4097761,-0.006294201,0.9120569
-0.01400928,0.4097761,-0.006294201,0.9120569
-0.01400928,0.4097761,-0.006294201,0.9120569
-0.01400928,0.4097761,-0.006294201,0.9120569
-0.01400928,0.4097761,-0.006294201,0.9120569
-0.01400928,0.4097761,-0.006294201,0.9120569
-0.01400928,0.4097761,-0.006294201,0.9120569
-0.01400928,0.4097761,-0.006294201,0.9120569
-0.01400928,0.4097761,-0.006294201,0.9120569
-0.01400928,0.4097761,-0.006294201,0.9120569
-0.01400928,0.4097761,-0.006294201,0.9120569
-0.01400928,0.4097761,-0.006294201,0.9120569
-0.01400928,0.4097761,-0.006294201,0.9120569
-0.01400928,0.4097761,-0.006294201,0.9120569
-0.01400928,0.4097761,-0.006294201,0.9120569
-0.01400928,0.4097761,-0.006294201,0.9120569
-0.01400928,0.4097761,-0.006294201,0.9120569
-0.01400928,0.4097761,-0.006294201,0.9120569
-0.01400928,0.4097761,-0.006294201,0.9120569
-0.01400928,0.4097761,-0.006294201,0.9120569
-0.01400928,0.4097761,-0.006294201,0.9120569
-0.01400928,0.4097761,-0.006294201,0.9120569
-0.01400928,0.4097761,-0.006294201,0.9120569
-0.01400928,0.4097761,-0.006294201,0.9120569
-0.01400928,0.4097761,-0.006294201,0.9120569
-0.01400928,0.4097761,-0.006294201,0.9120569
-0.01400928,0.4097761,-0.006294201,0.9120569
-0.01400902,0.4098138,-0.00629478,0.9120399
-0.01400769,0.4100057,-0.006297728,0.9119537
-0.01400466,0.4104441,-0.006304462,0.9117564
-0.01400162,0.4108832,-0.006311205,0.9115587
-0.01399677,0.411583,-0.006321954,0.9112429
-0.01399209,0.4122574,-0.006332312,0.910938
-0.01398373,0.4134578,-0.00635075,0.9103938
-0.01397725,0.4143855,-0.006364998,0.9099719
-0.01396991,0.4154335,-0.006381095,0.9094939
-0.01395964,0.4168931,-0.006403514,0.9088258
-0.0139458,0.4188527,-0.006433615,0.9079243
-0.01393549,0.4203039,-0.006455905,0.9072534
-0.01392439,0.4218604,-0.006479813,0.9065307
-0.01390923,0.4239747,-0.006512289,0.9055439
-0.01389621,0.4257811,-0.006540035,0.9046959
-0.01387518,0.4286778,-0.006584529,0.9033269
-0.0138639,0.4302228,-0.006608261,0.9025921
-0.01383987,0.4334897,-0.00665844,0.9010277
-0.01381841,0.4363812,-0.006702854,0.8996308
-0.01380487,0.4381944,-0.006730706,0.8987491
-0.01377612,0.4420115,-0.006789337,0.8968778
-0.01375067,0.4453577,-0.006840735,0.895221
-0.01372932,0.4481421,-0.006883504,0.8938304
-0.01370133,0.4517576,-0.006939037,0.8920085
-0.01367781,0.4547691,-0.006985296,0.8904769
-0.01364061,0.4594802,-0.007057658,0.8880552
-0.01362113,0.4619236,-0.007095188,0.8867868
-0.01359412,0.465283,-0.007146789,0.8850288
-0.01355879,0.4696328,-0.007213602,0.8827283
-0.0135292,0.4732352,-0.007268935,0.8808022
-0.01349854,0.4769328,-0.007325731,0.8788056
-0.01345845,0.4817108,-0.007399122,0.8761957
-0.01342504,0.4856458,-0.007459564,0.8740208
-0.0133816,0.490702,-0.007537227,0.8711922
-0.01334535,0.4948684,-0.007601223,0.8688322
-0.01330787,0.4991278,-0.007666648,0.8663923
-0.01325917,0.5045915,-0.007750569,0.8632216
-0.01321868,0.5090743,-0.007819426,0.8605856
-0.01317688,0.5136463,-0.007889653,0.8578645
-0.01312259,0.5195034,-0.007979617,0.8543303
-0.0130776,0.524291,-0.008053157,0.8514006
-0.01301935,0.5303996,-0.008146985,0.8476087
-0.01297101,0.5353963,-0.008223736,0.8444614
-0.01292122,0.5404755,-0.008301754,0.8412196
-0.01285679,0.5469489,-0.008401185,0.8370251
-0.01280344,0.5522277,-0.008482269,0.8335519
-0.01274857,0.5575819,-0.00856451,0.8299799
-0.01267758,0.5644004,-0.008669242,0.8253583
-0.01261895,0.5699424,-0.008754369,0.8215412
-0.01254331,0.5769764,-0.008862411,0.8166165
-0.01248075,0.5826975,-0.008950288,0.812544
-0.01241651,0.5884857,-0.009039196,0.8083618
-0.01231675,0.5973055,-0.009174669,0.8018668
-0.01226525,0.6017801,-0.009243399,0.7985141
-0.01219508,0.6077948,-0.009335785,0.7939456
-0.01210457,0.6154159,-0.009452846,0.7880529
-0.01203001,0.6215813,-0.009547547,0.7831991
-0.01197253,0.6262676,-0.009619528,0.779457
-0.01189383,0.6325917,-0.009716668,0.7743331
-0.01181317,0.6389657,-0.009814572,0.769082
-0.01170939,0.6470116,-0.009938159,0.7623254
-0.01162396,0.6535087,-0.01003795,0.7567633
-0.01153648,0.6600459,-0.01013837,0.7510683
-0.01142395,0.6682907,-0.010265,0.7437417
-0.01133146,0.6749313,-0.01036701,0.7377207
-0.01121275,0.6832828,-0.01049528,0.7299923
-0.01111512,0.6900111,-0.01059863,0.7236358
-0.01101526,0.6967655,-0.01070238,0.7171346
-0.01088708,0.7052527,-0.01083274,0.7087896
-0.01078181,0.7120742,-0.01093752,0.7019362
-0.01067424,0.7189105,-0.01104253,0.6949329
-0.01053619,0.7274911,-0.01117433,0.6859453
-0.01042553,0.7342171,-0.01127764,0.678741
-0.01032976,0.7399325,-0.01136543,0.6725058
-0.01030545,0.7413678,-0.01138748,0.6709232
-0.01030517,0.7413841,-0.01138773,0.6709051
-0.01030517,0.7413841,-0.01138773,0.6709051
-0.01030517,0.7413841,-0.01138773,0.6709051
-0.01030517,0.7413841,-0.01138773,0.6709051
-0.01030517,0.7413841,-0.01138773,0.6709051
-0.01030517,0.7413841,-0.01138773,0.6709051
-0.01030517,0.7413841,-0.01138773,0.6709051
-0.01030517,0.7413841,-0.01138773,0.6709051
-0.01030517,0.7413841,-0.01138773,0.6709051
-0.01030517,0.7413841,-0.01138773,0.6709051
-0.01030517,0.7413841,-0.01138773,0.6709051
-0.01030517,0.7413841,-0.01138773,0.6709051
-0.01030517,0.7413841,-0.01138773,0.6709051
-0.01030517,0.7413841,-0.01138773,0.6709051
-0.01030517,0.7413841,-0.01138773,0.6709051
-0.01030517,0.7413841,-0.01138773,0.6709051
-0.01030517,0.7413841,-0.01138773,0.6709051
-0.01030517,0.7413841,-0.01138773,0.6709051
-0.01030517,0.7413841,-0.01138773,0.6709051
-0.01030517,0.7413841,-0.01138773,0.6709051
-0.01030517,0.7413841,-0.01138773,0.6709051
-0.01030517,0.7413841,-0.01138773,0.6709051
-0.01030517,0.7413841,-0.01138773,0.6709051
-0.01030517,0.7413841,-0.01138773,0.6709051
-0.01030517,0.7413841,-0.01138773,0.6709051
-0.01030517,0.7413841,-0.01138773,0.6709051
-0.01030517,0.7413841,-0.01138773,0.6709051
-0.01030517,0.7413841,-0.01138773,0.6709051
-0.01030517,0.7413841,-0.01138773,0.6709051
-0.01030517,0.7413841,-0.01138773,0.6709051
-0.01030517,0.7413841,-0.01138773,0.6709051
-0.01030517,0.7413841,-0.01138773,0.6709051
-0.01030517,0.7413841,-0.01138773,0.6709051
-0.01030517,0.7413841,-0.01138773,0.6709051
-0.01030517,0.7413841,-0.01138773,0.6709051
-0.01030517,0.7413841,-0.01138773,0.6709051
-0.01030517,0.7413841,-0.01138773,0.6709051
-0.01030517,0.7413841,-0.01138773,0.6709051
-0.01030517,0.7413841,-0.01138773,0.6709051
-0.01030517,0.7413841,-0.01138773,0.6709051
-0.01030517,0.7413841,-0.01138773,0.6709051
-0.01030517,0.7413841,-0.01138773,0.6709051
-0.01030517,0.7413841,-0.01138773,0.6709051
-0.01030517,0.7413841,-0.01138773,0.6709051
-0.01030517,0.7413841,-0.01138773,0.6709051
-0.01030517,0.7413841,-0.01138773,0.6709051
-0.01030517,0.7413841,-0.01138773,0.6709051
-0.01030517,0.7413841,-0.01138773,0.6709051
-0.01030517,0.7413841,-0.01138773,0.6709051
-0.01030517,0.7413841,-0.01138773,0.6709051
-0.01030517,0.7413841,-0.01138773,0.6709051
-0.01030517,0.7413841,-0.01138773,0.6709051
-0.01030517,0.7413841,-0.01138773,0.6709051
-0.01030517,0.7413841,-0.01138773,0.6709051
-0.01030517,0.7413841,-0.01138773,0.6709051
-0.01030517,0.7413841,-0.01138773,0.6709051
-0.01030517,0.7413841,-0.01138773,0.6709051
-0.01030517,0.7413841,-0.01138773,0.6709051
-0.01030517,0.7413841,-0.01138773,0.6709051
-0.01030517,0.7413841,-0.01138773,0.6709051
-0.01030517,0.7413841,-0.01138773,0.6709051
-0.01030517,0.7413841,-0.01138773,0.6709051
-0.01030517,0.7413841,-0.01138773,0.6709051
-0.01030517,0.7413841,-0.01138773,0.6709051
-0.01030517,0.7413841,-0.01138773,0.6709051
-0.01030517,0.7413841,-0.01138773,0.6709051
-0.01030517,0.7413841,-0.01138773,0.6709051
-0.01030517,0.7413841,-0.01138773,0.6709051
-0.01030517,0.7413841,-0.01138773,0.6709051
-0.01030517,0.7413841,-0.01138773,0.6709051
-0.01030517,0.7413841,-0.01138773,0.6709051
-0.01030517,0.7413841,-0.01138773,0.6709051
-0.01030517,0.7413841,-0.01138773,0.6709051
-0.01030517,0.7413841,-0.01138773,0.6709051
-0.01030517,0.7413841,-0.01138773,0.6709051
-0.01030517,0.7413841,-0.01138773,0.6709051
-0.01030517,0.7413841,-0.01138773,0.6709051
-0.01030517,0.7413841,-0.01138773,0.6709051
-0.01030517,0.7413841,-0.01138773,0.6709051
-0.01030517,0.7413841,-0.01138773,0.6709051
-0.01030517,0.7413841,-0.01138773,0.6709051
-0.01030517,0.7413841,-0.01138773,0.6709051
-0.01030517,0.7413841,-0.01138773,0.6709051
-0.01030517,0.7413841,-0.01138773,0.6709051
-0.01030517,0.7413841,-0.01138773,0.6709051
-0.01030517,0.7413841,-0.01138773,0.6709051
-0.01030517,0.7413841,-0.01138773,0.6709051
-0.01030517,0.7413841,-0.01138773,0.6709051
-0.01030517,0.7413841,-0.01138773,0.6709051
-0.01030517,0.7413841,-0.01138773,0.6709051
-0.01030517,0.7413841,-0.01138773,0.6709051
-0.01030517,0.7413841,-0.01138773,0.6709051
-0.01030517,0.7413841,-0.01138773,0.6709051
-0.01030517,0.7413841,-0.01138773,0.6709051
-0.01030517,0.7413841,-0.01138773,0.6709051
-0.01030517,0.7413841,-0.01138773,0.6709051
-0.01030517,0.7413841,-0.01138773,0.6709051
-0.01030517,0.7413841,-0.01138773,0.6709051
-0.01030517,0.7413841,-0.01138773,0.6709051
-0.01030517,0.7413841,-0.01138773,0.6709051
-0.01030517,0.7413841,-0.01138773,0.6709051
-0.01030517,0.7413841,-0.01138773,0.6709051
-0.01030517,0.7413841,-0.01138773,0.6709051
-0.01030517,0.7413841,-0.01138773,0.6709051
-0.01030517,0.7413841,-0.01138773,0.6709051
-0.01030517,0.7413841,-0.01138773,0.6709051
-0.01030517,0.7413841,-0.01138773,0.6709051
-0.01030517,0.7413841,-0.01138773,0.6709051
-0.01030517,0.7413841,-0.01138773,0.6709051
-0.01030517,0.7413841,-0.01138773,0.6709051
-0.01030517,0.7413841,-0.01138773,0.6709051
-0.01030517,0.7413841,-0.01138773,0.6709051
-0.01030517,0.7413841,-0.01138773,0.6709051
-0.01030517,0.7413841,-0.01138773,0.6709051
-0.01030517,0.7413841,-0.01138773,0.6709051
-0.01030517,0.7413841,-0.01138773,0.6709051
-0.01030517,0.7413841,-0.01138773,0.6709051
-0.01030517,0.7413841,-0.01138773,0.6709051
-0.01030517,0.7413841,-0.01138773,0.6709051
-0.01030517,0.7413841,-0.01138773,0.6709051
-0.01030402,0.7414522,-0.01138877,0.67083
-0.01030141,0.7416055,-0.01139113,0.6706605
-0.01029745,0.7418389,-0.01139472,0.6704023
-0.0102919,0.7421653,-0.01139973,0.670041
-0.01028497,0.7425722,-0.01140598,0.6695899
-0.01027423,0.7432023,-0.01141566,0.6688905
-0.01026394,0.7438043,-0.01142491,0.668221
-0.0102523,0.7444842,-0.01143535,0.6674634
-0.01023555,0.745461,-0.01145035,0.6663723
-0.01021278,0.7467834,-0.01147067,0.6648901
-0.01019998,0.7475246,-0.01148205,0.6640566
-0.01018153,0.7485898,-0.01149841,0.6628556
-0.0101617,0.7497312,-0.01151594,0.6615643
-0.01013474,0.7512759,-0.01153967,0.6598096
-0.01011145,0.7526051,-0.01156009,0.6582931
-0.01008036,0.7543706,-0.01158721,0.6562691
-0.01005365,0.7558797,-0.01161039,0.6545303
-0.0100182,0.7578722,-0.01164099,0.6522222
-0.009980381,0.7599844,-0.01167344,0.6497599
-0.00995641,0.7613159,-0.01169389,0.6481993
-0.009923136,0.7631551,-0.01172214,0.6460329
-0.009887923,0.7650899,-0.01175186,0.6437404
-0.009851221,0.7670939,-0.01178265,0.641351
-0.00980304,0.7697057,-0.01182276,0.6382143
-0.009762615,0.7718802,-0.01185617,0.6355825
-0.009720681,0.7741201,-0.01189057,0.6328525
-0.009654556,0.7776195,-0.01194432,0.6285475
-0.00960838,0.7800399,-0.0119815,0.6255413
-0.009560637,0.7825224,-0.01201963,0.622433
-0.009498438,0.7857263,-0.01206884,0.6183836
-0.0094599,0.7876946,-0.01209907,0.6158746
-0.009393469,0.791057,-0.01215072,0.6115497
-0.009338336,0.7938189,-0.01219314,0.6079603
-0.009295643,0.7959399,-0.01222572,0.6051809
-0.009207097,0.8002902,-0.01229254,0.5994163
-0.009145806,0.8032634,-0.01233821,0.595426
-0.009082821,0.8062868,-0.01238465,0.5913254
-0.009001375,0.8101489,-0.01244397,0.586023
-0.008951191,0.8125023,-0.01248012,0.5827558
-0.008865181,0.8164893,-0.01254136,0.5771562
-0.008794217,0.8197356,-0.01259123,0.5725362
-0.008721475,0.8230231,-0.01264172,0.5678003
-0.008627705,0.8272015,-0.0127059,0.5616956
-0.008550567,0.8305894,-0.01275794,0.5566736
-0.008451469,0.8348773,-0.0128238,0.550222
-0.008369853,0.8383548,-0.01287722,0.5449085
-0.008286358,0.8418632,-0.0129311,0.5394726
-0.008179118,0.8462964,-0.0129992,0.532491
-0.008091003,0.8498788,-0.01305423,0.5267544
-0.007978084,0.8543915,-0.01312354,0.519403
-0.007885371,0.8580316,-0.01317946,0.5133671
-0.007790604,0.8616931,-0.0132357,0.5071973
-0.007669256,0.8662947,-0.01330638,0.4992972
-0.007569657,0.8699997,-0.01336329,0.492813
-0.00746805,0.8737137,-0.01342033,0.486198
-0.007311572,0.8793054,-0.01350622,0.4760107
-0.007231414,0.8821105,-0.01354931,0.4707921
-0.007122796,0.8858483,-0.01360672,0.4637207
-0.007011524,0.889603,-0.0136644,0.4564765
-0.006897983,0.8933573,-0.01372206,0.4490845
-0.006752971,0.898041,-0.013794,0.4396437
-0.006634293,0.9017825,-0.01385147,0.4319173
-0.00648288,0.9064379,-0.01392298,0.4220598
-0.006327964,0.9110661,-0.01399407,0.4119742
-0.006233174,0.9138315,-0.01403655,0.405803
-0.00610495,0.9174931,-0.01409279,0.3974552
-0.005941238,0.9220371,-0.01416259,0.386797
-0.005807817,0.9256331,-0.01421782,0.3781107
-0.005603275,0.9309614,-0.01429967,0.3647943
-0.005498928,0.9335949,-0.01434012,0.3580009
-0.005357927,0.9370635,-0.0143934,0.3488212
-0.005178174,0.9413369,-0.01445904,0.3371186
-0.005031866,0.944694,-0.0145106,0.3275934
-0.004807935,0.9496241,-0.01458633,0.3130146
-0.004693855,0.9520401,-0.01462344,0.3055876
-0.004539868,0.9552,-0.01467198,0.2955625
-0.004343856,0.9590556,-0.0147312,0.2828014
-0.004144179,0.9627935,-0.01478861,0.2698017
-0.003981856,0.9656925,-0.01483314,0.2592338
-0.00381699,0.9685101,-0.01487642,0.2485005
-0.003607687,0.9719045,-0.01492856,0.2348741
-0.003394748,0.9751505,-0.01497841,0.2210109
-0.003265081,0.9770253,-0.01500721,0.2125692
-0.003090343,0.9794312,-0.01504417,0.201193
-0.002956955,0.981175,-0.01507095,0.192509
-0.002821857,0.9828598,-0.01509683,0.1837137
-0.002593921,0.985518,-0.01513766,0.1688742
-0.002362315,0.9879833,-0.01517553,0.1537958
-0.002221756,0.9893644,-0.01519674,0.1446449
-0.001936561,0.9919015,-0.01523571,0.1260777
-0.001792046,0.9930521,-0.01525339,0.1166692
-0.001597144,0.9944608,-0.01527502,0.1039803
-0.001350113,0.9960111,-0.01529884,0.08789766
-0.001200442,0.9968231,-0.01531131,0.07815354
-0.0008972392,0.9981743,-0.01533206,0.05841391
-0.0007438131,0.9987088,-0.01534027,0.0484253
-0.0005370919,0.9992705,-0.0153489,0.03496698
-0.0003575163,0.9996111,-0.01535414,0.02327594
-0.0002323178,0.9997677,-0.01535654,0.01512506
-0.0001602413,0.9998277,-0.01535746,0.01043261
-0.0001594556,0.9998282,-0.01535747,0.01038146
-0.0001594556,0.9998282,-0.01535747,0.01038146
-0.0001594556,0.9998282,-0.01535747,0.01038146
-0.0001594556,0.9998282,-0.01535747,0.01038146
-0.0001594556,0.9998282,-0.01535747,0.01038146
-0.0001594556,0.9998282,-0.01535747,0.01038146
-0.0001594556,0.9998282,-0.01535747,0.01038146
-0.0001594556,0.9998282,-0.01535747,0.01038146
-0.0001594556,0.9998282,-0.01535747,0.01038146
-0.0001594556,0.9998282,-0.01535747,0.01038146
-0.0001594556,0.9998282,-0.01535747,0.01038146
-0.0001594556,0.9998282,-0.01535747,0.01038146
-0.0001594556,0.9998282,-0.01535747,0.01038146
-0.0001594556,0.9998282,-0.01535747,0.01038146
-0.0001594556,0.9998282,-0.01535747,0.01038146
-0.0001594556,0.9998282,-0.01535747,0.01038146
-0.0001594556,0.9998282,-0.01535747,0.01038146
-0.0001594556,0.9998282,-0.01535747,0.01038146
-0.0001594556,0.9998282,-0.01535747,0.01038146
-0.0001594556,0.9998282,-0.01535747,0.01038146
-0.0001594556,0.9998282,-0.01535747,0.01038146
-0.0001594556,0.9998282,-0.01535747,0.01038146
-0.0001594556,0.9998282,-0.01535747,0.01038146
-0.0001594556,0.9998282,-0.01535747,0.01038146
-0.0001594556,0.9998282,-0.01535747,0.01038146
-0.0001594556,0.9998282,-0.01535747,0.01038146
-0.0001594556,0.9998282,-0.01535747,0.01038146
-0.0001594556,0.9998282,-0.01535747,0.01038146
-0.0001594556,0.9998282,-0.01535747,0.01038146
-0.0001594556,0.9998282,-0.01535747,0.01038146
-0.0001594556,0.9998282,-0.01535747,0.01038146
-0.0001594556,0.9998282,-0.01535747,0.01038146
-0.0001594556,0.9998282,-0.01535747,0.01038146
-0.0001594556,0.9998282,-0.01535747,0.01038146
-0.0001594556,0.9998282,-0.01535747,0.01038146
-0.0001594556,0.9998282,-0.01535747,0.01038146
-0.0001594556,0.9998282,-0.01535747,0.01038146
-0.0001594556,0.9998282,-0.01535747,0.01038146
-0.0001594556,0.9998282,-0.01535747,0.01038146
-0.0001594556,0.9998282,-0.01535747,0.01038146
-0.0001594556,0.9998282,-0.01535747,0.01038146
-0.0001594556,0.9998282,-0.01535747,0.01038146
-0.0001594556,0.9998282,-0.01535747,0.01038146
-0.0001594556,0.9998282,-0.01535747,0.01038146
-0.0001594556,0.9998282,-0.01535747,0.01038146
-0.0001594556,0.9998282,-0.01535747,0.01038146
-0.0001594556,0.9998282,-0.01535747,0.01038146
-0.0001594556,0.9998282,-0.01535747,0.01038146
-0.0001594556,0.9998282,-0.01535747,0.01038146
-0.0001594556,0.9998282,-0.01535747,0.01038146
-0.0001594556,0.9998282,-0.01535747,0.01038146
-0.0001594556,0.9998282,-0.01535747,0.01038146
-0.0001594556,0.9998282,-0.01535747,0.01038146
-0.0001594556,0.9998282,-0.01535747,0.01038146
-0.0001594556,0.9998282,-0.01535747,0.01038146
-0.0001594556,0.9998282,-0.01535747,0.01038146
-0.0001594556,0.9998282,-0.01535747,0.01038146
-0.0001594556,0.9998282,-0.01535747,0.01038146
-0.0001594556,0.9998282,-0.01535747,0.01038146
-0.0001594556,0.9998282,-0.01535747,0.01038146
-0.0001594556,0.9998282,-0.01535747,0.01038146
-0.0001594556,0.9998282,-0.01535747,0.01038146
-0.0001594556,0.9998282,-0.01535747,0.01038146
-0.0001594556,0.9998282,-0.01535747,0.01038146
-0.0001594556,0.9998282,-0.01535747,0.01038146
-0.0001594556,0.9998282,-0.01535747,0.01038146
-0.0001594556,0.9998282,-0.01535747,0.01038146
-0.0001594556,0.9998282,-0.01535747,0.01038146
-0.0001594556,0.9998282,-0.01535747,0.01038146
-0.0001594556,0.9998282,-0.01535747,0.01038146
-0.0001594556,0.9998282,-0.01535747,0.01038146
-0.0001594556,0.9998282,-0.01535747,0.01038146
-0.0001594556,0.9998282,-0.01535747,0.01038146
-0.0001594556,0.9998282,-0.01535747,0.01038146
-0.0001594556,0.9998282,-0.01535747,0.01038146
-0.0001594556,0.9998282,-0.01535747,0.01038146
-0.0001594556,0.9998282,-0.01535747,0.01038146
-0.0001594556,0.9998282,-0.01535747,0.01038146
-0.0001594556,0.9998282,-0.01535747,0.01038146
-0.0001594556,0.9998282,-0.01535747,0.01038146
-0.0001594556,0.9998282,-0.01535747,0.01038146
-0.0001594556,0.9998282,-0.01535747,0.01038146
-0.0001594556,0.9998282,-0.01535747,0.01038146
-0.0001594556,0.9998282,-0.01535747,0.01038146
-0.0001594556,0.9998282,-0.01535747,0.01038146
-0.0001594556,0.9998282,-0.01535747,0.01038146
-0.0001594556,0.9998282,-0.01535747,0.01038146
-0.0001594556,0.9998282,-0.01535747,0.01038146
-0.0001594556,0.9998282,-0.01535747,0.01038146
-0.0001594556,0.9998282,-0.01535747,0.01038146
-0.0001594556,0.9998282,-0.01535747,0.01038146
-0.0001594556,0.9998282,-0.01535747,0.01038146
-0.0001594556,0.9998282,-0.01535747,0.01038146
-0.0001594556,0.9998282,-0.01535747,0.01038146
-0.0001594556,0.9998282,-0.01535747,0.01038146
-0.0001594556,0.9998282,-0.01535747,0.01038146
-0.0001594556,0.9998282,-0.01535747,0.01038146
-0.0001594556,0.9998282,-0.01535747,0.01038146
-0.0001594556,0.9998282,-0.01535747,0.01038146
-0.0001594556,0.9998282,-0.01535747,0.01038146
-0.0001594556,0.9998282,-0.01535747,0.01038146
-0.0001594556,0.9998282,-0.01535747,0.01038146
-0.0001594556,0.9998282,-0.01535747,0.01038146
-0.0001594556,0.9998282,-0.01535747,0.01038146
-0.0001594556,0.9998282,-0.01535747,0.01038146
-0.0001594556,0.9998282,-0.01535747,0.01038146
-0.0001594556,0.9998282,-0.01535747,0.01038146
-0.0001594556,0.9998282,-0.01535747,0.01038146
-0.0001594556,0.9998282,-0.01535747,0.01038146
-0.0001594556,0.9998282,-0.01535747,0.01038146
-0.0001594556,0.9998282,-0.01535747,0.01038146
-0.0001594556,0.9998282,-0.01535747,0.01038146
-0.0001594556,0.9998282,-0.01535747,0.01038146
-0.0001594556,0.9998282,-0.01535747,0.01038146
-0.0001594556,0.9998282,-0.01535747,0.01038146
-0.0001594556,0.9998282,-0.01535747,0.01038146
-0.0001594556,0.9998282,-0.01535747,0.01038146
-0.0001594556,0.9998282,-0.01535747,0.01038146
-0.0001594556,0.9998282,-0.01535747,0.01038146
-0.0001594556,0.9998282,-0.01535747,0.01038146
-0.0001594556,0.9998282,-0.01535747,0.01038146
-0.0001594556,0.9998282,-0.01535747,0.01038146
-0.0001594556,0.9998282,-0.01535747,0.01038146
-0.0001594556,0.9998282,-0.01535747,0.01038146
-0.0001594556,0.9998282,-0.01535747,0.01038146
-0.0001594556,0.9998282,-0.01535747,0.01038146
-0.0001594556,0.9998282,-0.01535747,0.01038146
-0.0001594556,0.9998282,-0.01535747,0.01038146
-0.0001594556,0.9998282,-0.01535747,0.01038146
-0.0001594556,0.9998282,-0.01535747,0.01038146
-0.0001594556,0.9998282,-0.01535747,0.01038146
-0.0001594556,0.9998282,-0.01535747,0.01038146
-0.0001594556,0.9998282,-0.01535747,0.01038146
-0.0001594556,0.9998282,-0.01535747,0.01038146
-0.0001594556,0.9998282,-0.01535747,0.01038146
-0.0001594556,0.9998282,-0.01535747,0.01038146
-0.0001594556,0.9998282,-0.01535747,0.01038146
-0.0001594556,0.9998282,-0.01535747,0.01038146
-0.0001594556,0.9998282,-0.01535747,0.01038146
-0.0001594556,0.9998282,-0.01535747,0.01038146
-0.0001594556,0.9998282,-0.01535747,0.01038146
-0.0001594556,0.9998282,-0.01535747,0.01038146
-0.0001594556,0.9998282,-0.01535747,0.01038146
-0.0001594556,0.9998282,-0.01535747,0.01038146
-0.0001594556,0.9998282,-0.01535747,0.01038146
-0.0001594556,0.9998282,-0.01535747,0.01038146
-0.0001594556,0.9998282,-0.01535747,0.01038146
-0.0001594556,0.9998282,-0.01535747,0.01038146
-0.0001594556,0.9998282,-0.01535747,0.01038146
-0.0001594556,0.9998282,-0.01535747,0.01038146
-0.0001594556,0.9998282,-0.01535747,0.01038146
-0.0001594556,0.9998282,-0.01535747,0.01038146
-0.0001594556,0.9998282,-0.01535747,0.01038146
-0.0001594556,0.9998282,-0.01535747,0.01038146
-0.0001594556,0.9998282,-0.01535747,0.01038146
-0.0001594556,0.9998282,-0.01535747,0.01038146
-0.0001594556,0.9998282,-0.01535747,0.01038146
-0.0001594556,0.9998282,-0.01535747,0.01038146
-0.0001594556,0.9998282,-0.01535747,0.01038146
-0.0001594556,0.9998282,-0.01535747,0.01038146
-0.0001594556,0.9998282,-0.01535747,0.01038146
-0.0001594556,0.9998282,-0.01535747,0.01038146
-0.0001594556,0.9998282,-0.01535747,0.01038146
-0.0001594556,0.9998282,-0.01535747,0.01038146
-0.0001594556,0.9998282,-0.01535747,0.01038146
-0.0001594556,0.9998282,-0.01535747,0.01038146
-0.0001594556,0.9998282,-0.01535747,0.01038146
-0.0001594556,0.9998282,-0.01535747,0.01038146
-0.0001594556,0.9998282,-0.01535747,0.01038146
-0.0001594556,0.9998282,-0.01535747,0.01038146
-0.0001594556,0.9998282,-0.01535747,0.01038146
-0.0001594556,0.9998282,-0.01535747,0.01038146
-0.0001594556,0.9998282,-0.01535747,0.01038146
-0.0001594556,0.9998282,-0.01535747,0.01038146
-0.0001594556,0.9998282,-0.01535747,0.01038146
-0.0001594556,0.9998282,-0.01535747,0.01038146
-0.0001594556,0.9998282,-0.01535747,0.01038146
-0.0001594556,0.9998282,-0.01535747,0.01038146
-0.0001594556,0.9998282,-0.01535747,0.01038146
-0.0001594556,0.9998282,-0.01535747,0.01038146
-0.0001594556,0.9998282,-0.01535747,0.01038146
-0.0001594556,0.9998282,-0.01535747,0.01038146
-0.0001594556,0.9998282,-0.01535747,0.01038146
-0.0001594556,0.9998282,-0.01535747,0.01038146
-0.0001594556,0.9998282,-0.01535747,0.01038146
-0.0001594556,0.9998282,-0.01535747,0.01038146
-0.0001594556,0.9998282,-0.01535747,0.01038146
-0.0001594556,0.9998282,-0.01535747,0.01038146
-0.0001594556,0.9998282,-0.01535747,0.01038146
-0.0001594556,0.9998282,-0.01535747,0.01038146
-0.0001594556,0.9998282,-0.01535747,0.01038146
-0.0001594556,0.9998282,-0.01535747,0.01038146
-0.0001594556,0.9998282,-0.01535747,0.01038146
-0.0001594556,0.9998282,-0.01535747,0.01038146
-0.0001594556,0.9998282,-0.01535747,0.01038146
-0.0001594556,0.9998282,-0.01535747,0.01038146
-0.0001594556,0.9998282,-0.01535747,0.01038146
-0.0001594556,0.9998282,-0.01535747,0.01038146
-0.0001594556,0.9998282,-0.01535747,0.01038146
-0.0001594556,0.9998282,-0.01535747,0.01038146
-0.0001594556,0.9998282,-0.01535747,0.01038146
-0.0001594556,0.9998282,-0.01535747,0.01038146
-0.0001594556,0.9998282,-0.01535747,0.01038146
-0.0001594556,0.9998282,-0.01535747,0.01038146
-0.0001594556,0.9998282,-0.01535747,0.01038146
-0.0001594556,0.9998282,-0.01535747,0.01038146
-0.0001594556,0.9998282,-0.01535747,0.01038146
-0.0001594556,0.9998282,-0.01535747,0.01038146
-0.0001594556,0.9998282,-0.01535747,0.01038146
-0.0001594556,0.9998282,-0.01535747,0.01038146
-0.0001594556,0.9998282,-0.01535747,0.01038146
-0.0001594556,0.9998282,-0.01535747,0.01038146
-0.0001594556,0.9998282,-0.01535747,0.01038146
-0.0001594556,0.9998282,-0.01535747,0.01038146
-0.0001594556,0.9998282,-0.01535747,0.01038146
-0.0001594556,0.9998282,-0.01535747,0.01038146
-0.0001600936,0.9998278,-0.01535746,0.010423
-0.0001627817,0.9998259,-0.01535743,0.010598
-0.0001686856,0.9998217,-0.01535737,0.01098237
-0.0001772543,0.9998155,-0.01535727,0.01154022
-0.0001885202,0.9998068,-0.01535714,0.01227367
-0.0002024548,0.9997951,-0.01535696,0.01318087
-0.0002123216,0.9997865,-0.01535683,0.01382323
-0.0002351624,0.9997649,-0.01535649,0.01531026
-0.0002571503,0.9997419,-0.01535614,0.01674175
-0.00027175,0.9997255,-0.01535589,0.01769224
-0.0003042547,0.9996859,-0.01535528,0.01980842
-0.0003284818,0.9996533,-0.01535478,0.0213857
-0.0003477936,0.9996257,-0.01535436,0.02264297
-0.0003899612,0.9995597,-0.01535335,0.02538824
-0.0004205292,0.9995072,-0.01535254,0.02737833
-0.00046125,0.9994311,-0.01535137,0.03002941
-0.0005046775,0.9993421,-0.01535,0.0328567
-0.0005415425,0.9992603,-0.01534875,0.03525675
-0.0005903025,0.9991432,-0.01534695,0.03843121
-0.0006417221,0.9990089,-0.01534489,0.04177882
-0.0006958081,0.9988554,-0.01534253,0.04530001
-0.000752591,0.9986809,-0.01533985,0.04899679
-0.0008002623,0.9985238,-0.01533743,0.05210038
-0.0008497287,0.9983505,-0.01533477,0.05532082
-0.0009013152,0.9981587,-0.01533183,0.0586793
-0.0009547397,0.9979482,-0.01532859,0.06215743
-0.001038515,0.9975935,-0.01532315,0.06761154
-0.00111123,0.9972613,-0.01531805,0.07234555
-0.001156153,0.9970449,-0.01531472,0.07527021
-0.001249467,0.9965677,-0.01530739,0.08134529
-0.00129778,0.996306,-0.01530337,0.08449063
-0.001380559,0.9958343,-0.01529612,0.08987984
-0.001449126,0.9954212,-0.01528978,0.09434385
-0.001519491,0.9949765,-0.01528295,0.09892486
-0.001628598,0.9942446,-0.0152717,0.1060281
-0.001703417,0.993713,-0.01526354,0.1108991
-0.00177994,0.9931444,-0.0152548,0.115881
-0.001898419,0.992214,-0.01524051,0.1235944
-0.001959285,0.9917123,-0.01523281,0.1275571
-0.002083955,0.9906345,-0.01521625,0.1356736
-0.00216915,0.9898591,-0.01520434,0.14122
-0.002256059,0.9890354,-0.01519169,0.1468782
-0.002389919,0.9877018,-0.0151712,0.155593
-0.002504228,0.9865009,-0.01515276,0.1630349
-0.002597732,0.9854754,-0.015137,0.1691223
-0.002693026,0.9843906,-0.01512034,0.1753263
-0.00279001,0.9832451,-0.01510275,0.1816403
-0.002913844,0.9817215,-0.01507934,0.1897024
-0.003040503,0.9800922,-0.01505432,0.1979484
-0.003117726,0.9790633,-0.01503851,0.2029759
-0.003275348,0.9768797,-0.01500497,0.2132376
-0.003355667,0.9757236,-0.01498722,0.2184667
-0.003518992,0.9732818,-0.01494971,0.2290998
-0.003657674,0.9711123,-0.01491638,0.2381285
-0.003770458,0.9692823,-0.01488828,0.2454712
-0.003913734,0.9668722,-0.01485126,0.2547989
-0.004029932,0.9648468,-0.01482015,0.2623639
-0.004118266,0.9632645,-0.01479584,0.2681147
-0.004267866,0.9605005,-0.01475339,0.2778542
-0.004419887,0.957582,-0.01470856,0.2877513
-0.004543179,0.9551333,-0.01467094,0.295778
-0.004699626,0.9519194,-0.01462158,0.3059633
-0.004858053,0.9485424,-0.01456971,0.3162776
-0.005018474,0.9449959,-0.01451523,0.3267216
-0.005083592,0.9435195,-0.01449255,0.330961
-0.005182141,0.9412443,-0.01445761,0.3373769
-0.005381783,0.9364839,-0.01438449,0.3503745
-0.005482793,0.933997,-0.01434629,0.3569506
-0.005686837,0.9288114,-0.01426664,0.3702346
-0.005789826,0.9261106,-0.01422515,0.3769395
-0.005963176,0.9214365,-0.01415336,0.3882253
-0.006138141,0.9165539,-0.01407836,0.3996162
-0.006279485,0.9124866,-0.01401589,0.4088182
-0.006457675,0.9072002,-0.01393469,0.4204189
-0.00660152,0.9028012,-0.01386712,0.4297838
-0.006782474,0.897098,-0.01377951,0.4415646
-0.006964693,0.8911608,-0.01368832,0.4534277
-0.00714849,0.8849707,-0.01359324,0.4653936
-0.007296482,0.8798364,-0.01351438,0.4750284
-0.007482585,0.8731864,-0.01341223,0.4871445
-0.007632493,0.8676696,-0.01332749,0.496904
-0.007783028,0.8619831,-0.01324015,0.5067044
-0.007896668,0.857591,-0.01317268,0.5141029
-0.008048813,0.8515749,-0.01308028,0.524008
-0.008239711,0.8438011,-0.01296087,0.5364363
-0.008393135,0.8373675,-0.01286205,0.5464247
-0.008546907,0.8307487,-0.01276038,0.5564358
-0.008739677,0.8222038,-0.01262913,0.5689859
-0.008894301,0.8151456,-0.01252072,0.5790526
-0.009049033,0.807895,-0.01240935,0.5891262
-0.009242846,0.7985412,-0.01226567,0.6017441
-0.009397957,0.7908306,-0.01214724,0.6118424
-0.009591797,0.7809041,-0.01199476,0.6244622
-0.009746914,0.7727203,-0.01186906,0.6345609
-0.009940488,0.7621965,-0.01170742,0.6471634
-0.01009508,0.7535352,-0.01157438,0.6572281
-0.01024942,0.7446522,-0.01143793,0.6672761
-0.01040325,0.7355552,-0.0112982,0.6772907
-0.01059497,0.7238631,-0.01111861,0.6897727
-0.01074766,0.7142587,-0.01097109,0.6997133
-0.01093751,0.7019372,-0.01078183,0.7120733
-0.01108862,0.6918154,-0.01062636,0.721911
-0.01123876,0.6814687,-0.01046743,0.7316862
-0.01142513,0.6682045,-0.01026369,0.7438191
-0.01157305,0.6573263,-0.0100966,0.7534496
-0.0117197,0.6462195,-0.009926001,0.7629971
-0.01190134,0.6319927,-0.009707476,0.7748222
-0.01204504,0.6203464,-0.009528588,0.7841776
-0.01222251,0.6054543,-0.009299844,0.7957319
-0.01236277,0.5932621,-0.009112571,0.8048629
-0.01250121,0.5808359,-0.008921703,0.8138758
-0.0126717,0.5649592,-0.008677837,0.8249759
-0.01283916,0.5487007,-0.008428106,0.8358778
-0.01293799,0.538771,-0.008275585,0.8423123
-0.01310009,0.5219048,-0.008016516,0.8528655
-0.01322707,0.5081492,-0.007805229,0.8611321
-0.01338238,0.4906108,-0.007535838,0.8712435
-0.01353368,0.4726923,-0.007260608,0.8810937
-0.01362236,0.4617689,-0.007092823,0.8868673
-0.01375739,0.4444779,-0.006827232,0.8956582
-0.01383028,0.4347849,-0.006678346,0.9004034
-0.01387608,0.4285547,-0.00658265,0.9033853
-0.01389505,0.4259416,-0.006542513,0.9046203
-0.01389601,0.4258087,-0.006540471,0.9046829
-0.01389601,0.4258087,-0.006540471,0.9046829
-0.01389601,0.4258087,-0.006540471,0.9046829
-0.01389601,0.4258087,-0.006540471,0.9046829
-0.01389601,0.4258087,-0.006540471,0.9046829
-0.01389601,0.4258087,-0.006540471,0.9046829
-0.01389646,0.4257471,-0.006539525,0.9047118
-0.01389736,0.4256218,-0.0065376,0.9047709
-0.01389987,0.4252751,-0.006532275,0.9049339
-0.01390206,0.4249704,-0.006527593,0.905077
-0.01390583,0.4244476,-0.006519565,0.9053223
-0.01391172,0.4236287,-0.006506986,0.9057057
-0.01391739,0.422839,-0.006494855,0.9060748
-0.01392551,0.4217036,-0.006477416,0.9066036
-0.01393301,0.4206532,-0.00646128,0.9070915
-0.01393931,0.4197674,-0.006447675,0.9075018
-0.01394856,0.418462,-0.006427625,0.9081045
-0.01396122,0.4166692,-0.006400087,0.9089285
-0.01397502,0.4147033,-0.006369891,0.9098271
-0.01398986,0.412577,-0.006337231,0.9107933
-0.01399931,0.411217,-0.006316342,0.9114082
-0.01401601,0.4087979,-0.006279184,0.9124957
-0.01403021,0.4067277,-0.006247386,0.9134203
-0.01404889,0.4039866,-0.006205282,0.914636
-0.01406469,0.4016484,-0.006169367,0.9156651
-0.01408113,0.3991999,-0.006131758,0.9167353
-0.01410265,0.395967,-0.006082101,0.9181362
-0.01412521,0.3925441,-0.006029525,0.919605
-0.01414391,0.3896803,-0.005985537,0.9208222
-0.01416329,0.3866843,-0.005939517,0.9220843
-0.01418324,0.3835732,-0.005891731,0.9233828
-0.014209,0.3795102,-0.005829322,0.9250601
-0.01423027,0.3761184,-0.005777225,0.9264444
-0.01425201,0.3726116,-0.005723361,0.9278603
-0.01428004,0.3680363,-0.005653083,0.9296846
-0.01429733,0.3651799,-0.005609209,0.9308103
-0.01432668,0.3602708,-0.005533804,0.9327213
-0.01435072,0.3561928,-0.005471166,0.9342862
-0.01437513,0.351997,-0.005406717,0.9358751
-0.01441247,0.3454637,-0.005306365,0.9383065
-0.01443148,0.3420831,-0.005254439,0.9395443
-0.01445705,0.337476,-0.005183672,0.9412088
-0.0144895,0.331525,-0.005092265,0.9433215
-0.01452235,0.3253762,-0.004997819,0.94546
-0.01454886,0.3203172,-0.004920113,0.9471859
-0.01458234,0.3137988,-0.00481999,0.9493653
-0.01460252,0.3097951,-0.004758492,0.9506794
-0.01464312,0.301563,-0.004632046,0.9533226
-0.01466354,0.297329,-0.004567012,0.9546516
-0.01469074,0.2915811,-0.004478723,0.9564228
-0.01472484,0.2841966,-0.004365296,0.958643
-0.0147589,0.2766076,-0.004248729,0.9608603
-0.01478605,0.2703926,-0.004153266,0.9626277
-0.01481989,0.262422,-0.004030837,0.9648311
-0.01484007,0.2575435,-0.003955904,0.9661447
-0.01487348,0.2492397,-0.003828356,0.9683201
-0.01489997,0.2424409,-0.003723927,0.9700446
-0.01493267,0.2337584,-0.003590563,0.9721735
-0.01496488,0.2248602,-0.003453886,0.97427
-0.01498393,0.2194165,-0.00337027,0.9755104
-0.01500904,0.2120164,-0.003256605,0.9771455
-0.01503371,0.2044735,-0.003140744,0.9787516
-0.01505785,0.1968021,-0.003022912,0.980323
-0.01508727,0.187008,-0.002872473,0.9822384
-0.0151157,0.1770099,-0.002718901,0.9840893
-0.01513769,0.1688581,-0.002593688,0.9855207
-0.01516417,0.1584687,-0.002434106,0.9872445
-0.01517945,0.1521402,-0.0023369,0.9882396
-0.01520392,0.1414057,-0.002172018,0.9898326
-0.01523137,0.1282748,-0.001970326,0.9916198
-0.01524844,0.1193689,-0.00183353,0.9927312
-0.01526837,0.1080328,-0.001659406,0.9940287
-0.01527951,0.1011398,-0.001553529,0.9947537
-0.01529667,0.08946905,-0.001374265,0.9958712
-0.01530909,0.07996216,-0.001228238,0.9966796
-0.01532284,0.06788681,-0.00104276,0.9975748
-0.01533236,0.05806658,-0.0008919206,0.9981946
-0.01533858,0.05062472,-0.0007776128,0.9985996
-0.01534565,0.04055021,-0.0006228675,0.9990595
-0.01535236,0.02777262,-0.0004266024,0.9994963
-0.01535595,0.01740509,-0.0002673563,0.9997306
-0.01535792,0.006902521,-0.0001060358,0.9998583
-0.01535818,-0.003740788,5.744638E-05,0.9998751
-0.01535721,-0.01183683,0.0001818023,0.999812
-0.01535329,-0.02549208,0.0003915483,0.9995571
-0.01534951,-0.03379953,0.0005191515,0.9993106
-0.01534072,-0.04780922,0.0007343416,0.9987385
-0.01533498,-0.05506429,0.0008457802,0.9983647
-0.01533028,-0.060356,0.0009270613,0.9980588
-0.01532919,-0.06151892,0.0009449238,0.9979877
-0.01532919,-0.06151892,0.0009449238,0.9979877
-0.01532919,-0.06151892,0.0009449238,0.9979877
-0.01532919,-0.06151892,0.0009449238,0.9979877
-0.01532919,-0.06151892,0.0009449238,0.9979877
-0.01532919,-0.06151892,0.0009449238,0.9979877
-0.01532919,-0.06151892,0.0009449238,0.9979877
-0.01532919,-0.06151892,0.0009449238,0.9979877
-0.01532919,-0.06151892,0.0009449238,0.9979877
-0.01532919,-0.06151892,0.0009449238,0.9979877
-0.01532919,-0.06151892,0.0009449238,0.9979877
-0.01532919,-0.06151892,0.0009449238,0.9979877
-0.01532919,-0.06151892,0.0009449238,0.9979877
-0.01532919,-0.06151892,0.0009449238,0.9979877
-0.01532919,-0.06151892,0.0009449238,0.9979877
-0.01532919,-0.06151892,0.0009449238,0.9979877
-0.01532919,-0.06151892,0.0009449238,0.9979877
-0.01532919,-0.06151892,0.0009449238,0.9979877
-0.01532919,-0.06151892,0.0009449238,0.9979877
-0.01532919,-0.06151892,0.0009449238,0.9979877
-0.01532919,-0.06151892,0.0009449238,0.9979877
-0.01532919,-0.06151892,0.0009449238,0.9979877
-0.01532919,-0.06151892,0.0009449238,0.9979877
-0.01532915,-0.06155926,0.0009455435,0.9979853
-0.01532894,-0.06178036,0.0009489396,0.9979717
-0.01532864,-0.06209918,0.0009538365,0.9979519
-0.0153282,-0.0625506,0.0009607705,0.9979236
-0.01532749,-0.06328741,0.0009720879,0.9978771
-0.01532677,-0.06402457,0.0009834106,0.9978302
-0.01532592,-0.06487963,0.0009965445,0.997775
-0.01532438,-0.06640308,0.001019945,0.9976747
-0.01532348,-0.06727896,0.001033398,0.997616
-0.01532215,-0.06854536,0.001052851,0.9975298
-0.01532025,-0.07032053,0.001080117,0.9974062
-0.01531851,-0.07191397,0.001104593,0.9972926
-0.01531659,-0.07362546,0.001130881,0.9971677
-0.0153139,-0.07595593,0.001166678,0.9969929
-0.01531216,-0.07743677,0.001189423,0.996879
-0.01530895,-0.08007965,0.001230018,0.9966701
-0.01530614,-0.08232516,0.00126451,0.9964872
-0.01530146,-0.08593283,0.001319924,0.9961826
-0.015298,-0.08850329,0.001359406,0.9959575
-0.01529524,-0.0905039,0.001390136,0.9957777
-0.01529025,-0.09401163,0.001444015,0.9954526
-0.01528587,-0.09697771,0.001489574,0.9951681
-0.01528117,-0.1000742,0.001537137,0.9948615
-0.01527607,-0.1033163,0.001586936,0.99453
-0.0152706,-0.1066884,0.001638731,0.9941739
-0.01526319,-0.1110923,0.001706375,0.9936914
-0.01525846,-0.1138165,0.00174822,0.993383
-0.01524999,-0.1185286,0.001820597,0.9928319
-0.01524083,-0.1234249,0.001895805,0.9922351
-0.01523493,-0.1264714,0.0019426,0.9918514
-0.01522443,-0.1317235,0.002023273,0.9911675
-0.01521774,-0.1349596,0.002072979,0.9907321
-0.01520585,-0.1405227,0.00215843,0.9899583
-0.0151957,-0.1451012,0.002228757,0.9892976
-0.01518214,-0.1510015,0.002319385,0.9884143
-0.01517054,-0.1558636,0.002394068,0.9876592
-0.01515823,-0.1608598,0.00247081,0.9868578
-0.01514179,-0.1672951,0.002569656,0.9857873
-0.01513137,-0.1712421,0.002630284,0.9851093
-0.01511303,-0.1779756,0.00273371,0.9839151
-0.0150934,-0.1849002,0.002840074,0.9826373
-0.01507678,-0.1905621,0.002927041,0.981555
-0.01505471,-0.197818,0.003038492,0.9801185
-0.01504082,-0.2022483,0.003106541,0.9792139
-0.01501136,-0.2113218,0.00324591,0.9772959
-0.01499578,-0.2159575,0.003317115,0.976282
-0.01496856,-0.2238194,0.003437876,0.9745097
-0.01494546,-0.2302691,0.003536943,0.9730058
-0.01492743,-0.2351757,0.003612309,0.9718316
-0.01489587,-0.2435096,0.003740319,0.9697769
-0.01486921,-0.2503202,0.00384493,0.9680414
-0.01483413,-0.258992,0.00397813,0.9657574
-0.01481208,-0.2642859,0.004059445,0.9643221
-0.01479693,-0.2678587,0.004114325,0.9633358
-0.0147492,-0.2787935,0.004282284,0.9602283
-0.01472414,-0.284352,0.004367662,0.9585969
-0.01468061,-0.2937385,0.00451184,0.9557624
-0.01464408,-0.3013681,0.004629031,0.9533842
-0.01459628,-0.3110413,0.004777613,0.9502724
-0.01454597,-0.3208738,0.004928642,0.9469975
-0.01451455,-0.3268496,0.005020431,0.9449515
-0.01446011,-0.3369221,0.005175146,0.9414073
-0.01440294,-0.3471466,0.005332196,0.9376851
-0.01435526,-0.3554191,0.005459262,0.9345809
-0.014293,-0.3658987,0.00562023,0.930528
-0.01425431,-0.3722418,0.00571766,0.9280087
-0.01418714,-0.3829635,0.005882347,0.9236358
-0.01413112,-0.391644,0.00601568,0.9199886
-0.01407312,-0.400398,0.006150142,0.9162126
-0.014013,-0.4092373,0.006285915,0.9122987
-0.01395081,-0.4181454,0.006422744,0.9082503
-0.01385338,-0.4316579,0.006630298,0.9019066
-0.0137856,-0.4407585,0.006770082,0.8974944
-0.01369777,-0.4522167,0.006946083,0.8917758
-0.01364314,-0.4591626,0.007052771,0.8882195
-0.01358719,-0.4661414,0.007159967,0.884577
-0.01347106,-0.4802147,0.007376133,0.8770166
-0.0134109,-0.4873002,0.007484968,0.8730994
-0.01330751,-0.4991688,0.00766727,0.8663687
-0.0132101,-0.5100178,0.007833912,0.8600267
-0.01315923,-0.515561,0.007919057,0.8567152
-0.01314111,-0.517517,0.007949101,0.8555351
-0.01314087,-0.5175423,0.00794949,0.8555198
-0.01314087,-0.5175423,0.00794949,0.8555198
-0.01314087,-0.5175423,0.00794949,0.8555198
-0.01314087,-0.5175423,0.00794949,0.8555198
-0.01314087,-0.5175423,0.00794949,0.8555198
-0.01314087,-0.5175423,0.00794949,0.8555198
-0.01314087,-0.5175423,0.00794949,0.8555198
-0.01314087,-0.5175423,0.00794949,0.8555198
-0.01314087,-0.5175423,0.00794949,0.8555198
-0.01314087,-0.5175423,0.00794949,0.8555198
-0.01314087,-0.5175423,0.00794949,0.8555198
-0.01314087,-0.5175423,0.00794949,0.8555198
-0.01314087,-0.5175423,0.00794949,0.8555198
-0.01314087,-0.5175423,0.00794949,0.8555198
-0.01314087,-0.5175423,0.00794949,0.8555198
-0.01314087,-0.5175423,0.00794949,0.8555198
-0.01314087,-0.5175423,0.00794949,0.8555198
-0.01314087,-0.5175423,0.00794949,0.8555198
-0.01314087,-0.5175423,0.00794949,0.8555198
-0.0131403,-0.5176035,0.007950431,0.8554828
-0.01313868,-0.5177784,0.007953117,0.8553769
-0.01313535,-0.5181365,0.007958617,0.8551601
-0.01313034,-0.5186736,0.007966868,0.8548343
-0.01312523,-0.5192227,0.007975303,0.854501
-0.01311742,-0.5200585,0.007988139,0.8539926
-0.01311189,-0.5206487,0.007997205,0.8536328
-0.01310373,-0.5215183,0.008010563,0.8531018
-0.01309197,-0.5227686,0.008029767,0.8523363
-0.01308142,-0.5238875,0.008046952,0.851649
-0.0130637,-0.525758,0.008075684,0.8504956
-0.01304733,-0.5274783,0.008102108,0.8494297
-0.01303305,-0.5289723,0.008125057,0.8485002
-0.0130177,-0.5305718,0.008149625,0.8475009
-0.01300121,-0.5322825,0.008175902,0.8464275
-0.01298371,-0.53409,0.008203666,0.845288
-0.01296017,-0.5365085,0.008240812,0.8437552
-0.01293509,-0.5390679,0.008280125,0.8421223
-0.01290842,-0.5417702,0.008321631,0.8403864
-0.01288571,-0.5440566,0.008356751,0.838908
-0.01286191,-0.5464384,0.008393335,0.8373584
-0.01282398,-0.5502043,0.008451181,0.8348888
-0.01279737,-0.5528241,0.008491419,0.8331564
-0.01276968,-0.5555316,0.008533005,0.8313537
-0.01273322,-0.5590675,0.008587318,0.82898
-0.01268717,-0.5634871,0.008655203,0.8259821
-0.01267113,-0.5650148,0.00867867,0.8249379
-0.01263771,-0.5681787,0.008727267,0.8227619
-0.01259586,-0.5721042,0.008787563,0.8200372
-0.01258523,-0.5730942,0.008802771,0.8193456
-0.01258523,-0.5730942,0.008802771,0.8193456
-0.01258523,-0.5730942,0.008802771,0.8193456
-0.01258523,-0.5730942,0.008802771,0.8193456
-0.01258523,-0.5730942,0.008802771,0.8193456
-0.01258523,-0.5730942,0.008802771,0.8193456
-0.01258523,-0.5730942,0.008802771,0.8193456
-0.01258523,-0.5730942,0.008802771,0.8193456
-0.01258523,-0.5730942,0.008802771,0.8193456
-0.01258523,-0.5730942,0.008802771,0.8193456
-0.01258523,-0.5730942,0.008802771,0.8193456
-0.01258523,-0.5730942,0.008802771,0.8193456
-0.01258523,-0.5730942,0.008802771,0.8193456
-0.01258523,-0.5730942,0.008802771,0.8193456
-0.01258523,-0.5730942,0.008802771,0.8193456
-0.01258523,-0.5730942,0.008802771,0.8193456
-0.01258523,-0.5730942,0.008802771,0.8193456
-0.01258523,-0.5730942,0.008802771,0.8193456
-0.01258523,-0.5730942,0.008802771,0.8193456
-0.01258523,-0.5730942,0.008802771,0.8193456
-0.01258523,-0.5730942,0.008802771,0.8193456
-0.01258523,-0.5730942,0.008802771,0.8193456
-0.01258523,-0.5730942,0.008802771,0.8193456
-0.01258523,-0.5730942,0.008802771,0.8193456
-0.01258523,-0.5730942,0.008802771,0.8193456
-0.01258523,-0.5730942,0.008802771,0.8193456
-0.01258523,-0.5730942,0.008802771,0.8193456
-0.01258523,-0.5730942,0.008802771,0.8193456
-0.01258523,-0.5730942,0.008802771,0.8193456
-0.01258523,-0.5730942,0.008802771,0.8193456
-0.01258523,-0.5730942,0.008802771,0.8193456
-0.01258523,-0.5730942,0.008802771,0.8193456
-0.01258523,-0.5730942,0.008802771,0.8193456
-0.01258523,-0.5730942,0.008802771,0.8193456
-0.01258523,-0.5730942,0.008802771,0.8193456
-0.01258523,-0.5730942,0.008802771,0.8193456
-0.01258523,-0.5730942,0.008802771,0.8193456
-0.01258523,-0.5730942,0.008802771,0.8193456
-0.01258523,-0.5730942,0.008802771,0.8193456
-0.01258523,-0.5730942,0.008802771,0.8193456
-0.01258523,-0.5730942,0.008802771,0.8193456
-0.01258523,-0.5730942,0.008802771,0.8193456
-0.01258523,-0.5730942,0.008802771,0.8193456
-0.01258523,-0.5730942,0.008802771,0.8193456
-0.01258523,-0.5730942,0.008802771,0.8193456
-0.01258523,-0.5730942,0.008802771,0.8193456
-0.01258523,-0.5730942,0.008802771,0.8193456
-0.01258523,-0.5730942,0.008802771,0.8193456
-0.01258523,-0.5730942,0.008802771,0.8193456
-0.01258523,-0.5730942,0.008802771,0.8193456
-0.01258523,-0.5730942,0.008802771,0.8193456
-0.01258523,-0.5730942,0.008802771,0.8193456
-0.01258523,-0.5730942,0.008802771,0.8193456
-0.01258523,-0.5730942,0.008802771,0.8193456
-0.01258523,-0.5730942,0.008802771,0.8193456
-0.01258523,-0.5730942,0.008802771,0.8193456
-0.01258523,-0.5730942,0.008802771,0.8193456
-0.01258523,-0.5730942,0.008802771,0.8193456
-0.01258523,-0.5730942,0.008802771,0.8193456
-0.01258523,-0.5730942,0.008802771,0.8193456
-0.01258523,-0.5730942,0.008802771,0.8193456
-0.01258523,-0.5730942,0.008802771,0.8193456
-0.01258523,-0.5730942,0.008802771,0.8193456
-0.01258523,-0.5730942,0.008802771,0.8193456
-0.01258523,-0.5730942,0.008802771,0.8193456
-0.01258523,-0.5730942,0.008802771,0.8193456
-0.01258523,-0.5730942,0.008802771,0.8193456
-0.01258523,-0.5730942,0.008802771,0.8193456
-0.01258523,-0.5730942,0.008802771,0.8193456
-0.01258523,-0.5730942,0.008802771,0.8193456
-0.01258523,-0.5730942,0.008802771,0.8193456
-0.01258523,-0.5730942,0.008802771,0.8193456
-0.01258523,-0.5730942,0.008802771,0.8193456
-0.01258523,-0.5730942,0.008802771,0.8193456
-0.01258523,-0.5730942,0.008802771,0.8193456
-0.01258523,-0.5730942,0.008802771,0.8193456
-0.01258523,-0.5730942,0.008802771,0.8193456
-0.01258523,-0.5730942,0.008802771,0.8193456
-0.01258523,-0.5730942,0.008802771,0.8193456
-0.01258523,-0.5730942,0.008802771,0.8193456
-0.01258523,-0.5730942,0.008802771,0.8193456
-0.01258523,-0.5730942,0.008802771,0.8193456
-0.01258523,-0.5730942,0.008802771,0.8193456
-0.01258523,-0.5730942,0.008802771,0.8193456
-0.01258523,-0.5730942,0.008802771,0.8193456
-0.01258523,-0.5730942,0.008802771,0.8193456
-0.01258542,-0.5730764,0.008802497,0.8193581
-0.01258698,-0.5729313,0.00880027,0.8194595
-0.01259007,-0.5726435,0.008795849,0.8196607
-0.01259469,-0.5722128,0.008789232,0.8199614
-0.01260085,-0.5716381,0.008780405,0.8203622
-0.01260706,-0.571057,0.008771479,0.8207667
-0.01261627,-0.5701948,0.008758235,0.821366
-0.01262472,-0.5694016,0.00874605,0.8219161
-0.01263421,-0.5685083,0.008732329,0.8225342
-0.01264791,-0.5672157,0.008712475,0.8234261
-0.01265996,-0.5660749,0.008694951,0.8242108
-0.01267297,-0.5648396,0.008675977,0.8250577
-0.0126946,-0.5627769,0.008644292,0.8264662
-0.01270632,-0.5616552,0.008627063,0.8272289
-0.0127271,-0.5596569,0.008596368,0.8285822
-0.01274958,-0.5574837,0.008562988,0.8300458
-0.0127687,-0.5556269,0.008534467,0.8312899
-0.01279398,-0.5531557,0.00849651,0.8329363
-0.01282064,-0.5505334,0.008456232,0.8346719
-0.01284863,-0.5477604,0.008413638,0.8364943
-0.01287795,-0.5448341,0.00836869,0.8384032
-0.01289011,-0.5436147,0.008349959,0.8391944
-0.01292831,-0.5397556,0.008290684,0.8416818
-0.01296151,-0.5363705,0.008238688,0.8438429
-0.01298906,-0.5335376,0.008195176,0.8456369
-0.0130175,-0.5305915,0.008149924,0.8474885
-0.01304687,-0.5275256,0.00810283,0.8494002
-0.01307701,-0.524353,0.008054101,0.8513624
-0.01312388,-0.519366,0.007977501,0.854414
-0.01314801,-0.5167727,0.007937669,0.8559849
-0.01318914,-0.5123109,0.007869134,0.8586628
-0.01323155,-0.507655,0.007797618,0.8614236
-0.01326628,-0.5037986,0.007738384,0.8636847
-0.01330172,-0.4998221,0.007677305,0.865992
-0.01333789,-0.4957196,0.00761429,0.8683469
-0.01338392,-0.4904336,0.007533098,0.8713433
-0.01343101,-0.4849465,0.007448815,0.874409
-0.01346933,-0.4804204,0.007379293,0.8769039
-0.01350822,-0.47577,0.007307862,0.8794357
-0.01355763,-0.4697754,0.007215784,0.8826524
-0.01359769,-0.4648412,0.007139996,0.8852608
-0.01364845,-0.4584925,0.007042479,0.8885656
-0.01368958,-0.4532659,0.006962197,0.891243
-0.01373106,-0.4479154,0.006880014,0.893944
-0.01378351,-0.4410352,0.006774332,0.8973584
-0.01382581,-0.4353861,0.006687562,0.9001127
-0.01386842,-0.429605,0.006598762,0.9028864
-0.0139007,-0.4251596,0.006530481,0.9049881
-0.01396553,-0.4160567,0.00639066,0.909209
-0.01401968,-0.408265,0.006270977,0.9127343
-0.01406309,-0.4018862,0.006172999,0.9155608
-0.01410664,-0.3953656,0.006072843,0.9183955
-0.01416098,-0.3870437,0.005945016,0.9219335
-0.01421518,-0.3785285,0.005814224,0.9254622
-0.01425855,-0.3715508,0.005707044,0.9282857
-0.01430177,-0.3644413,0.005597841,0.9310998
-0.01435563,-0.355353,0.005458246,0.934606
-0.01439853,-0.3479193,0.005344062,0.9373988
-0.01444113,-0.3403532,0.005227847,0.9401722
-0.01448371,-0.3325943,0.00510867,0.9429449
-0.01451551,-0.3266672,0.005017629,0.9450147
-0.01456795,-0.3166173,0.004863262,0.9484291
-0.01461974,-0.3063328,0.004705292,0.9518006
-0.01465041,-0.3000582,0.004608913,0.9537973
-0.01470083,-0.2894157,0.004445444,0.9570803
-0.0147405,-0.2807338,0.004312089,0.9596629
-0.01477945,-0.2719159,0.004176644,0.9621985
-0.01482715,-0.2606765,0.004004006,0.9653041
-0.0148644,-0.2515242,0.003863427,0.9677292
-0.01491861,-0.2375313,0.003648495,0.9712585
