-0.0153583,0,0,0.9998821
-0.0153583,0,0,0.9998821
-0.0153583,0,0,0.9998821
-0.0153583,0,0,0.9998821
-0.0153583,0,0,0.9998821
-0.0153583,0,0,0.9998821
-0.0153583,0,0,0.9998821
-0.0153583,0,0,0.9998821
-0.0153583,0,0,0.9998821
-0.0153583,0,0,0.9998821
-0.0153583,0,0,0.9998821
-0.0153583,0,0,0.9998821
-0.0153583,0,0,0.9998821
-0.0153583,0,0,0.9998821
-0.0153583,0,0,0.9998821
-0.0153583,0,0,0.9998821
-0.0153583,0,0,0.9998821
-0.0153583,0,0,0.9998821
-0.0153583,0,0,0.9998821
-0.0153583,0,0,0.9998821
-0.0153583,0,0,0.9998821
-0.0153583,0,0,0.9998821
-0.0153583,0,0,0.9998821
-0.0153583,0,0,0.9998821
-0.0153583,0,0,0.9998821
-0.0153583,0,0,0.9998821
-0.0153583,0,0,0.9998821
-0.0153583,0,0,0.9998821
-0.0153583,0,0,0.9998821
-0.0153583,0,0,0.9998821
-0.0153583,0,0,0.9998821
-0.0153583,0,0,0.9998821
-0.0153583,0,0,0.9998821
-0.0153583,7.086502E-05,-1.088494E-06,0.9998821
-0.0153583,0.0002298458,-3.530457E-06,0.9998821
-0.0153583,0.0004581733,-7.03759E-06,0.999882
-0.01535829,0.001122686,-1.724457E-05,0.9998815
-0.01535828,0.00157893,-2.425254E-05,0.9998809
-0.01535826,0.002102061,-3.228788E-05,0.9998799
-0.01535824,0.002695013,-4.139568E-05,0.9998785
-0.01535821,0.003358955,-5.15939E-05,0.9998764
-0.01535811,0.004893956,-7.517169E-05,0.9998701
-0.01535804,0.005765917,-8.85651E-05,0.9998655
-0.01535795,0.006727247,-0.0001033312,0.9998595
-0.01535784,0.007757977,-0.0001191634,0.999852
-0.01535769,0.008857973,-0.0001360594,0.9998429
-0.01535732,0.01126616,-0.0001730495,0.9998186
-0.01535708,0.012594,-0.0001934453,0.9998028
-0.01535679,0.0139924,-0.0002149247,0.9997842
-0.01535646,0.0154596,-0.0002374612,0.9997625
-0.01535608,0.01699648,-0.0002610677,0.9997376
-0.01535514,0.02027776,-0.0003114686,0.9996764
-0.01535457,0.02202279,-0.0003382724,0.9996395
-0.01535392,0.02385626,-0.0003664347,0.9995974
-0.0153532,0.02575733,-0.0003956353,0.9995503
-0.01535239,0.0277292,-0.0004259235,0.9994975
-0.01535049,0.03187987,-0.0004896782,0.9993737
-0.01534938,0.03405922,-0.0005231532,0.9993019
-0.01534816,0.03632754,-0.0005579949,0.999222
-0.01534681,0.03866535,-0.0005939039,0.9991342
-0.01534534,0.04107135,-0.0006308603,0.9990382
-0.01534197,0.04609236,-0.0007079837,0.9988192
-0.01534006,0.04870736,-0.0007481503,0.998695
-0.01533798,0.05141048,-0.0007896706,0.9985595
-0.01533573,0.05418279,-0.0008322537,0.998413
-0.0153333,0.05702332,-0.0008758844,0.9982548
-0.01532787,0.0629122,-0.0009663381,0.9979009
-0.01532483,0.06597853,-0.001013437,0.9977029
-0.01532157,0.06911181,-0.001061565,0.9974908
-0.01531808,0.07231573,-0.001110777,0.9972636
-0.01531435,0.07558686,-0.001161022,0.997021
-0.01530614,0.08233592,-0.001264689,0.9964864
-0.01530161,0.08583285,-0.001318402,0.9961913
-0.01529679,0.08939809,-0.001373164,0.9958776
-0.01529167,0.09303135,-0.001428972,0.9955447
-0.01528626,0.09673229,-0.001485818,0.9951919
-0.01527445,0.1043374,-0.001602633,0.9944234
-0.01526801,0.1082609,-0.0016629,0.9940039
-0.01526121,0.1122514,-0.001724194,0.9935611
-0.01525404,0.1163091,-0.00178652,0.9930943
-0.01524648,0.1204342,-0.001849882,0.9926025
-0.01523018,0.1288833,-0.001979662,0.9915408
-0.01522135,0.1332271,-0.002046383,0.9909666
-0.0152121,0.1376364,-0.00211411,0.9903638
-0.01520238,0.1421122,-0.002182859,0.9897315
-0.0151922,0.1466538,-0.002252618,0.9890686
-0.01518154,0.1512614,-0.002323392,0.9883745
-0.01515861,0.1607114,-0.002468545,0.986882
-0.01514637,0.1655339,-0.002542618,0.9860846
-0.01513358,0.1704203,-0.002617674,0.9852518
-0.01512022,0.1753714,-0.002693723,0.9843826
-0.01509178,0.1854643,-0.002848752,0.982531
-0.0150766,0.1906251,-0.002928022,0.9815428
-0.0150608,0.1958492,-0.003008263,0.9805138
-0.01504435,0.2011349,-0.003089453,0.9794431
-0.01502725,0.206482,-0.003171585,0.9783298
-0.01500948,0.2118909,-0.003254666,0.9771727
-0.01497171,0.2229297,-0.003424224,0.9747136
-0.01495173,0.2285407,-0.00351041,0.9734132
-0.01493102,0.2342107,-0.003597502,0.9720646
-0.01490954,0.239941,-0.003685519,0.970666
-0.01488727,0.2457304,-0.003774445,0.9692166
-0.01484017,0.2575236,-0.00395559,0.96615
-0.01481537,0.2635055,-0.004047472,0.9645357
-0.01478972,0.2695451,-0.004140242,0.9628654
-0.01476319,0.2756402,-0.004233863,0.9611381
-0.01470743,0.2879964,-0.004423655,0.9575084
-0.01467809,0.2942738,-0.004520078,0.9555978
-0.01464778,0.3006055,-0.004617333,0.953625
-0.01461651,0.3069903,-0.004715404,0.9515887
-0.01458424,0.3134275,-0.00481428,0.949488
-0.01455096,0.3199154,-0.004913934,0.9473217
-0.01449219,0.3310307,-0.005084666,0.943495
-0.01447819,0.3336169,-0.005124391,0.9425837
-0.01447488,0.334225,-0.005133732,0.9423683
-0.01447488,0.334225,-0.005133732,0.9423683
-0.01447488,0.334225,-0.005133732,0.9423683
-0.01447488,0.334225,-0.005133732,0.9423683
-0.01447488,0.334225,-0.005133732,0.9423683
-0.01447488,0.334225,-0.005133732,0.9423683
-0.01447488,0.334225,-0.005133732,0.9423683
-0.01447488,0.334225,-0.005133732,0.9423683
-0.01447488,0.334225,-0.005133732,0.9423683
-0.01447488,0.334225,-0.005133732,0.9423683
-0.01447488,0.334225,-0.005133732,0.9423683
-0.01447488,0.334225,-0.005133732,0.9423683
-0.01447488,0.334225,-0.005133732,0.9423683
-0.01447488,0.334225,-0.005133732,0.9423683
-0.01447488,0.334225,-0.005133732,0.9423683
-0.01447488,0.334225,-0.005133732,0.9423683
-0.01447488,0.334225,-0.005133732,0.9423683
-0.01447488,0.334225,-0.005133732,0.9423683
-0.01447488,0.334225,-0.005133732,0.9423683
-0.01447488,0.334225,-0.005133732,0.9423683
-0.01447488,0.334225,-0.005133732,0.9423683
-0.01447488,0.334225,-0.005133732,0.9423683
-0.01447488,0.334225,-0.005133732,0.9423683
-0.01447488,0.334225,-0.005133732,0.9423683
-0.01447488,0.334225,-0.005133732,0.9423683
-0.01447488,0.334225,-0.005133732,0.9423683
-0.01447488,0.334225,-0.005133732,0.9423683
-0.01447488,0.334225,-0.005133732,0.9423683
-0.01447488,0.334225,-0.005133732,0.9423683
-0.01447488,0.334225,-0.005133732,0.9423683
-0.01447488,0.334225,-0.005133732,0.9423683
-0.01447488,0.334225,-0.005133732,0.9423683
-0.01447488,0.334225,-0.005133732,0.9423683
-0.01447488,0.334225,-0.005133732,0.9423683
-0.01447488,0.334225,-0.005133732,0.9423683
-0.01447488,0.334225,-0.005133732,0.9423683
-0.01447488,0.334225,-0.005133732,0.9423683
-0.01447488,0.334225,-0.005133732,0.9423683
-0.01447488,0.334225,-0.005133732,0.9423683
-0.01447488,0.334225,-0.005133732,0.9423683
-0.01447488,0.334225,-0.005133732,0.9423683
-0.01447488,0.334225,-0.005133732,0.9423683
-0.01447488,0.334225,-0.005133732,0.9423683
-0.01447488,0.334225,-0.005133732,0.9423683
-0.01447488,0.334225,-0.005133732,0.9423683
-0.01447488,0.334225,-0.005133732,0.9423683
-0.01447488,0.334225,-0.005133732,0.9423683
-0.01447488,0.334225,-0.005133732,0.9423683
-0.01447488,0.334225,-0.005133732,0.9423683
-0.01447488,0.334225,-0.005133732,0.9423683
-0.01447488,0.334225,-0.005133732,0.9423683
-0.01447488,0.334225,-0.005133732,0.9423683
-0.01447533,0.3341417,-0.005132453,0.9423978
-0.0144773,0.3337804,-0.005126903,0.9425257
-0.01447882,0.3335007,-0.005122607,0.9426247
-0.01448069,0.3331562,-0.005117315,0.9427466
-0.01448302,0.3327273,-0.005110726,0.9428981
-0.0144857,0.3322324,-0.005103126,0.9430726
-0.0144921,0.3310463,-0.005084907,0.9434896
-0.01449583,0.3303545,-0.005074281,0.943732
-0.01449989,0.329597,-0.005062646,0.9439968
-0.0145043,0.3287737,-0.00505,0.9442838
-0.01450915,0.3278663,-0.005036063,0.9445993
-0.01451984,0.3258536,-0.005005147,0.9452955
-0.01452568,0.3247483,-0.00498817,0.9456758
-0.01453185,0.3235768,-0.004970175,0.9460773
-0.01453834,0.3223388,-0.004951159,0.9464998
-0.01454525,0.3210158,-0.004930838,0.9469494
-0.01455998,0.3181714,-0.004887147,0.9479088
-0.01456781,0.316649,-0.004863764,0.9484184
-0.01457594,0.3150602,-0.004839359,0.9489474
-0.01458445,0.3133859,-0.004813641,0.9495017
-0.01459325,0.3116444,-0.004786893,0.9500747
-0.01461169,0.3079606,-0.004730309,0.9512752
-0.01462132,0.3060174,-0.004700461,0.951902
-0.01463121,0.3040068,-0.004669578,0.9525461
-0.01464145,0.3019106,-0.004637379,0.9532126
-0.01465194,0.2997464,-0.004604137,0.9538953
-0.01467363,0.2952141,-0.004534521,0.9553077
-0.01468482,0.292847,-0.004498162,0.9560359
-0.01469622,0.2904115,-0.004460752,0.9567786
-0.01470793,0.2878886,-0.004422,0.9575408
-0.01471984,0.2852968,-0.004382191,0.9583162
-0.01474424,0.2799069,-0.0042994,0.9599043
-0.0147567,0.2771088,-0.004256422,0.9607158
-0.01476934,0.2742403,-0.004212362,0.9615386
-0.01478221,0.2712843,-0.004166957,0.9623768
-0.01479523,0.268259,-0.004120489,0.9632244
-0.01482167,0.2620006,-0.004024358,0.9649456
-0.01483507,0.2587663,-0.003974678,0.9658179
-0.01484858,0.2554617,-0.003923919,0.9666973
-0.01486226,0.2520677,-0.003871787,0.9675878
-0.01487601,0.2486035,-0.003818577,0.9684836
-0.01490373,0.2414649,-0.003708927,0.970288
-0.01491767,0.2377899,-0.003652479,0.9711952
-0.01493164,0.2340433,-0.003594931,0.9721049
-0.01494563,0.2302257,-0.003536291,0.9730161
-0.01495971,0.2263181,-0.00347627,0.9739324
-0.01498783,0.2182888,-0.00335294,0.9757634
-0.01500186,0.2141657,-0.003289609,0.9766766
-0.01501584,0.2099718,-0.00322519,0.9775868
-0.01502983,0.2056863,-0.003159364,0.9784974
-0.01504374,0.2013295,-0.003092443,0.9794032
-0.01507129,0.1923986,-0.002955264,0.9811967
-0.01508489,0.1878254,-0.002885019,0.9820824
-0.01509837,0.1831798,-0.002813662,0.9829594
-0.01511175,0.1784424,-0.002740895,0.9838305
-0.01512496,0.1736323,-0.002667011,0.9846908
-0.01515083,0.1637955,-0.002515916,0.9863748
-0.01516345,0.1587676,-0.002438688,0.9871966
-0.01517589,0.1536479,-0.002360048,0.9880064
-0.01518807,0.1484569,-0.002280314,0.9887996
-0.0152,0.1431905,-0.002199423,0.989576
-0.01522297,0.1324408,-0.002034305,0.9910719
-0.015234,0.126956,-0.001950059,0.9917895
-0.01524472,0.121379,-0.001864395,0.9924874
-0.01525508,0.1157297,-0.001777621,0.993162
-0.01526507,0.1100072,-0.001689722,0.9938122
-0.01528383,0.09834566,-0.0015106,0.9950339
-0.01529257,0.09240515,-0.001419353,0.9956031
-0.01530089,0.08637322,-0.001326702,0.9961445
-0.01530873,0.08026864,-0.001232935,0.9966549
-0.01531608,0.07409187,-0.001138059,0.9971331
-0.0153292,0.06152252,-0.0009449926,0.9979876
-0.01533494,0.05512998,-0.0008468025,0.9983611
-0.01534011,0.04864841,-0.0007472447,0.9986979
-0.01534469,0.04209282,-0.0006465502,0.9989957
-0.01534864,0.03546637,-0.0005447671,0.9992529
-0.01535208,0.02846397,-0.0004372096,0.9994768
-0.01535224,0.02808933,-0.000431455,0.9994875
-0.01535224,0.02808933,-0.000431455,0.9994875
-0.01535224,0.02808933,-0.000431455,0.9994875
-0.01535224,0.02808933,-0.000431455,0.9994875
-0.01535224,0.02808933,-0.000431455,0.9994875
-0.01535224,0.02808933,-0.000431455,0.9994875
-0.01535224,0.02808933,-0.000431455,0.9994875
-0.01535224,0.02808933,-0.000431455,0.9994875
-0.01535224,0.02808933,-0.000431455,0.9994875
-0.01535224,0.02808933,-0.000431455,0.9994875
-0.01535224,0.02808933,-0.000431455,0.9994875
-0.01535224,0.02808933,-0.000431455,0.9994875
-0.01535224,0.02808933,-0.000431455,0.9994875
-0.01535224,0.02808933,-0.000431455,0.9994875
-0.01535224,0.02808933,-0.000431455,0.9994875
-0.01535224,0.02808933,-0.000431455,0.9994875
-0.01535224,0.02808933,-0.000431455,0.9994875
-0.01535224,0.02808933,-0.000431455,0.9994875
-0.01535224,0.02808933,-0.000431455,0.9994875
-0.01535224,0.02808933,-0.000431455,0.9994875
-0.01535224,0.02808933,-0.000431455,0.9994875
-0.01535224,0.02808933,-0.000431455,0.9994875
-0.01535224,0.02808933,-0.000431455,0.9994875
-0.01535224,0.02808933,-0.000431455,0.9994875
-0.01535224,0.02808933,-0.000431455,0.9994875
-0.01535224,0.02808933,-0.000431455,0.9994875
-0.01535224,0.02808933,-0.000431455,0.9994875
-0.01535224,0.02808933,-0.000431455,0.9994875
-0.01535224,0.02808933,-0.000431455,0.9994875
-0.01535224,0.02808933,-0.000431455,0.9994875
-0.01535224,0.02808933,-0.000431455,0.9994875
-0.01535224,0.02808933,-0.000431455,0.9994875
-0.01535224,0.02808933,-0.000431455,0.9994875
-0.01535224,0.02808933,-0.000431455,0.9994875
-0.01535224,0.02808933,-0.000431455,0.9994875
-0.01535224,0.02808933,-0.000431455,0.9994875
-0.01535224,0.02808933,-0.000431455,0.9994875
-0.01535224,0.02808933,-0.000431455,0.9994875
-0.01535224,0.02808933,-0.000431455,0.9994875
-0.01535224,0.02808933,-0.000431455,0.9994875
-0.01535224,0.02808933,-0.000431455,0.9994875
-0.01535224,0.02808933,-0.000431455,0.9994875
-0.01535224,0.02808933,-0.000431455,0.9994875
-0.01535224,0.02808933,-0.000431455,0.9994875
-0.01535224,0.02808933,-0.000431455,0.9994875
-0.01535224,0.02808933,-0.000431455,0.9994875
-0.01535224,0.02808933,-0.000431455,0.9994875
-0.01535224,0.02808933,-0.000431455,0.9994875
-0.01535224,0.02808933,-0.000431455,0.9994875
-0.01535224,0.02808933,-0.000431455,0.9994875
-0.01535224,0.02808933,-0.000431455,0.9994875
-0.01535224,0.02808933,-0.000431455,0.9994875
-0.01535224,0.02808933,-0.000431455,0.9994875
-0.01535224,0.02808933,-0.000431455,0.9994875
-0.01535224,0.02808933,-0.000431455,0.9994875
-0.01535224,0.02808933,-0.000431455,0.9994875
-0.01535224,0.02808933,-0.000431455,0.9994875
-0.01535227,0.02801874,-0.0004303708,0.9994894
-0.01535233,0.02787842,-0.0004282154,0.9994934
-0.01535242,0.02766939,-0.0004250048,0.9994992
-0.0153527,0.02700345,-0.0004147759,0.9995173
-0.01535288,0.02656551,-0.0004080491,0.9995291
-0.01535308,0.02605855,-0.0004002621,0.9995425
-0.01535331,0.0254821,-0.0003914077,0.9995573
-0.01535383,0.02412097,-0.0003705007,0.9995911
-0.01535412,0.02331628,-0.0003581405,0.9996101
-0.01535443,0.02244297,-0.0003447264,0.9996302
-0.01535475,0.02150059,-0.0003302514,0.9996509
-0.01535507,0.0204885,-0.0003147055,0.9996721
-0.01535541,0.01940661,-0.0002980875,0.9996937
-0.01535608,0.01699564,-0.0002610548,0.9997376
-0.01535641,0.01568728,-0.0002409583,0.999759
-0.01535673,0.01430834,-0.0002197775,0.9997797
-0.01535703,0.01285945,-0.0001975224,0.9997994
-0.01535731,0.01134036,-0.0001741891,0.9998178
-0.0153578,0.008055788,-0.0001237377,0.9998496
-0.01535799,0.006309292,-9.691129E-05,0.9998622
-0.01535814,0.004493138,-6.901496E-05,0.999872
-0.01535825,0.00260757,-4.005244E-05,0.9998787
-0.0153583,0.0006535234,-1.003806E-05,0.9998819
-0.01535821,-0.003501473,5.378315E-05,0.999876
-0.01535805,-0.00568439,8.7313E-05,0.9998659
-0.01535782,-0.007936009,0.0001218981,0.9998506
-0.01535749,-0.01025723,0.0001575524,0.9998295
-0.01535707,-0.01264826,0.0001942788,0.9998021
-0.0153559,-0.01767704,0.0002715214,0.9997258
-0.01535514,-0.02029511,0.0003117353,0.999676
-0.01535424,-0.02298293,0.0003530206,0.9996179
-0.01535321,-0.02573966,0.0003953642,0.9995508
-0.01535203,-0.02856515,0.0004387641,0.999474
-0.01534918,-0.03446459,0.0005293801,0.999288
-0.01534749,-0.03751846,0.0005762878,0.999178
-0.01534561,-0.04064037,0.0006242408,0.9990559
-0.01534354,-0.04383102,0.0006732494,0.9989209
-0.01534126,-0.04709051,0.0007233156,0.9987726
-0.01533601,-0.05385581,0.0008272314,0.9984306
-0.01533303,-0.05734169,0.0008807749,0.9982365
-0.01532979,-0.06089572,0.0009353652,0.998026
-0.0153263,-0.06451856,0.0009910126,0.9977983
-0.01532253,-0.06821044,0.00104772,0.9975528
-0.01531406,-0.07583716,0.001164867,0.9970019
-0.01530937,-0.07975303,0.001225016,0.9966964
-0.01530435,-0.08373656,0.001286203,0.9963696
-0.01529899,-0.08778823,0.001348437,0.9960208
-0.01529329,-0.09190756,0.001411711,0.9956491
-0.0152807,-0.1003882,0.001541973,0.9948298
-0.01527383,-0.104729,0.001608649,0.9943822
-0.01526654,-0.1091364,0.001676347,0.9939081
-0.01525884,-0.1136102,0.001745065,0.9934067
-0.01525067,-0.1181705,0.001815112,0.9928746
-0.01523295,-0.1274902,0.001958264,0.9917209
-0.01522337,-0.1322489,0.002031357,0.9910976
-0.0152133,-0.1370734,0.002105464,0.9904419
-0.01520272,-0.1419634,0.002180574,0.9897528
-0.01519156,-0.1469379,0.002256983,0.9890265
-0.01516759,-0.1570831,0.002412815,0.987466
-0.01515475,-0.1622521,0.00249221,0.9866298
-0.01514131,-0.167485,0.002572589,0.985755
-0.01512726,-0.1727818,0.002653948,0.9848405
-0.01511254,-0.1781597,0.002736554,0.9838817
-0.01508113,-0.1891045,0.002904667,0.9818369
-0.01506441,-0.1946714,0.002990175,0.9807483
-0.01504699,-0.2002999,0.00307663,0.9796143
-0.01502886,-0.2059895,0.003164023,0.9784337
-0.01500993,-0.2117589,0.003252641,0.9772013
-0.01496978,-0.2234789,0.003432662,0.9745879
-0.01494853,-0.2294287,0.003524052,0.9732044
-0.01492647,-0.2354374,0.003616346,0.9717681
-0.01490359,-0.2415043,0.003709534,0.9702782
-0.01487979,-0.2476464,0.003803878,0.9687288
-0.01482955,-0.2601052,0.003995247,0.9654582
-0.01480308,-0.2664194,0.004092233,0.9637349
-0.01477569,-0.2727889,0.00419007,0.9619514
-0.01474734,-0.2792132,0.004288747,0.9601064
-0.01471796,-0.2857101,0.00438854,0.9581931
-0.0146562,-0.2988631,0.004590572,0.9541724
-0.01462379,-0.3055185,0.0046928,0.9520623
-0.01459034,-0.3122238,0.004795793,0.9498845
-0.01455582,-0.3189796,0.004899564,0.9476372
-0.01452012,-0.3258034,0.005004378,0.9453129
-0.01444537,-0.3395932,0.005216192,0.940447
-0.01440628,-0.34656,0.005323203,0.937902
-0.01436603,-0.3535722,0.00543091,0.9352812
-0.01432458,-0.3606294,0.00553931,0.9325827
-0.01428181,-0.3677493,0.005648672,0.9297982
-0.01419254,-0.3821161,0.005869349,0.9239867
-0.01414601,-0.3893611,0.005980632,0.9209572
-0.01409818,-0.3966462,0.006092532,0.9178431
-0.01404903,-0.4039696,0.006205021,0.9146435
-0.01399842,-0.4113484,0.00631836,0.9113488
-0.0138931,-0.4262143,0.006546701,0.9044919
-0.01383834,-0.4336987,0.006661662,0.9009271
-0.01378217,-0.4412147,0.00677711,0.8972702
-0.01372442,-0.4487804,0.00689332,0.8935102
-0.0136652,-0.4563754,0.007009979,0.8896548
-0.01354228,-0.4716495,0.007244591,0.8816524
-0.01347854,-0.4793256,0.007362498,0.8775028
-0.01341311,-0.4870428,0.007481036,0.8732431
-0.01334611,-0.4947827,0.007599921,0.8688809
-0.01327752,-0.5025433,0.007719125,0.8644156
-0.0131355,-0.5181213,0.007958405,0.8551692
-0.01306202,-0.5259362,0.008078442,0.8503854
-0.01298687,-0.533766,0.008198709,0.8454928
-0.01290988,-0.541624,0.008319409,0.8404806
-0.01283118,-0.5494931,0.008440279,0.8353571
-0.01266859,-0.5652572,0.008682417,0.8247718
-0.01258466,-0.5731481,0.008803623,0.8193079
-0.01249879,-0.5810576,0.008925114,0.8137176
-0.01241111,-0.58897,0.00904665,0.808009
-0.0123216,-0.5968825,0.009168187,0.8021817
-0.01213707,-0.6126977,0.00941111,0.7901682
-0.01204201,-0.6205966,0.009532438,0.7839796
-0.01194507,-0.6284871,0.009653637,0.7776684
-0.01184605,-0.6363815,0.009774896,0.7712216
-0.0117451,-0.6442638,0.009895969,0.7646492
-0.01153739,-0.6599796,0.01013737,0.7511266
-0.0114306,-0.667809,0.01025763,0.7441742
-0.01132162,-0.6756315,0.01037778,0.7370795
-0.01121066,-0.6834294,0.01049756,0.7298551
-0.01109769,-0.6911995,0.01061691,0.7225008
-0.01086571,-0.7066488,0.01085421,0.7073978
-0.01074667,-0.7143226,0.01097208,0.6996481
-0.01062558,-0.7219598,0.01108939,0.6917647
-0.01050221,-0.7295707,0.01120629,0.683733
-0.01037677,-0.7371393,0.01132255,0.6755664
-0.01011964,-0.7521389,0.01155294,0.6588258
-0.009987929,-0.759564,0.01166699,0.6502511
-0.009853884,-0.766949,0.01178043,0.6415243
-0.009717721,-0.7742777,0.011893,0.6326596
-0.009579441,-0.7815472,0.01200466,0.623657
-0.009296512,-0.7958969,0.01222507,0.6052373
-0.009151611,-0.8029833,0.01233392,0.5958037
-0.009004569,-0.8099986,0.01244167,0.5862308
-0.008882549,-0.815689,0.01252908,0.5782868
-0.008786011,-0.8201086,0.01259697,0.5720018
-0.008674196,-0.8251382,0.01267422,0.5647222
-0.008659238,-0.8258038,0.01268445,0.5637484
-0.008671514,-0.8252577,0.01267606,0.5645476
-0.008684915,-0.8246602,0.01266688,0.56542
-0.008699181,-0.8240225,0.01265709,0.5663489
-0.008730309,-0.8226261,0.01263564,0.5683753
-0.008747175,-0.8218663,0.01262397,0.5694734
-0.008765122,-0.8210555,0.01261151,0.5706418
-0.008783951,-0.8202022,0.0125984,0.5718676
-0.008803629,-0.8193075,0.01258466,0.5731488
-0.008845553,-0.8173912,0.01255523,0.5758782
-0.008867783,-0.8163697,0.01253954,0.5773255
-0.008891098,-0.8152941,0.01252302,0.5788434
-0.008915254,-0.8141753,0.01250583,0.5804161
-0.008940246,-0.8130129,0.01248798,0.5820432
-0.008992699,-0.8105572,0.01245026,0.585458
-0.009020397,-0.8092517,0.0124302,0.5872613
-0.009048916,-0.807901,0.01240946,0.589118
-0.009078258,-0.8065047,0.01238801,0.5910282
-0.009108402,-0.8050628,0.01236586,0.5929907
-0.0091711,-0.8020401,0.01231943,0.5970727
-0.009203648,-0.8004584,0.01229514,0.5991917
-0.009237224,-0.7988174,0.01226993,0.6013776
-0.009271579,-0.7971287,0.01224399,0.6036142
-0.009306706,-0.7953918,0.01221731,0.6059011
-0.009379248,-0.7917719,0.01216171,0.6106239
-0.009416902,-0.7898753,0.01213258,0.6130753
-0.009455285,-0.7879294,0.01210269,0.6155741
-0.009494433,-0.7859315,0.012072,0.6181228
-0.009534316,-0.7838824,0.01204053,0.6207194
-0.00961627,-0.7796277,0.01197518,0.6260549
-0.00965833,-0.777421,0.01194128,0.6287932
-0.009701326,-0.7751485,0.01190638,0.6315923
-0.009745023,-0.7728218,0.01187064,0.6344372
-0.00976396,-0.7718081,0.01185507,0.63567
-0.00976396,-0.7718081,0.01185507,0.63567
-0.00976396,-0.7718081,0.01185507,0.63567
-0.00976396,-0.7718081,0.01185507,0.63567
-0.00976396,-0.7718081,0.01185507,0.63567
-0.00976396,-0.7718081,0.01185507,0.63567
-0.00976396,-0.7718081,0.01185507,0.63567
-0.00976396,-0.7718081,0.01185507,0.63567
-0.00976396,-0.7718081,0.01185507,0.63567
-0.009763137,-0.7718523,0.01185574,0.6356165
-0.009761493,-0.7719403,0.0118571,0.6355094
-0.009759028,-0.7720725,0.01185913,0.6353489
-0.009751145,-0.7724945,0.01186561,0.6348357
-0.009745968,-0.7727714,0.01186986,0.6344987
-0.009739974,-0.7730916,0.01187478,0.6341084
-0.009733141,-0.7734563,0.01188038,0.6336636
-0.009717006,-0.7743158,0.01189358,0.6326131
-0.009707456,-0.7748233,0.01190138,0.6319914
-0.009697074,-0.775374,0.01190984,0.6313155
-0.00968586,-0.775968,0.01191896,0.6305854
-0.009673811,-0.7766048,0.01192874,0.629801
-0.009647183,-0.7780074,0.01195029,0.6280673
-0.009632361,-0.7787855,0.01196224,0.6271023
-0.009616706,-0.7796051,0.01197483,0.6260831
-0.009600194,-0.7804672,0.01198807,0.6250082
-0.009582832,-0.781371,0.01200195,0.6238778
-0.00954554,-0.7833034,0.01203163,0.6214499
-0.009525361,-0.7843438,0.01204761,0.6201362
-0.009504348,-0.7854236,0.0120642,0.6187682
-0.009482445,-0.7865448,0.01208142,0.6173422
-0.009459681,-0.7877058,0.01209926,0.6158602
-0.009411514,-0.7901476,0.01213676,0.6127242
-0.009385868,-0.7914395,0.0121566,0.6110546
-0.009359347,-0.7927696,0.01217704,0.609328
-0.009331921,-0.7941388,0.01219807,0.6075425
-0.0093036,-0.7955461,0.01221968,0.6056986
-0.009244243,-0.7984734,0.01226465,0.6018342
-0.009212959,-0.8000045,0.01228816,0.5997975
-0.009180759,-0.8015718,0.01231224,0.5977013
-0.009147644,-0.8031749,0.01233686,0.5955454
-0.009113606,-0.8048133,0.01236203,0.5933293
-0.009042735,-0.8081945,0.01241396,0.5887154
-0.00900565,-0.8099477,0.01244089,0.586301
-0.008967614,-0.8117345,0.01246834,0.5838248
-0.008928646,-0.8135531,0.01249627,0.5812879
-0.00888871,-0.8154044,0.01252471,0.5786878
-0.008847816,-0.8172875,0.01255363,0.5760255
-0.008762617,-0.8211689,0.01261325,0.5704787
-0.008718547,-0.8231547,0.01264375,0.5676096
-0.008673505,-0.825169,0.01267469,0.5646772
-0.008627458,-0.8272125,0.01270608,0.5616794
-0.008532114,-0.8313933,0.0127703,0.5554723
-0.008482795,-0.8335296,0.01280311,0.5522614
-0.008432462,-0.8356913,0.01283632,0.5489845
-0.008381104,-0.8378783,0.01286991,0.5456409
-0.008328713,-0.8400896,0.01290388,0.5422301
-0.008220576,-0.8445921,0.01297303,0.5351899
-0.008164803,-0.846882,0.01300821,0.5315589
-0.008107979,-0.8491929,0.0130437,0.5278594
-0.008050071,-0.8515248,0.01307952,0.5240895
-0.007991113,-0.8538753,0.01311563,0.520251
-0.007931087,-0.8562441,0.01315201,0.5163431
-0.007807253,-0.8610543,0.0132259,0.5082811
-0.007743701,-0.8634833,0.01326321,0.5041436
-0.007679061,-0.8659266,0.01330073,0.4999353
-0.007613305,-0.8683841,0.01333848,0.4956543
-0.007546156,-0.8708648,0.01337659,0.4912827
-0.00740848,-0.8758608,0.01345332,0.4823195
-0.007337959,-0.8783734,0.01349192,0.4777284
-0.007266297,-0.8808948,0.01353065,0.4730629
-0.007193478,-0.8834244,0.0135695,0.4683221
-0.007119239,-0.8859696,0.0136086,0.4634889
-0.006967297,-0.8910747,0.01368701,0.4535969
-0.006889568,-0.8936326,0.0137263,0.4485365
-0.00681067,-0.8961924,0.01376562,0.4433999
-0.006730574,-0.8987535,0.01380496,0.4381854
-0.006649299,-0.901314,0.01384429,0.4328941
-0.006482604,-0.9064464,0.01392312,0.4220416
-0.006397444,-0.9090073,0.01396246,0.4164973
-0.006311071,-0.9115627,0.01400171,0.4108742
-0.006223488,-0.9141114,0.01404086,0.4051722
-0.006134409,-0.91666,0.01408,0.3993728
-0.005952559,-0.9217276,0.01415784,0.3875337
-0.005859787,-0.9242438,0.01419649,0.3814939
-0.00576578,-0.9267463,0.01423493,0.3753737
-0.005670536,-0.9292338,0.01427314,0.369173
-0.00557404,-0.9317052,0.0143111,0.3628907
-0.005376708,-0.9366075,0.0143864,0.3500437
-0.005276155,-0.9390281,0.01442358,0.3434973
-0.005174341,-0.9414263,0.01446042,0.3368688
-0.005071272,-0.9438005,0.01449689,0.3301587
-0.004966634,-0.9461561,0.01453307,0.3233463
-0.00475359,-0.9507831,0.01460414,0.3094764
-0.004645152,-0.9530522,0.01463899,0.3024167
-0.004535445,-0.9552891,0.01467335,0.2952743
-0.004424175,-0.9574983,0.01470728,0.2880302
-0.004311655,-0.9596714,0.01474066,0.2807048
-0.004082708,-0.963906,0.01480571,0.2657995
-0.003966321,-0.9659635,0.01483731,0.2582222
-0.003848646,-0.967979,0.01486827,0.2505612
-0.003729691,-0.9699506,0.01489855,0.2428167
-0.003609176,-0.9718811,0.0149282,0.2349708
-0.003364339,-0.9755971,0.01498528,0.2190309
-0.003240018,-0.977379,0.01501265,0.2109372
-0.003114429,-0.9791078,0.01503921,0.2027609
-0.002987282,-0.9807856,0.01506498,0.1944832
-0.002858872,-0.9824064,0.01508987,0.1861232
-0.00259831,-0.985469,0.01513692,0.1691597
-0.002466144,-0.9869074,0.01515901,0.1605552
-0.002332738,-0.9882812,0.01518011,0.15187
-0.002198082,-0.9895886,0.01520019,0.1431034
-0.002061896,-0.9908302,0.01521926,0.1342371
-0.001785875,-0.9930993,0.01525412,0.1162672
-0.001646054,-0.9941227,0.01526984,0.1071643
-0.001505031,-0.9950696,0.01528438,0.0979832
-0.00136251,-0.9959396,0.01529775,0.08870455
-0.00121881,-0.9967286,0.01530986,0.07934918
-0.0009279152,-0.9980555,0.01533024,0.06041083
-0.0007807493,-0.9985893,0.01533844,0.05082979
-0.0006324406,-0.999034,0.01534527,0.04117435
-0.0004827223,-0.9993881,0.01535071,0.03142714
-0.0003318835,-0.9996486,0.01535472,0.02160698
-0.0001263767,-0.9998482,0.01535778,0.008227725
-7.192616E-05,-0.9998711,0.01535813,0.004682794
-4.921878E-05,-0.999877,0.01535822,0.003204459
-4.921878E-05,-0.999877,0.01535822,0.003204459
-4.921878E-05,-0.999877,0.01535822,0.003204459
-4.921878E-05,-0.999877,0.01535822,0.003204459
-4.921878E-05,-0.999877,0.01535822,0.003204459
-4.921878E-05,-0.999877,0.01535822,0.003204459
-4.921878E-05,-0.999877,0.01535822,0.003204459
-4.921878E-05,-0.999877,0.01535822,0.003204459
-4.921878E-05,-0.999877,0.01535822,0.003204459
-4.921878E-05,-0.999877,0.01535822,0.003204459
-4.921878E-05,-0.999877,0.01535822,0.003204459
-4.921878E-05,-0.999877,0.01535822,0.003204459
-4.921878E-05,-0.999877,0.01535822,0.003204459
-4.921878E-05,-0.999877,0.01535822,0.003204459
-4.921878E-05,-0.999877,0.01535822,0.003204459
-4.921878E-05,-0.999877,0.01535822,0.003204459
-4.921878E-05,-0.999877,0.01535822,0.003204459
-4.921878E-05,-0.999877,0.01535822,0.003204459
-4.921878E-05,-0.999877,0.01535822,0.003204459
-4.921878E-05,-0.999877,0.01535822,0.003204459
-4.921878E-05,-0.999877,0.01535822,0.003204459
-4.921878E-05,-0.999877,0.01535822,0.003204459
-4.921878E-05,-0.999877,0.01535822,0.003204459
-4.921878E-05,-0.999877,0.01535822,0.003204459
-4.921878E-05,-0.999877,0.01535822,0.003204459
-4.921878E-05,-0.999877,0.01535822,0.003204459
-4.921878E-05,-0.999877,0.01535822,0.003204459
-4.921878E-05,-0.999877,0.01535822,0.003204459
-4.921878E-05,-0.999877,0.01535822,0.003204459
-4.921878E-05,-0.999877,0.01535822,0.003204459
-4.921878E-05,-0.999877,0.01535822,0.003204459
-4.921878E-05,-0.999877,0.01535822,0.003204459
-4.921878E-05,-0.999877,0.01535822,0.003204459
-4.921878E-05,-0.999877,0.01535822,0.003204459
-4.921878E-05,-0.999877,0.01535822,0.003204459
-4.921878E-05,-0.999877,0.01535822,0.003204459
-4.921878E-05,-0.999877,0.01535822,0.003204459
-4.921878E-05,-0.999877,0.01535822,0.003204459
-5.245315E-05,-0.9998763,0.01535821,0.003415029
-5.567606E-05,-0.9998755,0.0153582,0.003624853
-6.026576E-05,-0.9998744,0.01535818,0.003923659
-6.592277E-05,-0.9998729,0.01535816,0.004291951
-7.265197E-05,-0.9998709,0.01535813,0.004730047
-8.929615E-05,-0.9998652,0.01535804,0.005813644
-9.951876E-05,-0.9998611,0.01535798,0.006479174
-0.0001108017,-0.9998561,0.0153579,0.007213735
-0.0001231344,-0.99985,0.01535781,0.008016639
-0.0001365543,-0.9998426,0.01535769,0.008890326
-0.0001665664,-0.9998233,0.0153574,0.01084422
-0.0001831813,-0.9998109,0.01535721,0.01192591
-0.0002008617,-0.9997965,0.01535699,0.01307697
-0.0002198918,-0.9997796,0.01535673,0.0143159
-0.0002400025,-0.99976,0.01535643,0.01562518
-0.0002834183,-0.9997118,0.01535569,0.01845171
-0.0003067334,-0.9996827,0.01535524,0.01996961
-0.0003313898,-0.9996493,0.01535473,0.02157484
-0.0003571242,-0.9996117,0.01535415,0.02325024
-0.0003839271,-0.9995696,0.0153535,0.02499521
-0.0004407369,-0.9994703,0.01535198,0.02869373
-0.0004707383,-0.9994123,0.01535109,0.03064694
-0.0005018063,-0.9993482,0.0153501,0.03266957
-0.0005342444,-0.9992769,0.01534901,0.03478142
-0.0005677432,-0.9991987,0.01534781,0.03696231
-0.0006379299,-0.9990191,0.01534505,0.04153173
-0.0006746114,-0.998917,0.01534348,0.04391982
-0.0007126374,-0.998805,0.01534176,0.04639546
-0.0007517421,-0.9986836,0.01533989,0.04894131
-0.0007919068,-0.998552,0.01533787,0.05155618
-0.0008754173,-0.9982564,0.01533333,0.05699302
-0.0009187615,-0.9980913,0.0153308,0.05981489
-0.0009634673,-0.9979127,0.01532805,0.06272539
-0.001009235,-0.997721,0.01532511,0.06570502
-0.001056046,-0.9975155,0.01532195,0.06875258
-0.001152844,-0.9970612,0.01531497,0.07505449
-0.001202826,-0.9968109,0.01531113,0.0783085
-0.001254142,-0.9965428,0.01530701,0.08164938
-0.001306511,-0.9962576,0.01530263,0.08505882
-0.001359915,-0.9959546,0.01529798,0.08853558
-0.00146989,-0.9952922,0.0152878,0.09569538
-0.001526738,-0.9949294,0.01528223,0.09939637
-0.00158463,-0.9945457,0.01527634,0.1031654
-0.001643556,-0.9941403,0.01527011,0.1070017
-0.001703519,-0.9937122,0.01526354,0.1109055
-0.001826546,-0.9927857,0.0152493,0.118915
-0.001889897,-0.992283,0.01524158,0.1230393
-0.001954272,-0.9917543,0.01523346,0.1272304
-0.002019668,-0.9911988,0.01522493,0.1314879
-0.002086084,-0.9906156,0.01521597,0.1358118
-0.002221961,-0.9893625,0.01519672,0.144658
-0.002291719,-0.9886879,0.01518636,0.1491995
-0.002362479,-0.9879817,0.01517552,0.1538062
-0.002434221,-0.9872433,0.01516417,0.1584769
-0.002506982,-0.9864712,0.01515231,0.1632139
-0.002655474,-0.9848229,0.015127,0.1728813
-0.002731501,-0.9839412,0.01511345,0.1778309
-0.002808508,-0.9830219,0.01509933,0.1828443
-0.002886483,-0.9820641,0.01508462,0.1879208
-0.00296543,-0.9810666,0.0150693,0.1930605
-0.003126208,-0.9789487,0.01503677,0.2035278
-0.003208327,-0.977822,0.01501946,0.208874
-0.003291391,-0.9766512,0.01500148,0.2142818
-0.003375371,-0.9754356,0.0149828,0.2197492
-0.003460304,-0.9741734,0.01496342,0.2252786
-0.003546163,-0.9728638,0.0149433,0.2308684
-0.003721211,-0.9700887,0.01490068,0.2422647
-0.003810099,-0.9686251,0.01487819,0.2480516
-0.003899871,-0.9671096,0.01485492,0.253896
-0.003990548,-0.9655405,0.01483081,0.2597995
-0.004174546,-0.9622374,0.01478008,0.2717784
-0.004268124,-0.9604958,0.01475332,0.2778707
-0.004362552,-0.9586959,0.01472568,0.2840183
-0.004457823,-0.9568366,0.01469712,0.2902207
-0.004553936,-0.9549162,0.01466762,0.2964781
-0.004650866,-0.952934,0.01463718,0.3027886
-0.004847665,-0.9487678,0.01457318,0.3156009
-0.004947264,-0.9465861,0.01453967,0.3220852
-0.005047639,-0.9443374,0.01450513,0.32862
-0.005148775,-0.9420203,0.01446954,0.3352043
-0.005353297,-0.9371758,0.01439513,0.3485194
-0.005456947,-0.9346386,0.01435616,0.3552674
-0.005561278,-0.9320284,0.01431606,0.3620597
-0.005666326,-0.9293427,0.01427481,0.3688988
-0.005772054,-0.9265808,0.01423239,0.3757821
-0.0059855,-0.920823,0.01414395,0.3896782
-0.006093466,-0.9178168,0.01409777,0.3967072
-0.00620205,-0.9147288,0.01405034,0.4037764
-0.006311237,-0.9115579,0.01400163,0.4108849
-0.006421007,-0.9083027,0.01395163,0.4180314
-0.006642246,-0.9015344,0.01384767,0.4324349
-0.006753942,-0.8980102,0.01379354,0.4397067
-0.006866151,-0.8943961,0.01373803,0.4470119
-0.006978858,-0.8906912,0.01368112,0.4543495
-0.00709203,-0.886894,0.01362279,0.4617175
-0.007205666,-0.8830033,0.01356303,0.4691155
-0.007434739,-0.8749171,0.01343883,0.4840291
-0.007549879,-0.870728,0.01337448,0.4915251
-0.007665381,-0.8664402,0.01330862,0.4990447
-0.007781225,-0.8620523,0.01324122,0.5065866
-0.007897387,-0.8575633,0.01317227,0.5141492
-0.008131105,-0.8482552,0.0130293,0.529365
-0.008248348,-0.8434438,0.01295539,0.536998
-0.008365817,-0.8385257,0.01287985,0.5446457
-0.008483478,-0.8335001,0.01280266,0.5523058
-0.00860131,-0.8283658,0.01272379,0.5599771
-0.008837874,-0.8177433,0.01256063,0.5753782
-0.008956305,-0.8122634,0.01247646,0.5830885
-0.009074789,-0.8066702,0.01239055,0.5908023
-0.009193301,-0.8009623,0.01230287,0.5985179
-0.00931206,-0.7951261,0.01221323,0.6062495
-0.009549452,-0.7831012,0.01202852,0.6217046
-0.009668022,-0.7769102,0.01193343,0.629424
-0.009786464,-0.7705992,0.01183649,0.637135
-0.009904758,-0.7641664,0.01173768,0.6448364
-0.009997975,-0.7590037,0.01165838,0.6509051
-0.01009747,-0.7534004,0.01157232,0.6573826
-0.01011056,-0.752656,0.01156088,0.6582348
-0.01011056,-0.752656,0.01156088,0.6582348
-0.01011056,-0.752656,0.01156088,0.6582348
-0.01011056,-0.752656,0.01156088,0.6582348
-0.01010976,-0.7527018,0.01156158,0.6581825
-0.01010814,-0.7527934,0.01156299,0.6580777
-0.01010574,-0.7529305,0.0115651,0.6579208
-0.01010253,-0.7531129,0.0115679,0.6577121
-0.01009831,-0.7533529,0.01157159,0.6574371
-0.01008742,-0.753971,0.01158108,0.6567281
-0.01008076,-0.7543483,0.01158688,0.6562947
-0.01007329,-0.7547709,0.01159337,0.6558087
-0.01006502,-0.7552385,0.01160055,0.6552702
-0.0100557,-0.7557645,0.01160863,0.6546634
-0.01003462,-0.7569509,0.01162685,0.6532912
-0.01002287,-0.7576107,0.01163699,0.652526
-0.01001029,-0.7583156,0.01164781,0.6517068
-0.00999689,-0.7590643,0.01165931,0.6508346
-0.009982436,-0.75987,0.01167169,0.6498935
-0.009951046,-0.7616132,0.01169847,0.6478499
-0.009934099,-0.7625503,0.01171286,0.6467467
-0.009916317,-0.7635306,0.01172792,0.645589
-0.009897706,-0.7645534,0.01174363,0.6443774
-0.009878017,-0.765632,0.01176019,0.6430956
-0.009836098,-0.767916,0.01179528,0.6403665
-0.009813863,-0.7691208,0.01181378,0.6389189
-0.009790774,-0.770367,0.01183292,0.6374158
-0.009766825,-0.7716544,0.0118527,0.6358566
-0.009741775,-0.7729955,0.0118733,0.6342257
-0.009689081,-0.7757975,0.01191634,0.6307952
-0.009661407,-0.7772588,0.01193878,0.6289935
-0.00963285,-0.7787597,0.01196184,0.6271343
-0.009603413,-0.7802991,0.01198548,0.6252179
-0.009572843,-0.7818897,0.01200991,0.6232277
-0.009509008,-0.7851843,0.01206052,0.6190717
-0.009475729,-0.7868877,0.01208668,0.6169052
-0.009441545,-0.7886274,0.01211341,0.6146796
-0.009406433,-0.7904038,0.01214069,0.6123937
-0.009370158,-0.7922279,0.01216871,0.6100321
-0.009294818,-0.7959808,0.01222635,0.6051272
-0.009255736,-0.7979086,0.01225597,0.6025828
-0.009215702,-0.7998703,0.0122861,0.5999764
-0.009174719,-0.8018647,0.01231673,0.5973083
-0.009132537,-0.8039031,0.01234804,0.5945621
-0.009045259,-0.8080745,0.01241211,0.5888799
-0.009000154,-0.8102065,0.01244486,0.5859435
-0.008954068,-0.8123679,0.01247806,0.582943
-0.008906748,-0.8145698,0.01251188,0.5798623
-0.008858436,-0.8167996,0.01254613,0.576717
-0.008758773,-0.8213426,0.01261591,0.5702285
-0.008707423,-0.8236535,0.01265141,0.5668854
-0.008655041,-0.8259903,0.0126873,0.5634752
-0.008601629,-0.8283517,0.01272358,0.5599979
-0.00854693,-0.8307481,0.01276038,0.5564367
-0.008434402,-0.8356084,0.01283504,0.5491108
-0.008376544,-0.8380716,0.01287287,0.5453441
-0.008317622,-0.8405552,0.01291102,0.541508
-0.008257373,-0.8430693,0.01294964,0.5375856
-0.008196059,-0.8456015,0.01298853,0.5335938
-0.008070127,-0.8507196,0.01306715,0.5253952
-0.008005511,-0.8533034,0.01310684,0.5211885
-0.007939526,-0.8559125,0.01314691,0.5168926
-0.007872683,-0.8585255,0.01318705,0.5125409
-0.00780446,-0.8611616,0.01322754,0.5080993
-0.007664628,-0.8664684,0.01330905,0.4989957
-0.007592992,-0.8691375,0.01335005,0.494332
-0.007520206,-0.8718156,0.01339119,0.4895933
-0.007446002,-0.8745111,0.01343259,0.4847624
-0.007370639,-0.8772129,0.01347409,0.4798559
-0.007216389,-0.882632,0.01355733,0.4698137
-0.0071375,-0.8853467,0.01359903,0.4646778
-0.007057402,-0.888064,0.01364076,0.4594631
-0.006975867,-0.8907904,0.01368264,0.4541549
-0.006893126,-0.8935163,0.01372451,0.4487681
-0.006724023,-0.8989611,0.01380815,0.4377589
-0.006637619,-0.9016787,0.01384989,0.4321337
-0.006550017,-0.9043899,0.01389153,0.4264305
-0.006460904,-0.9071028,0.0139332,0.4206289
-0.006370562,-0.909807,0.01397474,0.4147473
-0.006186165,-0.9151845,0.01405734,0.4027424
-0.006092089,-0.9178554,0.01409836,0.3966177
-0.005996486,-0.9205199,0.01413929,0.3903936
-0.005899639,-0.9231685,0.01417997,0.3840885
-0.00580151,-0.9258007,0.0142204,0.3776999
-0.005601443,-0.9310083,0.01430039,0.3646748
-0.005499491,-0.9335809,0.01433991,0.3580374
-0.005396271,-0.9361305,0.01437907,0.3513174
-0.005291477,-0.9386625,0.01441796,0.3444949
-0.005185418,-0.941168,0.01445645,0.3375901
-0.004969418,-0.9460941,0.01453211,0.3235277
-0.004859481,-0.9485115,0.01456925,0.3163703
-0.004747968,-0.9509022,0.01460597,0.3091104
-0.00463516,-0.9532583,0.01464216,0.3017662
-0.004521058,-0.9555781,0.01467779,0.2943378
-0.004288969,-0.960102,0.01474728,0.2792279
-0.004170978,-0.9623029,0.01478108,0.2715463
-0.004051695,-0.9644605,0.01481422,0.2637805
-0.003930825,-0.9665782,0.01484675,0.2559115
-0.003808666,-0.968649,0.01487856,0.2479585
-0.003560462,-0.9726424,0.0149399,0.2317994
-0.003434423,-0.9745614,0.01496937,0.2235939
-0.003306807,-0.9764304,0.01499808,0.2152856
-0.00317791,-0.9782429,0.01502592,0.2068939
-0.003047755,-0.9799966,0.01505286,0.1984204
-0.002783583,-0.9833224,0.01510394,0.1812218
-0.002649585,-0.9848902,0.01512803,0.1724981
-0.002514047,-0.986395,0.01515114,0.163674
-0.00237725,-0.9878314,0.0151732,0.154768
-0.002239202,-0.9891977,0.01519419,0.1457806
-0.001959381,-0.9917116,0.0152328,0.1275632
-0.001817625,-0.9928551,0.01525037,0.1183344
-0.001674361,-0.9939224,0.01526676,0.1090074
-0.001529888,-0.9949089,0.01528191,0.09960163
-0.001384217,-0.9958127,0.0152958,0.09011789
-0.001089322,-0.9973639,0.01531962,0.07091915
-0.0009401105,-0.998007,0.0153295,0.06120493
-0.0007894483,-0.9985602,0.015338,0.05139627
-0.0006376423,-0.9990199,0.01534506,0.04151314
-0.0004847179,-0.999384,0.01535065,0.0315572
-0.0001755287,-0.9998168,0.0153573,0.01142785
-1.929185E-05,-0.9998813,0.01535829,0.001256251
0.0001383109,-0.9998416,0.01535768,-0.009004268
0.0002969647,-0.9996952,0.01535543,-0.01933322
0.0004566482,-0.9994401,0.01535151,-0.02972919
0.0007790345,-0.9985949,0.01533853,-0.05071773
0.000942021,-0.9979995,0.01532939,-0.06132875
0.001105936,-0.9972864,0.01531843,-0.07200024
0.001270809,-0.9964533,0.01530564,-0.08273403
0.001436596,-0.9954983,0.01529097,-0.09352743
0.001770818,-0.9932136,0.01525587,-0.1152865
0.001939241,-0.9918794,0.01523538,-0.1262514
0.002108757,-0.9904122,0.01521284,-0.1372876
0.002279062,-0.9888119,0.01518826,-0.1483751
0.002450135,-0.9870765,0.01516161,-0.1595125
0.002794479,-0.9831915,0.01510193,-0.1819306
0.00296798,-0.981034,0.01506879,-0.1932262
0.003142131,-0.9787327,0.01503345,-0.204564
0.003316885,-0.9762856,0.01499586,-0.2159412
0.003492253,-0.97369,0.01495599,-0.2273583
0.003844614,-0.968047,0.01486931,-0.2502983
0.00402184,-0.9649901,0.01482236,-0.2618363
0.004199525,-0.9617767,0.014773,-0.2734043
0.004377616,-0.9584048,0.01472121,-0.2849987
0.00455608,-0.9548729,0.01466695,-0.2966174
0.004914014,-0.94732,0.01455094,-0.3199202
0.005093655,-0.9432896,0.01448903,-0.3316154
0.005273545,-0.9390904,0.01442453,-0.343327
0.005423061,-0.9354743,0.01436899,-0.353061
0.005541679,-0.9325232,0.01432366,-0.3607834
0.00568869,-0.9287636,0.01426591,-0.3703544
0.005709067,-0.9282334,0.01425777,-0.3716811
0.005709067,-0.9282334,0.01425777,-0.3716811
0.005709067,-0.9282334,0.01425777,-0.3716811
0.005709067,-0.9282334,0.01425777,-0.3716811
0.005709067,-0.9282334,0.01425777,-0.3716811
0.005709067,-0.9282334,0.01425777,-0.3716811
0.005709067,-0.9282334,0.01425777,-0.3716811
0.005709067,-0.9282334,0.01425777,-0.3716811
0.005709067,-0.9282334,0.01425777,-0.3716811
0.005709067,-0.9282334,0.01425777,-0.3716811
0.005709067,-0.9282334,0.01425777,-0.3716811
0.005709067,-0.9282334,0.01425777,-0.3716811
0.005709067,-0.9282334,0.01425777,-0.3716811
0.005709067,-0.9282334,0.01425777,-0.3716811
0.005709067,-0.9282334,0.01425777,-0.3716811
0.005709067,-0.9282334,0.01425777,-0.3716811
0.005709067,-0.9282334,0.01425777,-0.3716811
0.005709067,-0.9282334,0.01425777,-0.3716811
0.005709067,-0.9282334,0.01425777,-0.3716811
0.005709067,-0.9282334,0.01425777,-0.3716811
0.005709067,-0.9282334,0.01425777,-0.3716811
0.005709067,-0.9282334,0.01425777,-0.3716811
0.005709067,-0.9282334,0.01425777,-0.3716811
0.005709067,-0.9282334,0.01425777,-0.3716811
0.005706084,-0.9283112,0.01425897,-0.3714869
0.005702829,-0.928396,0.01426027,-0.3712749
0.005698581,-0.9285066,0.01426197,-0.3709983
0.005693349,-0.9286426,0.01426406,-0.3706577
0.005687124,-0.9288042,0.01426654,-0.3702524
0.005679905,-0.9289914,0.01426941,-0.3697825
0.005661929,-0.9294564,0.01427656,-0.3686122
0.005651443,-0.9297268,0.01428071,-0.3679295
0.005639963,-0.9300223,0.01428525,-0.3671821
0.005627489,-0.9303426,0.01429017,-0.36637
0.005613741,-0.9306944,0.01429557,-0.365475
0.005583252,-0.9314715,0.01430751,-0.36349
0.00556652,-0.9318958,0.01431403,-0.3624007
0.005548771,-0.9323444,0.01432092,-0.3612452
0.005530014,-0.9328166,0.01432817,-0.360024
0.005509994,-0.9333186,0.01433588,-0.3587207
0.005466932,-0.9343913,0.01435236,-0.3559172
0.005443861,-0.934962,0.01436112,-0.3544151
0.005419782,-0.9355547,0.01437023,-0.3528475
0.005394689,-0.9361693,0.01437967,-0.3512139
0.005368306,-0.9368119,0.01438954,-0.3494962
0.005312489,-0.9381596,0.01441024,-0.3458623
0.005283036,-0.9388643,0.01442106,-0.3439448
0.005252559,-0.9395888,0.01443219,-0.3419606
0.00522106,-0.9403327,0.01444362,-0.33991
0.005188257,-0.9411018,0.01445543,-0.3377743
0.00511953,-0.9426958,0.01447991,-0.3332999
0.00508361,-0.9435193,0.01449256,-0.3309614
0.00504666,-0.9443597,0.01450547,-0.3285558
0.005008666,-0.9452167,0.01451864,-0.3260823
0.004969628,-0.9460896,0.01453204,-0.3235407
0.00488783,-0.947894,0.01455976,-0.3182154
0.004845365,-0.9488177,0.01457395,-0.3154508
0.004801844,-0.949755,0.01458834,-0.3126174
0.004757271,-0.9507052,0.01460294,-0.3097155
0.004711349,-0.951674,0.01461782,-0.3067259
0.004616311,-0.9536461,0.01464811,-0.3005385
0.00459883,-0.954004,0.01465361,-0.2994005
0.00459883,-0.954004,0.01465361,-0.2994005
0.00459883,-0.954004,0.01465361,-0.2994005
0.00459883,-0.954004,0.01465361,-0.2994005
0.00459883,-0.954004,0.01465361,-0.2994005
0.00459883,-0.954004,0.01465361,-0.2994005
0.00459883,-0.954004,0.01465361,-0.2994005
0.00459883,-0.954004,0.01465361,-0.2994005
0.00459883,-0.954004,0.01465361,-0.2994005
0.00459883,-0.954004,0.01465361,-0.2994005
0.00459883,-0.954004,0.01465361,-0.2994005
0.00459883,-0.954004,0.01465361,-0.2994005
0.00459883,-0.954004,0.01465361,-0.2994005
0.00459883,-0.954004,0.01465361,-0.2994005
0.00459883,-0.954004,0.01465361,-0.2994005
0.00459883,-0.954004,0.01465361,-0.2994005
0.00459883,-0.954004,0.01465361,-0.2994005
0.00459883,-0.954004,0.01465361,-0.2994005
0.00459883,-0.954004,0.01465361,-0.2994005
0.00459883,-0.954004,0.01465361,-0.2994005
0.00459883,-0.954004,0.01465361,-0.2994005
0.00459883,-0.954004,0.01465361,-0.2994005
0.00459883,-0.954004,0.01465361,-0.2994005
0.00459883,-0.954004,0.01465361,-0.2994005
0.00459883,-0.954004,0.01465361,-0.2994005
0.00459883,-0.954004,0.01465361,-0.2994005
0.00459883,-0.954004,0.01465361,-0.2994005
0.00459883,-0.954004,0.01465361,-0.2994005
0.00459883,-0.954004,0.01465361,-0.2994005
0.00459883,-0.954004,0.01465361,-0.2994005
0.00459883,-0.954004,0.01465361,-0.2994005
0.00459883,-0.954004,0.01465361,-0.2994005
0.00459883,-0.954004,0.01465361,-0.2994005
0.00459883,-0.954004,0.01465361,-0.2994005
0.00459883,-0.954004,0.01465361,-0.2994005
0.00459883,-0.954004,0.01465361,-0.2994005
0.00459883,-0.954004,0.01465361,-0.2994005
0.00459883,-0.954004,0.01465361,-0.2994005
0.00459883,-0.954004,0.01465361,-0.2994005
0.00459883,-0.954004,0.01465361,-0.2994005
0.00459883,-0.954004,0.01465361,-0.2994005
0.00459883,-0.954004,0.01465361,-0.2994005
0.00459883,-0.954004,0.01465361,-0.2994005
0.00459883,-0.954004,0.01465361,-0.2994005
0.00459883,-0.954004,0.01465361,-0.2994005
0.00459883,-0.954004,0.01465361,-0.2994005
0.00459883,-0.954004,0.01465361,-0.2994005
0.00459883,-0.954004,0.01465361,-0.2994005
0.00459883,-0.954004,0.01465361,-0.2994005
0.00459883,-0.954004,0.01465361,-0.2994005
0.00459883,-0.954004,0.01465361,-0.2994005
0.00459883,-0.954004,0.01465361,-0.2994005
0.00459883,-0.954004,0.01465361,-0.2994005
0.00459883,-0.954004,0.01465361,-0.2994005
0.00459883,-0.954004,0.01465361,-0.2994005
0.00459883,-0.954004,0.01465361,-0.2994005
0.00459883,-0.954004,0.01465361,-0.2994005
0.00459883,-0.954004,0.01465361,-0.2994005
0.00459883,-0.954004,0.01465361,-0.2994005
0.00459883,-0.954004,0.01465361,-0.2994005
0.00459883,-0.954004,0.01465361,-0.2994005
0.00459883,-0.954004,0.01465361,-0.2994005
0.00459883,-0.954004,0.01465361,-0.2994005
0.00459883,-0.954004,0.01465361,-0.2994005
0.00459883,-0.954004,0.01465361,-0.2994005
0.00459883,-0.954004,0.01465361,-0.2994005
0.00459883,-0.954004,0.01465361,-0.2994005
0.00459883,-0.954004,0.01465361,-0.2994005
0.00459883,-0.954004,0.01465361,-0.2994005
0.00459883,-0.954004,0.01465361,-0.2994005
0.00459883,-0.954004,0.01465361,-0.2994005
0.00459883,-0.954004,0.01465361,-0.2994005
0.00459883,-0.954004,0.01465361,-0.2994005
0.00459883,-0.954004,0.01465361,-0.2994005
0.00459883,-0.954004,0.01465361,-0.2994005
0.00459883,-0.954004,0.01465361,-0.2994005
0.00459883,-0.954004,0.01465361,-0.2994005
0.00459883,-0.954004,0.01465361,-0.2994005
0.00459883,-0.954004,0.01465361,-0.2994005
0.00459883,-0.954004,0.01465361,-0.2994005
0.00459883,-0.954004,0.01465361,-0.2994005
0.00459883,-0.954004,0.01465361,-0.2994005
0.00459883,-0.954004,0.01465361,-0.2994005
0.00459883,-0.954004,0.01465361,-0.2994005
0.00459883,-0.954004,0.01465361,-0.2994005
0.00459883,-0.954004,0.01465361,-0.2994005
0.004597521,-0.9540306,0.01465402,-0.2993152
0.004595195,-0.9540782,0.01465475,-0.2991638
0.004591852,-0.9541463,0.0146558,-0.2989462
0.004582111,-0.9543449,0.01465885,-0.298312
0.004575708,-0.954475,0.01466085,-0.2978952
0.004568025,-0.954631,0.01466324,-0.297395
0.004559302,-0.9548078,0.01466596,-0.296827
0.004549553,-0.9550048,0.01466898,-0.2961924
0.004526998,-0.9554591,0.01467596,-0.294724
0.004513902,-0.9557216,0.01467999,-0.2938714
0.004500067,-0.9559981,0.01468424,-0.2929707
0.004484918,-0.9562998,0.01468888,-0.2919844
0.004468745,-0.9566206,0.0146938,-0.2909315
0.004433319,-0.957319,0.01470453,-0.2886251
0.004413778,-0.9577016,0.01471041,-0.2873529
0.004393203,-0.9581025,0.01471657,-0.2860134
0.004371599,-0.9585212,0.014723,-0.2846069
0.004348979,-0.9589573,0.0147297,-0.2831343
0.004300606,-0.9598815,0.01474389,-0.279985
0.004274577,-0.9603741,0.01475146,-0.2782904
0.004247529,-0.9608827,0.01475927,-0.2765295
0.004219419,-0.9614075,0.01476733,-0.2746994
0.00419027,-0.9619477,0.01477563,-0.2728017
0.004128857,-0.9630727,0.01479291,-0.2688034
0.004096581,-0.9636567,0.01480188,-0.2667022
0.00406296,-0.9642598,0.01481114,-0.2645134
0.004028295,-0.9648761,0.01482061,-0.2622565
0.003992572,-0.9655051,0.01483027,-0.2599309
0.003917952,-0.9667998,0.01485016,-0.2550728
0.003878775,-0.9674692,0.01486044,-0.2525223
0.003838535,-0.9681492,0.01487088,-0.2499025
0.003797228,-0.9688394,0.01488149,-0.2472133
0.003754864,-0.969539,0.01489223,-0.2444552
0.003666939,-0.9709643,0.01491412,-0.238731
0.003621372,-0.9716889,0.01492525,-0.2357644
0.003574435,-0.9724253,0.01493656,-0.2327086
0.003526452,-0.9731675,0.01494796,-0.2295848
0.003510312,-0.9734148,0.01495176,-0.228534
0.003510312,-0.9734148,0.01495176,-0.228534
0.003510312,-0.9734148,0.01495176,-0.228534
0.003511646,-0.9733945,0.01495145,-0.2286208
0.003514013,-0.9733583,0.01495089,-0.228775
0.003517419,-0.973306,0.01495009,-0.2289967
0.003527348,-0.9731537,0.01494775,-0.2296431
0.003534162,-0.9730489,0.01494614,-0.2300867
0.003542015,-0.9729279,0.01494428,-0.230598
0.003550899,-0.9727907,0.01494217,-0.2311763
0.003560822,-0.9726369,0.01493981,-0.2318224
0.003583771,-0.9722796,0.01493433,-0.2333165
0.003596799,-0.9720757,0.01493119,-0.2341646
0.003611149,-0.9718502,0.01492773,-0.2350988
0.003626539,-0.9716072,0.014924,-0.2361008
0.003642949,-0.971347,0.01492,-0.2371692
0.003678887,-0.9707727,0.01491118,-0.2395089
0.003698399,-0.9704584,0.01490635,-0.2407791
0.003719229,-0.970121,0.01490117,-0.2421353
0.003741086,-0.9697647,0.0148957,-0.2435583
0.003763968,-0.9693893,0.01488993,-0.245048
0.003812816,-0.9685799,0.0148775,-0.2482282
0.003839055,-0.9681405,0.01487075,-0.2499364
0.003866324,-0.9676805,0.01486368,-0.2517117
0.003894609,-0.9671996,0.0148563,-0.2535532
0.003923912,-0.9666975,0.01484858,-0.2554609
0.00398557,-0.9656277,0.01483215,-0.259475
0.004018199,-0.9650544,0.01482334,-0.2615993
0.004051849,-0.9644579,0.01481418,-0.26379
0.004086498,-0.9638381,0.01480466,-0.2660458
0.004122149,-0.9631944,0.01479478,-0.2683668
0.004158807,-0.9625263,0.01478451,-0.2707534
0.004235697,-0.9611042,0.01476267,-0.2757591
0.004275635,-0.9603542,0.01475115,-0.2783593
0.004316566,-0.9595779,0.01473922,-0.281024
0.004358487,-0.9587743,0.01472688,-0.2837533
0.004401396,-0.9579432,0.01471412,-0.2865468
0.004490733,-0.9561841,0.0146871,-0.292363
0.004536877,-0.9552604,0.01467291,-0.2953671
0.004583988,-0.9543066,0.01465826,-0.2984342
0.004632067,-0.9533221,0.01464314,-0.3015644
0.004731141,-0.9512578,0.01461143,-0.3080145
0.004782392,-0.9501708,0.01459473,-0.3113511
0.004834589,-0.9490506,0.01457752,-0.3147493
0.004887746,-0.9478958,0.01455979,-0.31821
0.004941837,-0.9467064,0.01454152,-0.3217315
0.005052859,-0.9442192,0.01450331,-0.3289595
0.005110048,-0.9429138,0.01448326,-0.3326827
0.005168158,-0.9415705,0.01446263,-0.3364659
0.005227187,-0.9401883,0.0144414,-0.3403089
0.005287129,-0.9387667,0.01441956,-0.3442113
0.005347988,-0.9373044,0.0143971,-0.3481734
0.005472937,-0.9342422,0.01435007,-0.3563081
0.005536762,-0.932647,0.01432556,-0.3604633
0.005601477,-0.9310076,0.01430038,-0.3646765
0.005667067,-0.9293237,0.01427451,-0.3689467
0.005733524,-0.9275943,0.01424795,-0.3732733
0.005869584,-0.9239805,0.01419244,-0.3821313
0.005938883,-0.9221016,0.01416358,-0.3866429
0.00600901,-0.9201739,0.01413397,-0.3912084
0.006079976,-0.918196,0.01410359,-0.3958286
0.006151769,-0.916167,0.01407243,-0.4005025
0.006298337,-0.9119362,0.01400744,-0.4100446
0.006372822,-0.9097401,0.01397371,-0.414894
0.006448096,-0.9074892,0.01393914,-0.4197946
0.006524145,-0.9051825,0.01390371,-0.4247456
0.006600965,-0.9028188,0.0138674,-0.4297469
0.006757418,-0.8978995,0.01379184,-0.4399326
0.006836743,-0.8953508,0.01375269,-0.4450969
0.006916795,-0.892741,0.0137126,-0.4503086
0.006997577,-0.8900685,0.01367155,-0.4555678
0.007079056,-0.8873335,0.01362954,-0.4608724
0.007244598,-0.8816522,0.01354228,-0.4716498
0.007328376,-0.8787127,0.01349713,-0.4771041
0.007412808,-0.8757058,0.01345094,-0.4826009
0.007497873,-0.8726308,0.01340371,-0.4881389
0.007583572,-0.8694864,0.01335541,-0.4937182
0.007757288,-0.8629665,0.01325526,-0.5050278
0.007845031,-0.859598,0.01320352,-0.5107402
0.007933349,-0.8561555,0.01315065,-0.51649
0.008022222,-0.8526382,0.01309662,-0.522276
0.008111631,-0.8490453,0.01304143,-0.5280968
0.008292506,-0.8416067,0.01292718,-0.5398724
0.008383686,-0.8377692,0.01286823,-0.5458086
0.008475336,-0.8338513,0.01280805,-0.5517754
0.008567436,-0.8298526,0.01274663,-0.5577714
0.008660221,-0.8257604,0.01268377,-0.563812
0.008847013,-0.8173246,0.0125542,-0.5759729
0.008940994,-0.8129784,0.01248744,-0.5820914
0.009035327,-0.8085457,0.01241936,-0.5882328
0.009129998,-0.8040257,0.01234993,-0.5943963
0.009225232,-0.7994049,0.01227895,-0.6005963
0.009416559,-0.7898929,0.01213285,-0.6130524
0.009512618,-0.7849993,0.01205768,-0.6193062
0.009608911,-0.7800127,0.01198109,-0.6255752
0.009705408,-0.7749324,0.01190305,-0.6318575
0.009802323,-0.7697448,0.01182337,-0.6381671
0.009996617,-0.7590798,0.01165955,-0.6508164
0.0100691,-0.7550083,0.01159701,-0.6555355
0.01011709,-0.7522844,0.01155518,-0.6586594
0.0101408,-0.7509301,0.01153438,-0.6602032
0.0101408,-0.7509301,0.01153438,-0.6602032
0.0101408,-0.7509301,0.01153438,-0.6602032
0.0101408,-0.7509301,0.01153438,-0.6602032
0.0101408,-0.7509301,0.01153438,-0.6602032
0.0101408,-0.7509301,0.01153438,-0.6602032
0.0101408,-0.7509301,0.01153438,-0.6602032
0.0101408,-0.7509301,0.01153438,-0.6602032
0.0101408,-0.7509301,0.01153438,-0.6602032
0.0101408,-0.7509301,0.01153438,-0.6602032
0.0101408,-0.7509301,0.01153438,-0.6602032
0.0101408,-0.7509301,0.01153438,-0.6602032
0.0101408,-0.7509301,0.01153438,-0.6602032
0.0101408,-0.7509301,0.01153438,-0.6602032
0.0101408,-0.7509301,0.01153438,-0.6602032
0.0101408,-0.7509301,0.01153438,-0.6602032
0.0101408,-0.7509301,0.01153438,-0.6602032
0.0101408,-0.7509301,0.01153438,-0.6602032
0.0101408,-0.7509301,0.01153438,-0.6602032
0.0101408,-0.7509301,0.01153438,-0.6602032
0.0101408,-0.7509301,0.01153438,-0.6602032
0.0101408,-0.7509301,0.01153438,-0.6602032
0.0101408,-0.7509301,0.01153438,-0.6602032
0.0101408,-0.7509301,0.01153438,-0.6602032
0.0101408,-0.7509301,0.01153438,-0.6602032
0.0101408,-0.7509301,0.01153438,-0.6602032
0.0101408,-0.7509301,0.01153438,-0.6602032
0.0101408,-0.7509301,0.01153438,-0.6602032
0.0101408,-0.7509301,0.01153438,-0.6602032
0.0101408,-0.7509301,0.01153438,-0.6602032
0.0101408,-0.7509301,0.01153438,-0.6602032
0.0101408,-0.7509301,0.01153438,-0.6602032
0.0101408,-0.7509301,0.01153438,-0.6602032
0.0101408,-0.7509301,0.01153438,-0.6602032
0.0101408,-0.7509301,0.01153438,-0.6602032
0.01013979,-0.7509876,0.01153526,-0.6601377
0.01013797,-0.7510917,0.01153686,-0.6600193
0.01013192,-0.7514378,0.01154217,-0.6596253
0.01012769,-0.7516794,0.01154588,-0.6593499
0.01012266,-0.7519665,0.01155029,-0.6590225
0.0101166,-0.752312,0.0115556,-0.658628
0.01010973,-0.7527033,0.01156161,-0.6581807
0.01009357,-0.7536223,0.01157573,-0.6571283
0.01008428,-0.754149,0.01158382,-0.6565238
0.01007418,-0.754721,0.01159261,-0.655866
0.01006304,-0.755351,0.01160228,-0.6551405
0.01005107,-0.756026,0.01161265,-0.6543615
0.0100247,-0.7575087,0.01163542,-0.6526445
0.01001028,-0.7583165,0.01164783,-0.6517056
0.009995027,-0.7591687,0.01166092,-0.6507128
0.009978719,-0.7600774,0.01167488,-0.6496511
0.009961584,-0.7610295,0.01168951,-0.6485355
0.009924822,-0.7630625,0.01172073,-0.6461422
0.00990517,-0.7641441,0.01173734,-0.6448628
0.009884678,-0.7652678,0.01175461,-0.6435288
0.009863123,-0.7664457,0.0117727,-0.6421255
0.009840697,-0.7676666,0.01179145,-0.6406655
0.009793291,-0.7702318,0.01183085,-0.6375791
0.009768283,-0.7715766,0.01185151,-0.635951
0.009742416,-0.7729616,0.01187279,-0.634267
0.009715443,-0.7743992,0.01189487,-0.632511
0.009687593,-0.7758766,0.01191756,-0.6306978
0.009629231,-0.7789498,0.01196476,-0.6268982
0.009598715,-0.7805444,0.01198926,-0.6249115
0.009567086,-0.7821887,0.01201451,-0.6228523
0.009534533,-0.7838717,0.01204036,-0.620733
0.009501074,-0.7855917,0.01206678,-0.6185547
0.009431417,-0.7891412,0.0121213,-0.6140199
0.009395202,-0.79097,0.01214939,-0.6116621
0.009357828,-0.7928458,0.01217821,-0.6092288
0.00931951,-0.7947564,0.01220755,-0.6067343
0.009280253,-0.796701,0.01223742,-0.6041785
0.009198891,-0.8006904,0.0122987,-0.5988815
0.00915653,-0.8027458,0.01233027,-0.5961236
0.009113206,-0.8048327,0.01236233,-0.5933031
0.009068914,-0.8069503,0.01239485,-0.5904195
0.009023635,-0.809099,0.01242786,-0.5874717
0.008930122,-0.8134846,0.01249522,-0.5813837
0.008881873,-0.8157204,0.01252956,-0.5782425
0.008832367,-0.8179955,0.01256451,-0.5750195
0.008781852,-0.8202975,0.01259987,-0.5717308
0.008730316,-0.8226259,0.01263563,-0.5683756
0.00862415,-0.8273587,0.01270833,-0.5614639
0.008569268,-0.8297722,0.0127454,-0.5578908
0.008513339,-0.8322088,0.01278283,-0.5542496
0.008456352,-0.8346678,0.0128206,-0.5505396
0.00839831,-0.8371479,0.01285869,-0.5467609
0.008279022,-0.842169,0.01293582,-0.5389948
0.008217759,-0.8447084,0.01297482,-0.5350064
0.008155145,-0.8472765,0.01301427,-0.53093
0.008119212,-0.848738,0.01303672,-0.5285907
0.008110614,-0.8490863,0.01304207,-0.5280309
0.008110614,-0.8490863,0.01304207,-0.5280309
0.008110614,-0.8490863,0.01304207,-0.5280309
0.008110614,-0.8490863,0.01304207,-0.5280309
0.008110614,-0.8490863,0.01304207,-0.5280309
0.008110614,-0.8490863,0.01304207,-0.5280309
0.008110614,-0.8490863,0.01304207,-0.5280309
0.008110614,-0.8490863,0.01304207,-0.5280309
0.008110614,-0.8490863,0.01304207,-0.5280309
0.008110614,-0.8490863,0.01304207,-0.5280309
0.008110614,-0.8490863,0.01304207,-0.5280309
0.008110614,-0.8490863,0.01304207,-0.5280309
0.008110614,-0.8490863,0.01304207,-0.5280309
0.008110614,-0.8490863,0.01304207,-0.5280309
0.008110614,-0.8490863,0.01304207,-0.5280309
0.008110614,-0.8490863,0.01304207,-0.5280309
0.008110614,-0.8490863,0.01304207,-0.5280309
0.008110614,-0.8490863,0.01304207,-0.5280309
0.008110614,-0.8490863,0.01304207,-0.5280309
0.008110614,-0.8490863,0.01304207,-0.5280309
0.008110614,-0.8490863,0.01304207,-0.5280309
0.008110614,-0.8490863,0.01304207,-0.5280309
0.008110614,-0.8490863,0.01304207,-0.5280309
0.008110614,-0.8490863,0.01304207,-0.5280309
0.008110614,-0.8490863,0.01304207,-0.5280309
0.008110614,-0.8490863,0.01304207,-0.5280309
0.008110614,-0.8490863,0.01304207,-0.5280309
0.008110614,-0.8490863,0.01304207,-0.5280309
0.008110614,-0.8490863,0.01304207,-0.5280309
0.008110614,-0.8490863,0.01304207,-0.5280309
0.008110614,-0.8490863,0.01304207,-0.5280309
0.008110614,-0.8490863,0.01304207,-0.5280309
0.008110614,-0.8490863,0.01304207,-0.5280309
0.008110614,-0.8490863,0.01304207,-0.5280309
0.008110614,-0.8490863,0.01304207,-0.5280309
0.008110614,-0.8490863,0.01304207,-0.5280309
0.008110614,-0.8490863,0.01304207,-0.5280309
0.008110614,-0.8490863,0.01304207,-0.5280309
0.008110614,-0.8490863,0.01304207,-0.5280309
0.008110614,-0.8490863,0.01304207,-0.5280309
0.008110614,-0.8490863,0.01304207,-0.5280309
0.008110614,-0.8490863,0.01304207,-0.5280309
0.008110614,-0.8490863,0.01304207,-0.5280309
0.008110614,-0.8490863,0.01304207,-0.5280309
0.008110614,-0.8490863,0.01304207,-0.5280309
0.008110614,-0.8490863,0.01304207,-0.5280309
0.008110614,-0.8490863,0.01304207,-0.5280309
0.008110614,-0.8490863,0.01304207,-0.5280309
0.008110614,-0.8490863,0.01304207,-0.5280309
0.008110614,-0.8490863,0.01304207,-0.5280309
0.008110614,-0.8490863,0.01304207,-0.5280309
0.008110614,-0.8490863,0.01304207,-0.5280309
0.008110614,-0.8490863,0.01304207,-0.5280309
0.008110614,-0.8490863,0.01304207,-0.5280309
0.008110614,-0.8490863,0.01304207,-0.5280309
0.008110614,-0.8490863,0.01304207,-0.5280309
0.008110614,-0.8490863,0.01304207,-0.5280309
0.008110614,-0.8490863,0.01304207,-0.5280309
0.008110614,-0.8490863,0.01304207,-0.5280309
0.008110614,-0.8490863,0.01304207,-0.5280309
0.008110614,-0.8490863,0.01304207,-0.5280309
0.008110614,-0.8490863,0.01304207,-0.5280309
0.008110614,-0.8490863,0.01304207,-0.5280309
0.008110614,-0.8490863,0.01304207,-0.5280309
0.008110614,-0.8490863,0.01304207,-0.5280309
0.008110614,-0.8490863,0.01304207,-0.5280309
0.008110614,-0.8490863,0.01304207,-0.5280309
0.008110614,-0.8490863,0.01304207,-0.5280309
0.008110614,-0.8490863,0.01304207,-0.5280309
0.008110614,-0.8490863,0.01304207,-0.5280309
0.008110614,-0.8490863,0.01304207,-0.5280309
0.008110614,-0.8490863,0.01304207,-0.5280309
0.008110614,-0.8490863,0.01304207,-0.5280309
0.008110614,-0.8490863,0.01304207,-0.5280309
0.008110614,-0.8490863,0.01304207,-0.5280309
0.008110614,-0.8490863,0.01304207,-0.5280309
0.008110614,-0.8490863,0.01304207,-0.5280309
0.008110614,-0.8490863,0.01304207,-0.5280309
0.008110614,-0.8490863,0.01304207,-0.5280309
0.008111532,-0.8490491,0.0130415,-0.5280907
0.008113359,-0.8489752,0.01304036,-0.5282096
0.008113359,-0.8489752,0.01304036,-0.5282096
0.008113359,-0.8489752,0.01304036,-0.5282096
0.008113359,-0.8489752,0.01304036,-0.5282096
0.008113359,-0.8489752,0.01304036,-0.5282096
0.008113359,-0.8489752,0.01304036,-0.5282096
0.008113359,-0.8489752,0.01304036,-0.5282096
0.008113359,-0.8489752,0.01304036,-0.5282096
0.008113359,-0.8489752,0.01304036,-0.5282096
0.008113359,-0.8489752,0.01304036,-0.5282096
0.008113359,-0.8489752,0.01304036,-0.5282096
0.008113359,-0.8489752,0.01304036,-0.5282096
0.008113359,-0.8489752,0.01304036,-0.5282096
0.008113359,-0.8489752,0.01304036,-0.5282096
0.008113359,-0.8489752,0.01304036,-0.5282096
0.008113359,-0.8489752,0.01304036,-0.5282096
0.008113359,-0.8489752,0.01304036,-0.5282096
0.008113359,-0.8489752,0.01304036,-0.5282096
0.008113359,-0.8489752,0.01304036,-0.5282096
0.008114262,-0.8489384,0.0130398,-0.5282685
0.008116076,-0.848865,0.01303867,-0.5283865
0.008119038,-0.848745,0.01303683,-0.5285794
0.008127701,-0.8483935,0.01303143,-0.5291433
0.008133387,-0.8481625,0.01302788,-0.5295135
0.008139974,-0.8478946,0.01302376,-0.5299423
0.00814746,-0.8475898,0.01301908,-0.5304297
0.008156097,-0.8472377,0.01301367,-0.530992
0.008176085,-0.8464208,0.01300112,-0.5322932
0.008187426,-0.845956,0.01299398,-0.5330316
0.008199661,-0.8454536,0.01298627,-0.5338281
0.008212798,-0.8449129,0.01297796,-0.5346833
0.008227077,-0.844324,0.01296892,-0.5356129
0.008258297,-0.8430312,0.01294906,-0.5376454
0.008275238,-0.8423267,0.01293824,-0.5387483
0.008293062,-0.8415835,0.01292682,-0.5399087
0.008311766,-0.8408011,0.01291481,-0.5411264
0.008331585,-0.8399692,0.01290203,-0.5424167
0.008373889,-0.8381844,0.01287461,-0.5451708
0.008396345,-0.8372316,0.01285998,-0.5466328
0.008419666,-0.8362383,0.01284472,-0.5481511
0.008444101,-0.8351935,0.01282867,-0.5497418
0.008469369,-0.8341083,0.012812,-0.5513869
0.008522506,-0.8318112,0.01277672,-0.5548462
0.008550352,-0.8305991,0.0127581,-0.5566592
0.008579047,-0.829344,0.01273882,-0.5585274
0.008608833,-0.8280348,0.01271871,-0.5604665
0.008639433,-0.8266827,0.01269795,-0.5624587
0.008703152,-0.8238451,0.01265436,-0.5666069
0.008736245,-0.8223592,0.01263153,-0.5687615
0.008770159,-0.8208277,0.01260801,-0.5709694
0.008805122,-0.8192397,0.01258362,-0.5732456
0.00884089,-0.8176054,0.01255851,-0.5755742
0.008914812,-0.8141961,0.01250615,-0.5803869
0.008952971,-0.8124195,0.01247886,-0.5828711
0.008991899,-0.8105952,0.01245084,-0.5854055
0.009031828,-0.8087116,0.01242191,-0.5880049
0.009072525,-0.8067785,0.01239221,-0.5906545
0.009156231,-0.8027602,0.01233049,-0.596104
0.00919921,-0.8006749,0.01229846,-0.5989021
0.009242932,-0.798538,0.01226564,-0.6017485
0.009287624,-0.7963371,0.01223183,-0.6046581
0.009333039,-0.7940834,0.01219722,-0.6076148
0.009425987,-0.7894163,0.01212553,-0.6136661
0.009473525,-0.7870007,0.01208842,-0.616761
0.009521754,-0.7845298,0.01205047,-0.6199009
0.0095709,-0.781991,0.01201147,-0.6231005
0.009620717,-0.7793957,0.01197161,-0.6263437
0.009722318,-0.7740335,0.01188925,-0.6329584
0.009774094,-0.7712648,0.01184672,-0.6363292
0.009826735,-0.7684245,0.01180309,-0.6397563
0.009879997,-0.7655242,0.01175854,-0.6432238
0.009933867,-0.7625635,0.01171307,-0.646731
0.0100434,-0.756458,0.01161929,-0.6538619
0.01009905,-0.7533115,0.01157095,-0.6574847
0.01015527,-0.7501011,0.01152164,-0.6611449
0.01021226,-0.746814,0.01147115,-0.6648557
0.01026981,-0.743462,0.01141967,-0.6686019
0.01038646,-0.7365612,0.01131367,-0.6761966
0.01044555,-0.733011,0.01125914,-0.6800435
0.01050535,-0.7293796,0.01120336,-0.6839368
0.01056563,-0.7256801,0.01114653,-0.6878608
0.01062637,-0.721911,0.01108864,-0.6918156
0.01074918,-0.714163,0.01096963,-0.6998109
0.01081122,-0.7101824,0.01090849,-0.7038502
0.01087389,-0.7061159,0.01084602,-0.7079297
0.01093695,-0.7019757,0.01078243,-0.7120354
0.01100037,-0.6977625,0.01071772,-0.7161645
0.01112827,-0.6891131,0.01058486,-0.724491
0.01119272,-0.684675,0.01051669,-0.7286867
0.01125747,-0.6801603,0.01044734,-0.7329025
0.01132271,-0.6755547,0.0103766,-0.7371499
0.01138822,-0.6708719,0.01030467,-0.7414142
0.01151998,-0.6612682,0.01015716,-0.7499924
0.0115862,-0.6563461,0.01008156,-0.7543036
0.0116528,-0.651329,0.01000449,-0.7586401
0.0117196,-0.6462294,0.009926162,-0.7629887
0.01178655,-0.6410477,0.009846569,-0.7673475
0.01192084,-0.630435,0.009683558,-0.7760901
0.01198814,-0.6250024,0.009600113,-0.7804717
0.01205569,-0.6194708,0.009515147,-0.7848694
0.0121233,-0.6138528,0.009428853,-0.7892712
0.01219095,-0.6081474,0.009341218,-0.7936756
0.01232626,-0.5964755,0.009161935,-0.8024843
0.01239404,-0.5904918,0.009070026,-0.8068975
0.01246177,-0.5844193,0.00897675,-0.8113065
0.01252941,-0.5782567,0.008882092,-0.8157104
0.01259694,-0.5720044,0.008786056,-0.8201068
0.01273158,-0.5592273,0.008589798,-0.8288721
0.01279879,-0.5526865,0.008489329,-0.8332478
0.01286579,-0.5460528,0.008387435,-0.83761
0.01293257,-0.5393248,0.008284093,-0.8419578
0.01299909,-0.532504,0.008179325,-0.8462881
0.01313123,-0.5185805,0.007965458,-0.8548909
0.0131968,-0.5114768,0.007856344,-0.8591599
0.01326214,-0.5042621,0.007745524,-0.8634141
0.0133271,-0.4969505,0.007633217,-0.867643
0.01339163,-0.4895429,0.007519435,-0.871844
0.01351929,-0.4744375,0.007287415,-0.8801552
0.0135825,-0.4667225,0.007168911,-0.8842704
0.01364516,-0.4589102,0.007048913,-0.88835
0.01370724,-0.4510008,0.006927424,-0.8923914
0.01376871,-0.442993,0.006804424,-0.8963936
0.0138897,-0.4266834,0.006553905,-0.9042706
0.01394917,-0.4183806,0.006426374,-0.9081419
0.01400802,-0.4099614,0.006297054,-0.9119736
0.0140661,-0.4014447,0.006166237,-0.9157545
0.01412337,-0.3928294,0.006033904,-0.9194832
0.01423538,-0.3753019,0.00576468,-0.9267754
0.01429016,-0.3663717,0.005627511,-0.9303419
0.014344,-0.3573423,0.005488818,-0.9338472
0.01439687,-0.3482145,0.005348614,-0.9372891
0.01444873,-0.3389879,0.005206893,-0.9406654
0.01454928,-0.3202409,0.004918936,-0.9472117
0.014598,-0.3107018,0.004772415,-0.9503834
0.01464556,-0.3010652,0.004624396,-0.9534799
0.01469193,-0.2913312,0.004474881,-0.956499
0.01473708,-0.2815005,0.00432388,-0.9594382
0.01482355,-0.2615497,0.004017432,-0.9650678
0.01486488,-0.2514118,0.003861713,-0.9677584
0.01490482,-0.2411798,0.003704548,-0.970359
0.01494336,-0.2308526,0.003545921,-0.9728675
0.01498044,-0.2204316,0.003385854,-0.9752815
0.01505008,-0.1993116,0.003061448,-0.9798159
0.01508263,-0.188594,0.002896824,-0.981935
