-0.01534704,0.03833908,-0.0005889485,0.9991468
-0.01534833,0.03608983,-0.0005543997,0.9992306
-0.01534958,0.03377159,-0.0005187912,0.9993116
-0.01535078,0.03136594,-0.0004818401,0.99939
-0.01535193,0.0288887,-0.0004437893,0.9994646
-0.01535401,0.02372435,-0.000364464,0.9996006
-0.01535494,0.02103795,-0.0003232006,0.9996607
-0.01535577,0.01828281,-0.0002808812,0.9997149
-0.0153565,0.01545733,-0.0002374814,0.9997626
-0.01535713,0.01254256,-0.00019271,0.9998034
-0.01535802,0.00650592,-9.99864E-05,0.9998609
-0.01535825,0.003382567,-5.201123E-05,0.9998764
-0.01535834,0.000190315,-2.977752E-06,0.999882
-0.01535827,-0.003072071,4.713299E-05,0.9998773
-0.01535803,-0.006422983,9.860351E-05,0.9998614
-0.01535698,-0.01333247,0.0002047344,0.9997932
-0.01535615,-0.01689133,0.0002593989,0.9997393
-0.01535511,-0.02052001,0.000315136,0.9996715
-0.01535384,-0.02421814,0.0003719399,0.9995887
-0.01535232,-0.02800438,0.0004300971,0.9994898
-0.01534851,-0.03578321,0.0005495811,0.9992416
-0.01534619,-0.03977631,0.0006109158,0.9990906
-0.01534356,-0.04385697,0.0006735954,0.9989198
-0.01534063,-0.04800639,0.000737331,0.998729
-0.01533738,-0.05222458,0.0008021231,0.9985173
-0.01532986,-0.06086586,0.0009348546,0.9980278
-0.01532557,-0.06528849,0.001002787,0.9977483
-0.0153209,-0.06977968,0.001071772,0.9974442
-0.01531584,-0.07433831,0.001141794,0.9971148
-0.01531035,-0.07898404,0.001213153,0.9967576
-0.0152981,-0.08847749,0.001358974,0.9959598
-0.0152913,-0.09332514,0.001433434,0.9955173
-0.01528404,-0.09823962,0.001508922,0.9950443
-0.01527626,-0.1032405,0.001585735,0.9945379
-0.01526798,-0.1083062,0.001663545,0.9939989
-0.01524985,-0.1186395,0.001822268,0.9928187
-0.01523997,-0.1239051,0.001903147,0.9921753
-0.01522952,-0.1292357,0.001985026,0.991495
-0.01521845,-0.1346504,0.002068198,0.9907742
-0.01520677,-0.1401283,0.002152339,0.9900143
-0.01518154,-0.1512802,0.002323633,0.9883716
-0.01516795,-0.156952,0.002410753,0.9874868
-0.01515369,-0.1626869,0.002498842,0.9865583
-0.01513869,-0.1685042,0.002588196,0.9855813
-0.01512297,-0.1743827,0.002678492,0.9845582
-0.01508932,-0.1863284,0.00286198,0.9823675
-0.01507135,-0.1923935,0.00295514,0.9811977
-0.01505259,-0.1985209,0.003049258,0.9799764
-0.01503297,-0.2047246,0.003144547,0.9786991
-0.01501252,-0.2109895,0.003240777,0.9773677
-0.01496906,-0.2236951,0.003435937,0.9745381
-0.01494601,-0.2301355,0.003534864,0.9730374
-0.01492198,-0.2366528,0.003634969,0.9714729
-0.01489703,-0.2432251,0.003735922,0.9698483
-0.01487112,-0.2498535,0.003837735,0.9681618
-0.01481638,-0.2632782,0.00404394,0.9645977
-0.0147875,-0.2700719,0.004148292,0.9627177
-0.01475751,-0.2769377,0.004253752,0.9607652
-0.01472646,-0.2838561,0.00436002,0.9587439
-0.01469434,-0.2908261,0.004467081,0.9566527
-0.01462679,-0.3049178,0.00468353,0.9522548
-0.01459132,-0.3120377,0.004792893,0.9499456
-0.0145546,-0.3192244,0.004903282,0.9475548
-0.01451669,-0.3264589,0.005014406,0.9450867
-0.01447758,-0.3337393,0.005126234,0.9425403
-0.01439565,-0.3484365,0.005351984,0.9372066
-0.01435279,-0.3558507,0.005465867,0.9344167
-0.01430854,-0.3633253,0.00558068,0.9315358
-0.01426298,-0.3708409,0.005696121,0.9285694
-0.01422842,-0.3764254,0.0057819,0.9263197
-0.01419499,-0.3817387,0.005863513,0.9241427
-0.01419499,-0.3817387,0.005863513,0.9241427
-0.01419499,-0.3817387,0.005863513,0.9241427
-0.01419499,-0.3817387,0.005863513,0.9241427
-0.01419499,-0.3817387,0.005863513,0.9241427
-0.01419499,-0.3817387,0.005863513,0.9241427
-0.01419499,-0.3817387,0.005863513,0.9241427
-0.01419499,-0.3817387,0.005863513,0.9241427
-0.01419499,-0.3817387,0.005863513,0.9241427
-0.01419499,-0.3817387,0.005863513,0.9241427
-0.01419499,-0.3817387,0.005863513,0.9241427
-0.01419499,-0.3817387,0.005863513,0.9241427
-0.01419539,-0.381675,0.005862534,0.924169
-0.0141962,-0.3815468,0.005860565,0.9242219
-0.01419742,-0.3813545,0.005857611,0.9243013
-0.01420108,-0.380777,0.005848741,0.9245394
-0.01420362,-0.380375,0.005842566,0.9247048
-0.01420657,-0.3799076,0.005835387,0.924897
-0.01420992,-0.3793759,0.00582722,0.9251152
-0.01421368,-0.3787796,0.005818061,0.9253595
-0.01422237,-0.3773942,0.005796781,0.9259254
-0.01422742,-0.3765865,0.005784373,0.9262542
-0.01423286,-0.3757135,0.005770965,0.9266086
-0.01423869,-0.3747764,0.00575657,0.9269881
-0.0142449,-0.3737751,0.005741191,0.9273922
-0.01425846,-0.3715767,0.005707423,0.9282753
-0.01426592,-0.3703615,0.005688757,0.9287607
-0.01427375,-0.3690813,0.005669092,0.9292703
-0.01428194,-0.3677357,0.005648424,0.9298036
-0.01429049,-0.3663247,0.005626751,0.9303604
-0.01430866,-0.363306,0.005580383,0.9315433
-0.01431838,-0.3616799,0.005555407,0.9321758
-0.01432844,-0.3599877,0.005529414,0.9328306
-0.01433882,-0.3582305,0.005502424,0.9335068
-0.01434954,-0.356407,0.005474413,0.9342046
-0.01436058,-0.3545167,0.005445379,0.9349235
-0.01438383,-0.3504999,0.00538368,0.9364368
-0.01439591,-0.3483913,0.005351292,0.9372234
-0.01440829,-0.3462152,0.005317866,0.9380295
-0.01442096,-0.343973,0.005283426,0.938854
-0.0144339,-0.3416632,0.005247947,0.939697
-0.01446082,-0.3368047,0.00517332,0.9414492
-0.01447466,-0.3342752,0.005134466,0.9423504
-0.01448876,-0.3316765,0.005094549,0.9432682
-0.0145031,-0.3290098,0.005053589,0.9442016
-0.01453246,-0.3234712,0.004968514,0.9461135
-0.01454757,-0.3205797,0.004924101,0.947097
-0.01456288,-0.3176202,0.004878643,0.9480937
-0.01457838,-0.3145915,0.004832122,0.9491029
-0.01459406,-0.3114943,0.004784547,0.950124
-0.01462594,-0.3050905,0.004686184,0.9521996
-0.01464221,-0.3017654,0.00463511,0.9532586
-0.01465861,-0.29837,0.004582956,0.9543267
-0.01467515,-0.2949055,0.00452974,0.955403
-0.0146918,-0.2913699,0.004475433,0.9564872
-0.01472541,-0.284087,0.004363566,0.9586755
-0.01474243,-0.2803203,0.00430571,0.9597837
-0.01475952,-0.2764831,0.004246769,0.9608961
-0.01477666,-0.2725744,0.004186731,0.9620121
-0.01479384,-0.2685954,0.004125613,0.9631307
-0.01482829,-0.2604211,0.004000055,0.965373
-0.0148456,-0.2562073,0.003935329,0.9664999
-0.01486289,-0.2519208,0.003869489,0.967626
-0.01488016,-0.2475622,0.00380254,0.9687503
-0.01489739,-0.2431317,0.003734487,0.9698718
-0.01490656,-0.2407368,0.0036977,0.970469
-0.01490656,-0.2407368,0.0036977,0.970469
-0.01490656,-0.2407368,0.0036977,0.970469
-0.01490656,-0.2407368,0.0036977,0.970469
-0.01490656,-0.2407368,0.0036977,0.970469
-0.01490656,-0.2407368,0.0036977,0.970469
-0.01490656,-0.2407368,0.0036977,0.970469
-0.01490656,-0.2407368,0.0036977,0.970469
-0.01490656,-0.2407368,0.0036977,0.970469
-0.01490656,-0.2407368,0.0036977,0.970469
-0.01490656,-0.2407368,0.0036977,0.970469
-0.01490656,-0.2407368,0.0036977,0.970469
-0.01490656,-0.2407368,0.0036977,0.970469
-0.01490656,-0.2407368,0.0036977,0.970469
-0.01490656,-0.2407368,0.0036977,0.970469
-0.01490656,-0.2407368,0.0036977,0.970469
-0.01490656,-0.2407368,0.0036977,0.970469
-0.01490656,-0.2407368,0.0036977,0.970469
-0.01490656,-0.2407368,0.0036977,0.970469
-0.01490656,-0.2407368,0.0036977,0.970469
-0.01490656,-0.2407368,0.0036977,0.970469
-0.01490656,-0.2407368,0.0036977,0.970469
-0.01490656,-0.2407368,0.0036977,0.970469
-0.01490656,-0.2407368,0.0036977,0.970469
-0.01490656,-0.2407368,0.0036977,0.970469
-0.01490656,-0.2407368,0.0036977,0.970469
-0.01490656,-0.2407368,0.0036977,0.970469
-0.01490656,-0.2407368,0.0036977,0.970469
-0.01490656,-0.2407368,0.0036977,0.970469
-0.01490656,-0.2407368,0.0036977,0.970469
-0.01490656,-0.2407368,0.0036977,0.970469
-0.01490656,-0.2407368,0.0036977,0.970469
-0.01490656,-0.2407368,0.0036977,0.970469
-0.01490656,-0.2407368,0.0036977,0.970469
-0.01490656,-0.2407368,0.0036977,0.970469
-0.01490656,-0.2407368,0.0036977,0.970469
-0.01490656,-0.2407368,0.0036977,0.970469
-0.01490656,-0.2407368,0.0036977,0.970469
-0.01490656,-0.2407368,0.0036977,0.970469
-0.01490656,-0.2407368,0.0036977,0.970469
-0.01490656,-0.2407368,0.0036977,0.970469
-0.01490656,-0.2407368,0.0036977,0.970469
-0.01490656,-0.2407368,0.0036977,0.970469
-0.01490656,-0.2407368,0.0036977,0.970469
-0.01490656,-0.2407368,0.0036977,0.970469
-0.01490656,-0.2407368,0.0036977,0.970469
-0.01490656,-0.2407368,0.0036977,0.970469
-0.01490656,-0.2407368,0.0036977,0.970469
-0.01490656,-0.2407368,0.0036977,0.970469
-0.01490656,-0.2407368,0.0036977,0.970469
-0.01490656,-0.2407368,0.0036977,0.970469
-0.01490656,-0.2407368,0.0036977,0.970469
-0.01490656,-0.2407368,0.0036977,0.970469
-0.01490656,-0.2407368,0.0036977,0.970469
-0.01490656,-0.2407368,0.0036977,0.970469
-0.01490656,-0.2407368,0.0036977,0.970469
-0.01490656,-0.2407368,0.0036977,0.970469
-0.01490656,-0.2407368,0.0036977,0.970469
-0.01490656,-0.2407368,0.0036977,0.970469
-0.01490656,-0.2407368,0.0036977,0.970469
-0.01490656,-0.2407368,0.0036977,0.970469
-0.01490656,-0.2407368,0.0036977,0.970469
-0.01490656,-0.2407368,0.0036977,0.970469
-0.01490656,-0.2407368,0.0036977,0.970469
-0.01490656,-0.2407368,0.0036977,0.970469
-0.01490656,-0.2407368,0.0036977,0.970469
-0.01490656,-0.2407368,0.0036977,0.970469
-0.01490656,-0.2407368,0.0036977,0.970469
-0.01490656,-0.2407368,0.0036977,0.970469
-0.01490656,-0.2407368,0.0036977,0.970469
-0.01490656,-0.2407368,0.0036977,0.970469
-0.01490656,-0.2407368,0.0036977,0.970469
-0.01490656,-0.2407368,0.0036977,0.970469
-0.01490656,-0.2407368,0.0036977,0.970469
-0.01490656,-0.2407368,0.0036977,0.970469
-0.01490656,-0.2407368,0.0036977,0.970469
-0.01490656,-0.2407368,0.0036977,0.970469
-0.01490656,-0.2407368,0.0036977,0.970469
-0.01490656,-0.2407368,0.0036977,0.970469
-0.01490656,-0.2407368,0.0036977,0.970469
-0.01490656,-0.2407368,0.0036977,0.970469
-0.01490656,-0.2407368,0.0036977,0.970469
-0.01490656,-0.2407368,0.0036977,0.970469
-0.01490656,-0.2407368,0.0036977,0.970469
-0.01490656,-0.2407368,0.0036977,0.970469
-0.01490656,-0.2407368,0.0036977,0.970469
-0.01490656,-0.2407368,0.0036977,0.970469
-0.01490656,-0.2407368,0.0036977,0.970469
-0.01490656,-0.2407368,0.0036977,0.970469
-0.01490656,-0.2407368,0.0036977,0.970469
-0.01490656,-0.2407368,0.0036977,0.970469
-0.01490656,-0.2407368,0.0036977,0.970469
-0.01490656,-0.2407368,0.0036977,0.970469
-0.01490656,-0.2407368,0.0036977,0.970469
-0.01490656,-0.2407368,0.0036977,0.970469
-0.01490656,-0.2407368,0.0036977,0.970469
-0.01490656,-0.2407368,0.0036977,0.970469
-0.01490656,-0.2407368,0.0036977,0.970469
-0.01490656,-0.2407368,0.0036977,0.970469
-0.01490656,-0.2407368,0.0036977,0.970469
-0.01490656,-0.2407368,0.0036977,0.970469
-0.01490656,-0.2407368,0.0036977,0.970469
-0.01490656,-0.2407368,0.0036977,0.970469
-0.01490656,-0.2407368,0.0036977,0.970469
-0.01490656,-0.2407368,0.0036977,0.970469
-0.01490656,-0.2407368,0.0036977,0.970469
-0.01490656,-0.2407368,0.0036977,0.970469
-0.01490656,-0.2407368,0.0036977,0.970469
-0.01490656,-0.2407368,0.0036977,0.970469
-0.01490656,-0.2407368,0.0036977,0.970469
-0.01490656,-0.2407368,0.0036977,0.970469
-0.01490656,-0.2407368,0.0036977,0.970469
-0.01490656,-0.2407368,0.0036977,0.970469
-0.01490656,-0.2407368,0.0036977,0.970469
-0.01490656,-0.2407368,0.0036977,0.970469
-0.01490656,-0.2407368,0.0036977,0.970469
-0.01490656,-0.2407368,0.0036977,0.970469
-0.01490656,-0.2407368,0.0036977,0.970469
-0.01490656,-0.2407368,0.0036977,0.970469
-0.01490656,-0.2407368,0.0036977,0.970469
-0.01490656,-0.2407368,0.0036977,0.970469
-0.01490656,-0.2407368,0.0036977,0.970469
-0.01490656,-0.2407368,0.0036977,0.970469
-0.01490656,-0.2407368,0.0036977,0.970469
-0.01490656,-0.2407368,0.0036977,0.970469
-0.01490656,-0.2407368,0.0036977,0.970469
-0.01490656,-0.2407368,0.0036977,0.970469
-0.01490656,-0.2407368,0.0036977,0.970469
-0.01490656,-0.2407368,0.0036977,0.970469
-0.01490656,-0.2407368,0.0036977,0.970469
-0.01490656,-0.2407368,0.0036977,0.970469
-0.01490656,-0.2407368,0.0036977,0.970469
-0.01490656,-0.2407368,0.0036977,0.970469
-0.01490656,-0.2407368,0.0036977,0.970469
-0.01490656,-0.2407368,0.0036977,0.970469
-0.01490656,-0.2407368,0.0036977,0.970469
-0.01490656,-0.2407368,0.0036977,0.970469
-0.01490656,-0.2407368,0.0036977,0.970469
-0.01490656,-0.2407368,0.0036977,0.970469
-0.01490631,-0.2408036,0.003698726,0.9704524
-0.01490579,-0.2409384,0.003700797,0.9704189
-0.01490399,-0.2414097,0.003708036,0.9703017
-0.0149027,-0.2417463,0.003713205,0.9702179
-0.01490108,-0.2421693,0.003719703,0.9701124
-0.0148992,-0.24266,0.003727241,0.9699898
-0.01489706,-0.2432172,0.0037358,0.9698502
-0.01489197,-0.2445339,0.003756024,0.9695191
-0.01488902,-0.2452933,0.003767688,0.9693273
-0.01488573,-0.2461391,0.003780681,0.9691129
-0.01488217,-0.2470508,0.003794684,0.9688809
-0.01487832,-0.2480309,0.003809738,0.9686304
-0.01486979,-0.2501902,0.003842906,0.9680749
-0.01486509,-0.2513703,0.003861033,0.9677691
-0.01486003,-0.2526367,0.003880485,0.9674393
-0.01485466,-0.25397,0.003900964,0.9670901
-0.014849,-0.2553689,0.003922451,0.9667217
-0.01483676,-0.2583677,0.003968513,0.9659246
-0.01483009,-0.2599855,0.003993364,0.9654904
-0.0148231,-0.2616698,0.004019234,0.9650353
-0.01481579,-0.2634205,0.004046124,0.9645589
-0.01480814,-0.265237,0.004074027,0.964061
-0.01479183,-0.2690674,0.004132862,0.9629989
-0.01478315,-0.2710815,0.004163799,0.9624339
-0.01477404,-0.2731783,0.004196006,0.9618408
-0.01476456,-0.2753426,0.004229251,0.9612235
-0.0147547,-0.2775719,0.004263492,0.9605821
-0.01473386,-0.282226,0.004334981,0.9592251
-0.01472285,-0.2846503,0.004372218,0.9585084
-0.01471136,-0.2871583,0.004410741,0.9577601
-0.01469945,-0.2897307,0.004450254,0.9569851
-0.01468713,-0.292367,0.004490747,0.956183
-0.0146612,-0.297832,0.004574691,0.9544947
-0.01464757,-0.3006608,0.004618142,0.9536075
-0.0146334,-0.3035713,0.004662849,0.952685
-0.01461877,-0.3065452,0.004708527,0.9517323
-0.01460366,-0.3095817,0.004755169,0.9507488
-0.01457199,-0.3158435,0.004851351,0.948687
-0.01455531,-0.3190865,0.004901163,0.9476012
-0.01453812,-0.3223917,0.004951933,0.9464818
-0.0145204,-0.3257585,0.005003646,0.9453283
-0.01450215,-0.3291872,0.005056313,0.9441398
-0.014464,-0.3362266,0.005164439,0.9416559
-0.01444397,-0.3398557,0.005220182,0.9403522
-0.01442336,-0.3435455,0.005276857,0.9390105
-0.01440216,-0.3472946,0.005334445,0.9376304
-0.01438036,-0.351103,0.005392943,0.9362109
-0.01433489,-0.3588971,0.00551266,0.9332508
-0.01431109,-0.3629004,0.005574152,0.9317014
-0.01428665,-0.3669601,0.00563651,0.9301099
-0.01426152,-0.371079,0.005699777,0.9284743
-0.01423572,-0.3752543,0.005763911,0.9267946
-0.01420923,-0.3794867,0.005828921,0.9250697
-0.01415388,-0.3881541,0.005962054,0.9214665
-0.01412511,-0.3925716,0.006029908,0.9195932
-0.01409559,-0.3970437,0.006098599,0.9176713
-0.0140653,-0.4015701,0.006168124,0.9156995
-0.01403424,-0.4061502,0.006238476,0.9136773
-0.01396949,-0.4155034,0.006382143,0.909462
-0.01393589,-0.4202587,0.006455186,0.9072744
-0.01390145,-0.4250656,0.006529022,0.9050322
-0.01386616,-0.4299233,0.006603635,0.9027348
-0.01379299,-0.4397875,0.006755152,0.8979706
-0.01375493,-0.4448109,0.006832312,0.8954929
-0.01371596,-0.4498825,0.006910212,0.8929557
-0.01367607,-0.4550009,0.006988832,0.8903586
-0.01363523,-0.4601662,0.007068172,0.8877
-0.01359344,-0.4653776,0.007148219,0.8849791
-0.01350664,-0.4759689,0.007310905,0.879328
-0.01346174,-0.4813303,0.007393256,0.8764048
-0.01341582,-0.4867337,0.007476253,0.8734154
-0.01336886,-0.4921798,0.007559906,0.8703581
-0.01332084,-0.4976675,0.007644198,0.8672319
-0.01322129,-0.5087942,0.007815108,0.8607512
-0.01316987,-0.5144156,0.007901453,0.8574035
-0.01311733,-0.5200746,0.007988377,0.8539828
-0.01306366,-0.5257693,0.008075848,0.8504886
-0.01300883,-0.5315,0.008163873,0.8469191
-0.01289534,-0.5430959,0.008341989,0.8395302
-0.0128368,-0.5489426,0.008431795,0.8357189
-0.01277704,-0.5548202,0.008522075,0.8318285
-0.01271605,-0.5607279,0.008612818,0.8278577
-0.01265381,-0.5666642,0.008704001,0.8238057
-0.01252517,-0.578651,0.008888119,0.8154307
-0.01245891,-0.5846823,0.008980762,0.811117
-0.01239134,-0.5907369,0.009073762,0.8067181
-0.01232244,-0.596815,0.009167123,0.802232
-0.01225218,-0.6029141,0.009260806,0.7976583
-0.01210721,-0.6152021,0.009449552,0.7882199
-0.01203263,-0.6213728,0.009544334,0.7833646
-0.01195664,-0.627559,0.009639356,0.7784176
-0.01187923,-0.6337593,0.009734594,0.7733779
-0.01180038,-0.6399729,0.009830035,0.7682441
-0.0116379,-0.6524619,0.01002187,0.7576659
-0.01155443,-0.6587196,0.01011799,0.7522318
-0.01146946,-0.6649833,0.0102142,0.7467003
-0.01138297,-0.6712528,0.0103105,0.7410694
-0.01129474,-0.6775401,0.01040707,0.7353255
-0.01111364,-0.6901173,0.01060026,0.7235346
-0.01102073,-0.6964038,0.01069682,0.7174859
-0.01092623,-0.702687,0.01079333,0.7113335
-0.01083013,-0.7089643,0.01088976,0.7050771
-0.0107322,-0.7152486,0.01098629,0.6987014
-0.01053146,-0.7277859,0.01117886,0.6856323
-0.0104286,-0.7340367,0.01127487,0.6789361
-0.01032408,-0.7402728,0.01137066,0.6721312
-0.01021766,-0.7465047,0.01146638,0.665203
-0.01010954,-0.7527177,0.01156182,0.6581643
-0.009888219,-0.7650773,0.01175166,0.6437553
-0.009774976,-0.7712206,0.01184603,0.6363828
-0.009660004,-0.7773363,0.01193997,0.6288977
-0.009543297,-0.7834226,0.01203345,0.6212996
-0.009424602,-0.7894893,0.01212664,0.6135722
-0.009181944,-0.8015174,0.01231139,0.5977743
-0.009057951,-0.807475,0.0124029,0.5897019
-0.008932178,-0.8133917,0.01249379,0.5815136
-0.008804374,-0.8192765,0.01258418,0.5731931
-0.008674794,-0.8251144,0.01267385,0.5647569
-0.008410191,-0.8366449,0.01285096,0.5475302
-0.008275179,-0.8423318,0.01293831,0.5387405
-0.008138358,-0.847963,0.01302481,0.5298329
-0.007999721,-0.8535361,0.01311041,0.5208071
-0.007859007,-0.859059,0.01319524,0.5116462
-0.007572124,-0.8699113,0.01336194,0.492969
-0.007425944,-0.875236,0.01344373,0.4834522
-0.007277941,-0.8804895,0.01352442,0.4738167
-0.007128116,-0.8856693,0.01360399,0.4640625
-0.006976207,-0.8907813,0.01368251,0.4541727
-0.006666938,-0.9007636,0.01383584,0.4340381
-0.006509574,-0.9056289,0.01391057,0.4237931
-0.006350404,-0.9104061,0.01398395,0.4134306
-0.006189434,-0.9150927,0.01405594,0.4029509
-0.006026385,-0.9196938,0.01412661,0.3923358
-0.005694928,-0.9286031,0.01426346,0.3707567
-0.005526525,-0.9329057,0.01432955,0.3597931
-0.00535636,-0.9371031,0.01439402,0.3487148
-0.005184437,-0.9411924,0.01445684,0.3375219
-0.005010477,-0.9451773,0.01451805,0.3261965
-0.004657392,-0.9528002,0.01463514,0.3032094
-0.004478276,-0.9564328,0.01469093,0.2915483
-0.004297466,-0.9599422,0.01474484,0.2797769
-0.004114689,-0.9633306,0.01479689,0.2678775
-0.003930253,-0.9665893,0.01484694,0.25587
-0.003652539,-0.9711952,0.01491769,0.2377899
-0.003560019,-0.9726502,0.01494004,0.2317665
-0.003498574,-0.9735947,0.01495455,0.2277662
-0.003468134,-0.9740562,0.01496164,0.2257845
-0.003468134,-0.9740562,0.01496164,0.2257845
-0.003468134,-0.9740562,0.01496164,0.2257845
-0.003468134,-0.9740562,0.01496164,0.2257845
-0.003468134,-0.9740562,0.01496164,0.2257845
-0.003468134,-0.9740562,0.01496164,0.2257845
-0.003468134,-0.9740562,0.01496164,0.2257845
-0.003468134,-0.9740562,0.01496164,0.2257845
-0.003468134,-0.9740562,0.01496164,0.2257845
-0.003468134,-0.9740562,0.01496164,0.2257845
-0.003468134,-0.9740562,0.01496164,0.2257845
-0.003468134,-0.9740562,0.01496164,0.2257845
-0.003468134,-0.9740562,0.01496164,0.2257845
-0.003468134,-0.9740562,0.01496164,0.2257845
-0.003468134,-0.9740562,0.01496164,0.2257845
-0.003468134,-0.9740562,0.01496164,0.2257845
-0.003468134,-0.9740562,0.01496164,0.2257845
-0.003468134,-0.9740562,0.01496164,0.2257845
-0.003468134,-0.9740562,0.01496164,0.2257845
-0.003468134,-0.9740562,0.01496164,0.2257845
-0.003468134,-0.9740562,0.01496164,0.2257845
-0.003468134,-0.9740562,0.01496164,0.2257845
-0.003468134,-0.9740562,0.01496164,0.2257845
-0.003468134,-0.9740562,0.01496164,0.2257845
-0.003468134,-0.9740562,0.01496164,0.2257845
-0.003468134,-0.9740562,0.01496164,0.2257845
-0.003468134,-0.9740562,0.01496164,0.2257845
-0.003468134,-0.9740562,0.01496164,0.2257845
-0.003468134,-0.9740562,0.01496164,0.2257845
-0.003468134,-0.9740562,0.01496164,0.2257845
-0.003468134,-0.9740562,0.01496164,0.2257845
-0.003468134,-0.9740562,0.01496164,0.2257845
-0.003471276,-0.9740089,0.01496091,0.225989
-0.003474412,-0.9739614,0.01496018,0.2261932
-0.003478585,-0.9738983,0.01495921,0.2264649
-0.003484088,-0.9738149,0.01495793,0.2268231
-0.003490627,-0.9737157,0.0149564,0.2272488
-0.003506826,-0.9734689,0.01495261,0.2283035
-0.00351649,-0.9733211,0.01495035,0.2289326
-0.003527472,-0.9731526,0.01494776,0.2296476
-0.003539496,-0.9729676,0.01494491,0.2304304
-0.003552552,-0.9727659,0.01494182,0.2312804
-0.00358176,-0.9723119,0.01493484,0.2331819
-0.003597915,-0.972059,0.01493096,0.2342337
-0.003615107,-0.9717886,0.01492681,0.2353529
-0.003633623,-0.9714959,0.01492231,0.2365584
-0.003653172,-0.9711851,0.01491754,0.2378311
-0.00369534,-0.9705087,0.01490715,0.2405764
-0.003717971,-0.9701423,0.01490152,0.2420498
-0.003741923,-0.9697519,0.01489552,0.2436091
-0.003766879,-0.9693423,0.01488923,0.2452338
-0.003792874,-0.9689126,0.01488263,0.2469262
-0.003847927,-0.9679921,0.01486849,0.2505104
-0.003876986,-0.9675006,0.01486094,0.2524022
-0.003907065,-0.9669876,0.01485306,0.2543605
-0.003938445,-0.9664478,0.01484477,0.2564034
-0.003970827,-0.9658861,0.01483614,0.2585117
-0.004038633,-0.9646937,0.01481783,0.2629261
-0.00407405,-0.9640624,0.01480813,0.2652318
-0.004110758,-0.9634017,0.01479798,0.2676216
-0.004148475,-0.9627162,0.01478745,0.2700772
-0.004187191,-0.9620056,0.01477653,0.2725977
-0.004267599,-0.9605067,0.01475351,0.2778326
-0.004309292,-0.9597174,0.01474139,0.280547
-0.004352267,-0.9588951,0.01472876,0.2833448
-0.004396216,-0.958045,0.0147157,0.286206
-0.004409641,-0.9577835,0.01471168,0.2870801
-0.004409641,-0.9577835,0.01471168,0.2870801
-0.004409641,-0.9577835,0.01471168,0.2870801
-0.004409641,-0.9577835,0.01471168,0.2870801
-0.004409641,-0.9577835,0.01471168,0.2870801
-0.004409641,-0.9577835,0.01471168,0.2870801
-0.004409641,-0.9577835,0.01471168,0.2870801
-0.004409641,-0.9577835,0.01471168,0.2870801
-0.004409641,-0.9577835,0.01471168,0.2870801
-0.004409641,-0.9577835,0.01471168,0.2870801
-0.004409641,-0.9577835,0.01471168,0.2870801
-0.004409641,-0.9577835,0.01471168,0.2870801
-0.004409641,-0.9577835,0.01471168,0.2870801
-0.004409641,-0.9577835,0.01471168,0.2870801
-0.004409641,-0.9577835,0.01471168,0.2870801
-0.004409641,-0.9577835,0.01471168,0.2870801
-0.004409641,-0.9577835,0.01471168,0.2870801
-0.004409641,-0.9577835,0.01471168,0.2870801
-0.004409641,-0.9577835,0.01471168,0.2870801
-0.004409641,-0.9577835,0.01471168,0.2870801
-0.004409641,-0.9577835,0.01471168,0.2870801
-0.004409641,-0.9577835,0.01471168,0.2870801
-0.004409641,-0.9577835,0.01471168,0.2870801
-0.004409641,-0.9577835,0.01471168,0.2870801
-0.004409641,-0.9577835,0.01471168,0.2870801
-0.004409641,-0.9577835,0.01471168,0.2870801
-0.004409641,-0.9577835,0.01471168,0.2870801
-0.004409641,-0.9577835,0.01471168,0.2870801
-0.004409641,-0.9577835,0.01471168,0.2870801
-0.004409641,-0.9577835,0.01471168,0.2870801
-0.004409641,-0.9577835,0.01471168,0.2870801
-0.004409641,-0.9577835,0.01471168,0.2870801
-0.004409641,-0.9577835,0.01471168,0.2870801
-0.004409641,-0.9577835,0.01471168,0.2870801
-0.004409641,-0.9577835,0.01471168,0.2870801
-0.004409641,-0.9577835,0.01471168,0.2870801
-0.004409641,-0.9577835,0.01471168,0.2870801
-0.004409641,-0.9577835,0.01471168,0.2870801
-0.004409641,-0.9577835,0.01471168,0.2870801
-0.004409641,-0.9577835,0.01471168,0.2870801
-0.004409641,-0.9577835,0.01471168,0.2870801
-0.004409641,-0.9577835,0.01471168,0.2870801
-0.004409641,-0.9577835,0.01471168,0.2870801
-0.004409641,-0.9577835,0.01471168,0.2870801
-0.004409641,-0.9577835,0.01471168,0.2870801
-0.004409641,-0.9577835,0.01471168,0.2870801
-0.004409641,-0.9577835,0.01471168,0.2870801
-0.004409641,-0.9577835,0.01471168,0.2870801
-0.004409641,-0.9577835,0.01471168,0.2870801
-0.004409641,-0.9577835,0.01471168,0.2870801
-0.004409641,-0.9577835,0.01471168,0.2870801
-0.004409641,-0.9577835,0.01471168,0.2870801
-0.004409641,-0.9577835,0.01471168,0.2870801
-0.004409641,-0.9577835,0.01471168,0.2870801
-0.004409641,-0.9577835,0.01471168,0.2870801
-0.004409641,-0.9577835,0.01471168,0.2870801
-0.004409641,-0.9577835,0.01471168,0.2870801
-0.004409641,-0.9577835,0.01471168,0.2870801
-0.004409641,-0.9577835,0.01471168,0.2870801
-0.004409641,-0.9577835,0.01471168,0.2870801
-0.004409641,-0.9577835,0.01471168,0.2870801
-0.004409641,-0.9577835,0.01471168,0.2870801
-0.004409641,-0.9577835,0.01471168,0.2870801
-0.004409641,-0.9577835,0.01471168,0.2870801
-0.004409641,-0.9577835,0.01471168,0.2870801
-0.004409641,-0.9577835,0.01471168,0.2870801
-0.004409641,-0.9577835,0.01471168,0.2870801
-0.004409641,-0.9577835,0.01471168,0.2870801
-0.004409641,-0.9577835,0.01471168,0.2870801
-0.004409641,-0.9577835,0.01471168,0.2870801
-0.004409641,-0.9577835,0.01471168,0.2870801
-0.004409641,-0.9577835,0.01471168,0.2870801
-0.004409641,-0.9577835,0.01471168,0.2870801
-0.004409641,-0.9577835,0.01471168,0.2870801
-0.004409641,-0.9577835,0.01471168,0.2870801
-0.004409641,-0.9577835,0.01471168,0.2870801
-0.004409641,-0.9577835,0.01471168,0.2870801
-0.004409641,-0.9577835,0.01471168,0.2870801
-0.004409641,-0.9577835,0.01471168,0.2870801
-0.004409641,-0.9577835,0.01471168,0.2870801
-0.004409641,-0.9577835,0.01471168,0.2870801
-0.004409641,-0.9577835,0.01471168,0.2870801
-0.004409641,-0.9577835,0.01471168,0.2870801
-0.004409641,-0.9577835,0.01471168,0.2870801
-0.004409641,-0.9577835,0.01471168,0.2870801
-0.004409641,-0.9577835,0.01471168,0.2870801
-0.004409641,-0.9577835,0.01471168,0.2870801
-0.004409641,-0.9577835,0.01471168,0.2870801
-0.004409641,-0.9577835,0.01471168,0.2870801
-0.004409641,-0.9577835,0.01471168,0.2870801
-0.004409641,-0.9577835,0.01471168,0.2870801
-0.004409641,-0.9577835,0.01471168,0.2870801
-0.004409641,-0.9577835,0.01471168,0.2870801
-0.004409641,-0.9577835,0.01471168,0.2870801
-0.004409641,-0.9577835,0.01471168,0.2870801
-0.004409641,-0.9577835,0.01471168,0.2870801
-0.004409641,-0.9577835,0.01471168,0.2870801
-0.004409641,-0.9577835,0.01471168,0.2870801
-0.004409641,-0.9577835,0.01471168,0.2870801
-0.004409641,-0.9577835,0.01471168,0.2870801
-0.004409641,-0.9577835,0.01471168,0.2870801
-0.004409641,-0.9577835,0.01471168,0.2870801
-0.004409641,-0.9577835,0.01471168,0.2870801
-0.004409641,-0.9577835,0.01471168,0.2870801
-0.004409641,-0.9577835,0.01471168,0.2870801
-0.004409641,-0.9577835,0.01471168,0.2870801
-0.004409641,-0.9577835,0.01471168,0.2870801
-0.004409641,-0.9577835,0.01471168,0.2870801
-0.004409641,-0.9577835,0.01471168,0.2870801
-0.004409641,-0.9577835,0.01471168,0.2870801
-0.004409641,-0.9577835,0.01471168,0.2870801
-0.004409641,-0.9577835,0.01471168,0.2870801
-0.004409641,-0.9577835,0.01471168,0.2870801
-0.004409641,-0.9577835,0.01471168,0.2870801
-0.004409641,-0.9577835,0.01471168,0.2870801
-0.004409641,-0.9577835,0.01471168,0.2870801
-0.004409641,-0.9577835,0.01471168,0.2870801
-0.004412719,-0.9577234,0.01471076,0.2872804
-0.004415791,-0.9576635,0.01470984,0.2874804
-0.004419871,-0.9575835,0.01470861,0.2877461
-0.004425269,-0.9574779,0.01470699,0.2880975
-0.004431658,-0.9573527,0.01470507,0.2885135
-0.004447551,-0.9570402,0.01470026,0.2895482
-0.00445703,-0.9568533,0.01469739,0.2901652
-0.004467527,-0.9566458,0.01469421,0.2908487
-0.004479038,-0.9564177,0.0146907,0.2915981
-0.004491859,-0.9561627,0.01468679,0.2924328
-0.00452053,-0.9555899,0.01467799,0.2942993
-0.004536398,-0.9552711,0.01467309,0.2953324
-0.004553271,-0.9549308,0.01466786,0.2964309
-0.004571454,-0.9545625,0.01466221,0.2976147
-0.004590645,-0.9541721,0.01465621,0.2988641
-0.004632047,-0.9533237,0.01464318,0.3015596
-0.004654257,-0.9528651,0.01463613,0.3030055
-0.004677474,-0.9523832,0.01462873,0.304517
-0.004701984,-0.9518715,0.01462087,0.3061126
-0.00472747,-0.9513363,0.01461265,0.3077719
-0.004781485,-0.9501914,0.01459506,0.3112884
-0.004809996,-0.9495813,0.01458569,0.3131446
-0.004839488,-0.9489459,0.01457593,0.3150646
-0.004869977,-0.9482846,0.01456578,0.3170496
-0.004901722,-0.9475911,0.01455512,0.3191163
-0.004968193,-0.9461228,0.01453257,0.3234438
-0.005002915,-0.945347,0.01452065,0.3257044
-0.005038613,-0.9445431,0.0145083,0.3280284
-0.005075564,-0.9437042,0.01449542,0.330434
-0.005113498,-0.9428358,0.01448208,0.3329037
-0.005192254,-0.9410097,0.01445403,0.338031
-0.00523308,-0.9400507,0.0144393,0.3406889
-0.005274866,-0.9390603,0.01442409,0.3434094
-0.00531789,-0.9380312,0.01440828,0.3462104
-0.00536187,-0.9369695,0.01439197,0.3490736
-0.005452656,-0.9347462,0.01435782,0.3549841
-0.005499467,-0.9335831,0.01433996,0.3580317
-0.005547498,-0.9323779,0.01432145,0.3611587
-0.005596461,-0.9311369,0.01430238,0.3643464
-0.005646345,-0.9298596,0.01428276,0.367594
-0.005748872,-0.927193,0.0142418,0.3742689
-0.005801502,-0.9258026,0.01422045,0.3776952
-0.005855319,-0.9243655,0.01419837,0.3811989
-0.005910038,-0.9228883,0.01417568,0.3847613
-0.005965638,-0.9213709,0.01415238,0.3883811
-0.006079531,-0.9182101,0.01410382,0.395796
-0.006137799,-0.9165655,0.01407856,0.3995894
-0.006196934,-0.9148775,0.01405264,0.4034393
-0.006257211,-0.913137,0.0140259,0.4073636
-0.006318342,-0.911351,0.01399847,0.4113434
-0.006443139,-0.9076401,0.01394147,0.4194682
-0.006506803,-0.9057131,0.01391187,0.423613
-0.006571295,-0.9037375,0.01388152,0.4278116
-0.006636879,-0.9017039,0.01385028,0.4320814
-0.006703265,-0.89962,0.01381827,0.4364033
-0.006838451,-0.8952972,0.01375187,0.4452045
-0.006907494,-0.8930479,0.01371732,0.4496994
-0.006977313,-0.8907445,0.01368194,0.4542449
-0.007047899,-0.8883861,0.01364572,0.4588403
-0.007119225,-0.8859723,0.01360864,0.4634839
-0.007264147,-0.8809721,0.01353184,0.4729189
-0.00733771,-0.8783844,0.01349209,0.4777081
-0.007412001,-0.8757367,0.01345142,0.4825447
-0.007487237,-0.8730199,0.01340969,0.4874429
-0.007563168,-0.8702413,0.01336701,0.4923863
-0.007717069,-0.8644956,0.01327875,0.5024058
-0.007795034,-0.8615258,0.01323314,0.5074816
-0.007873884,-0.8584812,0.01318637,0.5126151
-0.007953367,-0.8553701,0.01313858,0.5177897
-0.008033469,-0.8521914,0.01308976,0.5230047
-0.008195471,-0.8456281,0.01298895,0.5335515
-0.008249508,-0.8433982,0.01295469,0.5370695
-0.008268734,-0.8425998,0.01294243,0.5383212
-0.008268734,-0.8425998,0.01294243,0.5383212
-0.008268734,-0.8425998,0.01294243,0.5383212
-0.008268734,-0.8425998,0.01294243,0.5383212
-0.008268734,-0.8425998,0.01294243,0.5383212
-0.008268734,-0.8425998,0.01294243,0.5383212
-0.008268734,-0.8425998,0.01294243,0.5383212
-0.008268734,-0.8425998,0.01294243,0.5383212
-0.008268734,-0.8425998,0.01294243,0.5383212
-0.008268734,-0.8425998,0.01294243,0.5383212
-0.008268734,-0.8425998,0.01294243,0.5383212
-0.008268734,-0.8425998,0.01294243,0.5383212
-0.008268734,-0.8425998,0.01294243,0.5383212
-0.008268734,-0.8425998,0.01294243,0.5383212
-0.008268734,-0.8425998,0.01294243,0.5383212
-0.008268734,-0.8425998,0.01294243,0.5383212
-0.008268734,-0.8425998,0.01294243,0.5383212
-0.008268734,-0.8425998,0.01294243,0.5383212
-0.008268734,-0.8425998,0.01294243,0.5383212
-0.008268734,-0.8425998,0.01294243,0.5383212
-0.008268734,-0.8425998,0.01294243,0.5383212
-0.008268734,-0.8425998,0.01294243,0.5383212
-0.008268734,-0.8425998,0.01294243,0.5383212
-0.008268734,-0.8425998,0.01294243,0.5383212
-0.008268734,-0.8425998,0.01294243,0.5383212
-0.008268734,-0.8425998,0.01294243,0.5383212
-0.008268734,-0.8425998,0.01294243,0.5383212
-0.008268734,-0.8425998,0.01294243,0.5383212
-0.008268734,-0.8425998,0.01294243,0.5383212
-0.008268734,-0.8425998,0.01294243,0.5383212
-0.008268734,-0.8425998,0.01294243,0.5383212
-0.008268734,-0.8425998,0.01294243,0.5383212
-0.008268734,-0.8425998,0.01294243,0.5383212
-0.008268734,-0.8425998,0.01294243,0.5383212
-0.008268734,-0.8425998,0.01294243,0.5383212
-0.008268734,-0.8425998,0.01294243,0.5383212
-0.008268734,-0.8425998,0.01294243,0.5383212
-0.008268734,-0.8425998,0.01294243,0.5383212
-0.008268734,-0.8425998,0.01294243,0.5383212
-0.008268734,-0.8425998,0.01294243,0.5383212
-0.008268734,-0.8425998,0.01294243,0.5383212
-0.008268734,-0.8425998,0.01294243,0.5383212
-0.008268734,-0.8425998,0.01294243,0.5383212
-0.008268734,-0.8425998,0.01294243,0.5383212
-0.008268734,-0.8425998,0.01294243,0.5383212
-0.008268734,-0.8425998,0.01294243,0.5383212
-0.008268734,-0.8425998,0.01294243,0.5383212
-0.008268734,-0.8425998,0.01294243,0.5383212
-0.008268734,-0.8425998,0.01294243,0.5383212
-0.008268734,-0.8425998,0.01294243,0.5383212
-0.008268734,-0.8425998,0.01294243,0.5383212
-0.008268734,-0.8425998,0.01294243,0.5383212
-0.008268734,-0.8425998,0.01294243,0.5383212
-0.008268734,-0.8425998,0.01294243,0.5383212
-0.008268734,-0.8425998,0.01294243,0.5383212
-0.008268734,-0.8425998,0.01294243,0.5383212
-0.008268734,-0.8425998,0.01294243,0.5383212
-0.008268734,-0.8425998,0.01294243,0.5383212
-0.008268734,-0.8425998,0.01294243,0.5383212
-0.008268734,-0.8425998,0.01294243,0.5383212
-0.008268734,-0.8425998,0.01294243,0.5383212
-0.008268734,-0.8425998,0.01294243,0.5383212
-0.008268734,-0.8425998,0.01294243,0.5383212
-0.008268734,-0.8425998,0.01294243,0.5383212
-0.008268734,-0.8425998,0.01294243,0.5383212
-0.008268734,-0.8425998,0.01294243,0.5383212
-0.008268734,-0.8425998,0.01294243,0.5383212
-0.008268734,-0.8425998,0.01294243,0.5383212
-0.008268734,-0.8425998,0.01294243,0.5383212
-0.008268734,-0.8425998,0.01294243,0.5383212
-0.008268734,-0.8425998,0.01294243,0.5383212
-0.008268734,-0.8425998,0.01294243,0.5383212
-0.008268734,-0.8425998,0.01294243,0.5383212
-0.008268734,-0.8425998,0.01294243,0.5383212
-0.008268734,-0.8425998,0.01294243,0.5383212
-0.008268734,-0.8425998,0.01294243,0.5383212
-0.008268734,-0.8425998,0.01294243,0.5383212
-0.008268734,-0.8425998,0.01294243,0.5383212
-0.008268734,-0.8425998,0.01294243,0.5383212
-0.008268734,-0.8425998,0.01294243,0.5383212
-0.008268734,-0.8425998,0.01294243,0.5383212
-0.008268734,-0.8425998,0.01294243,0.5383212
-0.008268734,-0.8425998,0.01294243,0.5383212
-0.008268734,-0.8425998,0.01294243,0.5383212
-0.008268734,-0.8425998,0.01294243,0.5383212
-0.008268734,-0.8425998,0.01294243,0.5383212
-0.008268734,-0.8425998,0.01294243,0.5383212
-0.008268734,-0.8425998,0.01294243,0.5383212
-0.008268734,-0.8425998,0.01294243,0.5383212
-0.008268734,-0.8425998,0.01294243,0.5383212
-0.008268734,-0.8425998,0.01294243,0.5383212
-0.008268734,-0.8425998,0.01294243,0.5383212
-0.008268734,-0.8425998,0.01294243,0.5383212
-0.008268734,-0.8425998,0.01294243,0.5383212
-0.008268734,-0.8425998,0.01294243,0.5383212
-0.008268734,-0.8425998,0.01294243,0.5383212
-0.008268734,-0.8425998,0.01294243,0.5383212
-0.008268734,-0.8425998,0.01294243,0.5383212
-0.008268734,-0.8425998,0.01294243,0.5383212
-0.008268734,-0.8425998,0.01294243,0.5383212
-0.008268734,-0.8425998,0.01294243,0.5383212
-0.008268734,-0.8425998,0.01294243,0.5383212
-0.008268734,-0.8425998,0.01294243,0.5383212
-0.008268734,-0.8425998,0.01294243,0.5383212
-0.008268734,-0.8425998,0.01294243,0.5383212
-0.008268734,-0.8425998,0.01294243,0.5383212
-0.008268734,-0.8425998,0.01294243,0.5383212
-0.008268734,-0.8425998,0.01294243,0.5383212
-0.008268734,-0.8425998,0.01294243,0.5383212
-0.008268734,-0.8425998,0.01294243,0.5383212
-0.008268734,-0.8425998,0.01294243,0.5383212
-0.008268734,-0.8425998,0.01294243,0.5383212
-0.008268734,-0.8425998,0.01294243,0.5383212
-0.008268734,-0.8425998,0.01294243,0.5383212
-0.008268734,-0.8425998,0.01294243,0.5383212
-0.008268734,-0.8425998,0.01294243,0.5383212
-0.008268734,-0.8425998,0.01294243,0.5383212
-0.008268734,-0.8425998,0.01294243,0.5383212
-0.008268734,-0.8425998,0.01294243,0.5383212
-0.008268734,-0.8425998,0.01294243,0.5383212
-0.008268734,-0.8425998,0.01294243,0.5383212
-0.008268734,-0.8425998,0.01294243,0.5383212
-0.008268734,-0.8425998,0.01294243,0.5383212
-0.008268734,-0.8425998,0.01294243,0.5383212
-0.008268734,-0.8425998,0.01294243,0.5383212
-0.008268734,-0.8425998,0.01294243,0.5383212
-0.008268734,-0.8425998,0.01294243,0.5383212
-0.008268734,-0.8425998,0.01294243,0.5383212
-0.008268734,-0.8425998,0.01294243,0.5383212
-0.008268734,-0.8425998,0.01294243,0.5383212
-0.008268734,-0.8425998,0.01294243,0.5383212
-0.008268734,-0.8425998,0.01294243,0.5383212
-0.008268734,-0.8425998,0.01294243,0.5383212
-0.008268734,-0.8425998,0.01294243,0.5383212
-0.008268734,-0.8425998,0.01294243,0.5383212
-0.008268734,-0.8425998,0.01294243,0.5383212
-0.008268734,-0.8425998,0.01294243,0.5383212
-0.008268734,-0.8425998,0.01294243,0.5383212
-0.008268734,-0.8425998,0.01294243,0.5383212
-0.008268734,-0.8425998,0.01294243,0.5383212
-0.008268734,-0.8425998,0.01294243,0.5383212
-0.008268734,-0.8425998,0.01294243,0.5383212
-0.008268734,-0.8425998,0.01294243,0.5383212
-0.008268734,-0.8425998,0.01294243,0.5383212
-0.008268734,-0.8425998,0.01294243,0.5383212
-0.008268734,-0.8425998,0.01294243,0.5383212
-0.008268734,-0.8425998,0.01294243,0.5383212
-0.008268734,-0.8425998,0.01294243,0.5383212
-0.008268734,-0.8425998,0.01294243,0.5383212
-0.008268734,-0.8425998,0.01294243,0.5383212
-0.008268734,-0.8425998,0.01294243,0.5383212
-0.008268734,-0.8425998,0.01294243,0.5383212
-0.008268734,-0.8425998,0.01294243,0.5383212
-0.008268734,-0.8425998,0.01294243,0.5383212
-0.008268734,-0.8425998,0.01294243,0.5383212
-0.008269623,-0.8425629,0.01294186,0.538379
-0.008274102,-0.8423765,0.012939,0.5386705
-0.008277685,-0.8422272,0.01293671,0.5389039
-0.008282432,-0.8420294,0.01293367,0.5392129
-0.00828806,-0.8417947,0.01293006,0.5395793
-0.008294594,-0.841522,0.01292587,0.5400046
-0.008310343,-0.840863,0.01291575,0.5410299
-0.008319561,-0.8404766,0.01290982,0.5416301
-0.00832992,-0.8400416,0.01290314,0.5423045
-0.00834117,-0.8395684,0.01289587,0.5430369
-0.008353291,-0.8390575,0.01288802,0.543826
-0.008366318,-0.8385071,0.01287957,0.5446742
-0.008395527,-0.8372688,0.01286054,0.5465758
-0.008411456,-0.8365909,0.01285013,0.5476128
-0.008428263,-0.8358737,0.01283912,0.5487069
-0.008445929,-0.8351176,0.0128275,0.5498571
-0.008483913,-0.8334841,0.01280241,0.55233
-0.008504458,-0.8325962,0.01278877,0.5536675
-0.008525864,-0.8316677,0.01277451,0.5550612
-0.008548133,-0.8306984,0.01275962,0.556511
-0.008571268,-0.8296873,0.01274409,0.5580172
-0.008620086,-0.8275408,0.01271112,0.5611954
-0.00864577,-0.8264045,0.01269367,0.5628675
-0.008672553,-0.825214,0.01267538,0.5646112
-0.008700172,-0.823981,0.01265644,0.5664093
-0.008728635,-0.8227041,0.01263683,0.5682623
-0.008788037,-0.8200195,0.01259559,0.5721296
-0.008818975,-0.8186104,0.01257395,0.5741438
-0.008850976,-0.8171453,0.01255144,0.5762271
-0.008883782,-0.8156351,0.01252825,0.5783629
-0.008917407,-0.8140783,0.01250433,0.580552
-0.008987057,-0.8108255,0.01245437,0.5850865
-0.009023295,-0.8091179,0.01242814,0.5874457
-0.009060334,-0.8073617,0.01240116,0.5898571
-0.009098157,-0.8055568,0.01237344,0.5923195
-0.009136751,-0.8037031,0.01234497,0.5948321
-0.009216235,-0.7998475,0.01228574,0.6000068
-0.00925735,-0.7978325,0.01225479,0.6026835
-0.009299207,-0.7957668,0.01222306,0.6054085
-0.009341792,-0.7936499,0.01219055,0.608181
-0.00938512,-0.7914803,0.01215722,0.6110018
-0.009473935,-0.7869827,0.01208814,0.6167839
-0.009519408,-0.7846535,0.01205236,0.6197444
-0.009532543,-0.7839772,0.01204197,0.6205995
-0.009532544,-0.7839773,0.01204197,0.6205996
-0.009532544,-0.7839773,0.01204197,0.6205996
-0.009532544,-0.7839773,0.01204197,0.6205996
-0.009532544,-0.7839773,0.01204197,0.6205996
-0.009532544,-0.7839773,0.01204197,0.6205996
-0.009532544,-0.7839773,0.01204197,0.6205996
-0.009532544,-0.7839773,0.01204197,0.6205996
-0.009532544,-0.7839773,0.01204197,0.6205996
-0.009532544,-0.7839773,0.01204197,0.6205996
-0.009532544,-0.7839773,0.01204197,0.6205996
-0.009532544,-0.7839773,0.01204197,0.6205996
-0.009532544,-0.7839773,0.01204197,0.6205996
-0.009532544,-0.7839773,0.01204197,0.6205996
-0.009532544,-0.7839773,0.01204197,0.6205996
-0.009532544,-0.7839773,0.01204197,0.6205996
-0.009532544,-0.7839773,0.01204197,0.6205996
-0.009532544,-0.7839773,0.01204197,0.6205996
-0.009532544,-0.7839773,0.01204197,0.6205996
-0.009532544,-0.7839773,0.01204197,0.6205996
-0.009531732,-0.7840191,0.01204262,0.6205467
-0.00953008,-0.7841043,0.01204393,0.6204391
-0.009527578,-0.7842332,0.0120459,0.6202763
-0.009524234,-0.7844053,0.01204855,0.6200585
-0.009514553,-0.784903,0.01205619,0.6194283
-0.009508457,-0.7852161,0.012061,0.6190314
-0.009501523,-0.7855717,0.01206646,0.61858
-0.009493758,-0.7859696,0.01207258,0.6180745
-0.009485142,-0.7864103,0.01207935,0.6175135
-0.009464916,-0.7874424,0.0120952,0.6161968
-0.009453526,-0.7880223,0.01210411,0.6154552
-0.009441282,-0.7886442,0.01211366,0.6146581
-0.009428194,-0.7893075,0.01212385,0.613806
-0.009414246,-0.7900128,0.01213468,0.6128979
-0.009383325,-0.7915705,0.01215861,0.6108848
-0.009366562,-0.7924115,0.01217153,0.6097935
-0.009348939,-0.7932931,0.01218507,0.6086463
-0.009330445,-0.7942154,0.01219923,0.6074422
-0.009311086,-0.7951778,0.01221402,0.6061819
-0.00926926,-0.7972463,0.01224579,0.6034588
-0.009247025,-0.7983399,0.01226259,0.6020111
-0.009223908,-0.7994726,0.01227998,0.6005062
-0.009199916,-0.8006434,0.01229797,0.5989442
-0.009175024,-0.8018532,0.01231655,0.5973237
-0.009122073,-0.8044098,0.01235582,0.5938763
-0.009094243,-0.8057442,0.01237632,0.5920645
-0.00906552,-0.8071149,0.01239737,0.5901945
-0.00903588,-0.8085225,0.01241899,0.5882648
-0.009005323,-0.8099662,0.01244117,0.5862755
-0.008940949,-0.8129833,0.01248751,0.5820845
-0.008907369,-0.8145441,0.01251149,0.5798984
-0.008872851,-0.8161393,0.01253599,0.5776511
-0.008837402,-0.8177679,0.01256101,0.5753432
-0.008800997,-0.8194303,0.01258654,0.5729731
-0.008724869,-0.8228736,0.01263943,0.5680169
-0.008685355,-0.8246434,0.01266661,0.5654445
-0.008644861,-0.8264449,0.01269428,0.5628082
-0.008603404,-0.8282765,0.01272242,0.5601092
-0.008560972,-0.8301377,0.01275101,0.5573467
-0.008472677,-0.8339685,0.01280985,0.5515984
-0.008427031,-0.8359264,0.01283992,0.5486267
-0.00838039,-0.8379115,0.01287041,0.5455901
-0.008332735,-0.8399234,0.01290132,0.5424876
-0.008284067,-0.8419614,0.01293262,0.5393191
-0.008183165,-0.8461334,0.0129967,0.53275
-0.008131173,-0.8482552,0.0130293,0.5293651
-0.008078139,-0.8504001,0.01306224,0.5259124
-0.008024068,-0.8525671,0.01309553,0.5223921
-0.00796894,-0.8547559,0.01312915,0.5188031
-0.007855017,-0.8592138,0.01319762,0.5113863
-0.007796455,-0.8614715,0.0132323,0.5075738
-0.007736815,-0.8637475,0.01326726,0.503691
-0.007676092,-0.8660406,0.01330248,0.4997377
-0.007614017,-0.86836,0.01333811,0.4956964
-0.007486591,-0.8730435,0.01341005,0.4874005
-0.007421209,-0.8754063,0.01344634,0.4831439
-0.007354722,-0.8777812,0.01348282,0.4788153
-0.007287116,-0.880168,0.01351948,0.4744139
-0.007218392,-0.882565,0.0135563,0.4699397
-0.007077012,-0.8874047,0.01363064,0.4607354
-0.007004612,-0.8898361,0.01366799,0.4560219
-0.006931062,-0.8922738,0.01370543,0.4512335
-0.006856359,-0.8947167,0.01374295,0.4463701
-0.006780467,-0.8971646,0.01378056,0.4414293
-0.006624702,-0.9020834,0.01385611,0.4312884
-0.006545054,-0.9045444,0.01389391,0.426103
-0.006464218,-0.9070048,0.0139317,0.4208403
-0.006382195,-0.9094635,0.01396947,0.4155003
-0.006298979,-0.9119191,0.01400719,0.4100826
-0.006128389,-0.9168325,0.01408266,0.3989766
-0.006041287,-0.9192794,0.01412024,0.3933059
-0.005952973,-0.9217181,0.0141577,0.3875564
-0.005863443,-0.9241472,0.01419501,0.3817277
-0.005772406,-0.9265732,0.01423228,0.3758008
-0.005586668,-0.9313862,0.01430621,0.3637086
-0.005491931,-0.9337713,0.01434284,0.3575408
-0.005395962,-0.9361396,0.01437922,0.3512929
-0.005298465,-0.9384971,0.01441543,0.3449454
-0.005200008,-0.9408283,0.01445124,0.3385355
-0.004998773,-0.9454399,0.01452208,0.3254344
-0.004896276,-0.9477106,0.01455695,0.3187615
-0.004792529,-0.9499556,0.01459144,0.3120072
-0.004687518,-0.9521739,0.01462551,0.3051707
-0.004580956,-0.9543696,0.01465924,0.2982331
-0.004364053,-0.9586681,0.01472527,0.2841119
-0.004253695,-0.9607681,0.01475752,0.2769272
-0.004142078,-0.962833,0.01478924,0.2696605
-0.004029198,-0.964861,0.01482039,0.2623116
-0.003914766,-0.9668556,0.01485103,0.2548617
-0.003682111,-0.9707218,0.01491042,0.239715
-0.003563871,-0.9725905,0.01493912,0.2320172
-0.003444373,-0.9744136,0.01496712,0.2242374
-0.003323599,-0.9761897,0.0149944,0.2163746
-0.003201275,-0.9779208,0.015021,0.2084109
-0.002952891,-0.9812278,0.01507179,0.1922401
-0.002826812,-0.9828004,0.01509595,0.184032
-0.00269948,-0.9843164,0.01511923,0.1757422
-0.002570914,-0.9857742,0.01514163,0.167372
-0.002440811,-0.987175,0.01516314,0.1589019
-0.002176905,-0.9897876,0.01520327,0.1417206
-0.002043126,-0.9909956,0.01522183,0.1330112
-0.001908123,-0.9921356,0.01523934,0.124222
-0.001771612,-0.9932079,0.01525581,0.1153346
-0.001633899,-0.9942081,0.01527117,0.106369
-0.001354888,-0.995984,0.01529845,0.0882044
-0.001213609,-0.9967558,0.01531031,0.07900666
-0.001071166,-0.9974475,0.01532093,0.06973308
-0.0009275669,-0.9980571,0.0153303,0.06038427
-0.0007825212,-0.9985836,0.01533839,0.05094128
-0.0004890574,-0.9993751,0.01535054,0.03183574
-0.0003406434,-0.9996362,0.01535456,0.02217346
-0.0001911308,-0.9998047,0.01535714,0.01243966
-4.022623E-05,-0.9998786,0.01535828,0.002615233
0.0001117454,-0.9998556,0.01535793,-0.007278658
0.000418833,-0.9995101,0.01535262,-0.02727115
0.0005739224,-0.9991836,0.01534761,-0.03736803
0.0007300124,-0.9987518,0.01534097,-0.04753004
0.000887398,-0.9982114,0.01533268,-0.0577764
0.00104574,-0.9975613,0.01532269,-0.06808504
0.001365273,-0.9959233,0.01529753,-0.08888774
0.00152642,-0.9949312,0.01528229,-0.09937901
0.001688456,-0.9938209,0.01526524,-0.1099281
0.001851665,-0.992588,0.0152463,-0.1205535
0.00201572,-0.9912325,0.01522548,-0.1312341
0.002346265,-0.9881449,0.01517806,-0.1527538
0.002512714,-0.9864088,0.01515139,-0.1635902
0.002680199,-0.9845384,0.01512267,-0.174494
0.002848414,-0.9825346,0.01509189,-0.1854454
0.00301732,-0.9803953,0.01505903,-0.1964418
0.003357091,-0.9757022,0.01498694,-0.2185621
0.003527902,-0.9731445,0.01494765,-0.2296824
0.003699284,-0.9704433,0.01490617,-0.24084
0.003871507,-0.9675918,0.01486237,-0.2520523
0.004044249,-0.9645922,0.01481629,-0.2632985
0.004391104,-0.9581424,0.01471722,-0.2858799
0.004565163,-0.9546881,0.01466416,-0.2972118
0.004739884,-0.9510723,0.01460863,-0.3085867
0.004914923,-0.9472991,0.01455067,-0.3199823
0.005090282,-0.9433657,0.01449025,-0.3313988
0.005441734,-0.9350135,0.01436196,-0.3542795
0.005586922,-0.9313771,0.01430611,-0.3637318
0.00569342,-0.9286396,0.01426406,-0.3706652
0.005769885,-0.9266371,0.0142333,-0.3756433
0.005817153,-0.9253836,0.01421405,-0.3787206
0.005834363,-0.9249243,0.01420699,-0.379841
0.005834363,-0.9249243,0.01420699,-0.379841
0.005834363,-0.9249243,0.01420699,-0.379841
0.005834363,-0.9249243,0.01420699,-0.379841
0.005834363,-0.9249243,0.01420699,-0.379841
0.005834363,-0.9249243,0.01420699,-0.379841
0.005834363,-0.9249243,0.01420699,-0.379841
0.005834363,-0.9249243,0.01420699,-0.379841
0.005834363,-0.9249243,0.01420699,-0.379841
0.005834363,-0.9249243,0.01420699,-0.379841
0.005834363,-0.9249243,0.01420699,-0.379841
0.005834363,-0.9249243,0.01420699,-0.379841
0.005834363,-0.9249243,0.01420699,-0.379841
0.005834363,-0.9249243,0.01420699,-0.379841
0.005834363,-0.9249243,0.01420699,-0.379841
0.005834363,-0.9249243,0.01420699,-0.379841
0.005834363,-0.9249243,0.01420699,-0.379841
0.005834363,-0.9249243,0.01420699,-0.379841
0.005834363,-0.9249243,0.01420699,-0.379841
0.005834363,-0.9249243,0.01420699,-0.379841
0.005834363,-0.9249243,0.01420699,-0.379841
0.005834363,-0.9249243,0.01420699,-0.379841
0.005834363,-0.9249243,0.01420699,-0.379841
0.005834363,-0.9249243,0.01420699,-0.379841
0.005834363,-0.9249243,0.01420699,-0.379841
0.005835343,-0.9248981,0.01420659,-0.3799048
0.005837587,-0.9248381,0.01420567,-0.3800509
0.005840818,-0.9247516,0.01420434,-0.3802613
0.005845039,-0.9246385,0.01420261,-0.3805361
0.005850247,-0.9244989,0.01420046,-0.3808751
0.005863609,-0.9241401,0.01419495,-0.3817451
0.005871767,-0.9239205,0.01419158,-0.3822762
0.005881186,-0.9236666,0.01418768,-0.3828894
0.005891595,-0.9233854,0.01418336,-0.383567
0.005902972,-0.9230773,0.01417863,-0.3843077
0.005928673,-0.9223788,0.0141679,-0.385981
0.005942992,-0.9219882,0.0141619,-0.3869132
0.005958571,-0.921562,0.01415535,-0.3879274
0.005975118,-0.9211078,0.01414837,-0.3890046
0.005992643,-0.9206251,0.01414096,-0.3901456
0.00603061,-0.9195737,0.01412481,-0.3926173
0.006051047,-0.9190045,0.01411607,-0.3939478
0.006072726,-0.9183982,0.01410676,-0.3953592
0.006095357,-0.9177625,0.01409699,-0.3968326
0.006118953,-0.9170968,0.01408677,-0.3983687
0.006169057,-0.9156729,0.01406489,-0.4016307
0.00619554,-0.9149148,0.01405325,-0.4033549
0.006223253,-0.9141172,0.014041,-0.405159
0.006251913,-0.9132879,0.01402826,-0.4070249
0.006281516,-0.9124266,0.01401503,-0.4089522
0.006343581,-0.9106048,0.01398705,-0.4129928
0.006376015,-0.9096442,0.01397229,-0.4151044
0.006409656,-0.9086415,0.01395689,-0.4172945
0.006444233,-0.9076043,0.01394096,-0.4195456
0.006479719,-0.9065329,0.0139245,-0.4218558
0.006553489,-0.9042824,0.01388994,-0.4266585
0.006592019,-0.9030946,0.01387169,-0.429167
0.006631443,-0.9018704,0.01385289,-0.4317336
0.006671793,-0.9006081,0.0138335,-0.4343606
0.006713043,-0.899308,0.01381353,-0.4370461
0.006798238,-0.8965913,0.0137718,-0.4425926
0.006842445,-0.8951649,0.01374989,-0.4454706
0.006887512,-0.8936987,0.01372737,-0.4484046
0.006933471,-0.8921912,0.01370422,-0.4513967
0.006980312,-0.8906418,0.01368042,-0.4544462
0.007028017,-0.8890503,0.01365597,-0.457552
0.007126529,-0.8857203,0.01360482,-0.4639654
0.007177062,-0.8839891,0.01357823,-0.4672553
0.007228427,-0.8822133,0.01355095,-0.4705993
0.007280638,-0.8803918,0.01352298,-0.4739985
0.007333689,-0.8785234,0.01349428,-0.4774522
0.007442752,-0.8746273,0.01343443,-0.4845526
0.0074985,-0.8726068,0.0134034,-0.488182
0.007555047,-0.870537,0.01337161,-0.4918634
0.007612376,-0.8684176,0.01333905,-0.4955958
0.007670493,-0.8662474,0.01330572,-0.4993793
0.007789566,-0.861732,0.01323636,-0.5071314
0.007850252,-0.8593947,0.01320046,-0.5110823
0.007911679,-0.8570036,0.01316373,-0.5150814
0.00797384,-0.8545583,0.01312617,-0.5191283
0.008036737,-0.8520573,0.01308776,-0.5232231
0.00816518,-0.8468656,0.01300801,-0.5315852
0.008230462,-0.844183,0.01296681,-0.5358352
0.00829643,-0.8414414,0.0129247,-0.54013
0.008363081,-0.8386403,0.01288167,-0.5444692
0.008498384,-0.8328552,0.01279281,-0.5532779
0.008567259,-0.829859,0.01274679,-0.5577618
0.00863675,-0.8268002,0.01269981,-0.562286
0.008706881,-0.8236767,0.01265183,-0.5668517
0.008750694,-0.8217062,0.01262156,-0.5697042
0.008768045,-0.820922,0.01260952,-0.5708338
0.008768045,-0.820922,0.01260952,-0.5708338
0.008768045,-0.820922,0.01260952,-0.5708338
0.008768045,-0.820922,0.01260952,-0.5708338
0.008768045,-0.820922,0.01260952,-0.5708338
0.008768045,-0.820922,0.01260952,-0.5708338
0.008768045,-0.820922,0.01260952,-0.5708338
0.008768045,-0.820922,0.01260952,-0.5708338
0.008768045,-0.820922,0.01260952,-0.5708338
0.008768045,-0.820922,0.01260952,-0.5708338
0.008768045,-0.820922,0.01260952,-0.5708338
0.008768045,-0.820922,0.01260952,-0.5708338
0.008768045,-0.820922,0.01260952,-0.5708338
0.008768045,-0.820922,0.01260952,-0.5708338
0.008768045,-0.820922,0.01260952,-0.5708338
0.008768045,-0.820922,0.01260952,-0.5708338
0.008768045,-0.820922,0.01260952,-0.5708338
0.008768045,-0.820922,0.01260952,-0.5708338
0.008768045,-0.820922,0.01260952,-0.5708338
0.008768045,-0.820922,0.01260952,-0.5708338
0.008768045,-0.820922,0.01260952,-0.5708338
0.008768045,-0.820922,0.01260952,-0.5708338
0.008768045,-0.820922,0.01260952,-0.5708338
0.008768045,-0.820922,0.01260952,-0.5708338
0.008768045,-0.820922,0.01260952,-0.5708338
0.008768045,-0.820922,0.01260952,-0.5708338
0.008768045,-0.820922,0.01260952,-0.5708338
0.008768045,-0.820922,0.01260952,-0.5708338
0.008768045,-0.820922,0.01260952,-0.5708338
0.008768045,-0.820922,0.01260952,-0.5708338
0.008768045,-0.820922,0.01260952,-0.5708338
0.008768045,-0.820922,0.01260952,-0.5708338
0.008768045,-0.820922,0.01260952,-0.5708338
0.008768045,-0.820922,0.01260952,-0.5708338
0.008768045,-0.820922,0.01260952,-0.5708338
0.008768045,-0.820922,0.01260952,-0.5708338
0.008768045,-0.820922,0.01260952,-0.5708338
0.008768045,-0.820922,0.01260952,-0.5708338
0.008768045,-0.820922,0.01260952,-0.5708338
0.008768045,-0.820922,0.01260952,-0.5708338
0.008768045,-0.820922,0.01260952,-0.5708338
0.008768045,-0.820922,0.01260952,-0.5708338
0.008768045,-0.820922,0.01260952,-0.5708338
0.008768045,-0.820922,0.01260952,-0.5708338
0.008768045,-0.820922,0.01260952,-0.5708338
0.008768045,-0.820922,0.01260952,-0.5708338
0.008768045,-0.820922,0.01260952,-0.5708338
0.008768045,-0.820922,0.01260952,-0.5708338
0.008768045,-0.820922,0.01260952,-0.5708338
0.008768045,-0.820922,0.01260952,-0.5708338
0.008768045,-0.820922,0.01260952,-0.5708338
0.008768045,-0.820922,0.01260952,-0.5708338
0.008768045,-0.820922,0.01260952,-0.5708338
0.008768045,-0.820922,0.01260952,-0.5708338
0.008768045,-0.820922,0.01260952,-0.5708338
0.008768045,-0.820922,0.01260952,-0.5708338
0.008768045,-0.820922,0.01260952,-0.5708338
0.008768045,-0.820922,0.01260952,-0.5708338
0.008768045,-0.820922,0.01260952,-0.5708338
0.008768045,-0.820922,0.01260952,-0.5708338
0.008768045,-0.820922,0.01260952,-0.5708338
0.008768045,-0.820922,0.01260952,-0.5708338
0.008768045,-0.820922,0.01260952,-0.5708338
0.008768045,-0.820922,0.01260952,-0.5708338
0.008768045,-0.820922,0.01260952,-0.5708338
0.008768045,-0.820922,0.01260952,-0.5708338
0.008768045,-0.820922,0.01260952,-0.5708338
0.008768045,-0.820922,0.01260952,-0.5708338
0.008768045,-0.820922,0.01260952,-0.5708338
0.008768045,-0.820922,0.01260952,-0.5708338
0.008768045,-0.820922,0.01260952,-0.5708338
0.008768045,-0.820922,0.01260952,-0.5708338
0.008768045,-0.820922,0.01260952,-0.5708338
0.008768045,-0.820922,0.01260952,-0.5708338
0.008768045,-0.820922,0.01260952,-0.5708338
0.008768045,-0.820922,0.01260952,-0.5708338
0.008768045,-0.820922,0.01260952,-0.5708338
0.008768045,-0.820922,0.01260952,-0.5708338
0.008768045,-0.820922,0.01260952,-0.5708338
0.008768045,-0.820922,0.01260952,-0.5708338
0.008768045,-0.820922,0.01260952,-0.5708338
0.008768045,-0.820922,0.01260952,-0.5708338
0.008768045,-0.820922,0.01260952,-0.5708338
0.008767165,-0.8209618,0.01261013,-0.5707765
0.008765171,-0.8210521,0.01261151,-0.5706467
0.008762299,-0.821182,0.01261351,-0.5704597
0.00875394,-0.8215597,0.01261931,-0.5699155
0.008748434,-0.8218083,0.01262313,-0.5695571
0.008742057,-0.8220959,0.01262755,-0.5691419
0.008734548,-0.8224341,0.01263274,-0.5686531
0.008726177,-0.8228106,0.01263852,-0.5681081
0.008706762,-0.823682,0.01265191,-0.5668441
0.008695726,-0.8241758,0.01265949,-0.5661256
0.008683807,-0.8247085,0.01266767,-0.5653496
0.008670743,-0.8252909,0.01267662,-0.5644991
0.008656793,-0.8259112,0.01268615,-0.563591
0.008626233,-0.8272654,0.01270695,-0.5616014
0.008609604,-0.8279992,0.01271822,-0.5605189
0.008592074,-0.8287707,0.01273007,-0.5593776
0.008573383,-0.8295907,0.01274267,-0.5581608
0.008553805,-0.8304467,0.01275581,-0.5568862
0.008511917,-0.832269,0.0127838,-0.5541592
0.008489604,-0.8332345,0.01279863,-0.5527065
0.008466375,-0.8342356,0.01281401,-0.5511943
0.008441997,-0.8352821,0.01283008,-0.5496072
0.008416667,-0.8363648,0.01284671,-0.5479581
0.008363253,-0.8386328,0.01288155,-0.5444807
0.008335132,-0.8398184,0.01289976,-0.54265
0.008305831,-0.8410481,0.01291865,-0.5407423
0.00827559,-0.8423107,0.01293804,-0.5387735
0.008244416,-0.8436055,0.01295793,-0.536744
0.008179183,-0.8462926,0.01299921,-0.5324971
0.008145133,-0.8476833,0.01302057,-0.5302803
0.008110123,-0.8491048,0.0130424,-0.528001
0.008073891,-0.8505672,0.01306487,-0.5256422
0.008036683,-0.8520594,0.01308779,-0.5232198
0.007959351,-0.8551305,0.01313496,-0.5181853
0.007919203,-0.8567089,0.0131592,-0.5155715
0.007877812,-0.8583249,0.01318402,-0.5128767
0.007835424,-0.8599678,0.01320926,-0.5101171
0.007792037,-0.8616371,0.0132349,-0.5072925
0.007702255,-0.8650519,0.01328735,-0.5014473
0.007655836,-0.8667967,0.01331415,-0.4984253
0.007608141,-0.8685747,0.01334146,-0.4953202
0.00755942,-0.8703759,0.01336913,-0.4921483
0.007509678,-0.8721991,0.01339713,-0.4889099
0.007407052,-0.8759109,0.01345414,-0.4822286
0.007354168,-0.8777974,0.01348312,-0.4787857
0.007300237,-0.8797035,0.0135124,-0.4752746
0.007244995,-0.881637,0.0135421,-0.4716782
0.007188675,-0.8835889,0.01357208,-0.4680116
0.00707282,-0.887543,0.01363281,-0.460469
0.007013279,-0.8895434,0.01366354,-0.4565926
0.00695239,-0.8915669,0.01369462,-0.4526286
0.006890402,-0.8936042,0.01372591,-0.448593
0.006827308,-0.8956545,0.0137574,-0.4444853
0.006697838,-0.8997883,0.0138209,-0.4360564
0.006631428,-0.9018707,0.01385288,-0.4317329
0.006563642,-0.9039701,0.01388513,-0.4273198
0.00649472,-0.9060776,0.0139175,-0.4228328
0.006424683,-0.9081915,0.01394997,-0.4182731
0.006281197,-0.9124358,0.01401517,-0.4089316
0.006207744,-0.914564,0.01404786,-0.4041496
0.006171688,-0.9155977,0.01406373,-0.4018022
0.006164953,-0.91579,0.01406669,-0.4013637
0.006164953,-0.91579,0.01406669,-0.4013637
0.006164953,-0.91579,0.01406669,-0.4013637
0.006164953,-0.91579,0.01406669,-0.4013637
0.006164953,-0.91579,0.01406669,-0.4013637
0.006164953,-0.91579,0.01406669,-0.4013637
0.006164953,-0.91579,0.01406669,-0.4013637
0.006164953,-0.91579,0.01406669,-0.4013637
0.006164953,-0.91579,0.01406669,-0.4013637
0.006164953,-0.91579,0.01406669,-0.4013637
0.006164953,-0.91579,0.01406669,-0.4013637
0.006164953,-0.91579,0.01406669,-0.4013637
0.006164953,-0.91579,0.01406669,-0.4013637
0.006164953,-0.91579,0.01406669,-0.4013637
0.006164953,-0.91579,0.01406669,-0.4013637
0.006164953,-0.91579,0.01406669,-0.4013637
0.006164953,-0.91579,0.01406669,-0.4013637
0.006164953,-0.91579,0.01406669,-0.4013637
0.006164953,-0.91579,0.01406669,-0.4013637
0.006164953,-0.91579,0.01406669,-0.4013637
0.006164953,-0.91579,0.01406669,-0.4013637
0.006164953,-0.91579,0.01406669,-0.4013637
0.006164953,-0.91579,0.01406669,-0.4013637
0.006164953,-0.91579,0.01406669,-0.4013637
0.006163708,-0.9158255,0.01406723,-0.4012827
0.006161485,-0.915889,0.01406821,-0.401138
0.006158283,-0.9159802,0.01406961,-0.4009295
0.006148933,-0.9162464,0.0140737,-0.4003208
0.006142795,-0.9164209,0.01407638,-0.3999212
0.006135403,-0.9166307,0.0140796,-0.39944
0.006127028,-0.916868,0.01408324,-0.3988947
0.006117681,-0.9171327,0.01408731,-0.3982862
0.006107343,-0.9174246,0.01409179,-0.3976132
0.006083198,-0.9181043,0.01410223,-0.3960412
0.006069638,-0.9184846,0.01410808,-0.3951584
0.006055082,-0.9188917,0.01411433,-0.3942108
0.006039546,-0.919325,0.01412099,-0.3931993
0.006005521,-0.9202693,0.01413549,-0.3909841
0.005986734,-0.920788,0.01414346,-0.389761
0.00596695,-0.9213322,0.01415182,-0.388473
0.005946182,-0.9219011,0.01416055,-0.387121
0.005924419,-0.9224946,0.01416967,-0.3857041
0.005901652,-0.9231131,0.01417917,-0.3842219
0.005852561,-0.9244367,0.0141995,-0.3810259
0.005826507,-0.9251341,0.01421021,-0.3793297
0.005799455,-0.9258543,0.01422127,-0.3775685
0.005771389,-0.9265973,0.01423269,-0.3757413
0.005712217,-0.9281502,0.01425654,-0.371889
0.005680828,-0.9289663,0.01426907,-0.3698455
0.005648422,-0.9298036,0.01428193,-0.3677357
0.005615002,-0.9306611,0.01429511,-0.36556
0.005580536,-0.9315394,0.0143086,-0.3633161
0.00550855,-0.9333537,0.01433646,-0.3586296
0.005470729,-0.934296,0.01435094,-0.3561673
0.00543187,-0.9352565,0.01436569,-0.3536374
0.005391968,-0.9362347,0.01438072,-0.3510396
0.005351041,-0.9372294,0.014396,-0.3483751
0.005309056,-0.9382409,0.01441153,-0.3456418
0.005221374,-0.9403241,0.01444353,-0.3399334
0.005175957,-0.9413878,0.01445987,-0.3369766
0.005129491,-0.9424652,0.01447642,-0.3339515
0.005081962,-0.9435559,0.01449317,-0.3308572
0.005033088,-0.9446656,0.01451022,-0.3276753
0.004932127,-0.94692,0.01454484,-0.3211024
0.00488005,-0.9480628,0.0145624,-0.3177119
0.004826889,-0.9492157,0.0145801,-0.314251
0.004772652,-0.9503774,0.01459795,-0.31072
0.004717328,-0.9515474,0.01461592,-0.3071182
0.004602848,-0.9539208,0.01465238,-0.2996652
0.004543982,-0.9551163,0.01467074,-0.2958328
0.004484028,-0.9563166,0.01468917,-0.2919295
0.004422964,-0.957521,0.01470767,-0.2879541
0.004360805,-0.9587287,0.01472622,-0.2839073
0.004337544,-0.9591759,0.01473309,-0.2823929
0.004337544,-0.9591759,0.01473309,-0.2823929
0.004337544,-0.9591759,0.01473309,-0.2823929
0.004337544,-0.9591759,0.01473309,-0.2823929
0.004337544,-0.9591759,0.01473309,-0.2823929
0.004337544,-0.9591759,0.01473309,-0.2823929
0.004337544,-0.9591759,0.01473309,-0.2823929
0.004337544,-0.9591759,0.01473309,-0.2823929
0.004337544,-0.9591759,0.01473309,-0.2823929
0.004337544,-0.9591759,0.01473309,-0.2823929
0.004337544,-0.9591759,0.01473309,-0.2823929
0.004337544,-0.9591759,0.01473309,-0.2823929
0.004337544,-0.9591759,0.01473309,-0.2823929
0.004337544,-0.9591759,0.01473309,-0.2823929
0.004337544,-0.9591759,0.01473309,-0.2823929
0.004337544,-0.9591759,0.01473309,-0.2823929
0.004337544,-0.9591759,0.01473309,-0.2823929
0.004337544,-0.9591759,0.01473309,-0.2823929
0.004337544,-0.9591759,0.01473309,-0.2823929
0.004337544,-0.9591759,0.01473309,-0.2823929
0.004337544,-0.9591759,0.01473309,-0.2823929
0.004337544,-0.9591759,0.01473309,-0.2823929
0.004337544,-0.9591759,0.01473309,-0.2823929
0.004337544,-0.9591759,0.01473309,-0.2823929
0.004337544,-0.9591759,0.01473309,-0.2823929
0.004337544,-0.9591759,0.01473309,-0.2823929
0.004337544,-0.9591759,0.01473309,-0.2823929
0.004337544,-0.9591759,0.01473309,-0.2823929
0.004337544,-0.9591759,0.01473309,-0.2823929
0.004337544,-0.9591759,0.01473309,-0.2823929
0.004337544,-0.9591759,0.01473309,-0.2823929
0.004337544,-0.9591759,0.01473309,-0.2823929
0.004337544,-0.9591759,0.01473309,-0.2823929
0.004337544,-0.9591759,0.01473309,-0.2823929
0.004337544,-0.9591759,0.01473309,-0.2823929
0.004337544,-0.9591759,0.01473309,-0.2823929
0.004337544,-0.9591759,0.01473309,-0.2823929
0.004337544,-0.9591759,0.01473309,-0.2823929
0.004337544,-0.9591759,0.01473309,-0.2823929
0.004337544,-0.9591759,0.01473309,-0.2823929
0.004338562,-0.9591564,0.01473279,-0.2824592
0.004340607,-0.9591172,0.01473219,-0.2825924
0.004343665,-0.9590585,0.01473129,-0.2827914
0.004348041,-0.9589744,0.01473,-0.2830763
0.00435344,-0.9588706,0.0147284,-0.2834278
0.004367289,-0.9586037,0.0147243,-0.2843294
0.004375755,-0.95844,0.01472179,-0.2848806
0.004385239,-0.9582563,0.01471897,-0.285498
0.004395742,-0.9580523,0.01471584,-0.2861818
0.004407555,-0.9578223,0.0147123,-0.2869509
0.004434238,-0.9573,0.01470428,-0.288688
0.004449093,-0.9570079,0.01469979,-0.2896551
0.004464975,-0.9566943,0.01469498,-0.2906891
0.004481873,-0.9563594,0.01468983,-0.2917892
0.004500072,-0.9559971,0.01468427,-0.292974
0.004539508,-0.9552065,0.01467212,-0.2955414
0.004560744,-0.9547776,0.01466554,-0.296924
0.004582986,-0.9543261,0.0146586,-0.298372
0.004606231,-0.9538516,0.01465132,-0.2998853
0.004630771,-0.9533479,0.01464358,-0.301483
0.004682847,-0.9522691,0.01462701,-0.3048733
0.004710386,-0.9516932,0.01461816,-0.3066662
0.004738925,-0.9510925,0.01460893,-0.3085241
0.004768749,-0.9504605,0.01459923,-0.3104658
0.004799566,-0.9498028,0.01458912,-0.312472
0.004864167,-0.9484088,0.01456771,-0.3166778
0.004897951,-0.9476716,0.01455639,-0.3188773
0.004932713,-0.9469071,0.01454465,-0.3211404
0.004968741,-0.9461084,0.01453238,-0.3234859
0.00500575,-0.9452812,0.01451967,-0.3258953
0.005082684,-0.9435395,0.01449292,-0.330904
0.005122607,-0.9426239,0.01447886,-0.3335031
0.005163495,-0.9416779,0.01446433,-0.3361651
0.005205355,-0.9407006,0.01444931,-0.3388903
0.005248449,-0.9396851,0.01443372,-0.3416959
0.005337505,-0.9375566,0.01440102,-0.3474937
0.005383451,-0.9364425,0.01438391,-0.350485
0.00543034,-0.9352942,0.01436627,-0.3535376
0.005478447,-0.9341044,0.014348,-0.3566695
0.005527493,-0.9328789,0.01432917,-0.3598626
0.005628362,-0.9303191,0.01428985,-0.3664295
0.00568018,-0.9289833,0.01426934,-0.369803
0.005733188,-0.9276021,0.01424812,-0.3732541
0.005787087,-0.9261824,0.01422631,-0.376763
0.005841916,-0.9247223,0.01420389,-0.3803326
0.005954256,-0.9216802,0.01415716,-0.3876463
0.006011753,-0.9200969,0.01413284,-0.3913896
0.006070136,-0.9184709,0.01410787,-0.3951905
0.006129671,-0.9167934,0.0140821,-0.3990664
0.006190063,-0.9150719,0.01405566,-0.4029981
0.006313426,-0.9114927,0.01400068,-0.4110295
0.006376382,-0.9096333,0.01397212,-0.4151282
0.006440177,-0.9077265,0.01394283,-0.4192814
0.006505082,-0.9057627,0.01391267,-0.423507
0.006570785,-0.9037504,0.01388176,-0.4277845
0.006704661,-0.8995731,0.0138176,-0.4365003
0.006772811,-0.8974066,0.01378432,-0.440937
0.006842013,-0.8951789,0.0137501,-0.4454423
0.006911995,-0.8928973,0.01371505,-0.4499984
0.006982741,-0.8905612,0.01367917,-0.4546042
0.007097328,-0.8867135,0.01362007,-0.4620642
0.007111782,-0.8862225,0.01361253,-0.4630052
0.007111782,-0.8862225,0.01361253,-0.4630052
0.007111782,-0.8862225,0.01361253,-0.4630052
0.007111782,-0.8862225,0.01361253,-0.4630052
0.007111782,-0.8862225,0.01361253,-0.4630052
0.007111782,-0.8862225,0.01361253,-0.4630052
0.007111782,-0.8862225,0.01361253,-0.4630052
0.007111782,-0.8862225,0.01361253,-0.4630052
0.007111782,-0.8862225,0.01361253,-0.4630052
0.007111782,-0.8862225,0.01361253,-0.4630052
0.007111782,-0.8862225,0.01361253,-0.4630052
0.007111782,-0.8862225,0.01361253,-0.4630052
0.007111782,-0.8862225,0.01361253,-0.4630052
0.007111782,-0.8862225,0.01361253,-0.4630052
0.007111782,-0.8862225,0.01361253,-0.4630052
0.007111782,-0.8862225,0.01361253,-0.4630052
0.007111782,-0.8862225,0.01361253,-0.4630052
0.007111782,-0.8862225,0.01361253,-0.4630052
0.007111782,-0.8862225,0.01361253,-0.4630052
0.007114619,-0.886126,0.01361105,-0.4631899
0.00711745,-0.8860297,0.01360957,-0.4633742
0.007121503,-0.8858916,0.01360745,-0.4636381
0.0071265,-0.8857213,0.01360483,-0.4639634
0.007132431,-0.885519,0.01360172,-0.4643494
0.007147134,-0.8850163,0.013594,-0.4653067
0.007155894,-0.8847163,0.01358939,-0.465877
0.007165865,-0.8843741,0.01358414,-0.4665261
0.007176775,-0.8839991,0.01357838,-0.4672364
0.007188621,-0.8835911,0.01357211,-0.4680076
0.007215113,-0.8826753,0.01355805,-0.4697323
0.007230033,-0.8821577,0.0135501,-0.4707037
0.00724586,-0.8816071,0.01354164,-0.4717341
0.007262638,-0.8810218,0.01353265,-0.4728264
0.007280339,-0.8804024,0.01352313,-0.4739788
0.007318532,-0.8790591,0.0135025,-0.4764653
0.007339276,-0.8783258,0.01349124,-0.4778158
0.00736094,-0.877557,0.01347943,-0.4792262
0.007383515,-0.8767529,0.01346708,-0.4806959
0.007407006,-0.8759127,0.01345417,-0.4822253
0.007456714,-0.8741232,0.01342668,-0.4854614
0.007483189,-0.8731638,0.01341195,-0.487185
0.007510568,-0.8721669,0.01339663,-0.4889675
0.007538845,-0.8711321,0.01338074,-0.4908084
0.007568,-0.87006,0.01336427,-0.4927065
0.007629004,-0.867799,0.01332954,-0.4966781
0.007660833,-0.8666097,0.01331128,-0.4987503
0.007693806,-0.8653707,0.01329224,-0.5008969
0.007727647,-0.8640917,0.0132726,-0.5031001
0.00776235,-0.8627723,0.01325233,-0.5053594
0.007834367,-0.8600088,0.01320989,-0.5100479
0.007871928,-0.8585539,0.01318754,-0.5124932
0.007910341,-0.8570561,0.01316453,-0.514994
0.007949581,-0.855516,0.01314088,-0.5175487
