-0.01513907,-0.1683653,0.002586116,0.985605
-0.01513472,-0.1700162,0.002611474,0.9853216
-0.01513014,-0.1717352,0.002637878,0.9850234
-0.01512028,-0.1753769,0.002693816,0.9843816
-0.01511493,-0.1773189,0.002723644,0.9840336
-0.01510934,-0.1793282,0.002754508,0.9836695
-0.01510349,-0.181405,0.002786407,0.9832886
-0.01509738,-0.1835488,0.002819338,0.9828907
-0.01508433,-0.1880388,0.002888305,0.9820415
-0.01507734,-0.1904031,0.002924621,0.9815859
-0.01507004,-0.1928353,0.00296198,0.9811109
-0.01506244,-0.1953351,0.003000377,0.9806163
-0.01505454,-0.1979007,0.003039784,0.9801018
-0.01503777,-0.2032326,0.003121683,0.97901
-0.01502883,-0.2060156,0.003164432,0.9784282
-0.01501955,-0.2088663,0.003208218,0.9778236
-0.01500991,-0.2117833,0.003253025,0.977196
-0.01499991,-0.2147659,0.003298837,0.9765448
-0.01498953,-0.2178143,0.003345662,0.9758694
-0.01496749,-0.2241457,0.003442913,0.9744347
-0.01495587,-0.2274099,0.003493052,0.9736781
-0.01494384,-0.2307383,0.003544178,0.9728947
-0.01493138,-0.2341325,0.003596313,0.9720834
-0.01490514,-0.2411138,0.003703547,0.9703753
-0.01489127,-0.2447194,0.00375893,0.9694723
-0.01487693,-0.2483896,0.003815305,0.9685385
-0.0148621,-0.2521234,0.003872656,0.9675732
-0.01484678,-0.2559208,0.003930985,0.9665758
-0.01481461,-0.2637034,0.004050528,0.9644815
-0.01479766,-0.2677076,0.004112033,0.9633778
-0.01478016,-0.271773,0.004174478,0.9622388
-0.01476211,-0.2759012,0.004237888,0.9610633
-0.01474348,-0.2800913,0.00430225,0.9598505
-0.01472427,-0.2843422,0.004367544,0.9585999
-0.01468387,-0.2930644,0.004501518,0.9559694
-0.01466274,-0.2975147,0.004569876,0.9545937
-0.01464096,-0.3020266,0.004639179,0.9531758
-0.01461853,-0.3065973,0.004709386,0.9517155
-0.01457155,-0.3159334,0.004852791,0.948657
-0.01454697,-0.3206984,0.004925983,0.9470568
-0.01452168,-0.3255207,0.005000053,0.9454102
-0.01449565,-0.3304005,0.005075008,0.9437159
-0.01446888,-0.3353362,0.005150822,0.9419733
-0.01444136,-0.3403282,0.005227499,0.9401813
-0.01438377,-0.3505119,0.005383924,0.9364324
-0.01435377,-0.3556873,0.005463418,0.9344789
-0.01432294,-0.3609164,0.005543739,0.9324718
-0.01429127,-0.3661991,0.005624881,0.9304098
-0.01425874,-0.3715339,0.005706825,0.9282923
-0.01419082,-0.3823963,0.005873673,0.9238708
-0.01415551,-0.3879037,0.005958269,0.9215719
-0.01411928,-0.3934611,0.006043631,0.919213
-0.01408211,-0.3990678,0.006129751,0.9167928
-0.01404397,-0.404723,0.006216615,0.9143104
-0.01396453,-0.416211,0.006393074,0.9091384
-0.0139233,-0.4220254,0.006482384,0.906454
-0.01388104,-0.4278851,0.00657239,0.9037027
-0.01383774,-0.4337891,0.006663078,0.9008836
-0.01379337,-0.4397375,0.006754446,0.8979951
-0.01370111,-0.4517968,0.006939679,0.8919886
-0.01365331,-0.4578888,0.007033252,0.8888769
-0.01360438,-0.4640198,0.007127427,0.8856916
-0.0135543,-0.4701906,0.007222211,0.8824313
-0.01350291,-0.4764169,0.007317848,0.8790854
-0.01339655,-0.4889783,0.007510793,0.8721608
-0.01334153,-0.4953125,0.007608087,0.8685791
-0.01328528,-0.5016806,0.007705902,0.8649166
-0.01322776,-0.5080819,0.007804228,0.8611719
-0.01316881,-0.5145308,0.007903283,0.8573344
-0.01304702,-0.5275174,0.008102759,0.8494055
-0.01298413,-0.5340536,0.008203156,0.8453112
-0.01291989,-0.5406165,0.008303964,0.841129
-0.01285429,-0.5472047,0.008405158,0.836858
-0.01278714,-0.5538331,0.008506973,0.8324861
-0.01264859,-0.5671573,0.008711635,0.8234664
-0.01257718,-0.5738493,0.008814425,0.818817
-0.0125043,-0.5805601,0.008917506,0.8140725
-0.01242996,-0.5872876,0.009020841,0.8092327
-0.01235395,-0.5940464,0.009124657,0.8042842
-0.0121974,-0.6076034,0.009332895,0.7940921
-0.01211681,-0.6143993,0.009437281,0.7888458
-0.01203467,-0.6212043,0.009541808,0.7834982
-0.01195096,-0.6280169,0.00964645,0.7780482
-0.01186566,-0.6348355,0.009751185,0.7724947
-0.01168985,-0.6485126,0.009961268,0.761049
-0.0115995,-0.6553527,0.01006633,0.7551669
-0.0115075,-0.6621917,0.01017138,0.7491772
-0.01141383,-0.6690272,0.01027638,0.7430793
-0.01131829,-0.6758721,0.01038151,0.736859
-0.01112209,-0.6895388,0.01059144,0.724086
-0.01102141,-0.6963566,0.01069616,0.7175316
-0.010919,-0.7031617,0.01080069,0.7108642
-0.01081483,-0.7099525,0.010905,0.7040821
-0.0107087,-0.7167384,0.01100923,0.697173
-0.01049109,-0.7302518,0.0112168,0.6830054
-0.01037958,-0.7369744,0.01132006,0.6757463
-0.01026628,-0.7436709,0.01142292,0.6683695
-0.01015115,-0.7503397,0.01152535,0.6608741
-0.01003395,-0.7569913,0.01162752,0.6532445
-0.009794054,-0.7701929,0.0118303,0.6376262
-0.009671316,-0.7767388,0.01193084,0.6296356
-0.009546703,-0.7832455,0.01203079,0.6215228
-0.009419983,-0.7897217,0.01213027,0.6132729
-0.009291377,-0.7961532,0.01222905,0.6049002
-0.009028476,-0.8088718,0.01242441,0.5877845
-0.008894172,-0.8151539,0.01252091,0.5790408
-0.008757954,-0.8213814,0.01261656,0.5701726
-0.008619582,-0.827562,0.0127115,0.5611641
-0.008479293,-0.8336822,0.0128055,0.5520308
-0.008192966,-0.8457301,0.01299056,0.5333899
-0.008046908,-0.851653,0.01308154,0.5238811
-0.007898933,-0.8575044,0.01317142,0.5142474
-0.007748771,-0.8632919,0.01326031,0.5044712
-0.007596678,-0.8690025,0.01334803,0.4945695
-0.007286717,-0.8801809,0.01351973,0.4743899
-0.007128846,-0.8856434,0.01360364,0.464112
-0.006969065,-0.8910173,0.01368618,0.4537097
-0.006807357,-0.8963002,0.01376733,0.4431819
-0.006643487,-0.9014967,0.01384715,0.4325134
-0.006310049,-0.9115937,0.01400224,0.4108054
-0.00614049,-0.9164882,0.01407742,0.3997666
-0.005999601,-0.9204349,0.01413804,0.3905942
-0.005895999,-0.9232681,0.01418156,0.3838494
-0.005821533,-0.9252686,0.01421229,0.3790013
-0.005761321,-0.9268647,0.0142368,0.3750813
-0.005761321,-0.9268647,0.0142368,0.3750813
-0.005761321,-0.9268647,0.0142368,0.3750813
-0.005761321,-0.9268647,0.0142368,0.3750813
-0.005761321,-0.9268647,0.0142368,0.3750813
-0.005761321,-0.9268647,0.0142368,0.3750813
-0.005761321,-0.9268647,0.0142368,0.3750813
-0.005761321,-0.9268647,0.0142368,0.3750813
-0.005761321,-0.9268647,0.0142368,0.3750813
-0.005761321,-0.9268647,0.0142368,0.3750813
-0.005761321,-0.9268647,0.0142368,0.3750813
-0.005761321,-0.9268647,0.0142368,0.3750813
-0.005761321,-0.9268647,0.0142368,0.3750813
-0.005761321,-0.9268647,0.0142368,0.3750813
-0.005761321,-0.9268647,0.0142368,0.3750813
-0.005761321,-0.9268647,0.0142368,0.3750813
-0.005761321,-0.9268647,0.0142368,0.3750813
-0.005761321,-0.9268647,0.0142368,0.3750813
-0.005761321,-0.9268647,0.0142368,0.3750813
-0.005761321,-0.9268647,0.0142368,0.3750813
-0.005761321,-0.9268647,0.0142368,0.3750813
-0.005761321,-0.9268647,0.0142368,0.3750813
-0.005761321,-0.9268647,0.0142368,0.3750813
-0.005761321,-0.9268647,0.0142368,0.3750813
-0.005761321,-0.9268647,0.0142368,0.3750813
-0.005761321,-0.9268647,0.0142368,0.3750813
-0.005761321,-0.9268647,0.0142368,0.3750813
-0.005761321,-0.9268647,0.0142368,0.3750813
-0.005761321,-0.9268647,0.0142368,0.3750813
-0.005761321,-0.9268647,0.0142368,0.3750813
-0.005761321,-0.9268647,0.0142368,0.3750813
-0.00576033,-0.9268908,0.0142372,0.3750169
-0.005758352,-0.9269429,0.014238,0.3748881
-0.00575511,-0.9270282,0.01423932,0.374677
-0.005750878,-0.9271395,0.01424102,0.3744015
-0.005739442,-0.9274398,0.01424564,0.373657
-0.005731959,-0.927636,0.01424865,0.3731698
-0.005723475,-0.9278579,0.01425206,0.3726175
-0.005714006,-0.9281052,0.01425586,0.372001
-0.005703548,-0.9283779,0.01426005,0.3713202
-0.005679649,-0.9289988,0.01426958,0.3697642
-0.005666211,-0.9293464,0.01427492,0.3688894
-0.005651495,-0.9297261,0.01428076,0.3679313
-0.005635775,-0.9301305,0.01428697,0.3669079
-0.005619059,-0.930559,0.01429355,0.3658196
-0.005582615,-0.9314882,0.01430782,0.363447
-0.005562888,-0.9319884,0.01431551,0.3621626
-0.005541877,-0.9325188,0.01432365,0.3607948
-0.005519861,-0.9330721,0.01433215,0.3593614
-0.005496835,-0.933648,0.014341,0.3578624
-0.005447745,-0.9348668,0.01435972,0.3546665
-0.005421681,-0.9355087,0.01436958,0.3529696
-0.005394313,-0.936179,0.01437988,0.3511879
-0.005365923,-0.9368703,0.01439049,0.3493396
-0.005336517,-0.937582,0.01440143,0.3474252
-0.005274636,-0.939065,0.01442421,0.3433965
-0.00524189,-0.9398418,0.01443614,0.3412647
-0.005208101,-0.9406376,0.01444836,0.3390649
-0.005173283,-0.9414517,0.01446087,0.3367981
-0.005137428,-0.9422835,0.01447364,0.3344638
-0.005062589,-0.9439988,0.01449999,0.3295916
-0.005023321,-0.9448875,0.01451364,0.3270351
-0.004983006,-0.9457918,0.01452753,0.3244104
-0.004941648,-0.946711,0.01454165,0.3217179
-0.004899253,-0.9476445,0.01455599,0.3189579
-0.004811266,-0.9495533,0.01458531,0.3132296
-0.004765402,-0.950533,0.01460036,0.3102437
-0.004718496,-0.9515243,0.01461559,0.30719
-0.004670509,-0.9525273,0.01463099,0.3040658
-0.004621463,-0.9535407,0.01464656,0.3008727
-0.004571328,-0.9545643,0.01466228,0.2976088
-0.004467276,-0.9566501,0.01469432,0.2908347
-0.004413633,-0.9577048,0.01471052,0.2873423
-0.004358915,-0.9587665,0.01472683,0.28378
-0.004303108,-0.9598344,0.01474323,0.2801467
-0.00418824,-0.9619855,0.01477627,0.2726685
-0.004128874,-0.9630727,0.01479297,0.2688035
-0.004068411,-0.9641626,0.01480971,0.2648672
-0.004006847,-0.9652547,0.01482649,0.2608591
-0.003944185,-0.9663479,0.01484328,0.2567796
-0.003880426,-0.9674414,0.01486008,0.2526287
-0.003749273,-0.969631,0.01489371,0.2440902
-0.003681896,-0.9707247,0.01491051,0.2397037
-0.003613409,-0.9718148,0.01492725,0.2352449
-0.003543806,-0.9729005,0.01494393,0.2307135
-0.00340125,-0.9750547,0.01497702,0.2214327
-0.003327994,-0.9761256,0.01499347,0.2166635
-0.003253633,-0.9771875,0.01500978,0.2118223
-0.003178138,-0.97824,0.01502595,0.2069073
-0.003101517,-0.9792818,0.01504195,0.201919
-0.002944912,-0.9813288,0.01507339,0.1917235
-0.002864614,-0.9823357,0.01508886,0.1864959
-0.002783189,-0.9833273,0.01510409,0.1811948
-0.002700644,-0.9843025,0.01511906,0.1758208
-0.00261696,-0.9852601,0.01513377,0.1703727
-0.002532136,-0.9861991,0.0151482,0.1648504
-0.002358509,-0.9880221,0.0151762,0.1535466
-0.002269986,-0.9889005,0.01518969,0.1477835
-0.002180325,-0.9897552,0.01520282,0.1419463
-0.002089552,-0.9905848,0.01521556,0.1360366
-0.001997636,-0.9913881,0.0152279,0.1300526
-0.001809807,-0.9929157,0.01525137,0.1178243
-0.001714216,-0.9936345,0.01526241,0.111601
-0.001618557,-0.9943142,0.01527285,0.1053733
-0.001555953,-0.9947376,0.01527935,0.1012975
-0.001529148,-0.9949138,0.01528206,0.09955249
-0.001533548,-0.9948851,0.01528162,0.0998389
-0.001539002,-0.9948494,0.01528107,0.100194
-0.001545523,-0.9948065,0.01528041,0.1006185
-0.001553102,-0.9947565,0.01527964,0.101112
-0.001561743,-0.9946992,0.01527876,0.1016745
-0.0015828,-0.9945581,0.0152766,0.1030454
-0.001594915,-0.9944761,0.01527533,0.1038341
-0.001608096,-0.9943861,0.01527395,0.1046922
-0.001622333,-0.9942881,0.01527245,0.1056191
-0.001637634,-0.9941818,0.01527081,0.1066153
-0.001672009,-0.9939392,0.01526709,0.1088532
-0.001690777,-0.9938046,0.01526502,0.1100751
-0.001710602,-0.9936609,0.01526281,0.1113657
-0.001731482,-0.9935076,0.01526046,0.1127251
-0.001753425,-0.9933444,0.01525795,0.1141537
-0.001801078,-0.992983,0.0152524,0.117256
-0.001826477,-0.9927863,0.01524938,0.1189096
-0.001852938,-0.9925785,0.01524619,0.1206323
-0.001880446,-0.9923592,0.01524282,0.1224232
-0.00190901,-0.992128,0.01523927,0.1242828
-0.001969892,-0.9916235,0.01523152,0.1282464
-0.002001905,-0.9913517,0.01522734,0.1303306
-0.002034948,-0.9910665,0.01522296,0.1324818
-0.002069056,-0.9907671,0.01521836,0.1347024
-0.002104509,-0.9904506,0.0152135,0.1370104
-0.002178539,-0.9897719,0.01520308,0.1418301
-0.002217127,-0.9894087,0.0151975,0.1443422
-0.002256751,-0.9890289,0.01519166,0.1469219
-0.002297412,-0.988632,0.01518557,0.1495691
-0.002339406,-0.9882146,0.01517916,0.152303
-0.002426484,-0.9873242,0.01516548,0.1579721
-0.002471584,-0.9868499,0.0151582,0.1609083
-0.002517719,-0.9863555,0.0151506,0.1639118
-0.002564871,-0.9858404,0.01514269,0.1669815
-0.002613052,-0.985304,0.01513445,0.1701183
-0.002713073,-0.9841575,0.01511684,0.17663
-0.002764622,-0.9835493,0.0151075,0.179986
-0.002817195,-0.9829168,0.01509778,0.1834087
-0.002870769,-0.9822596,0.01508769,0.1868965
-0.002925365,-0.9815766,0.0150772,0.1904509
-0.003038166,-0.9801232,0.01505487,0.1977946
-0.003096069,-0.9793549,0.01504307,0.2015644
-0.003154968,-0.9785579,0.01503083,0.2053988
-0.00321486,-0.9777313,0.01501813,0.209298
-0.003276012,-0.9768707,0.01500491,0.2132792
-0.003401306,-0.9750539,0.01497701,0.2214363
-0.003465426,-0.9740965,0.0149623,0.2256107
-0.003530522,-0.9731053,0.01494707,0.2298487
-0.003596585,-0.9720793,0.01493131,0.2341496
-0.003663908,-0.9710131,0.01491494,0.2385325
-0.00380143,-0.9687698,0.01488048,0.2474857
-0.003871617,-0.967591,0.01486237,0.2520551
-0.003942746,-0.9663729,0.01484366,0.2566859
-0.004014816,-0.9651144,0.01482433,0.2613778
-0.004087826,-0.9638146,0.01480436,0.266131
-0.004237195,-0.9610764,0.01476231,0.2758555
-0.00431325,-0.9596414,0.01474026,0.2808069
-0.004390208,-0.9581611,0.01471753,0.2858172
-0.004468078,-0.9566342,0.01469407,0.2908868
-0.004547135,-0.955054,0.0146698,0.2960337
-0.00470787,-0.9517473,0.01461901,0.3064981
-0.00478955,-0.9500185,0.01459245,0.3118157
-0.004872089,-0.9482379,0.0145651,0.3171893
-0.004955481,-0.9464046,0.01453694,0.3226184
-0.005039974,-0.9445115,0.01450787,0.3281192
-0.005211503,-0.9405578,0.01444714,0.3392862
-0.005298502,-0.9384954,0.01441546,0.3449502
-0.005386311,-0.9363744,0.01438288,0.3506669
-0.005475192,-0.9341869,0.01434928,0.3564533
-0.005564856,-0.9319386,0.01431474,0.3622907
-0.005746494,-0.9272547,0.0142428,0.374116
-0.005838452,-0.9248167,0.01420535,0.3801028
-0.005931142,-0.9223135,0.0141669,0.3861372
-0.005993568,-0.9206015,0.0141406,0.3902014
-0.006019055,-0.9198964,0.01412977,0.3918606
-0.006019055,-0.9198964,0.01412977,0.3918606
-0.006019055,-0.9198964,0.01412977,0.3918606
-0.006019055,-0.9198964,0.01412977,0.3918606
-0.006019055,-0.9198964,0.01412977,0.3918606
-0.006019055,-0.9198964,0.01412977,0.3918606
-0.006019055,-0.9198964,0.01412977,0.3918606
-0.006019055,-0.9198964,0.01412977,0.3918606
-0.006019055,-0.9198964,0.01412977,0.3918606
-0.006019055,-0.9198964,0.01412977,0.3918606
-0.006019055,-0.9198964,0.01412977,0.3918606
-0.006019055,-0.9198964,0.01412977,0.3918606
-0.006019055,-0.9198964,0.01412977,0.3918606
-0.006019055,-0.9198964,0.01412977,0.3918606
-0.006019055,-0.9198964,0.01412977,0.3918606
-0.006019055,-0.9198964,0.01412977,0.3918606
-0.006019055,-0.9198964,0.01412977,0.3918606
-0.006019055,-0.9198964,0.01412977,0.3918606
-0.006019055,-0.9198964,0.01412977,0.3918606
-0.006019055,-0.9198964,0.01412977,0.3918606
-0.006019055,-0.9198964,0.01412977,0.3918606
-0.006019055,-0.9198964,0.01412977,0.3918606
-0.006019055,-0.9198964,0.01412977,0.3918606
-0.006019055,-0.9198964,0.01412977,0.3918606
-0.006019055,-0.9198964,0.01412977,0.3918606
-0.006019055,-0.9198964,0.01412977,0.3918606
-0.006019055,-0.9198964,0.01412977,0.3918606
-0.006019055,-0.9198964,0.01412977,0.3918606
-0.006019055,-0.9198964,0.01412977,0.3918606
-0.006019055,-0.9198964,0.01412977,0.3918606
-0.006019055,-0.9198964,0.01412977,0.3918606
-0.006019055,-0.9198964,0.01412977,0.3918606
-0.006019055,-0.9198964,0.01412977,0.3918606
-0.006019055,-0.9198964,0.01412977,0.3918606
-0.006019055,-0.9198964,0.01412977,0.3918606
-0.006019055,-0.9198964,0.01412977,0.3918606
-0.006019055,-0.9198964,0.01412977,0.3918606
-0.006019055,-0.9198964,0.01412977,0.3918606
-0.006019055,-0.9198964,0.01412977,0.3918606
-0.006019055,-0.9198964,0.01412977,0.3918606
-0.006019055,-0.9198964,0.01412977,0.3918606
-0.006019055,-0.9198964,0.01412977,0.3918606
-0.006019055,-0.9198964,0.01412977,0.3918606
-0.006019055,-0.9198964,0.01412977,0.3918606
-0.006019055,-0.9198964,0.01412977,0.3918606
-0.006019055,-0.9198964,0.01412977,0.3918606
-0.006019055,-0.9198964,0.01412977,0.3918606
-0.006019055,-0.9198964,0.01412977,0.3918606
-0.006019055,-0.9198964,0.01412977,0.3918606
-0.006019055,-0.9198964,0.01412977,0.3918606
-0.006019055,-0.9198964,0.01412977,0.3918606
-0.006019055,-0.9198964,0.01412977,0.3918606
-0.006019055,-0.9198964,0.01412977,0.3918606
-0.006019055,-0.9198964,0.01412977,0.3918606
-0.006019055,-0.9198964,0.01412977,0.3918606
-0.006019055,-0.9198964,0.01412977,0.3918606
-0.006019055,-0.9198964,0.01412977,0.3918606
-0.006019055,-0.9198964,0.01412977,0.3918606
-0.006019055,-0.9198964,0.01412977,0.3918606
-0.006019055,-0.9198964,0.01412977,0.3918606
-0.006019055,-0.9198964,0.01412977,0.3918606
-0.006019055,-0.9198964,0.01412977,0.3918606
-0.006019055,-0.9198964,0.01412977,0.3918606
-0.006019055,-0.9198964,0.01412977,0.3918606
-0.006019055,-0.9198964,0.01412977,0.3918606
-0.006019055,-0.9198964,0.01412977,0.3918606
-0.006019055,-0.9198964,0.01412977,0.3918606
-0.006019055,-0.9198964,0.01412977,0.3918606
-0.006019055,-0.9198964,0.01412977,0.3918606
-0.006019055,-0.9198964,0.01412977,0.3918606
-0.006019055,-0.9198964,0.01412977,0.3918606
-0.006019055,-0.9198964,0.01412977,0.3918606
-0.006019055,-0.9198964,0.01412977,0.3918606
-0.006019055,-0.9198964,0.01412977,0.3918606
-0.006019055,-0.9198964,0.01412977,0.3918606
-0.006019055,-0.9198964,0.01412977,0.3918606
-0.006019055,-0.9198964,0.01412977,0.3918606
-0.006019055,-0.9198964,0.01412977,0.3918606
-0.006019055,-0.9198964,0.01412977,0.3918606
-0.006019055,-0.9198964,0.01412977,0.3918606
-0.006019055,-0.9198964,0.01412977,0.3918606
-0.006019055,-0.9198964,0.01412977,0.3918606
-0.006019055,-0.9198964,0.01412977,0.3918606
-0.006019055,-0.9198964,0.01412977,0.3918606
-0.006019055,-0.9198964,0.01412977,0.3918606
-0.006019055,-0.9198964,0.01412977,0.3918606
-0.006019055,-0.9198964,0.01412977,0.3918606
-0.006019055,-0.9198964,0.01412977,0.3918606
-0.006019055,-0.9198964,0.01412977,0.3918606
-0.006019055,-0.9198964,0.01412977,0.3918606
-0.006019055,-0.9198964,0.01412977,0.3918606
-0.006019055,-0.9198964,0.01412977,0.3918606
-0.006019055,-0.9198964,0.01412977,0.3918606
-0.006019055,-0.9198964,0.01412977,0.3918606
-0.006019055,-0.9198964,0.01412977,0.3918606
-0.006019055,-0.9198964,0.01412977,0.3918606
-0.006019055,-0.9198964,0.01412977,0.3918606
-0.006019055,-0.9198964,0.01412977,0.3918606
-0.006019055,-0.9198964,0.01412977,0.3918606
-0.006019055,-0.9198964,0.01412977,0.3918606
-0.006019055,-0.9198964,0.01412977,0.3918606
-0.006019055,-0.9198964,0.01412977,0.3918606
-0.006019055,-0.9198964,0.01412977,0.3918606
-0.006019055,-0.9198964,0.01412977,0.3918606
-0.006019055,-0.9198964,0.01412977,0.3918606
-0.006019055,-0.9198964,0.01412977,0.3918606
-0.006019055,-0.9198964,0.01412977,0.3918606
-0.006019055,-0.9198964,0.01412977,0.3918606
-0.006019055,-0.9198964,0.01412977,0.3918606
-0.006019055,-0.9198964,0.01412977,0.3918606
-0.006019055,-0.9198964,0.01412977,0.3918606
-0.006019055,-0.9198964,0.01412977,0.3918606
-0.006019055,-0.9198964,0.01412977,0.3918606
-0.006019055,-0.9198964,0.01412977,0.3918606
-0.006019055,-0.9198964,0.01412977,0.3918606
-0.006019055,-0.9198964,0.01412977,0.3918606
-0.006019055,-0.9198964,0.01412977,0.3918606
-0.006019055,-0.9198964,0.01412977,0.3918606
-0.006019055,-0.9198964,0.01412977,0.3918606
-0.006019055,-0.9198964,0.01412977,0.3918606
-0.006019055,-0.9198964,0.01412977,0.3918606
-0.006019055,-0.9198964,0.01412977,0.3918606
-0.006019055,-0.9198964,0.01412977,0.3918606
-0.006019055,-0.9198964,0.01412977,0.3918606
-0.006019055,-0.9198964,0.01412977,0.3918606
-0.006019055,-0.9198964,0.01412977,0.3918606
-0.006019055,-0.9198964,0.01412977,0.3918606
-0.006019055,-0.9198964,0.01412977,0.3918606
-0.006019055,-0.9198964,0.01412977,0.3918606
-0.006019055,-0.9198964,0.01412977,0.3918606
-0.006019055,-0.9198964,0.01412977,0.3918606
-0.006019055,-0.9198964,0.01412977,0.3918606
-0.006019055,-0.9198964,0.01412977,0.3918606
-0.006019055,-0.9198964,0.01412977,0.3918606
-0.006019055,-0.9198964,0.01412977,0.3918606
-0.006019055,-0.9198964,0.01412977,0.3918606
-0.006019055,-0.9198964,0.01412977,0.3918606
-0.006019055,-0.9198964,0.01412977,0.3918606
-0.006019055,-0.9198964,0.01412977,0.3918606
-0.006019055,-0.9198964,0.01412977,0.3918606
-0.006019055,-0.9198964,0.01412977,0.3918606
-0.006019055,-0.9198964,0.01412977,0.3918606
-0.006019055,-0.9198964,0.01412977,0.3918606
-0.006019055,-0.9198964,0.01412977,0.3918606
-0.006019055,-0.9198964,0.01412977,0.3918606
-0.006019055,-0.9198964,0.01412977,0.3918606
-0.006019055,-0.9198964,0.01412977,0.3918606
-0.006019055,-0.9198964,0.01412977,0.3918606
-0.006019055,-0.9198964,0.01412977,0.3918606
-0.006019055,-0.9198964,0.01412977,0.3918606
-0.006019055,-0.9198964,0.01412977,0.3918606
-0.006019055,-0.9198964,0.01412977,0.3918606
-0.006019055,-0.9198964,0.01412977,0.3918606
-0.006019055,-0.9198964,0.01412977,0.3918606
-0.006019055,-0.9198964,0.01412977,0.3918606
-0.006019055,-0.9198964,0.01412977,0.3918606
-0.006019055,-0.9198964,0.01412977,0.3918606
-0.006019055,-0.9198964,0.01412977,0.3918606
-0.006019055,-0.9198964,0.01412977,0.3918606
-0.006019055,-0.9198964,0.01412977,0.3918606
-0.006019055,-0.9198964,0.01412977,0.3918606
-0.006019055,-0.9198964,0.01412977,0.3918606
-0.006019055,-0.9198964,0.01412977,0.3918606
-0.006019055,-0.9198964,0.01412977,0.3918606
-0.006019055,-0.9198964,0.01412977,0.3918606
-0.006019055,-0.9198964,0.01412977,0.3918606
-0.006019055,-0.9198964,0.01412977,0.3918606
-0.006019055,-0.9198964,0.01412977,0.3918606
-0.006019055,-0.9198964,0.01412977,0.3918606
-0.006019055,-0.9198964,0.01412977,0.3918606
-0.006019055,-0.9198964,0.01412977,0.3918606
-0.006019055,-0.9198964,0.01412977,0.3918606
-0.006019055,-0.9198964,0.01412977,0.3918606
-0.006019055,-0.9198964,0.01412977,0.3918606
-0.006019055,-0.9198964,0.01412977,0.3918606
-0.006019055,-0.9198964,0.01412977,0.3918606
-0.006019055,-0.9198964,0.01412977,0.3918606
-0.006019055,-0.9198964,0.01412977,0.3918606
-0.006019055,-0.9198964,0.01412977,0.3918606
-0.006019055,-0.9198964,0.01412977,0.3918606
-0.006019055,-0.9198964,0.01412977,0.3918606
-0.006019055,-0.9198964,0.01412977,0.3918606
-0.006019055,-0.9198964,0.01412977,0.3918606
-0.006019055,-0.9198964,0.01412977,0.3918606
-0.006019055,-0.9198964,0.01412977,0.3918606
-0.006019055,-0.9198964,0.01412977,0.3918606
-0.006019055,-0.9198964,0.01412977,0.3918606
-0.006019055,-0.9198964,0.01412977,0.3918606
-0.006019055,-0.9198964,0.01412977,0.3918606
-0.006019055,-0.9198964,0.01412977,0.3918606
-0.006019055,-0.9198964,0.01412977,0.3918606
-0.006019055,-0.9198964,0.01412977,0.3918606
-0.006019055,-0.9198964,0.01412977,0.3918606
-0.006019055,-0.9198964,0.01412977,0.3918606
-0.006019055,-0.9198964,0.01412977,0.3918606
-0.006019055,-0.9198964,0.01412977,0.3918606
-0.006019055,-0.9198964,0.01412977,0.3918606
-0.006019055,-0.9198964,0.01412977,0.3918606
-0.006020047,-0.9198689,0.01412935,0.3919252
-0.006022013,-0.9198143,0.01412851,0.3920532
-0.006025249,-0.9197246,0.01412713,0.3922639
-0.006029458,-0.9196076,0.01412534,0.392538
-0.006040822,-0.9192915,0.01412048,0.3932778
-0.00604797,-0.9190921,0.01411742,0.3937432
-0.006056095,-0.9188654,0.01411394,0.3942721
-0.006065477,-0.9186031,0.01410991,0.3948829
-0.006075822,-0.9183133,0.01410546,0.3955564
-0.006099466,-0.9176488,0.01409525,0.3970957
-0.006112757,-0.9172738,0.01408949,0.397961
-0.006127016,-0.9168705,0.01408329,0.3988893
-0.006142244,-0.9164385,0.01407666,0.3998807
-0.006158715,-0.9159699,0.01406946,0.400953
-0.006194571,-0.9149445,0.01405371,0.4032874
-0.006213947,-0.9143875,0.01404515,0.4045488
-0.006234284,-0.9138005,0.01403614,0.4058729
-0.006255855,-0.9131755,0.01402654,0.4072772
-0.006278385,-0.9125199,0.01401647,0.4087439
-0.006326317,-0.9111157,0.0139949,0.4118645
-0.006351715,-0.9103664,0.01398339,0.413518
-0.006378063,-0.9095853,0.01397139,0.4152333
-0.006405626,-0.908764,0.01395878,0.4170278
-0.006434111,-0.9079107,0.01394567,0.4188823
-0.00649394,-0.9061034,0.01391791,0.4227774
-0.006525264,-0.9051492,0.01390325,0.4248167
-0.006557792,-0.9041522,0.01388794,0.4269344
-0.006591245,-0.9031206,0.01387209,0.4291122
-0.006625619,-0.902054,0.01385571,0.4313501
-0.006697115,-0.8998134,0.01382129,0.4360048
-0.006734237,-0.8986382,0.01380324,0.4384215
-0.006772278,-0.8974258,0.01378462,0.4408981
-0.006811482,-0.8961673,0.01376529,0.4434504
-0.006851592,-0.8948705,0.01374537,0.4460617
-0.006934484,-0.8921601,0.01370374,0.4514583
-0.00697726,-0.8907454,0.01368201,0.4542431
-0.007021184,-0.8892813,0.01365952,0.4571028
-0.007065959,-0.8877769,0.01363641,0.4600178
-0.007111606,-0.8862307,0.01361266,0.4629895
-0.007205529,-0.8830093,0.01356318,0.4691042
-0.007253774,-0.8813334,0.01353744,0.4722451
-0.007302864,-0.8796135,0.01351102,0.475441
-0.007353059,-0.8778393,0.01348377,0.478709
-0.007404089,-0.8760195,0.01345581,0.4820312
-0.007508607,-0.8722407,0.01339777,0.4888356
-0.007562095,-0.87028,0.01336766,0.4923179
-0.007616645,-0.8682614,0.01333665,0.4958693
-0.007671992,-0.8661936,0.01330489,0.4994726
-0.00772813,-0.8640758,0.01327236,0.5031273
-0.007842733,-0.8596881,0.01320496,0.5105884
-0.0079012,-0.857416,0.01317006,0.5143948
-0.007960651,-0.855082,0.01313421,0.5182652
-0.008020872,-0.8526934,0.01309752,0.5221858
-0.00808183,-0.8502504,0.01306,0.5261544
-0.00820593,-0.8451973,0.01298238,0.5342337
-0.008269046,-0.842586,0.01294227,0.5383429
-0.008333115,-0.8399065,0.01290111,0.542514
-0.008397873,-0.8371682,0.01285905,0.54673
-0.008463314,-0.8343702,0.01281607,0.5509903
-0.008596169,-0.8285937,0.01272735,0.5596397
-0.008663818,-0.825602,0.01268139,0.5640439
-0.008731854,-0.8225584,0.01263464,0.5684733
-0.008800747,-0.8194406,0.01258675,0.5729584
-0.008843143,-0.8175038,0.012557,0.5757185
-0.008858992,-0.8167761,0.01254583,0.5767503
-0.008858992,-0.8167761,0.01254583,0.5767503
-0.008858992,-0.8167761,0.01254583,0.5767503
-0.008858992,-0.8167761,0.01254583,0.5767503
-0.008858992,-0.8167761,0.01254583,0.5767503
-0.008858992,-0.8167761,0.01254583,0.5767503
-0.008858992,-0.8167761,0.01254583,0.5767503
-0.008858992,-0.8167761,0.01254583,0.5767503
-0.008858992,-0.8167761,0.01254583,0.5767503
-0.008858992,-0.8167761,0.01254583,0.5767503
-0.008858992,-0.8167761,0.01254583,0.5767503
-0.008858992,-0.8167761,0.01254583,0.5767503
-0.008858992,-0.8167761,0.01254583,0.5767503
-0.008858992,-0.8167761,0.01254583,0.5767503
-0.008858992,-0.8167761,0.01254583,0.5767503
-0.008858992,-0.8167761,0.01254583,0.5767503
-0.008858992,-0.8167761,0.01254583,0.5767503
-0.008858992,-0.8167761,0.01254583,0.5767503
-0.008858992,-0.8167761,0.01254583,0.5767503
-0.008858992,-0.8167761,0.01254583,0.5767503
-0.008858992,-0.8167761,0.01254583,0.5767503
-0.008858992,-0.8167761,0.01254583,0.5767503
-0.008858992,-0.8167761,0.01254583,0.5767503
-0.008858992,-0.8167761,0.01254583,0.5767503
-0.008858992,-0.8167761,0.01254583,0.5767503
-0.008858992,-0.8167761,0.01254583,0.5767503
-0.008858992,-0.8167761,0.01254583,0.5767503
-0.008858992,-0.8167761,0.01254583,0.5767503
-0.008858992,-0.8167761,0.01254583,0.5767503
-0.008858992,-0.8167761,0.01254583,0.5767503
-0.008858992,-0.8167761,0.01254583,0.5767503
-0.008858992,-0.8167761,0.01254583,0.5767503
-0.008858992,-0.8167761,0.01254583,0.5767503
-0.008858992,-0.8167761,0.01254583,0.5767503
-0.008858992,-0.8167761,0.01254583,0.5767503
-0.008858992,-0.8167761,0.01254583,0.5767503
-0.008858992,-0.8167761,0.01254583,0.5767503
-0.008858992,-0.8167761,0.01254583,0.5767503
-0.008858992,-0.8167761,0.01254583,0.5767503
-0.008858992,-0.8167761,0.01254583,0.5767503
-0.008858992,-0.8167761,0.01254583,0.5767503
-0.008858992,-0.8167761,0.01254583,0.5767503
-0.008858992,-0.8167761,0.01254583,0.5767503
-0.008858992,-0.8167761,0.01254583,0.5767503
-0.008858992,-0.8167761,0.01254583,0.5767503
-0.008858992,-0.8167761,0.01254583,0.5767503
-0.008858992,-0.8167761,0.01254583,0.5767503
-0.008858992,-0.8167761,0.01254583,0.5767503
-0.008858992,-0.8167761,0.01254583,0.5767503
-0.008858992,-0.8167761,0.01254583,0.5767503
-0.008858992,-0.8167761,0.01254583,0.5767503
-0.008858992,-0.8167761,0.01254583,0.5767503
-0.008858992,-0.8167761,0.01254583,0.5767503
-0.008858992,-0.8167761,0.01254583,0.5767503
-0.008858992,-0.8167761,0.01254583,0.5767503
-0.008858992,-0.8167761,0.01254583,0.5767503
-0.008858992,-0.8167761,0.01254583,0.5767503
-0.008858992,-0.8167761,0.01254583,0.5767503
-0.008858992,-0.8167761,0.01254583,0.5767503
-0.008858992,-0.8167761,0.01254583,0.5767503
-0.008858992,-0.8167761,0.01254583,0.5767503
-0.008858992,-0.8167761,0.01254583,0.5767503
-0.008858992,-0.8167761,0.01254583,0.5767503
-0.008858992,-0.8167761,0.01254583,0.5767503
-0.008858992,-0.8167761,0.01254583,0.5767503
-0.008858992,-0.8167761,0.01254583,0.5767503
-0.008858992,-0.8167761,0.01254583,0.5767503
-0.008858992,-0.8167761,0.01254583,0.5767503
-0.008858992,-0.8167761,0.01254583,0.5767503
-0.008858992,-0.8167761,0.01254583,0.5767503
-0.008858992,-0.8167761,0.01254583,0.5767503
-0.008855904,-0.816918,0.01254801,0.5765493
-0.008853042,-0.8170495,0.01255003,0.576363
-0.008849302,-0.8172212,0.01255266,0.5761194
-0.008844697,-0.8174325,0.01255591,0.5758196
-0.008839214,-0.8176838,0.01255977,0.5754627
-0.008825139,-0.818328,0.01256966,0.5745463
-0.00881678,-0.8187099,0.01257553,0.5740021
-0.008807555,-0.8191305,0.01258199,0.5734016
-0.00879745,-0.8195907,0.01258906,0.5727437
-0.008786463,-0.8200901,0.01259673,0.5720284
-0.008761333,-0.8212288,0.01261422,0.5703924
-0.008747439,-0.8218562,0.01262386,0.5694878
-0.008732659,-0.8225222,0.01263409,0.5685256
-0.008716988,-0.8232265,0.01264491,0.5675054
-0.008700431,-0.8239685,0.0126563,0.5664275
-0.008664127,-0.8255883,0.01268118,0.564064
-0.008644624,-0.8264543,0.01269449,0.5627943
-0.008624222,-0.8273572,0.01270836,0.561466
-0.008602905,-0.8282973,0.0127228,0.5600782
-0.008580691,-0.8292735,0.01273779,0.558632
-0.008533011,-0.8313561,0.01276978,0.5555279
-0.008507795,-0.8324507,0.01278659,0.5538862
-0.008481661,-0.8335803,0.01280394,0.5521848
-0.008454601,-0.8347446,0.01282183,0.5504231
-0.008426384,-0.8359531,0.01284039,0.548586
-0.008367086,-0.8384738,0.01287911,0.5447255
-0.008336027,-0.839784,0.01289923,0.5427034
-0.008304029,-0.8411266,0.01291986,0.5406203
-0.008271083,-0.8425013,0.01294097,0.5384754
-0.008237178,-0.843908,0.01296258,0.5362681
-0.008165984,-0.8468355,0.01300755,0.5316331
-0.008128934,-0.848345,0.01303073,0.529221
-0.008090911,-0.8498843,0.01305438,0.5267456
-0.008051918,-0.8514523,0.01307846,0.524207
-0.008011677,-0.8530598,0.01310315,0.5215872
-0.007928253,-0.8563568,0.0131538,0.516156
-0.007885042,-0.8580462,0.01317975,0.5133428
-0.007840829,-0.8597618,0.0132061,0.5104644
-0.007795612,-0.8615027,0.01323284,0.5075206
-0.007749135,-0.8632782,0.01326011,0.5044948
-0.007653103,-0.8669015,0.01331577,0.4982428
-0.00760354,-0.8687481,0.01334413,0.4950161
-0.007552935,-0.8706172,0.01337284,0.4917216
-0.0075013,-0.8725072,0.01340187,0.48836
-0.007448358,-0.8744273,0.01343136,0.4849133
-0.007339314,-0.8783268,0.01349126,0.4778141
-0.007283205,-0.8803041,0.01352163,0.4741612
-0.007226033,-0.8822988,0.01355227,0.4704391
-0.007167782,-0.8843104,0.01358317,0.4666468
-0.007108198,-0.8863466,0.01361445,0.4627678
-0.00698576,-0.8904629,0.01367767,0.4547966
-0.006922895,-0.8925414,0.0137096,0.4507039
-0.006858938,-0.8946319,0.01374171,0.4465401
-0.006793873,-0.8967336,0.01377399,0.4423042
-0.006727421,-0.8988546,0.01380657,0.4379779
-0.006591159,-0.9031232,0.01387214,0.4291067
-0.006521345,-0.9052687,0.01390509,0.4245616
-0.006450396,-0.9074208,0.01393815,0.4199426
-0.006378302,-0.9095781,0.01397129,0.4152491
-0.006304798,-0.9117476,0.01400461,0.4104637
-0.006154333,-0.9160947,0.01407138,0.4006679
-0.00607736,-0.91827,0.0141048,0.3956567
-0.005999229,-0.920445,0.0141382,0.3905702
-0.005919936,-0.9226186,0.01417159,0.3854079
-0.005839184,-0.9247971,0.01420505,0.3801507
-0.00567417,-0.9291406,0.01427177,0.3694077
-0.005589874,-0.9313037,0.014305,0.3639197
-0.005504386,-0.9334594,0.01433811,0.3583542
-0.005417704,-0.9356063,0.01437108,0.3527109
-0.005329566,-0.9377494,0.014404,0.3469729
-0.005149657,-0.9420004,0.0144693,0.3352602
-0.00505788,-0.9441056,0.01450164,0.3292852
-0.004964893,-0.9461954,0.01453373,0.3232314
-0.004870399,-0.9482746,0.01456567,0.3170795
-0.004774696,-0.9503353,0.01459732,0.3108489
-0.004579604,-0.9543962,0.0146597,0.2981477
-0.004480224,-0.9563933,0.01469038,0.2916778
-0.004379618,-0.9583664,0.01472068,0.285128
-0.004277779,-0.960314,0.0147506,0.2784979
-0.004174417,-0.9622401,0.01478019,0.2717687
-0.003964007,-0.9660041,0.014838,0.2580703
-0.003856941,-0.9678393,0.01486619,0.2511
-0.00374865,-0.9696411,0.01489387,0.2440499
-0.003638835,-0.9714125,0.01492108,0.2369005
-0.003527775,-0.9731474,0.01494772,0.2296701
-0.003301953,-0.9765003,0.01499923,0.2149683
-0.003187196,-0.978115,0.01502403,0.2074973
-0.003071212,-0.9796865,0.01504816,0.1999463
-0.002953703,-0.9812168,0.01507167,0.1922961
-0.002834958,-0.9827002,0.01509446,0.1845653
-0.002593791,-0.9855196,0.01513776,0.1688646
-0.002471383,-0.986852,0.01515823,0.1608954
-0.002347742,-0.9881307,0.01517787,0.152846
-0.002222613,-0.9893564,0.0151967,0.1446996
-0.00209627,-0.9905246,0.01521464,0.1364742
-0.00183998,-0.9926806,0.01524776,0.1197889
-0.001710046,-0.9936649,0.01526288,0.1113297
-0.001578924,-0.9945841,0.015277,0.1027933
-0.001446325,-0.9954386,0.01529012,0.09416065
-0.001312565,-0.9962239,0.01530218,0.08545241
-0.001041554,-0.9975802,0.01532302,0.06780867
-0.0009043197,-0.9981473,0.01533173,0.05887424
-0.0007659518,-0.9986379,0.01533926,0.04986602
-0.0006261545,-0.9990508,0.01534561,0.04076475
-0.0004852394,-0.999383,0.01535071,0.0315907
-0.0002000976,-0.9997972,0.01535707,0.013027
-5.589215E-05,-0.9998755,0.01535827,0.003638739
8.938507E-05,-0.9998652,0.01535811,-0.005819299
0.0002360172,-0.999764,0.01535656,-0.01536555
0.0003836933,-0.99957,0.01535358,-0.02497976
0.0006821245,-0.9988954,0.01534322,-0.04440865
0.0008328517,-0.9984108,0.01533577,-0.05422149
0.0009845627,-0.9978254,0.01532678,-0.0640984
0.00113755,-0.9971356,0.01531619,-0.0740584
0.001291479,-0.9963407,0.01530398,-0.08407965
0.001602108,-0.994427,0.01527458,-0.1043027
0.001758769,-0.9933044,0.01525734,-0.1145018
0.001916603,-0.9920658,0.01523831,-0.1247774
0.00207529,-0.9907118,0.01521752,-0.1351084
0.002234812,-0.98924,0.01519491,-0.1454939
0.002556243,-0.9859353,0.01514415,-0.1664201
0.002718113,-0.9840986,0.01511593,-0.1769584
0.002881016,-0.9821324,0.01508573,-0.1875639
0.003044624,-0.9800382,0.01505357,-0.1982154
0.003208921,-0.977814,0.0150194,-0.2089116
0.003539462,-0.9729675,0.01494496,-0.230431
0.00370565,-0.9703414,0.01490462,-0.2412504
0.003872409,-0.9675775,0.01486217,-0.252107
0.004040008,-0.9646686,0.01481749,-0.2630183
0.004208115,-0.9616178,0.01477062,-0.2739626
0.004545721,-0.9550824,0.01467024,-0.2959419
0.004715168,-0.9515942,0.01461666,-0.3069735
0.004885265,-0.9479505,0.01456069,-0.3180474
0.005055716,-0.9441547,0.01450239,-0.3291443
0.005226474,-0.9402055,0.01444173,-0.3402613
0.005568762,-0.9318396,0.01431322,-0.3625453
0.005740223,-0.9274192,0.01424533,-0.3737081
0.005912124,-0.9228308,0.01417485,-0.3848994
0.006084132,-0.9180799,0.01410187,-0.3960977
0.006256208,-0.9131651,0.01402638,-0.4073004
0.006600424,-0.9028364,0.01386773,-0.4297101
0.006772738,-0.8974109,0.01378439,-0.4409283
0.006944951,-0.8918148,0.01369844,-0.45214
0.007117025,-0.8860462,0.01360983,-0.4633425
0.007288897,-0.8801043,0.01351856,-0.474532
0.007545436,-0.8708925,0.01337707,-0.4912336
0.007630758,-0.8677359,0.01332858,-0.4967884
0.007680518,-0.8658731,0.01329997,-0.5000278
0.007702508,-0.8650448,0.01328724,-0.5014595
0.007702508,-0.8650448,0.01328724,-0.5014595
0.007702508,-0.8650448,0.01328724,-0.5014595
0.007702508,-0.8650448,0.01328724,-0.5014595
0.007702508,-0.8650448,0.01328724,-0.5014595
0.007702508,-0.8650448,0.01328724,-0.5014595
0.007702508,-0.8650448,0.01328724,-0.5014595
0.007702508,-0.8650448,0.01328724,-0.5014595
0.007702508,-0.8650448,0.01328724,-0.5014595
0.007702508,-0.8650448,0.01328724,-0.5014595
0.007702508,-0.8650448,0.01328724,-0.5014595
0.007702508,-0.8650448,0.01328724,-0.5014595
0.007702508,-0.8650448,0.01328724,-0.5014595
0.007702508,-0.8650448,0.01328724,-0.5014595
0.007702508,-0.8650448,0.01328724,-0.5014595
0.007702508,-0.8650448,0.01328724,-0.5014595
0.007702508,-0.8650448,0.01328724,-0.5014595
0.007702508,-0.8650448,0.01328724,-0.5014595
0.007702508,-0.8650448,0.01328724,-0.5014595
0.007702508,-0.8650448,0.01328724,-0.5014595
0.007702508,-0.8650448,0.01328724,-0.5014595
0.007702508,-0.8650448,0.01328724,-0.5014595
0.007702508,-0.8650448,0.01328724,-0.5014595
0.007702508,-0.8650448,0.01328724,-0.5014595
0.007702508,-0.8650448,0.01328724,-0.5014595
0.007702508,-0.8650448,0.01328724,-0.5014595
0.007702508,-0.8650448,0.01328724,-0.5014595
0.007702508,-0.8650448,0.01328724,-0.5014595
0.007702508,-0.8650448,0.01328724,-0.5014595
0.007702508,-0.8650448,0.01328724,-0.5014595
0.007702508,-0.8650448,0.01328724,-0.5014595
0.007702508,-0.8650448,0.01328724,-0.5014595
0.007702508,-0.8650448,0.01328724,-0.5014595
0.007702508,-0.8650448,0.01328724,-0.5014595
0.007702508,-0.8650448,0.01328724,-0.5014595
0.007702508,-0.8650448,0.01328724,-0.5014595
0.007702508,-0.8650448,0.01328724,-0.5014595
0.007702508,-0.8650448,0.01328724,-0.5014595
0.007702508,-0.8650448,0.01328724,-0.5014595
0.007702508,-0.8650448,0.01328724,-0.5014595
0.007702508,-0.8650448,0.01328724,-0.5014595
0.007702508,-0.8650448,0.01328724,-0.5014595
0.007702508,-0.8650448,0.01328724,-0.5014595
0.007702508,-0.8650448,0.01328724,-0.5014595
0.007702508,-0.8650448,0.01328724,-0.5014595
0.007702508,-0.8650448,0.01328724,-0.5014595
0.007702508,-0.8650448,0.01328724,-0.5014595
0.007702508,-0.8650448,0.01328724,-0.5014595
0.007702508,-0.8650448,0.01328724,-0.5014595
0.007702508,-0.8650448,0.01328724,-0.5014595
0.007702508,-0.8650448,0.01328724,-0.5014595
0.007702508,-0.8650448,0.01328724,-0.5014595
0.007702508,-0.8650448,0.01328724,-0.5014595
0.007702508,-0.8650448,0.01328724,-0.5014595
0.007702508,-0.8650448,0.01328724,-0.5014595
0.007702508,-0.8650448,0.01328724,-0.5014595
0.007702508,-0.8650448,0.01328724,-0.5014595
0.007702508,-0.8650448,0.01328724,-0.5014595
0.007702508,-0.8650448,0.01328724,-0.5014595
0.007702508,-0.8650448,0.01328724,-0.5014595
0.007702508,-0.8650448,0.01328724,-0.5014595
0.007702508,-0.8650448,0.01328724,-0.5014595
0.007702508,-0.8650448,0.01328724,-0.5014595
0.007702508,-0.8650448,0.01328724,-0.5014595
0.007702508,-0.8650448,0.01328724,-0.5014595
0.007702508,-0.8650448,0.01328724,-0.5014595
0.007702508,-0.8650448,0.01328724,-0.5014595
0.007702508,-0.8650448,0.01328724,-0.5014595
0.007702508,-0.8650448,0.01328724,-0.5014595
0.007702508,-0.8650448,0.01328724,-0.5014595
0.007702508,-0.8650448,0.01328724,-0.5014595
0.007702508,-0.8650448,0.01328724,-0.5014595
0.007702508,-0.8650448,0.01328724,-0.5014595
0.007702508,-0.8650448,0.01328724,-0.5014595
0.007702508,-0.8650448,0.01328724,-0.5014595
0.007702508,-0.8650448,0.01328724,-0.5014595
0.007702508,-0.8650448,0.01328724,-0.5014595
0.007701572,-0.8650802,0.01328779,-0.5013986
0.007696438,-0.8652737,0.01329076,-0.5010643
0.007692482,-0.8654228,0.01329305,-0.5008068
0.007687607,-0.8656064,0.01329587,-0.5004894
0.007681809,-0.8658246,0.01329922,-0.500112
0.007675081,-0.8660775,0.01330311,-0.4996739
0.007658315,-0.8667063,0.01331276,-0.4985825
0.007648542,-0.867072,0.01331838,-0.4979462
0.007637838,-0.8674717,0.01332452,-0.4972494
0.007626213,-0.8679051,0.01333118,-0.4964925
0.007613404,-0.8683817,0.0133385,-0.4956586
0.007584954,-0.8694363,0.0133547,-0.4938065
0.007569325,-0.8700134,0.01336356,-0.4927889
0.00755275,-0.8706237,0.01337294,-0.4917099
0.007535243,-0.8712664,0.01338281,-0.4905701
0.007516535,-0.871951,0.01339332,-0.4893522
0.007496884,-0.8726678,0.01340433,-0.4880728
0.007454269,-0.8742137,0.01342808,-0.4852984
0.007431523,-0.8750341,0.01344068,-0.4838176
0.007407811,-0.8758859,0.01345377,-0.4822739
0.007382897,-0.8767771,0.01346745,-0.4806519
0.007357028,-0.8776982,0.0134816,-0.4789677
0.007302369,-0.8796307,0.01351129,-0.4754092
0.007273329,-0.8806499,0.01352694,-0.4735187
0.007243318,-0.8816977,0.01354303,-0.4715649
0.007212327,-0.8827738,0.01355956,-0.4695472
0.007180346,-0.8838781,0.01357653,-0.4674651
0.007113412,-0.8861691,0.01361172,-0.4631075
0.007078451,-0.8873547,0.01362993,-0.4608314
0.007042498,-0.8885664,0.01364854,-0.4584908
0.007005543,-0.8898038,0.01366754,-0.4560848
0.006967334,-0.8910745,0.01368706,-0.4535973
0.006887883,-0.8936887,0.01372722,-0.4484248
0.006846645,-0.8950307,0.01374783,-0.44574
0.006804151,-0.8964032,0.01376891,-0.4429735
0.006760613,-0.8977983,0.01379034,-0.440139
0.006716041,-0.8992151,0.0138121,-0.4372373
0.00662381,-0.9021101,0.01385657,-0.4312327
0.006576112,-0.9035879,0.01387927,-0.4281273
0.006527134,-0.9050918,0.01390237,-0.4249387
0.006477358,-0.9066063,0.01392563,-0.4216982
0.006426529,-0.9081381,0.01394916,-0.418389
0.006374391,-0.9096942,0.01397306,-0.4149947
0.006266376,-0.9128695,0.01402184,-0.4079625
0.006210756,-0.9144791,0.01404656,-0.4043415
0.00615407,-0.916102,0.01407149,-0.4006511
0.006096292,-0.9177379,0.01409662,-0.3968895
0.005977483,-0.9210444,0.01414741,-0.3891546
0.005916432,-0.9227137,0.01417305,-0.3851801
0.005854279,-0.9243925,0.01419883,-0.3811337
0.005790772,-0.9260863,0.01422485,-0.3769991
0.005726153,-0.9277878,0.01425098,-0.3727922
0.00559357,-0.9312096,0.01430354,-0.3641606
0.005525337,-0.9329346,0.01433004,-0.3597184
0.005486336,-0.9339097,0.01434502,-0.3571793
0.005478031,-0.9341162,0.01434819,-0.3566386
0.005478031,-0.9341162,0.01434819,-0.3566386
0.005478031,-0.9341162,0.01434819,-0.3566386
0.005478031,-0.9341162,0.01434819,-0.3566386
0.005478031,-0.9341162,0.01434819,-0.3566386
0.005478031,-0.9341162,0.01434819,-0.3566386
0.005478031,-0.9341162,0.01434819,-0.3566386
0.005478031,-0.9341162,0.01434819,-0.3566386
0.005478031,-0.9341162,0.01434819,-0.3566386
0.005478031,-0.9341162,0.01434819,-0.3566386
0.005478031,-0.9341162,0.01434819,-0.3566386
0.005478031,-0.9341162,0.01434819,-0.3566386
0.005478031,-0.9341162,0.01434819,-0.3566386
0.005478031,-0.9341162,0.01434819,-0.3566386
0.005478031,-0.9341162,0.01434819,-0.3566386
0.005478031,-0.9341162,0.01434819,-0.3566386
0.005478031,-0.9341162,0.01434819,-0.3566386
0.005478031,-0.9341162,0.01434819,-0.3566386
0.005478031,-0.9341162,0.01434819,-0.3566386
0.005478031,-0.9341162,0.01434819,-0.3566386
0.005478031,-0.9341162,0.01434819,-0.3566386
0.005478031,-0.9341162,0.01434819,-0.3566386
0.005478031,-0.9341162,0.01434819,-0.3566386
0.005478031,-0.9341162,0.01434819,-0.3566386
0.005478031,-0.9341162,0.01434819,-0.3566386
0.005478031,-0.9341162,0.01434819,-0.3566386
0.005478031,-0.9341162,0.01434819,-0.3566386
0.005478031,-0.9341162,0.01434819,-0.3566386
0.005478031,-0.9341162,0.01434819,-0.3566386
0.005478031,-0.9341162,0.01434819,-0.3566386
0.005478031,-0.9341162,0.01434819,-0.3566386
0.005478031,-0.9341162,0.01434819,-0.3566386
0.005478031,-0.9341162,0.01434819,-0.3566386
0.005478031,-0.9341162,0.01434819,-0.3566386
0.005478031,-0.9341162,0.01434819,-0.3566386
0.005478031,-0.9341162,0.01434819,-0.3566386
0.005478031,-0.9341162,0.01434819,-0.3566386
0.005478031,-0.9341162,0.01434819,-0.3566386
0.005478031,-0.9341162,0.01434819,-0.3566386
0.005478031,-0.9341162,0.01434819,-0.3566386
0.005478031,-0.9341162,0.01434819,-0.3566386
0.005478031,-0.9341162,0.01434819,-0.3566386
0.005478031,-0.9341162,0.01434819,-0.3566386
0.005478031,-0.9341162,0.01434819,-0.3566386
0.005478031,-0.9341162,0.01434819,-0.3566386
0.005478031,-0.9341162,0.01434819,-0.3566386
0.005478031,-0.9341162,0.01434819,-0.3566386
0.005478031,-0.9341162,0.01434819,-0.3566386
0.005478031,-0.9341162,0.01434819,-0.3566386
0.005478031,-0.9341162,0.01434819,-0.3566386
0.005478031,-0.9341162,0.01434819,-0.3566386
0.005478031,-0.9341162,0.01434819,-0.3566386
0.005478031,-0.9341162,0.01434819,-0.3566386
0.005478031,-0.9341162,0.01434819,-0.3566386
0.005478031,-0.9341162,0.01434819,-0.3566386
0.005478031,-0.9341162,0.01434819,-0.3566386
0.005478031,-0.9341162,0.01434819,-0.3566386
0.005478031,-0.9341162,0.01434819,-0.3566386
0.005478031,-0.9341162,0.01434819,-0.3566386
0.005478031,-0.9341162,0.01434819,-0.3566386
0.005478031,-0.9341162,0.01434819,-0.3566386
0.005478031,-0.9341162,0.01434819,-0.3566386
0.005478031,-0.9341162,0.01434819,-0.3566386
0.005478031,-0.9341162,0.01434819,-0.3566386
0.005478031,-0.9341162,0.01434819,-0.3566386
0.005478031,-0.9341162,0.01434819,-0.3566386
0.005478031,-0.9341162,0.01434819,-0.3566386
0.005478031,-0.9341162,0.01434819,-0.3566386
0.005478031,-0.9341162,0.01434819,-0.3566386
0.005478031,-0.9341162,0.01434819,-0.3566386
0.005478031,-0.9341162,0.01434819,-0.3566386
0.005476496,-0.9341544,0.01434878,-0.3565387
0.005473719,-0.9342232,0.01434983,-0.3563579
0.005465672,-0.934423,0.0143529,-0.355834
0.005460135,-0.9345602,0.01435501,-0.3554735
0.005453598,-0.934722,0.0143575,-0.3550479
0.005446055,-0.9349083,0.01436036,-0.3545569
0.005427967,-0.9353541,0.0143672,-0.3533792
0.005417163,-0.9356195,0.01437128,-0.3526759
0.005405353,-0.935909,0.01437573,-0.351907
0.005392533,-0.9362224,0.01438054,-0.3510724
0.005378703,-0.9365596,0.01438572,-0.350172
0.005363869,-0.93692,0.01439126,-0.3492063
0.00533043,-0.9377285,0.01440368,-0.3470293
0.005312313,-0.9381642,0.01441037,-0.3458498
0.005293188,-0.9386222,0.0144174,-0.3446047
0.005273038,-0.9391029,0.01442479,-0.3432929
0.0052297,-0.9401294,0.01444056,-0.3404715
0.005206239,-0.9406812,0.01444903,-0.3389441
0.005181764,-0.9412538,0.01445783,-0.3373507
0.00515626,-0.9418473,0.01446694,-0.3356902
0.00512974,-0.9424608,0.01447637,-0.3339637
0.005073612,-0.9437477,0.01449613,-0.3303095
0.005043989,-0.9444205,0.01450647,-0.328381
0.005013085,-0.9451177,0.01451718,-0.326369
0.005012714,-0.945126,0.0145173,-0.3263449
0.005012714,-0.945126,0.0145173,-0.3263449
0.005012714,-0.945126,0.0145173,-0.3263449
0.005012714,-0.945126,0.0145173,-0.3263449
0.005012714,-0.945126,0.0145173,-0.3263449
0.005012714,-0.945126,0.0145173,-0.3263449
0.005012714,-0.945126,0.0145173,-0.3263449
0.005012714,-0.945126,0.0145173,-0.3263449
0.005012714,-0.945126,0.0145173,-0.3263449
0.005012714,-0.945126,0.0145173,-0.3263449
0.005012714,-0.945126,0.0145173,-0.3263449
0.005012714,-0.945126,0.0145173,-0.3263449
0.005012714,-0.945126,0.0145173,-0.3263449
0.005012714,-0.945126,0.0145173,-0.3263449
0.005012714,-0.945126,0.0145173,-0.3263449
0.005012714,-0.945126,0.0145173,-0.3263449
0.005012714,-0.945126,0.0145173,-0.3263449
0.005012714,-0.945126,0.0145173,-0.3263449
0.005012714,-0.945126,0.0145173,-0.3263449
0.005012714,-0.945126,0.0145173,-0.3263449
0.005012714,-0.945126,0.0145173,-0.3263449
0.005012714,-0.945126,0.0145173,-0.3263449
0.005012714,-0.945126,0.0145173,-0.3263449
0.005012714,-0.945126,0.0145173,-0.3263449
0.005012714,-0.945126,0.0145173,-0.3263449
0.005012714,-0.945126,0.0145173,-0.3263449
0.005012714,-0.945126,0.0145173,-0.3263449
0.005012714,-0.945126,0.0145173,-0.3263449
0.005012714,-0.945126,0.0145173,-0.3263449
0.005012714,-0.945126,0.0145173,-0.3263449
0.005012714,-0.945126,0.0145173,-0.3263449
0.005012714,-0.945126,0.0145173,-0.3263449
0.005012714,-0.945126,0.0145173,-0.3263449
0.005012714,-0.945126,0.0145173,-0.3263449
0.005012714,-0.945126,0.0145173,-0.3263449
0.005012714,-0.945126,0.0145173,-0.3263449
0.005012714,-0.945126,0.0145173,-0.3263449
0.005012714,-0.945126,0.0145173,-0.3263449
0.005012714,-0.945126,0.0145173,-0.3263449
0.005012714,-0.945126,0.0145173,-0.3263449
0.005012714,-0.945126,0.0145173,-0.3263449
0.005012714,-0.945126,0.0145173,-0.3263449
0.005012714,-0.945126,0.0145173,-0.3263449
0.005012714,-0.945126,0.0145173,-0.3263449
0.005013981,-0.9450975,0.01451687,-0.3264274
0.005016255,-0.9450464,0.01451608,-0.3265755
0.005019828,-0.9449659,0.01451484,-0.3268081
0.005029446,-0.9447492,0.01451152,-0.3274342
0.005036024,-0.9446006,0.01450923,-0.3278625
0.005043628,-0.9444287,0.01450659,-0.3283575
0.005043628,-0.9444287,0.01450659,-0.3283575
0.005053267,-0.9442102,0.01450324,-0.3289851
0.005075564,-0.9437032,0.01449545,-0.3304367
0.005088226,-0.9434142,0.01449101,-0.331261
0.00510188,-0.9431015,0.01448621,-0.33215
0.005116542,-0.9427649,0.01448104,-0.3331045
0.005132205,-0.942404,0.01447549,-0.3341242
0.005167095,-0.9415955,0.01446307,-0.3363957
0.005186034,-0.9411541,0.01445629,-0.3376287
0.005205964,-0.9406877,0.01444913,-0.3389262
0.005226886,-0.9401957,0.01444157,-0.3402883
0.005249082,-0.9396715,0.01443352,-0.3417333
0.005296448,-0.9385443,0.01441621,-0.344817
0.005321608,-0.9379409,0.01440694,-0.346455
0.005347752,-0.9373104,0.01439725,-0.348157
0.005374874,-0.9366526,0.01438715,-0.3499228
0.005403264,-0.9359601,0.01437651,-0.3517711
0.005462947,-0.9344906,0.01435394,-0.3556566
0.005494262,-0.9337121,0.01434198,-0.3576953
0.005526545,-0.9329042,0.01432957,-0.3597971
0.005559786,-0.9320667,0.01431671,-0.3619612
0.005594268,-0.9311918,0.01430327,-0.3642061
0.005666113,-0.9293487,0.01427496,-0.3688835
0.005703477,-0.9283795,0.01426007,-0.371316
0.005741792,-0.927378,0.01424469,-0.3738104
0.005781054,-0.9263436,0.0142288,-0.3763665
0.005821527,-0.9252687,0.01421229,-0.3790014
0.005905299,-0.9230159,0.01417769,-0.3844553
0.00594858,-0.9218371,0.01415958,-0.387273
0.005992789,-0.9206227,0.01414093,-0.3901512
0.006038196,-0.9193643,0.0141216,-0.3931073
0.006084514,-0.9180691,0.0141017,-0.3961228
0.006179916,-0.9153641,0.01406016,-0.4023338
0.006228968,-0.913954,0.01403849,-0.4055272
0.006278924,-0.912504,0.01401622,-0.4087795
0.00632976,-0.9110141,0.01399334,-0.4120891
0.006381766,-0.909475,0.0139697,-0.4154749
0.006488407,-0.9062713,0.01392049,-0.4224176
0.006543035,-0.9046051,0.0138949,-0.4259741
0.00659852,-0.9028953,0.01386863,-0.4295863
0.006654879,-0.9011404,0.01384168,-0.4332554
0.006712335,-0.8993323,0.01381391,-0.4369961
0.006829758,-0.8955774,0.01375623,-0.4446407
0.006889725,-0.8936284,0.01372629,-0.4485447
0.006950516,-0.8916309,0.01369561,-0.4525024
0.007012377,-0.8895756,0.01366404,-0.4565298
0.007075021,-0.8874707,0.01363171,-0.4606082
0.007202749,-0.8831052,0.01356465,-0.4689236
0.007267767,-0.8808445,0.01352993,-0.4731565
0.007333571,-0.8785298,0.01349438,-0.4774406
0.00740013,-0.876161,0.01345799,-0.4817739
0.007467706,-0.8737275,0.01342061,-0.4861733
0.007605075,-0.8686908,0.01334325,-0.4951165
0.007674843,-0.8660863,0.01330324,-0.4996586
0.007745311,-0.8634233,0.01326234,-0.5042464
0.007816746,-0.8606904,0.01322036,-0.508897
0.007888866,-0.8578969,0.01317745,-0.5135922
0.008035115,-0.8521246,0.01308879,-0.5231135
0.008109228,-0.8491437,0.013043,-0.5279385
0.00818398,-0.8460985,0.01299622,-0.5328052
0.008259621,-0.8429774,0.01294828,-0.5377296
0.008335877,-0.8397899,0.01289932,-0.5426942
0.008490184,-0.8332121,0.01279829,-0.5527402
0.00856822,-0.8298195,0.01274618,-0.5578206
0.008646799,-0.8263576,0.012693,-0.5629363
0.008726179,-0.8228134,0.01263856,-0.5681041
0.00880609,-0.8191969,0.01258301,-0.5733067
0.00896744,-0.8117443,0.01246854,-0.5838111
0.009048853,-0.8079058,0.01240958,-0.5891114
0.009130977,-0.8039799,0.01234928,-0.594458
0.009213315,-0.7999887,0.01228797,-0.5998185
0.009296339,-0.7959074,0.01222528,-0.6052237
0.009463594,-0.7875084,0.01209627,-0.6161125
0.009547809,-0.7831881,0.01202991,-0.6215952
0.009632622,-0.7787739,0.01196211,-0.6271168
0.009717779,-0.7742767,0.01189303,-0.6326609
0.009803257,-0.7696961,0.01182267,-0.6382258
0.009975127,-0.7602791,0.01167803,-0.6494151
0.01006147,-0.7554411,0.01160371,-0.6550365
0.01014807,-0.7505155,0.01152806,-0.6606743
0.01023512,-0.7454887,0.01145084,-0.6663413
0.01032236,-0.7403728,0.01137226,-0.672021
0.01049737,-0.7298686,0.01121092,-0.683415
0.0105851,-0.7244786,0.01112812,-0.6891262
0.01067294,-0.7189955,0.0110439,-0.694845
0.01076108,-0.7134051,0.01095803,-0.7005836
0.01084929,-0.7077199,0.01087071,-0.7063261
0.0110258,-0.6960618,0.01069164,-0.7178175
0.01111406,-0.6900873,0.01059987,-0.7235632
0.01120248,-0.6840005,0.01050637,-0.7293199
0.01129083,-0.6778157,0.01041137,-0.7350715
0.0113791,-0.6715298,0.01031482,-0.7408184
0.01155527,-0.6586556,0.01011707,-0.7522878
0.01164312,-0.6520658,0.01001585,-0.7580069
0.01173078,-0.6453722,0.009913036,-0.7637139
0.01181839,-0.6385615,0.009808422,-0.7694176
0.01190574,-0.6316463,0.009702204,-0.7751046
0.01207955,-0.6175008,0.009484926,-0.7864203
0.01216595,-0.6102691,0.009373846,-0.7920454
0.01225199,-0.6029291,0.009261102,-0.7976469
0.01233779,-0.5954682,0.009146501,-0.8032321
0.01242313,-0.5878991,0.00903024,-0.8087885
0.01259236,-0.5724359,0.008792722,-0.8198057
0.01267618,-0.5645403,0.008671444,-0.8252627
0.01275957,-0.5565204,0.008548257,-0.8306921
0.01284236,-0.5483898,0.008423369,-0.8360817
0.01292452,-0.5401472,0.008296762,-0.8414304
0.01308675,-0.5233291,0.008038432,-0.8519922
0.0131669,-0.5147375,0.007906464,-0.8572103
0.01324627,-0.5060329,0.007772759,-0.8623775
0.01332481,-0.4972163,0.007637334,-0.8674907
0.01340248,-0.4882874,0.007500186,-0.8725477
0.0135551,-0.4700919,0.007220699,-0.8824838
0.01362998,-0.4608248,0.007078354,-0.8873582
0.01370397,-0.451428,0.006934018,-0.8921754
0.01377691,-0.4419179,0.006787942,-0.8969241
0.01384875,-0.4322961,0.006640149,-0.901601
0.01398898,-0.412716,0.006339396,-0.9107303
0.01405742,-0.4027385,0.00618614,-0.9151862
0.0141246,-0.3926492,0.006031166,-0.9195601
0.01419048,-0.3824485,0.005874482,-0.9238491
0.01425502,-0.3721374,0.005716101,-0.9280506
0.0143799,-0.3511826,0.005394232,-0.936181
0.01444027,-0.3405223,0.005230488,-0.940111
0.01449912,-0.3297516,0.005065047,-0.9439428
0.01455643,-0.3188716,0.004897929,-0.9476735
0.01461213,-0.3078841,0.004729159,-0.9513
0.01471858,-0.2855855,0.004386649,-0.9582302
0.01476924,-0.274276,0.004212934,-0.9615284
0.01481821,-0.262844,0.004037336,-0.9647161
0.01486536,-0.2513072,0.003860127,-0.9677856
0.01491064,-0.2396674,0.003681339,-0.9707336
0.01499544,-0.2160824,0.00331907,-0.9762543
0.01503493,-0.2041205,0.003135333,-0.9788253
0.01507237,-0.1920594,0.002950073,-0.9812632
0.01510773,-0.1799009,0.002763315,-0.9835649
0.01514095,-0.1676468,0.002575091,-0.9857275
0.0152008,-0.1428566,0.002194309,-0.9896243
0.01522739,-0.1303043,0.002001503,-0.9913551
0.01525166,-0.1176619,0.001807314,-0.9929349
0.01527356,-0.1049321,0.001611782,-0.9943608
0.01529305,-0.09211577,0.00141492,-0.9956299
0.01532463,-0.06623155,0.001017334,-0.9976861
0.01533665,-0.05314786,0.0008163664,-0.9984686
0.01534608,-0.03998617,0.0006142005,-0.9990823
0.01535287,-0.02674785,0.0004108576,-0.9995243
0.01535698,-0.01343612,0.0002063871,-0.9997917
0.01535837,-5.143969E-05,7.960014E-07,-0.9998821
0.01535278,0.02696305,-0.0004141513,-0.9995185
0.01534572,0.04056833,-0.0006231309,-0.9990588
0.01533576,0.05423569,-0.0008330639,-0.9984101
0.01532285,0.06796198,-0.001043902,-0.9975697
0.01530696,0.08174421,-0.0012556,-0.9965351
0.01526598,0.109505,-0.00168201,-0.9938676
0.01524085,0.1234567,-0.00189631,-0.9922311
0.01521255,0.1374544,-0.002111318,-0.990389
0.01518106,0.1514932,-0.002326957,-0.988339
0.01514634,0.16557,-0.00254318,-0.9860784
0.01506693,0.1938606,-0.002977728,-0.9809089
0.01502222,0.2080499,-0.003195678,-0.9779977
0.01497411,0.2222631,-0.003413996,-0.9748658
0.01492258,0.2364963,-0.00363262,-0.9715111
0.01486759,0.2507467,-0.003851508,-0.967931
0.01474693,0.2793198,-0.004290396,-0.9600753
0.01468127,0.2936143,-0.004509962,-0.9558006
0.01461201,0.3079106,-0.004729556,-0.9512913
0.01453911,0.3222039,-0.004949104,-0.9465457
0.01438233,0.3507626,-0.00538777,-0.9363385
0.01429827,0.3650383,-0.005607048,-0.9308659
0.01421046,0.3792925,-0.005825995,-0.9251493
0.01411889,0.3935204,-0.006044538,-0.9191876
0.01402351,0.4077188,-0.006262629,-0.9129784
0.01392431,0.4218828,-0.006480191,-0.9065202
0.01371411,0.4501212,-0.006913937,-0.8928354
0.0136032,0.4641676,-0.007129692,-0.8856143
0.01348838,0.4781583,-0.007344591,-0.8781394
0.01338605,0.4901954,-0.007529484,-0.8714773
0.01322289,0.5086187,-0.007812469,-0.8608549
0.01316851,0.5145633,-0.007903781,-0.8573149
0.01313017,0.5186997,-0.007967317,-0.8548186
0.01310823,0.521046,-0.008003355,-0.8533905
0.01310288,0.5216167,-0.008012122,-0.8530416
0.01310288,0.5216168,-0.008012122,-0.8530417
0.01310288,0.5216168,-0.008012122,-0.8530417
0.01310343,0.5215574,-0.008011211,-0.853078
0.01310454,0.521439,-0.008009392,-0.8531502
0.01310621,0.5212612,-0.008006659,-0.853259
0.01310844,0.5210242,-0.008003019,-0.8534038
0.01311486,0.5203383,-0.007992484,-0.8538222
0.01311891,0.5199059,-0.007985841,-0.8540856
0.0131235,0.5194145,-0.007978294,-0.8543845
0.01312863,0.5188643,-0.007969843,-0.8547186
0.01313432,0.5182542,-0.007960472,-0.8550887
0.01314763,0.5168211,-0.007938459,-0.8559557
0.01315511,0.5160146,-0.007926071,-0.8564422
0.01316311,0.5151482,-0.007912763,-0.8569635
0.01317166,0.5142215,-0.00789853,-0.8575199
0.01318074,0.5132351,-0.007883378,-0.8581107
0.01320078,0.5110467,-0.007849764,-0.8594158
0.01321159,0.5098618,-0.007831563,-0.8601193
0.01322291,0.5086161,-0.007812431,-0.8608564
0.01323475,0.5073093,-0.007792358,-0.8616272
0.0132471,0.5059419,-0.007771354,-0.8624309
0.0132736,0.5029892,-0.007726001,-0.8641562
0.01328759,0.5014206,-0.007701905,-0.8650674
0.01330208,0.4997899,-0.007676858,-0.8660105
0.01331705,0.4980967,-0.007650851,-0.8669854
0.01333265,0.496325,-0.007623637,-0.8680009
0.01336525,0.4925947,-0.007566338,-0.8701233
0.01338225,0.4906351,-0.007536238,-0.8712298
0.0133997,0.4886124,-0.007505169,-0.8723658
0.01341759,0.4865268,-0.007473134,-0.8735307
0.01343607,0.4843602,-0.007439855,-0.8747339
0.01347431,0.4798363,-0.007370366,-0.8772237
0.01349407,0.4774772,-0.00733413,-0.8785099
0.01351424,0.4750539,-0.007296907,-0.8798227
0.01353494,0.4725486,-0.007258425,-0.8811709
0.01355604,0.4699779,-0.007218939,-0.8825446
0.01359938,0.4646415,-0.007136971,-0.8853657
0.0136216,0.4618738,-0.007094458,-0.8868127
0.01364419,0.45904,-0.007050931,-0.8882828
0.01366711,0.4561401,-0.007006388,-0.8897755
0.01369038,0.4531728,-0.00696081,-0.8912904
0.01373816,0.4470025,-0.006866032,-0.8944009
0.01376251,0.443816,-0.006817087,-0.8959864
0.01378716,0.4405613,-0.006767094,-0.8975911
0.0138121,0.4372383,-0.006716053,-0.8992146
0.0138373,0.4338471,-0.006663962,-0.9008557
0.01388875,0.4268228,-0.006556068,-0.9042049
0.01391484,0.4232058,-0.00650051,-0.9059035
0.01394115,0.4195197,-0.006443891,-0.9076163
0.01396779,0.4157473,-0.006385946,-0.9093505
0.01399463,0.4119036,-0.006326906,-0.911098
0.01404887,0.4040009,-0.00620552,-0.9146296
0.01407624,0.3999426,-0.006143183,-0.9164115
0.01410376,0.3958123,-0.006079741,-0.918203
0.01413153,0.3915923,-0.006014921,-0.9200107
0.01415941,0.3872997,-0.005948986,-0.921826
0.01421546,0.3784979,-0.005813789,-0.9254748
0.01424359,0.3739877,-0.005744511,-0.9273065
0.01427179,0.3694037,-0.0056741,-0.9291421
0.01430013,0.3647279,-0.00560228,-0.9309875
0.0143285,0.359978,-0.005529319,-0.9328344
0.01438524,0.3502565,-0.005379995,-0.936528
0.01441358,0.3452831,-0.005303602,-0.938373
0.01444187,0.3402345,-0.005226056,-0.9402153
0.01447021,0.3350922,-0.005147069,-0.9420602
0.01449847,0.3298749,-0.005066931,-0.9438998
0.01455467,0.3192126,-0.004903156,-0.9475586
0.01458258,0.3137665,-0.004819504,-0.9493759
0.01461034,0.3082445,-0.004734684,-0.9511832
0.01463802,0.3026277,-0.004648409,-0.9529852
0.01466551,0.2969339,-0.004560952,-0.9547746
0.01471983,0.2853146,-0.004382477,-0.9583109
0.01474662,0.2793885,-0.004291452,-0.9600554
0.01477314,0.2733846,-0.004199231,-0.9617822
0.01479946,0.2672847,-0.004105536,-0.9634953
0.01482545,0.2611073,-0.004010649,-0.9651877
0.01487641,0.2485204,-0.003817313,-0.968505
0.01490133,0.2421105,-0.003718855,-0.9701272
0.01492584,0.2356222,-0.003619194,-0.9717234
0.01495001,0.2290358,-0.003518025,-0.9732969
0.01497373,0.2223718,-0.003415666,-0.974841
0.01501973,0.2088082,-0.003207327,-0.977836
0.01504197,0.2019095,-0.003101361,-0.9792838
0.01506373,0.1949134,-0.0029939,-0.9807002
0.01508492,0.1878382,-0.002885223,-0.9820799
0.01510552,0.1806855,-0.002775356,-0.983421
0.01514485,0.1661469,-0.002552042,-0.9859815
0.01516353,0.1587607,-0.002438588,-0.9871977
0.01518157,0.1512781,-0.002323654,-0.9883719
0.01519889,0.1437179,-0.002207528,-0.9894995
0.01521546,0.1360812,-0.002090227,-0.9905787
0.01524629,0.1205768,-0.001852076,-0.9925852
0.01526048,0.1127096,-0.001731235,-0.9935092
0.01527383,0.1047664,-0.001609226,-0.9943783
0.01528633,0.09672778,-0.001485751,-0.9951924
0.01529793,0.08861321,-0.00136111,-0.9959478
0.01531832,0.07216004,-0.001108386,-0.9972749
0.01532705,0.06382215,-0.0009803146,-0.9978431
0.01533477,0.05540869,-0.0008510824,-0.9983457
0.01534146,0.04690406,-0.0007204497,-0.9987814
0.01534708,0.03832616,-0.0005886916,-0.9991473
0.01535499,0.02095481,-0.0003218646,-0.9996625
0.01535723,0.01216179,-0.0001868022,-0.9998081
0.01535828,0.003297291,-5.064194E-05,-0.9998766
0.01535812,-0.005655286,8.687125E-05,-0.9998661
0.01535671,-0.01467561,0.0002254251,-0.9997743
0.01535004,-0.03292269,0.0005057033,-0.9993399
0.01534472,-0.04214586,0.0006473729,-0.9989935
0.01533802,-0.0514547,0.0007903585,-0.9985573
0.01532992,-0.06082873,0.0009343452,-0.9980301
0.0153204,-0.07026654,0.001079312,-0.99741
0.01529695,-0.08932977,0.001372126,-0.9958837
0.01528297,-0.09895305,0.001519941,-0.9949736
0.01526745,-0.1086361,0.001668674,-0.993963
0.01525032,-0.1183969,0.001818603,-0.9928476
0.01523157,-0.1282161,0.001969428,-0.9916274
0.01518914,-0.1480215,0.002273642,-0.988865
0.01516539,-0.1580048,0.002426988,-0.9873189
0.01513987,-0.1680601,0.002581439,-0.9856571
0.01511258,-0.1781661,0.002736669,-0.9838806
0.0150835,-0.1883213,0.002892653,-0.9819874
0.01501985,-0.2087735,0.003206803,-0.9778435
0.01498515,-0.2190871,0.003365222,-0.9755844
0.01494853,-0.2294443,0.00352431,-0.9732006
0.01490998,-0.2398427,0.003684031,-0.9706903
0.01486944,-0.2502807,0.003844362,-0.9680515
0.01478234,-0.2712697,0.004166755,-0.9623809
0.01473563,-0.2818355,0.004329048,-0.9593399
0.01468683,-0.2924325,0.00449182,-0.9561629
0.01463591,-0.3030608,0.004655073,-0.9528475
0.01458283,-0.3137173,0.004818758,-0.9493923
0.01447013,-0.3351064,0.005147299,-0.9420552
0.01441044,-0.3458376,0.005312132,-0.9381686
0.01434839,-0.356605,0.00547752,-0.9341291
0.01428404,-0.3673903,0.005643184,-0.9299401
0.01421739,-0.37819,0.005809069,-0.9256006
0.01407704,-0.3998241,0.006141373,-0.9164633
0.01400328,-0.4106546,0.006307732,-0.9116616
0.01392699,-0.4215076,0.006474435,-0.9066948
0.01384826,-0.4323629,0.006641176,-0.9015689
0.01376704,-0.4432192,0.00680793,-0.8962817
0.01359713,-0.4649201,0.007141259,-0.8852195
0.01350837,-0.4757599,0.007307761,-0.8794411
0.01341691,-0.4866057,0.007474354,-0.8734868
0.01332286,-0.4974371,0.007640726,-0.8673641
0.01322622,-0.5082511,0.007806831,-0.861072
0.01302503,-0.529815,0.008138056,-0.8479742
0.01292045,-0.5405591,0.008303087,-0.8411658
0.01281303,-0.5512905,0.008467922,-0.834172
0.01270291,-0.5619882,0.008632242,-0.8270027
0.01259006,-0.5726503,0.008796012,-0.819656
0.01247448,-0.5832723,0.008959169,-0.8121315
0.01223471,-0.604415,0.009283924,-0.7965216
0.01211066,-0.6149127,0.009445171,-0.7884457
0.01198382,-0.6253567,0.009605593,-0.7801879
0.01185418,-0.6357434,0.009765136,-0.7717476
0.01158644,-0.656331,0.01008136,-0.7543168
0.01144812,-0.666539,0.01023816,-0.745312
0.01130698,-0.6766735,0.01039383,-0.7361231
0.01118609,-0.6851366,0.01052382,-0.7282527
0.01108583,-0.6920092,0.01062939,-0.7217253
0.01094999,-0.7011163,0.01076928,-0.7128816
0.0109217,-0.7029838,0.01079796,-0.7110401
0.01091581,-0.703371,0.01080391,-0.710657
0.01091581,-0.703371,0.01080391,-0.710657
0.01091581,-0.703371,0.01080391,-0.710657
0.01091581,-0.703371,0.01080391,-0.710657
0.01091581,-0.703371,0.01080391,-0.710657
0.01091581,-0.703371,0.01080391,-0.710657
0.01091581,-0.703371,0.01080391,-0.710657
0.01091581,-0.703371,0.01080391,-0.710657
0.01091581,-0.703371,0.01080391,-0.710657
0.01091581,-0.703371,0.01080391,-0.710657
0.01091581,-0.703371,0.01080391,-0.710657
0.01091581,-0.703371,0.01080391,-0.710657
0.01091581,-0.703371,0.01080391,-0.710657
0.01091581,-0.703371,0.01080391,-0.710657
0.01091314,-0.7035472,0.01080661,-0.7104827
0.01091068,-0.7037088,0.0108091,-0.7103226
0.01090746,-0.7039204,0.01081235,-0.7101129
0.01090349,-0.7041809,0.01081635,-0.7098545
0.01089329,-0.7048495,0.01082662,-0.7091905
0.01088684,-0.7052715,0.0108331,-0.7087709
0.01087964,-0.7057424,0.01084033,-0.708302
0.01087168,-0.706262,0.01084831,-0.707784
0.01086296,-0.7068305,0.01085705,-0.7072163
0.01085348,-0.7074474,0.01086652,-0.7065992
0.0108318,-0.7088543,0.01088813,-0.7051878
0.01081981,-0.7096301,0.01090005,-0.7044071
0.01080705,-0.710454,0.0109127,-0.703576
0.01079351,-0.7113258,0.01092609,-0.7026947
0.01076411,-0.7132115,0.01095506,-0.7007807
0.01074801,-0.7142398,0.01097085,-0.6997326
0.01073113,-0.715315,0.01098737,-0.6986334
0.01071346,-0.7164368,0.0110046,-0.6974829
0.01069499,-0.7176052,0.01102254,-0.6962808
0.01067552,-0.7188331,0.01104141,-0.695013
0.01063415,-0.7214273,0.01108125,-0.6923199
0.01061226,-0.7227924,0.01110222,-0.6908947
0.01058957,-0.7242017,0.01112387,-0.6894172
0.01056605,-0.7256561,0.01114621,-0.6878862
0.0105417,-0.7271553,0.01116924,-0.6863012
0.0104901,-0.7303113,0.01121771,-0.6829419
0.01046303,-0.7319551,0.01124296,-0.6811798
0.01043513,-0.7336416,0.01126887,-0.6793631
0.01040637,-0.7353709,0.01129543,-0.6774908
0.01037677,-0.7371419,0.01132263,-0.6755634
0.01031452,-0.7408353,0.01137936,-0.6715112
0.01028209,-0.7427435,0.01140867,-0.6694
0.01024879,-0.7446919,0.0114386,-0.6672317
0.0102146,-0.7466803,0.01146914,-0.6650059
0.0101793,-0.7487207,0.01150048,-0.6627077
0.01010598,-0.7529186,0.01156497,-0.6579344
0.01006796,-0.7550744,0.01159808,-0.6554592
0.01002903,-0.7572674,0.01163176,-0.6529245
0.009989168,-0.7594971,0.01166601,-0.6503295
0.009948389,-0.7617623,0.01170081,-0.6476746
0.009863557,-0.7664236,0.01177241,-0.6421518
0.009819712,-0.7688063,0.011809,-0.6392973
0.009800481,-0.7698457,0.01182497,-0.6380453
0.009800481,-0.7698457,0.01182497,-0.6380453
0.009800481,-0.7698457,0.01182497,-0.6380453
0.009800481,-0.7698457,0.01182497,-0.6380453
0.009800481,-0.7698457,0.01182497,-0.6380453
0.009800481,-0.7698457,0.01182497,-0.6380453
0.009800481,-0.7698457,0.01182497,-0.6380453
0.009800481,-0.7698457,0.01182497,-0.6380453
0.009800481,-0.7698457,0.01182497,-0.6380453
0.009800481,-0.7698457,0.01182497,-0.6380453
0.00979965,-0.7698905,0.01182566,-0.6379912
0.009798007,-0.7699791,0.01182702,-0.6378843
0.009795315,-0.7701242,0.01182925,-0.637709
0.00978746,-0.7705474,0.01183575,-0.6371976
0.009782298,-0.7708253,0.01184002,-0.6368615
0.009776313,-0.7711471,0.01184496,-0.6364719
0.009769508,-0.7715125,0.01185057,-0.6360288
0.009761641,-0.7719343,0.01185705,-0.6355167
0.009743415,-0.7729098,0.01187204,-0.6343301
0.009733058,-0.7734627,0.01188053,-0.6336558
0.009721875,-0.7740585,0.01188968,-0.6329278
0.009709617,-0.7747104,0.01189969,-0.6321297
0.009696754,-0.7753929,0.01191018,-0.6312923
0.009668038,-0.7769113,0.0119335,-0.6294228
0.009652412,-0.7777344,0.01194614,-0.6284055
0.009635935,-0.7785997,0.01195944,-0.6273328
0.00961861,-0.7795073,0.01197338,-0.626205
0.009600199,-0.7804686,0.01198814,-0.6250063
0.009560803,-0.7825156,0.01201958,-0.6224415
0.009539811,-0.7836007,0.01203625,-0.6210749
0.009517955,-0.7847264,0.01205354,-0.6196519
0.009495237,-0.7858921,0.01207145,-0.6181729
0.0094714,-0.7871104,0.01209016,-0.616621
0.009421106,-0.7896643,0.01212939,-0.6133468
0.009394618,-0.7910008,0.01214992,-0.6116223
0.009367254,-0.7923751,0.01217103,-0.6098409
0.009338995,-0.7937876,0.01219273,-0.6080012
