-0.01484414,0.2565452,-0.003940571,0.9664102
-0.01484559,0.2561906,-0.003935124,0.9665043
-0.01484928,0.2552815,-0.003921161,0.9667448
-0.01485153,0.2547264,-0.003912634,0.9668912
-0.01485412,0.2540866,-0.003902807,0.9670596
-0.0148569,0.2533962,-0.003892203,0.9672407
-0.01486002,0.2526198,-0.003880278,0.9674438
-0.01486703,0.2508645,-0.003853316,0.9679003
-0.01487092,0.2498855,-0.003838278,0.9681537
-0.01487513,0.2488218,-0.003821941,0.9684275
-0.01487958,0.2476907,-0.003804566,0.9687174
-0.01488428,0.2464908,-0.003786135,0.9690234
-0.0148944,0.2438872,-0.003746144,0.969682
-0.01489981,0.2424829,-0.003724575,0.9700341
-0.01490551,0.2409925,-0.003701682,0.9704055
-0.01491144,0.2394339,-0.00367774,0.9707912
-0.01491757,0.2378081,-0.003652768,0.9711908
-0.01493048,0.2343492,-0.003599639,0.9720312
-0.01493724,0.2325175,-0.003571504,0.9724709
-0.01494425,0.2305997,-0.003542047,0.9729275
-0.01495138,0.228631,-0.003511808,0.973392
-0.01495876,0.2265762,-0.003480245,0.9738724
-0.01496632,0.2244516,-0.003447611,0.9743642
-0.01498198,0.2199787,-0.003378907,0.9753838
-0.01499007,0.217629,-0.003342816,0.9759107
-0.01499831,0.2152094,-0.00330565,0.9764472
-0.01500668,0.2127215,-0.003267436,0.9769922
-0.0150238,0.2075375,-0.003187809,0.9781065
-0.01503253,0.204841,-0.003146391,0.9786748
-0.01504142,0.2020561,-0.003103614,0.9792535
-0.0150504,0.199201,-0.00305976,0.9798383
-0.01505946,0.1962769,-0.003014846,0.9804282
-0.0150686,0.1932819,-0.002968842,0.9810231
-0.0150871,0.1870643,-0.002873339,0.9822276
-0.01509645,0.1838403,-0.002823817,0.9828362
-0.01510582,0.1805476,-0.002773241,0.9834464
-0.01511522,0.1771836,-0.00272157,0.984058
-0.01512462,0.173748,-0.0026688,0.9846704
-0.01514347,0.1666473,-0.002559732,0.985897
-0.01515288,0.1629808,-0.002503413,0.9865097
-0.01516225,0.1592426,-0.002445996,0.98712
-0.01517157,0.1554344,-0.0023875,0.9877269
-0.01519001,0.1476037,-0.002267221,0.9889273
-0.0151991,0.1435817,-0.002205442,0.9895193
-0.01520814,0.1394693,-0.002142275,0.9901073
-0.01521705,0.1352858,-0.002078017,0.9906876
-0.01522583,0.1310315,-0.002012671,0.9912592
-0.01523447,0.1267053,-0.001946219,0.9918215
-0.01525132,0.1178,-0.001809433,0.9929186
-0.01525946,0.1132406,-0.0017394,0.9934489
-0.0152674,0.1086094,-0.001668265,0.9939659
-0.01527512,0.1039085,-0.001596059,0.9944683
-0.01528261,0.09913419,-0.001522725,0.9949555
-0.01529686,0.08933339,-0.001372184,0.9958834
-0.01530356,0.08432581,-0.001295267,0.9963199
-0.01530997,0.07924642,-0.001217247,0.9967368
-0.01531605,0.07409661,-0.001138145,0.9971328
-0.0153218,0.06887552,-0.001057949,0.9975071
-0.01533224,0.05820094,-0.0008939864,0.9981868
-0.01533689,0.05274677,-0.0008102098,0.9984898
-0.01534114,0.047221,-0.0007253335,0.9987664
-0.01534496,0.04162532,-0.0006393834,0.9990153
-0.01535126,0.03022253,-0.0004642355,0.9994252
-0.0153537,0.02441443,-0.0003750225,0.999584
-0.01535565,0.01851663,-0.0002844319,0.9997107
-0.01535707,0.01254838,-0.000192759,0.9998033
-0.01535795,0.006511117,-0.0001000261,0.9998609
-0.01535802,-0.005771994,8.864362E-05,0.9998654
-0.01535717,-0.0120174,0.0001845737,0.9998099
-0.01535569,-0.01835184,0.0002818711,0.9997137
-0.01535357,-0.02475561,0.0003802336,0.9995756
-0.01535079,-0.03122739,0.0004796407,0.9993944
-0.01534315,-0.04437493,0.0006815881,0.9988969
-0.01533825,-0.05104898,0.0007841022,0.9985781
-0.01533259,-0.05781035,0.0008879575,0.9982095
-0.01532615,-0.064639,0.0009928462,0.9977905
-0.01531893,-0.07153299,0.001098739,0.99732
-0.01531088,-0.07849287,0.001205643,0.9967964
-0.01529224,-0.09262808,0.001422761,0.9955824
-0.01528158,-0.09980227,0.001532957,0.9948888
-0.01527002,-0.1070413,0.001644149,0.994136
-0.01525753,-0.1143425,0.001756296,0.9933227
-0.01524408,-0.1217067,0.001869411,0.9924473
-0.0152142,-0.1366397,0.002098784,0.9905018
-0.01519771,-0.1442075,0.002215026,0.9894283
-0.01518017,-0.1518349,0.002332183,0.9882866
-0.01516156,-0.1595218,0.002450255,0.987075
-0.01514185,-0.1672686,0.002569246,0.9857918
-0.01509894,-0.1829747,0.002810493,0.9829977
-0.01507573,-0.190912,0.002932411,0.981487
-0.01505133,-0.1989054,0.003055191,0.9798984
-0.01502571,-0.206953,0.003178803,0.9782304
-0.01499884,-0.215055,0.003303249,0.9764813
-0.01494121,-0.2314347,0.003554843,0.9727293
-0.0149104,-0.2397098,0.00368195,0.9707232
-0.01487823,-0.2480362,0.003809844,0.9686291
-0.01480977,-0.264834,0.004067859,0.9641718
-0.01480977,-0.264834,0.004067859,0.9641718
-0.01473547,-0.2818524,0.004329264,0.9593349
-0.01469613,-0.2904291,0.004461003,0.9567733
-0.01465528,-0.2990495,0.004593413,0.954114
-0.01461292,-0.3077106,0.004726448,0.9513561
-0.01452343,-0.3251722,0.004994661,0.9455302
-0.01447625,-0.3339703,0.0051298,0.9424585
-0.01442746,-0.342803,0.005265472,0.9392818
-0.01437701,-0.3516708,0.005401682,0.9359977
-0.01427108,-0.3695068,0.005675644,0.9291011
-0.01427108,-0.3695068,0.005675644,0.9291011
-0.01415804,-0.3875,0.005952022,0.9217418
-0.01411178,-0.394587,0.006060878,0.9187303
-0.01407738,-0.3997608,0.006140349,0.9164908
-0.01404672,-0.4043071,0.00621018,0.9144944
-0.01404672,-0.4043071,0.00621018,0.9144944
-0.01404672,-0.4043071,0.00621018,0.9144944
-0.01404672,-0.4043071,0.00621018,0.9144944
-0.01404672,-0.4043071,0.00621018,0.9144944
-0.01404672,-0.4043071,0.00621018,0.9144944
-0.01404672,-0.4043071,0.00621018,0.9144944
-0.01404672,-0.4043071,0.00621018,0.9144944
-0.01404672,-0.4043071,0.00621018,0.9144944
-0.01404672,-0.4043071,0.00621018,0.9144944
-0.01404672,-0.4043071,0.00621018,0.9144944
-0.01404672,-0.4043071,0.00621018,0.9144944
-0.01404672,-0.4043071,0.00621018,0.9144944
-0.01404672,-0.4043071,0.00621018,0.9144944
-0.01404672,-0.4043071,0.00621018,0.9144944
-0.01404672,-0.4043071,0.00621018,0.9144944
-0.01404672,-0.4043071,0.00621018,0.9144944
-0.01404672,-0.4043071,0.00621018,0.9144944
-0.01404672,-0.4043071,0.00621018,0.9144944
-0.01404672,-0.4043071,0.00621018,0.9144944
-0.01404672,-0.4043071,0.00621018,0.9144944
-0.01404672,-0.4043071,0.00621018,0.9144944
-0.01404672,-0.4043071,0.00621018,0.9144944
-0.01404672,-0.4043071,0.00621018,0.9144944
-0.01404672,-0.4043071,0.00621018,0.9144944
-0.01404672,-0.4043071,0.00621018,0.9144944
-0.01404672,-0.4043071,0.00621018,0.9144944
-0.01404672,-0.4043071,0.00621018,0.9144944
-0.01404672,-0.4043071,0.00621018,0.9144944
-0.01404672,-0.4043071,0.00621018,0.9144944
-0.01404672,-0.4043071,0.00621018,0.9144944
-0.01404672,-0.4043071,0.00621018,0.9144944
-0.01404672,-0.4043071,0.00621018,0.9144944
-0.01404672,-0.4043071,0.00621018,0.9144944
-0.01404672,-0.4043071,0.00621018,0.9144944
-0.01404672,-0.4043071,0.00621018,0.9144944
-0.01404672,-0.4043071,0.00621018,0.9144944
-0.01404672,-0.4043071,0.00621018,0.9144944
-0.01404672,-0.4043071,0.00621018,0.9144944
-0.01404672,-0.4043071,0.00621018,0.9144944
-0.01404672,-0.4043071,0.00621018,0.9144944
-0.01404672,-0.4043071,0.00621018,0.9144944
-0.01404672,-0.4043071,0.00621018,0.9144944
-0.01404672,-0.4043071,0.00621018,0.9144944
-0.01404672,-0.4043071,0.00621018,0.9144944
-0.01404672,-0.4043071,0.00621018,0.9144944
-0.01404672,-0.4043071,0.00621018,0.9144944
-0.01404672,-0.4043071,0.00621018,0.9144944
-0.01404672,-0.4043071,0.00621018,0.9144944
-0.01404672,-0.4043071,0.00621018,0.9144944
-0.01404672,-0.4043071,0.00621018,0.9144944
-0.01404672,-0.4043071,0.00621018,0.9144944
-0.01404672,-0.4043071,0.00621018,0.9144944
-0.01404715,-0.4042435,0.006209204,0.9145225
-0.01404801,-0.4041164,0.006207251,0.9145787
-0.01404931,-0.4039259,0.006204325,0.9146628
-0.01405115,-0.4036537,0.006200143,0.914783
-0.01405613,-0.4029186,0.006188852,0.915107
-0.01405925,-0.4024561,0.006181749,0.9153105
-0.01406281,-0.4019292,0.006173655,0.915542
-0.01407131,-0.4006669,0.006154265,0.9160951
-0.01407131,-0.4006669,0.006154265,0.9160951
-0.0140816,-0.3991311,0.006130676,0.9167652
-0.01408737,-0.3982673,0.006117408,0.9171408
-0.01409355,-0.3973391,0.00610315,0.9175434
-0.01410026,-0.396329,0.006087636,0.9179801
-0.01411489,-0.3941161,0.006053645,0.9189323
-0.0141228,-0.3929128,0.006035162,0.9194475
-0.01413122,-0.3916279,0.006015426,0.9199955
-0.01413991,-0.3902958,0.005994964,0.9205614
-0.0141491,-0.388881,0.005973233,0.92116
-0.01416862,-0.3858567,0.005926779,0.9224309
-0.01417895,-0.3842458,0.005902037,0.9231031
-0.01418963,-0.3825707,0.005876306,0.9237986
-0.01420068,-0.3808293,0.005849558,0.9245178
-0.01421219,-0.3790052,0.005821539,0.9252671
-0.01423625,-0.375158,0.005762447,0.9268336
-0.01424879,-0.3731353,0.005731378,0.9276499
-0.01426165,-0.3710465,0.005699294,0.9284872
-0.01427494,-0.3688744,0.00566593,0.9293524
-0.01428855,-0.3666343,0.005631523,0.9302384
-0.0142902,-0.3663613,0.005627328,0.930346
-0.0142902,-0.3663613,0.005627328,0.930346
-0.0142902,-0.3663613,0.005627328,0.930346
-0.0142902,-0.3663613,0.005627328,0.930346
-0.0142902,-0.3663613,0.005627328,0.930346
-0.0142902,-0.3663613,0.005627328,0.930346
-0.0142902,-0.3663613,0.005627328,0.930346
-0.0142902,-0.3663613,0.005627328,0.930346
-0.0142902,-0.3663613,0.005627328,0.930346
-0.0142902,-0.3663613,0.005627328,0.930346
-0.0142902,-0.3663613,0.005627328,0.930346
-0.0142902,-0.3663613,0.005627328,0.930346
-0.0142902,-0.3663613,0.005627328,0.930346
-0.0142902,-0.3663613,0.005627328,0.930346
-0.0142902,-0.3663613,0.005627328,0.930346
-0.01428981,-0.3664268,0.005628334,0.9303201
-0.01428901,-0.3665576,0.005630345,0.9302686
-0.01428784,-0.3667524,0.005633336,0.9301918
-0.01428626,-0.3670122,0.005637327,0.9300894
-0.0142842,-0.3673529,0.00564256,0.9299548
-0.01427886,-0.3682306,0.005656043,0.9296077
-0.0142756,-0.3687669,0.00566428,0.9293951
-0.01427183,-0.3693838,0.005673755,0.92915
-0.01426777,-0.3700491,0.005683975,0.9288853
-0.01426319,-0.3707961,0.005695449,0.9285874
-0.01425282,-0.3724827,0.005721354,0.9279121
-0.01424702,-0.3734224,0.005735788,0.9275343
-0.01424069,-0.3744431,0.005751467,0.9271227
-0.01423406,-0.3755109,0.005767868,0.9266908
-0.01422689,-0.37666,0.005785519,0.9262242
-0.01421128,-0.37915,0.005823765,0.9252078
-0.01420283,-0.3804904,0.005844354,0.9246573
-0.01419382,-0.3819113,0.00586618,0.9240714
-0.01418449,-0.3833786,0.005888717,0.9234636
-0.0141746,-0.3849263,0.005912489,0.9228196
-0.01415345,-0.3882104,0.005962934,0.9214428
-0.01414218,-0.3899472,0.005989612,0.9207091
-0.01413033,-0.3917638,0.006017515,0.9199376
-0.01411812,-0.3936259,0.006046115,0.9191424
-0.01410531,-0.3955671,0.006075933,0.9183087
-0.01407823,-0.3996359,0.00613843,0.9165453
-0.01406393,-0.4017631,0.006171104,0.9156149
-0.01404902,-0.4039687,0.006204983,0.9146439
-0.01403358,-0.4062362,0.006239812,0.913639
-0.01401764,-0.4085636,0.006275561,0.9126006
-0.01398413,-0.4134009,0.006349863,0.9104196
-0.01396657,-0.4159101,0.006388404,0.909276
-0.01394833,-0.4184959,0.006428123,0.9080889
-0.01392965,-0.421125,0.006468505,0.9068726
-0.01391028,-0.4238306,0.006510064,0.9056113
-0.01386978,-0.4294187,0.006595897,0.902975
-0.01384864,-0.4323008,0.006640168,0.9015986
-0.01382678,-0.4352577,0.006685586,0.9001749
-0.01380428,-0.4382734,0.006731906,0.8987105
-0.01378117,-0.4413456,0.006779096,0.8972058
-0.01373302,-0.4476615,0.006876108,0.8940713
-0.01370797,-0.4509047,0.006925925,0.89244
-0.01368212,-0.4542207,0.006976858,0.8907569
-0.0136556,-0.4575908,0.007028624,0.8890303
-0.01362839,-0.4610164,0.007081242,0.8872588
-0.01360046,-0.464498,0.007134719,0.8854411
-0.01354237,-0.4716374,0.007244381,0.8816589
-0.01351215,-0.475297,0.007300592,0.8796914
-0.01348118,-0.4790095,0.007357616,0.8776754
-0.01344947,-0.482773,0.007415424,0.8756109
-0.01338371,-0.4904577,0.007533462,0.8713297
-0.01334966,-0.494376,0.007593649,0.8691125
-0.01331465,-0.4983615,0.007654866,0.8668333
-0.01327882,-0.5023969,0.00771685,0.8645008
-0.01324217,-0.5064802,0.00777957,0.8621148
-0.01320468,-0.5106125,0.007843044,0.8596738
-0.01312696,-0.5190365,0.007972436,0.8546141
-0.01308672,-0.5233259,0.008038322,0.8519942
-0.01304557,-0.5276618,0.008104921,0.8493157
-0.01300352,-0.5320432,0.00817222,0.8465779
-0.01296054,-0.5364699,0.008240215,0.8437797
-0.01287164,-0.5454667,0.008378407,0.8379917
-0.01282566,-0.5500383,0.008448628,0.8349982
-0.0127787,-0.5546511,0.008519481,0.8319412
-0.01273076,-0.5593045,0.008590957,0.82882
-0.01268181,-0.563998,0.008663051,0.8256333
-0.01258071,-0.5735148,0.008809228,0.8190512
-0.01252851,-0.578338,0.008883313,0.8156527
-0.01247523,-0.5831985,0.008957972,0.8121845
-0.0124209,-0.5880938,0.009033163,0.8086469
-0.01236547,-0.5930237,0.009108888,0.8050385
-0.01225115,-0.6029967,0.009262075,0.7975958
-0.01219221,-0.6080396,0.009339533,0.7937582
-0.01213211,-0.6131129,0.00941746,0.789846
-0.01207088,-0.6182149,0.009495827,0.7858591
-0.01200846,-0.6233459,0.009574641,0.7817954
-0.01194467,-0.628519,0.0096541,0.7776427
-0.01181347,-0.6389428,0.009814211,0.769101
-0.01174603,-0.6441913,0.009894828,0.7647102
-0.01167736,-0.6494613,0.009975776,0.7602395
-0.01160742,-0.6547536,0.01005707,0.7556864
-0.01153602,-0.6600803,0.01013888,0.751038
-0.01138933,-0.6707904,0.01030339,0.741488
-0.01131402,-0.6761708,0.01038603,0.7365848
-0.0112596,-0.6800098,0.010445,0.7330421
-0.01122692,-0.6822968,0.01048013,0.730914
-0.01122186,-0.6826491,0.01048554,0.7305849
-0.01122186,-0.6826491,0.01048554,0.7305849
-0.01122186,-0.6826491,0.01048554,0.7305849
-0.01122186,-0.6826491,0.01048554,0.7305849
-0.01122186,-0.6826491,0.01048554,0.7305849
-0.01122186,-0.6826491,0.01048554,0.7305849
-0.01122186,-0.6826491,0.01048554,0.7305849
-0.01122186,-0.6826491,0.01048554,0.7305849
-0.01122186,-0.6826491,0.01048554,0.7305849
-0.01122186,-0.6826491,0.01048554,0.7305849
-0.01122186,-0.6826491,0.01048554,0.7305849
-0.01122186,-0.6826491,0.01048554,0.7305849
-0.01122186,-0.6826491,0.01048554,0.7305849
-0.01122186,-0.6826491,0.01048554,0.7305849
-0.01122186,-0.6826491,0.01048554,0.7305849
-0.01122424,-0.6824833,0.010483,0.7307399
-0.01122662,-0.6823171,0.01048044,0.730895
-0.01122974,-0.6820995,0.0104771,0.7310981
-0.01123358,-0.6818318,0.01047299,0.7313478
-0.01123814,-0.6815128,0.01046809,0.731645
-0.01124965,-0.6807076,0.01045572,0.7323943
-0.01125658,-0.6802219,0.01044826,0.7328454
-0.01126424,-0.6796843,0.01044,0.7333441
-0.01127262,-0.6790956,0.01043096,0.7338893
-0.01128171,-0.6784551,0.01042112,0.7344814
-0.01130224,-0.6770055,0.01039886,0.7358177
-0.01131367,-0.6761959,0.01038642,0.7365618
-0.01132579,-0.6753349,0.0103732,0.7373514
-0.01133883,-0.6744066,0.01035894,0.7382004
-0.01135238,-0.6734403,0.0103441,0.739082
-0.01138176,-0.6713346,0.01031175,0.7409953
-0.01139759,-0.6701955,0.01029425,0.7420258
-0.01141411,-0.6690032,0.01027594,0.7431008
-0.0114315,-0.6677434,0.01025659,0.7442331
-0.01144938,-0.6664436,0.01023663,0.7453972
-0.01148736,-0.6636677,0.01019399,0.7478699
-0.01150745,-0.6621907,0.0101713,0.749178
-0.01152819,-0.66066,0.01014779,0.7505282
-0.01154958,-0.6590742,0.01012343,0.751921
-0.01157163,-0.657433,0.01009822,0.7533565
-0.01161803,-0.6539556,0.01004481,0.7563771
-0.01164219,-0.6521317,0.01001679,0.7579501
-0.01166699,-0.6502509,0.009987902,0.7595643
-0.01169239,-0.6483144,0.009958156,0.7612179
-0.01171841,-0.6463199,0.009927521,0.7629119
-0.01177265,-0.6421282,0.009863135,0.7664435
-0.01180067,-0.6399449,0.0098296,0.7682673
-0.01182927,-0.6377029,0.009795162,0.7701294
-0.01185844,-0.6354026,0.009759829,0.7720283
-0.01188818,-0.6330422,0.009723573,0.773965
-0.01191868,-0.6306072,0.009686171,0.7759503
-0.01198132,-0.6255555,0.009608576,0.7800286
-0.01201345,-0.6229379,0.00956837,0.7821206
-0.0120463,-0.6202437,0.009526988,0.7842588
-0.01207947,-0.617503,0.009484891,0.7864186
-0.01211333,-0.6146851,0.009441606,0.7886231
-0.01218255,-0.6088595,0.009352125,0.7931294
-0.01221789,-0.6058508,0.009305912,0.7954301
-0.01225385,-0.6027645,0.009258506,0.7977713
-0.01229011,-0.5996278,0.009210325,0.8001317
-0.0123643,-0.5931275,0.009110481,0.804962
-0.01240204,-0.5897787,0.009059042,0.8074189
-0.01244019,-0.5863628,0.009006575,0.8099029
-0.01247892,-0.5828649,0.008952847,0.8124239
-0.01251786,-0.5793149,0.008898318,0.8149591
-0.01255734,-0.5756817,0.008842512,0.8175296
-0.01263738,-0.5682097,0.00872774,0.8227405
-0.01267791,-0.5643697,0.008668757,0.8253794
-0.01271892,-0.5604454,0.00860848,0.828049
-0.01276009,-0.5564649,0.008547338,0.8307292
-0.0128436,-0.5482608,0.008421323,0.8361663
-0.01288577,-0.5440511,0.008356662,0.8389115
-0.01291013,-0.5415977,0.008318977,0.8404976
-0.01291729,-0.5408741,0.008307862,0.8409634
-0.01291729,-0.5408741,0.008307862,0.8409634
-0.01291729,-0.5408741,0.008307862,0.8409634
-0.01291729,-0.5408741,0.008307862,0.8409634
-0.01291729,-0.5408741,0.008307862,0.8409634
-0.01291729,-0.5408741,0.008307862,0.8409634
-0.01291729,-0.5408741,0.008307862,0.8409634
-0.01291729,-0.5408741,0.008307862,0.8409634
-0.01291729,-0.5408741,0.008307862,0.8409634
-0.01291729,-0.5408741,0.008307862,0.8409634
-0.01291729,-0.5408741,0.008307862,0.8409634
-0.01291729,-0.5408741,0.008307862,0.8409634
-0.01291729,-0.5408741,0.008307862,0.8409634
-0.01291729,-0.5408741,0.008307862,0.8409634
-0.01291729,-0.5408741,0.008307862,0.8409634
-0.01291729,-0.5408741,0.008307862,0.8409634
-0.01291729,-0.5408741,0.008307862,0.8409634
-0.01291729,-0.5408741,0.008307862,0.8409634
-0.01291729,-0.5408741,0.008307862,0.8409634
-0.01291729,-0.5408741,0.008307862,0.8409634
-0.01291729,-0.5408741,0.008307862,0.8409634
-0.01291729,-0.5408741,0.008307862,0.8409634
-0.01291729,-0.5408741,0.008307862,0.8409634
-0.01291729,-0.5408741,0.008307862,0.8409634
-0.01291729,-0.5408741,0.008307862,0.8409634
-0.01291729,-0.5408741,0.008307862,0.8409634
-0.01291729,-0.5408741,0.008307862,0.8409634
-0.01291729,-0.5408741,0.008307862,0.8409634
-0.01291729,-0.5408741,0.008307862,0.8409634
-0.01291729,-0.5408741,0.008307862,0.8409634
-0.01291729,-0.5408741,0.008307862,0.8409634
-0.01291729,-0.5408741,0.008307862,0.8409634
-0.01291729,-0.5408741,0.008307862,0.8409634
-0.01291729,-0.5408741,0.008307862,0.8409634
-0.01291729,-0.5408741,0.008307862,0.8409634
-0.01291729,-0.5408741,0.008307862,0.8409634
-0.01291729,-0.5408741,0.008307862,0.8409634
-0.01291729,-0.5408741,0.008307862,0.8409634
-0.01291729,-0.5408741,0.008307862,0.8409634
-0.01291729,-0.5408741,0.008307862,0.8409634
-0.01291729,-0.5408741,0.008307862,0.8409634
-0.01291729,-0.5408741,0.008307862,0.8409634
-0.01291729,-0.5408741,0.008307862,0.8409634
-0.01291729,-0.5408741,0.008307862,0.8409634
-0.01291729,-0.5408741,0.008307862,0.8409634
-0.01291729,-0.5408741,0.008307862,0.8409634
-0.01291729,-0.5408741,0.008307862,0.8409634
-0.01291729,-0.5408741,0.008307862,0.8409634
-0.01291729,-0.5408741,0.008307862,0.8409634
-0.01291729,-0.5408741,0.008307862,0.8409634
-0.01291729,-0.5408741,0.008307862,0.8409634
-0.01291729,-0.5408741,0.008307862,0.8409634
-0.01291729,-0.5408741,0.008307862,0.8409634
-0.01291729,-0.5408741,0.008307862,0.8409634
-0.01291729,-0.5408741,0.008307862,0.8409634
-0.01291729,-0.5408741,0.008307862,0.8409634
-0.01291729,-0.5408741,0.008307862,0.8409634
-0.01291729,-0.5408741,0.008307862,0.8409634
-0.01291729,-0.5408741,0.008307862,0.8409634
-0.01291729,-0.5408741,0.008307862,0.8409634
-0.01291655,-0.5409485,0.008309006,0.8409156
-0.01291522,-0.5410826,0.008311065,0.8408292
-0.01291086,-0.5415241,0.008317847,0.8405449
-0.01290781,-0.5418322,0.008322581,0.8403463
-0.01290417,-0.5421988,0.008328212,0.8401099
-0.0128998,-0.54264,0.008334988,0.8398249
-0.01289484,-0.5431398,0.008342666,0.8395019
-0.01288316,-0.544313,0.008360686,0.8387417
-0.01287644,-0.5449862,0.008371028,0.8383043
-0.01286913,-0.5457183,0.008382273,0.837828
-0.01286106,-0.5465232,0.008394636,0.8373031
-0.01285241,-0.547385,0.008407874,0.83674
-0.0128333,-0.5492826,0.008437021,0.8354956
-0.01282283,-0.5503175,0.008452917,0.8348141
-0.01281175,-0.5514103,0.008469703,0.8340929
-0.0127999,-0.5525755,0.008487601,0.8333213
-0.01278743,-0.5537981,0.00850638,0.8325093
-0.01276063,-0.5564121,0.008546531,0.8307645
-0.01274629,-0.5578034,0.008567901,0.829831
-0.01273132,-0.5592509,0.008590135,0.8288562
-0.01271554,-0.56077,0.008613469,0.8278292
-0.01269912,-0.5623456,0.00863767,0.8267598
-0.01266433,-0.5656607,0.00868859,0.8244951
-0.01264595,-0.5674007,0.008715317,0.8232986
-0.01262691,-0.5691953,0.008742882,0.8220589
-0.01260703,-0.5710604,0.008771529,0.8207644
-0.01258647,-0.5729796,0.008801009,0.8194258
-0.0125433,-0.5769777,0.008862419,0.8166155
-0.01252068,-0.5790564,0.008894348,0.8151428
-0.01249735,-0.5811884,0.008927096,0.8136241
-0.01247315,-0.5833879,0.008960879,0.8120484
-0.01244823,-0.5856391,0.008995458,0.8104265
-0.01239621,-0.5902979,0.009067019,0.8070393
-0.01236909,-0.5927045,0.009103985,0.8052735
-0.01234122,-0.5951613,0.009141721,0.8034595
-0.01231243,-0.5976833,0.009180459,0.8015852
-0.01228287,-0.6002557,0.009219971,0.7996607
-0.01222145,-0.6055464,0.009301236,0.7956619
-0.01218938,-0.6082799,0.009343224,0.793574
-0.01215669,-0.6110463,0.009385715,0.7914459
-0.01212303,-0.6138747,0.009429161,0.7892541
-0.01208854,-0.6167508,0.009473338,0.7870087
-0.0120171,-0.6226398,0.009563793,0.7823579
-0.01197994,-0.6256678,0.009610303,0.7799385
-0.01194211,-0.6287256,0.009657271,0.7774756
-0.01190325,-0.6318414,0.009705131,0.7749456
-0.01186351,-0.6350009,0.009753662,0.7723587
-0.01178138,-0.6414492,0.009852707,0.7670118
-0.01178138,-0.6414492,0.009852707,0.7670118
-0.01169527,-0.6480938,0.00995477,0.7614056
-0.01165085,-0.6514766,0.01000673,0.7585133
-0.01160548,-0.6548995,0.01005931,0.75556
-0.01151193,-0.6618611,0.01016624,0.7494692
-0.01146352,-0.665413,0.01022079,0.7463174
-0.01141433,-0.6689873,0.0102757,0.7431152
-0.01136397,-0.672611,0.01033136,0.7398369
-0.01131261,-0.6762708,0.01038757,0.7364931
-0.01120687,-0.6836924,0.01050157,0.7296087
-0.01115227,-0.6874663,0.01055953,0.7260539
-0.01109662,-0.6912721,0.01061799,0.7224312
-0.01103994,-0.6951083,0.01067692,0.7187409
-0.01098218,-0.6989751,0.01073631,0.714981
-0.01086347,-0.7067947,0.01085642,0.7072521
-0.01080226,-0.7107593,0.01091732,0.7032676
-0.01073995,-0.714751,0.01097863,0.6992105
-0.01067653,-0.7187666,0.01104031,0.6950818
-0.01061198,-0.7228071,0.01110237,0.6908792
-0.01047925,-0.7309687,0.01122774,0.6822383
-0.01041105,-0.735088,0.01129101,0.6777978
-0.01034168,-0.7392265,0.01135458,0.6732818
-0.01027112,-0.7433847,0.01141845,0.6686878
-0.01019938,-0.7475597,0.01148258,0.6640171
-0.01005224,-0.7559596,0.0116116,0.6544381
-0.00997662,-0.7601938,0.01167664,0.6495149
-0.009899761,-0.7644408,0.01174187,0.644511
-0.009821662,-0.768699,0.01180728,0.6394264
-0.009742296,-0.7729678,0.01187285,0.6342595
-0.009579769,-0.7815301,0.01200437,0.6236783
-0.009496345,-0.7858338,0.01207047,0.6182471
-0.009411632,-0.7901416,0.01213664,0.6127319
-0.009325607,-0.7944531,0.01220286,0.6071314
-0.009238245,-0.7987675,0.01226913,0.6014438
-0.009059556,-0.8073957,0.01240166,0.5898105
-0.008967946,-0.811719,0.01246807,0.5838463
-0.008874982,-0.8160383,0.01253441,0.577794
-0.008780651,-0.8203519,0.01260067,0.5716527
-0.008684945,-0.8246589,0.01266683,0.5654219
-0.008489148,-0.8332556,0.01279887,0.5526747
-0.00838902,-0.8375427,0.01286472,0.5461559
-0.008287478,-0.8418167,0.01293037,0.5395451
-0.008184534,-0.8460748,0.01299578,0.5328431
-0.00808015,-0.8503168,0.01306094,0.5260472
-0.007866835,-0.858753,0.01319052,0.5121596
-0.007757888,-0.8629436,0.01325489,0.5050668
-0.007647493,-0.8671102,0.01331889,0.4978796
-0.007535649,-0.8712506,0.01338248,0.4905982
-0.007422336,-0.8753637,0.01344566,0.4832211
-0.007191021,-0.8835094,0.01357078,0.4681616
-0.007073021,-0.8875376,0.01363265,0.4604793
-0.00695353,-0.8915306,0.01369399,0.4527
-0.006832569,-0.8954858,0.01375474,0.444825
-0.006710096,-0.8994025,0.0138149,0.4368515
-0.00658614,-0.9032777,0.01387442,0.4287815
-0.006333212,-0.910912,0.01399169,0.4123149
-0.006204472,-0.9146594,0.01404925,0.4039335
-0.006074249,-0.9183568,0.01410604,0.3954554
-0.005942521,-0.9220024,0.01416203,0.3868795
-0.005705449,-0.9283279,0.0142592,0.3714452
-0.005639282,-0.9300399,0.01428549,0.3671375
-0.005603109,-0.9309661,0.01429972,0.3647825
-0.005596337,-0.9311388,0.01430237,0.3643416
-0.005596337,-0.9311388,0.01430237,0.3643416
-0.005596337,-0.9311388,0.01430237,0.3643416
-0.005596337,-0.9311388,0.01430237,0.3643416
-0.005596337,-0.9311388,0.01430237,0.3643416
-0.005596337,-0.9311388,0.01430237,0.3643416
-0.005596337,-0.9311388,0.01430237,0.3643416
-0.005596337,-0.9311388,0.01430237,0.3643416
-0.005596337,-0.9311388,0.01430237,0.3643416
-0.005596337,-0.9311388,0.01430237,0.3643416
-0.005596337,-0.9311388,0.01430237,0.3643416
-0.005596337,-0.9311388,0.01430237,0.3643416
-0.005596337,-0.9311388,0.01430237,0.3643416
-0.005596337,-0.9311388,0.01430237,0.3643416
-0.005596337,-0.9311388,0.01430237,0.3643416
-0.005596337,-0.9311388,0.01430237,0.3643416
-0.005596337,-0.9311388,0.01430237,0.3643416
-0.005596337,-0.9311388,0.01430237,0.3643416
-0.005596337,-0.9311388,0.01430237,0.3643416
-0.005596337,-0.9311388,0.01430237,0.3643416
-0.005596337,-0.9311388,0.01430237,0.3643416
-0.005596337,-0.9311388,0.01430237,0.3643416
-0.005596337,-0.9311388,0.01430237,0.3643416
-0.005596337,-0.9311388,0.01430237,0.3643416
-0.00559536,-0.9311637,0.01430275,0.3642779
-0.005593386,-0.931214,0.01430352,0.3641494
-0.005590396,-0.93129,0.01430469,0.3639548
-0.005586145,-0.9313981,0.01430635,0.363678
-0.005574644,-0.9316901,0.01431084,0.3629293
-0.0055674,-0.9318737,0.01431366,0.3624577
-0.005559165,-0.9320821,0.01431686,0.3619216
-0.005549931,-0.9323153,0.01432044,0.3613204
-0.005539421,-0.9325802,0.01432451,0.3606361
-0.005515419,-0.933183,0.01433377,0.3590735
-0.005501909,-0.933521,0.01433896,0.358194
-0.005487412,-0.9338825,0.01434451,0.3572502
-0.005471895,-0.9342684,0.01435044,0.3562399
-0.005437581,-0.9351171,0.01436348,0.354006
-0.005418777,-0.9355797,0.01437058,0.3527817
-0.005398959,-0.9360651,0.01437804,0.3514915
-0.005378141,-0.9365729,0.01438584,0.3501362
-0.005356305,-0.9371032,0.01439398,0.3487146
-0.00533318,-0.937662,0.01440257,0.3472091
-0.005283874,-0.9388444,0.01442073,0.3439991
-0.005257691,-0.9394673,0.0144303,0.3422945
-0.005230498,-0.9401104,0.01444017,0.340524
-0.005202276,-0.9407739,0.01445037,0.3386867
-0.005172757,-0.9414635,0.01446096,0.3367649
-0.00511065,-0.9429001,0.01448302,0.3327215
-0.005078028,-0.9436468,0.01449449,0.3305976
-0.005044108,-0.9444176,0.01450633,0.3283893
-0.005009424,-0.9451997,0.01451835,0.3261313
-0.004973418,-0.9460053,0.01453072,0.3237871
-0.004898321,-0.9476646,0.01455621,0.318898
-0.00485918,-0.9485183,0.01456932,0.3163498
-0.004819006,-0.9493867,0.01458266,0.3137343
-0.00477777,-0.9502696,0.01459622,0.3110496
-0.004735202,-0.9511722,0.01461009,0.3082783
-0.004646901,-0.9530163,0.01463841,0.3025295
-0.004601144,-0.9539568,0.01465286,0.2995506
-0.004554054,-0.9549141,0.01466756,0.2964848
-0.004506181,-0.9558762,0.01468234,0.2933681
-0.004456955,-0.9568539,0.01469736,0.2901633
-0.004355279,-0.9588364,0.01472781,0.2835438
-0.004334627,-0.9592329,0.0147339,0.2821993
-0.004334627,-0.9592329,0.0147339,0.2821993
-0.004334627,-0.9592329,0.0147339,0.2821993
-0.004334627,-0.9592329,0.0147339,0.2821993
-0.004334627,-0.9592329,0.0147339,0.2821993
-0.004334627,-0.9592329,0.0147339,0.2821993
-0.004334627,-0.9592329,0.0147339,0.2821993
-0.004334627,-0.9592329,0.0147339,0.2821993
-0.004334627,-0.9592329,0.0147339,0.2821993
-0.004334627,-0.9592329,0.0147339,0.2821993
-0.004334627,-0.9592329,0.0147339,0.2821993
-0.004334627,-0.9592329,0.0147339,0.2821993
-0.004334627,-0.9592329,0.0147339,0.2821993
-0.004334627,-0.9592329,0.0147339,0.2821993
-0.004334627,-0.9592329,0.0147339,0.2821993
-0.004334627,-0.9592329,0.0147339,0.2821993
-0.004334627,-0.9592329,0.0147339,0.2821993
-0.004334627,-0.9592329,0.0147339,0.2821993
-0.004334627,-0.9592329,0.0147339,0.2821993
-0.004333621,-0.9592521,0.01473419,0.2821338
-0.004331573,-0.9592913,0.0147348,0.2820005
-0.004328515,-0.9593499,0.01473569,0.2818014
-0.004324427,-0.959428,0.01473689,0.2815352
-0.004319034,-0.959531,0.01473847,0.2811841
-0.004305175,-0.9597949,0.01474253,0.2802819
-0.004296701,-0.9599558,0.014745,0.2797302
-0.004287208,-0.9601357,0.01474776,0.2791122
-0.004276406,-0.9603398,0.0147509,0.2784089
-0.004264574,-0.9605629,0.01475433,0.2776386
-0.004237816,-0.9610648,0.01476203,0.2758965
-0.004222892,-0.9613431,0.01476631,0.2749249
-0.004206655,-0.9616448,0.01477094,0.2738678
-0.004189661,-0.9619591,0.01477577,0.2727614
-0.004171362,-0.9622962,0.01478095,0.27157
-0.00413166,-0.9630219,0.0147921,0.2689853
-0.004110248,-0.9634101,0.01479806,0.2675913
-0.004087534,-0.9638196,0.01480435,0.2661125
-0.00406376,-0.9642456,0.01481089,0.2645647
-0.004038954,-0.9646873,0.01481768,0.2629498
-0.004013096,-0.9651446,0.0148247,0.2612663
-0.003957982,-0.9661087,0.01483951,0.2576782
-0.003928719,-0.9666149,0.01484729,0.255773
-0.00389868,-0.9671303,0.0148552,0.2538173
-0.003867309,-0.967664,0.0148634,0.251775
-0.003801411,-0.9687701,0.01488039,0.2474848
-0.00376688,-0.9693417,0.01488917,0.2452367
-0.00373101,-0.9699293,0.0148982,0.2429014
-0.003694364,-0.9705238,0.01490733,0.2405156
-0.003656377,-0.9711334,0.01491669,0.2380425
-0.003577221,-0.972382,0.01493587,0.2328891
-0.003536046,-0.9730201,0.01494567,0.2302085
-0.003493519,-0.973671,0.01495567,0.2274399
-0.003449914,-0.9743298,0.01496579,0.224601
-0.003405266,-0.9749953,0.01497601,0.2216942
-0.003359515,-0.9756678,0.01498634,0.2187156
-0.003264528,-0.9770334,0.01500732,0.2125317
-0.003215271,-0.9777256,0.01501795,0.2093248
-0.003164925,-0.9784216,0.01502864,0.2060471
-0.003113522,-0.9791204,0.01503937,0.2027006
-0.003007449,-0.9805247,0.01506094,0.1957949
-0.002952776,-0.9812287,0.01507176,0.1922355
-0.002896734,-0.9819365,0.01508263,0.1885869
-0.002839588,-0.9826437,0.01509349,0.1848665
-0.002781366,-0.9833491,0.01510433,0.181076
-0.002722059,-0.9840524,0.01511513,0.1772149
-0.002599885,-0.9854516,0.01513662,0.1692609
-0.002536974,-0.9861463,0.01514729,0.1651652
-0.002505515,-0.9864872,0.01515253,0.163117
-0.002505515,-0.9864872,0.01515253,0.163117
-0.002505515,-0.9864872,0.01515253,0.163117
-0.002505515,-0.9864872,0.01515253,0.163117
-0.002505515,-0.9864872,0.01515253,0.163117
-0.002505515,-0.9864872,0.01515253,0.163117
-0.002505515,-0.9864872,0.01515253,0.163117
-0.002505515,-0.9864872,0.01515253,0.163117
-0.002505515,-0.9864872,0.01515253,0.163117
-0.002505515,-0.9864872,0.01515253,0.163117
-0.002505515,-0.9864872,0.01515253,0.163117
-0.002505515,-0.9864872,0.01515253,0.163117
-0.002505515,-0.9864872,0.01515253,0.163117
-0.002505515,-0.9864872,0.01515253,0.163117
-0.002505515,-0.9864872,0.01515253,0.163117
-0.002505515,-0.9864872,0.01515253,0.163117
-0.002505515,-0.9864872,0.01515253,0.163117
-0.002505515,-0.9864872,0.01515253,0.163117
-0.002505515,-0.9864872,0.01515253,0.163117
-0.002505515,-0.9864872,0.01515253,0.163117
-0.002505515,-0.9864872,0.01515253,0.163117
-0.002505515,-0.9864872,0.01515253,0.163117
-0.002505515,-0.9864872,0.01515253,0.163117
-0.002504752,-0.9864954,0.01515266,0.1630673
-0.002502645,-0.9865181,0.01515301,0.1629302
-0.002499491,-0.986552,0.01515353,0.1627248
-0.002495272,-0.9865972,0.01515422,0.1624502
-0.002489996,-0.9866537,0.01515509,0.1621067
-0.002476003,-0.9868029,0.01515738,0.1611957
-0.002467292,-0.9868954,0.0151588,0.1606285
-0.002457506,-0.986999,0.01516039,0.1599915
-0.002446684,-0.9871129,0.01516214,0.1592869
-0.002434786,-0.9872376,0.01516406,0.1585123
-0.002407546,-0.9875207,0.01516841,0.1567389
-0.002392202,-0.9876787,0.01517083,0.1557399
-0.00237579,-0.9878466,0.01517341,0.1546714
-0.002358335,-0.9880239,0.01517614,0.153535
-0.002339817,-0.9882105,0.015179,0.1523294
-0.002299008,-0.9886163,0.01518524,0.1496726
-0.002277015,-0.9888321,0.01518855,0.1482408
-0.002253948,-0.9890561,0.01519199,0.1467391
-0.002229834,-0.9892877,0.01519555,0.1451691
-0.002204649,-0.9895269,0.01519922,0.1435295
-0.002150808,-0.990029,0.01520693,0.1400243
-0.002122164,-0.9902909,0.01521096,0.1381594
-0.002092435,-0.990559,0.01521508,0.1362239
-0.002061647,-0.9908326,0.01521928,0.1342195
-0.002029784,-0.9911114,0.01522356,0.1321451
-0.001962277,-0.9916875,0.01523241,0.1277502
-0.001926928,-0.9919812,0.01523692,0.1254488
-0.001890508,-0.9922782,0.01524149,0.1230777
-0.00185302,-0.9925779,0.01524609,0.1206371
-0.00181445,-0.9928799,0.01525073,0.1181261
-0.001733537,-0.9934924,0.01526014,0.1128583
-0.00169146,-0.9937998,0.01526486,0.1101189
-0.001648301,-0.9941071,0.01526958,0.1073092
-0.001603779,-0.9944158,0.01527432,0.1044106
-0.001558473,-0.994721,0.01527901,0.101461
-0.001464333,-0.9953271,0.01528832,0.09533212
-0.001415509,-0.9956264,0.01529292,0.09215348
-0.0013656,-0.9959218,0.01529745,0.08890425
-0.001314594,-0.9962127,0.01530192,0.08558358
-0.00126253,-0.996498,0.0153063,0.08219403
-0.001154577,-0.9970528,0.01531482,0.07516588
-0.001098978,-0.997319,0.01531891,0.07154613
-0.001042299,-0.9975769,0.01532288,0.06785613
-0.0009842565,-0.9978268,0.01532671,0.06407735
-0.0009254267,-0.9980654,0.01533038,0.06024731
-0.0008039251,-0.9985114,0.01533723,0.0523371
-0.0007415586,-0.9987159,0.01534037,0.0482768
-0.0006781108,-0.9989071,0.01534331,0.04414611
-0.0006132969,-0.9990847,0.01534604,0.03992648
-0.0005473948,-0.9992469,0.01534853,0.03563601
-0.0004123691,-0.9995217,0.01535275,0.02684533
-0.0003432338,-0.9996324,0.01535445,0.02234436
-0.0002730377,-0.9997241,0.01535586,0.01777433
-0.0002017592,-0.9997957,0.01535696,0.01313383
-0.0001294045,-0.9998466,0.01535774,0.008423266
1.910531E-05,-0.9998813,0.01535827,-0.00124528
9.494865E-05,-0.999863,0.01535799,-0.006182967
0.0001718849,-0.9998195,0.01535732,-0.0111918
0.0002501562,-0.9997494,0.01535625,-0.01628756
0.0003292074,-0.9996523,0.01535476,-0.02143409
0.0004910339,-0.9993709,0.01535043,-0.0319696
0.0005735192,-0.9991847,0.01534757,-0.0373397
0.0006570693,-0.9989666,0.01534422,-0.04277913
0.0007419482,-0.9987146,0.01534035,-0.04830506
0.0008275795,-0.9984293,0.01533597,-0.05387998
0.001002546,-0.9977494,0.01532553,-0.06527094
0.001091579,-0.9973533,0.01531944,-0.07106732
0.001181651,-0.9969181,0.01531276,-0.07693135
0.001273026,-0.9964412,0.01530543,-0.08288018
0.001365401,-0.9959227,0.01529747,-0.0888942
0.001553235,-0.9947554,0.01527954,-0.1011228
0.001648653,-0.9941043,0.01526954,-0.1073349
0.001745076,-0.9934065,0.01525882,-0.1136124
0.001842779,-0.9926584,0.01524733,-0.1199733
0.00194147,-0.9918607,0.01523507,-0.1263984
0.002141742,-0.9901119,0.01520821,-0.1394369
0.002243334,-0.9891579,0.01519356,-0.1460509
0.002345886,-0.988149,0.01517806,-0.1527274
0.002449668,-0.9870811,0.01516166,-0.159484
0.002554102,-0.9859585,0.01514442,-0.1662831
0.002766315,-0.9835286,0.0151071,-0.180099
0.002873802,-0.9822215,0.01508702,-0.1870968
0.002982194,-0.980851,0.01506597,-0.1941535
0.003091741,-0.9794123,0.01504387,-0.2012854
0.003201908,-0.9779109,0.01502081,-0.2084577
0.0034254,-0.9746956,0.01497142,-0.2230079
0.003538421,-0.9729829,0.01494511,-0.230366
0.003652282,-0.9711979,0.0149177,-0.2377787
0.003767246,-0.9693349,0.01488908,-0.2452633
0.00388304,-0.9673961,0.0148593,-0.2528019
0.004116935,-0.9632884,0.0147962,-0.2680294
0.004235056,-0.9611155,0.01476283,-0.2757195
0.004353928,-0.9588615,0.01472821,-0.2834585
0.004473811,-0.9565197,0.01469224,-0.2912634
0.00459415,-0.9540989,0.01465505,-0.2990978
0.004837495,-0.9489871,0.01457654,-0.3149405
0.004960175,-0.9462991,0.01453525,-0.3229274
0.005083519,-0.9435206,0.01449257,-0.3309577
0.005207774,-0.9406441,0.01444839,-0.3390471
0.005332623,-0.9376746,0.01440278,-0.3471752
0.00558413,-0.9314484,0.01430714,-0.3635493
0.005710759,-0.9281886,0.01425707,-0.3717933
0.00583791,-0.9248297,0.01420548,-0.3800713
0.005965849,-0.9213627,0.01415222,-0.3884006
0.006094292,-0.9177928,0.01409739,-0.3967627
0.006352554,-0.9103398,0.01398291,-0.4135765
0.006482333,-0.9064538,0.01392322,-0.4220256
0.006612522,-0.9024592,0.01386186,-0.4305014
0.006743346,-0.8983467,0.01379869,-0.4390186
0.006874266,-0.8941311,0.01373394,-0.4475419
0.007137571,-0.8853434,0.01359896,-0.4646841
0.007269643,-0.8807768,0.01352882,-0.4732825
0.007401966,-0.8760932,0.01345688,-0.4818972
0.007534774,-0.8712814,0.01338297,-0.4905435
0.007667743,-0.8663505,0.01330723,-0.4992003
0.007934166,-0.8561221,0.01315012,-0.5165454
0.00806754,-0.8508227,0.01306872,-0.5252286
0.008200985,-0.8453978,0.0129854,-0.5339164
0.008334696,-0.839837,0.01289998,-0.5426214
0.008468428,-0.8341473,0.01281259,-0.5513279
0.008735752,-0.8223798,0.01263184,-0.5687317
0.008869532,-0.8162877,0.01253826,-0.5774413
0.009002934,-0.8100742,0.01244282,-0.5861263
0.009136393,-0.803716,0.01234516,-0.594815
0.009269632,-0.7972232,0.01224543,-0.6034893
0.009535351,-0.7838277,0.01203968,-0.6207885
0.009667756,-0.7769228,0.01193362,-0.6294085
0.009799803,-0.7698789,0.01182542,-0.6380053
0.009931664,-0.7626832,0.0117149,-0.64659
0.01006311,-0.7553451,0.01160218,-0.6551473
0.01032451,-0.7402417,0.01137019,-0.6721655
0.01045438,-0.7324751,0.0112509,-0.6806206
0.01058387,-0.7245503,0.01112917,-0.6890508
0.0107127,-0.7164806,0.01100522,-0.697438
0.01084083,-0.7082644,0.01087902,-0.7057802
0.01107157,-0.6929709,0.01064411,-0.7208021
0.01115206,-0.6874783,0.01055975,-0.7260426
0.01120995,-0.6834759,0.01049827,-0.7298115
0.01123943,-0.6814213,0.01046671,-0.7317302
0.01124713,-0.6808821,0.01045843,-0.732232
0.01124713,-0.6808821,0.01045843,-0.732232
0.01124713,-0.6808821,0.01045843,-0.732232
0.01124713,-0.6808821,0.01045843,-0.732232
0.01124713,-0.6808821,0.01045843,-0.732232
0.01124713,-0.6808821,0.01045843,-0.732232
0.01124713,-0.6808821,0.01045843,-0.732232
0.01124713,-0.6808821,0.01045843,-0.732232
0.01124713,-0.6808821,0.01045843,-0.732232
0.01124621,-0.6809471,0.01045942,-0.7321715
0.01124455,-0.6810631,0.01046121,-0.7320637
0.01123906,-0.6814473,0.01046711,-0.7317061
0.01123522,-0.6817151,0.01047122,-0.7314566
0.01123065,-0.6820342,0.01047612,-0.731159
0.01122516,-0.6824176,0.01048201,-0.7308012
0.01121891,-0.6828525,0.01048869,-0.7303948
0.01120426,-0.6838717,0.01050435,-0.7294406
0.01119582,-0.6844569,0.01051334,-0.7288916
0.01118645,-0.685106,0.01052331,-0.7282814
0.01117634,-0.6858052,0.01053404,-0.7276231
0.01116547,-0.686555,0.01054556,-0.7269157
0.01114152,-0.6882026,0.01057087,-0.725356
0.01112821,-0.6891149,0.01058488,-0.7244893
0.01111434,-0.6900624,0.01059944,-0.7235869
0.01109953,-0.6910725,0.01061495,-0.7226223
0.01108394,-0.6921323,0.01063123,-0.7216073
0.01105048,-0.694396,0.010666,-0.7194291
0.01103241,-0.695613,0.01068469,-0.7182525
0.01101375,-0.6968654,0.01070393,-0.7170375
0.0109941,-0.698179,0.01072411,-0.7157586
0.01097368,-0.6995394,0.010745,-0.714429
0.01093045,-0.7024024,0.01078898,-0.7116144
0.01090764,-0.7039034,0.01081203,-0.7101297
0.01088403,-0.7054508,0.0108358,-0.7085925
0.01085941,-0.7070574,0.01086048,-0.7069894
0.01083396,-0.70871,0.01088586,-0.7053328
0.01078041,-0.7121626,0.01093889,-0.7018466
0.01075228,-0.7139627,0.01096655,-0.7000152
0.01072333,-0.7158059,0.01099486,-0.6981304
0.01069354,-0.7176925,0.01102383,-0.6961908
0.01066288,-0.7196232,0.01105349,-0.6941949
0.01059903,-0.7236106,0.01111474,-0.6900377
0.0105656,-0.7256797,0.01114652,-0.6878613
0.01053128,-0.7277909,0.01117895,-0.6856272
0.01049609,-0.7299422,0.01121199,-0.6833364
0.01046001,-0.7321343,0.01124566,-0.6809872
0.01038519,-0.7366349,0.01131479,-0.6761163
0.01034623,-0.7389548,0.01135043,-0.6735799
0.01030635,-0.7413134,0.01138665,-0.6709834
0.01026554,-0.7437095,0.01142346,-0.6683266
0.01022379,-0.7461429,0.01146084,-0.6656088
0.01013749,-0.7511176,0.01153725,-0.6599898
0.01009269,-0.7536702,0.01157646,-0.6570734
0.01004715,-0.7562445,0.011616,-0.6541088
0.01000043,-0.7588651,0.01165625,-0.6510668
0.009952731,-0.7615182,0.011697,-0.6479616
0.009854158,-0.7669325,0.01178017,-0.641544
0.009803265,-0.769692,0.01182255,-0.6382307
0.009751593,-0.7724691,0.01186521,-0.6348667
0.009698683,-0.7752873,0.0119085,-0.6314221
0.009644746,-0.7781339,0.01195222,-0.6279106
0.009533557,-0.7839201,0.0120411,-0.6206718
0.009476272,-0.7868585,0.01208623,-0.6169424
0.009417931,-0.7898218,0.01213175,-0.6131442
0.009358526,-0.792809,0.01217763,-0.6092767
0.009298045,-0.7958194,0.01222387,-0.6053392
0.009173604,-0.8019174,0.01231754,-0.5972376
0.009109621,-0.805003,0.01236493,-0.5930721
0.009044527,-0.808108,0.01241263,-0.5888342
0.008978317,-0.8112313,0.0124606,-0.5845237
0.008910978,-0.8143722,0.01250884,-0.5801397
0.008772663,-0.8207126,0.01260623,-0.5711349
0.008701667,-0.8239099,0.01265534,-0.5665128
0.008629509,-0.8271204,0.01270466,-0.561815
0.008556187,-0.8303427,0.01275415,-0.5570414
0.008481685,-0.8335761,0.01280382,-0.552191
0.008328872,-0.8400818,0.01290375,-0.5422423
0.008250553,-0.8433511,0.01295396,-0.5371435
0.008171028,-0.8466263,0.01300427,-0.5319661
0.0080903,-0.849906,0.01305465,-0.5267105
0.008008331,-0.8531901,0.01310509,-0.5213739
0.007840492,-0.8597721,0.01320619,-0.510447
0.007754573,-0.8630685,0.01325683,-0.5048534
0.007667394,-0.8663636,0.01330744,-0.4991777
0.007578977,-0.8696548,0.01335799,-0.4934214
0.007489286,-0.872942,0.01340848,-0.4875822
0.007398058,-0.876233,0.01345903,-0.4816429
0.007211762,-0.8827913,0.01355977,-0.4695143
0.007116672,-0.8860561,0.01360992,-0.4633236
0.007020298,-0.8893088,0.01365988,-0.4570493
0.006922618,-0.8925485,0.01370964,-0.4506899
0.006823357,-0.8957824,0.01375931,-0.4442276
0.006620877,-0.9021996,0.01385788,-0.4310454
0.006517644,-0.9053798,0.01390673,-0.4243246
0.006413103,-0.9085386,0.01395525,-0.4175186
0.0063072,-0.9116755,0.01400343,-0.4106239
0.006199713,-0.9147951,0.01405135,-0.4036261
0.005980705,-0.9209543,0.01414596,-0.3893679
0.005869158,-0.923991,0.0141926,-0.3821057
0.005756274,-0.9269961,0.01423876,-0.3747566
0.005642017,-0.9299687,0.01428442,-0.3673181
0.005409141,-0.9358149,0.01437422,-0.352157
0.005290539,-0.9386843,0.01441829,-0.3444355
0.005170559,-0.9415138,0.01446175,-0.3366244
0.005048939,-0.9443072,0.01450466,-0.3287065
0.004926232,-0.9470503,0.01454679,-0.3207178
0.004801884,-0.9497534,0.01458831,-0.3126223
0.00454909,-0.9550135,0.01466911,-0.2961645
0.004420633,-0.957567,0.01470833,-0.2878014
0.004290837,-0.9600661,0.01474671,-0.2793512
0.004159664,-0.9625099,0.01478425,-0.2708113
0.003892983,-0.9672267,0.0148567,-0.2534494
0.003757464,-0.9694958,0.01489155,-0.2446266
0.003620578,-0.971701,0.01492543,-0.2357148
0.003482364,-0.9738397,0.01495828,-0.2267166
0.003342805,-0.9759104,0.01499008,-0.2176308
0.003201625,-0.9779147,0.01502087,-0.2084394
0.002915285,-0.9817032,0.01507906,-0.1897976
0.002770124,-0.9834832,0.0151064,-0.1803471
0.002623666,-0.9851839,0.01513252,-0.1708121
0.002475912,-0.9868034,0.0151574,-0.1611928
0.002326573,-0.9883425,0.01518104,-0.1514702
0.002024047,-0.9911607,0.01522433,-0.1317747
0.001870885,-0.9924355,0.01524391,-0.1218032
0.001716486,-0.9936175,0.01526206,-0.1117513
0.001594177,-0.9944808,0.01527532,-0.1037885
0.001511608,-0.9950272,0.01528371,-0.09841298
0.00144333,-0.9954568,0.01529031,-0.09396785
0.00144333,-0.9954568,0.01529031,-0.09396785
0.00144333,-0.9954568,0.01529031,-0.09396785
0.00144333,-0.9954568,0.01529031,-0.09396785
0.00144333,-0.9954568,0.01529031,-0.09396785
0.00144333,-0.9954568,0.01529031,-0.09396785
0.00144333,-0.9954568,0.01529031,-0.09396785
0.00144333,-0.9954568,0.01529031,-0.09396785
0.00144333,-0.9954568,0.01529031,-0.09396785
0.00144333,-0.9954568,0.01529031,-0.09396785
0.00144333,-0.9954568,0.01529031,-0.09396785
0.00144333,-0.9954568,0.01529031,-0.09396785
0.00144333,-0.9954568,0.01529031,-0.09396785
0.00144333,-0.9954568,0.01529031,-0.09396785
0.00144333,-0.9954568,0.01529031,-0.09396785
0.00144333,-0.9954568,0.01529031,-0.09396785
0.00144333,-0.9954568,0.01529031,-0.09396785
0.00144333,-0.9954568,0.01529031,-0.09396785
0.00144333,-0.9954568,0.01529031,-0.09396785
0.00144333,-0.9954568,0.01529031,-0.09396785
0.00144333,-0.9954568,0.01529031,-0.09396785
0.00144333,-0.9954568,0.01529031,-0.09396785
0.00144333,-0.9954568,0.01529031,-0.09396785
0.00144333,-0.9954568,0.01529031,-0.09396785
0.00144333,-0.9954568,0.01529031,-0.09396785
0.00144333,-0.9954568,0.01529031,-0.09396785
0.00144333,-0.9954568,0.01529031,-0.09396785
0.00144333,-0.9954568,0.01529031,-0.09396785
0.00144333,-0.9954568,0.01529031,-0.09396785
0.00144333,-0.9954568,0.01529031,-0.09396785
0.00144333,-0.9954568,0.01529031,-0.09396785
0.00144333,-0.9954568,0.01529031,-0.09396785
0.00144333,-0.9954568,0.01529031,-0.09396785
0.00144333,-0.9954568,0.01529031,-0.09396785
0.00144333,-0.9954568,0.01529031,-0.09396785
0.00144333,-0.9954568,0.01529031,-0.09396785
0.00144333,-0.9954568,0.01529031,-0.09396785
0.00144333,-0.9954568,0.01529031,-0.09396785
0.00144333,-0.9954568,0.01529031,-0.09396785
0.00144333,-0.9954568,0.01529031,-0.09396785
0.00144333,-0.9954568,0.01529031,-0.09396785
0.00144333,-0.9954568,0.01529031,-0.09396785
0.00144333,-0.9954568,0.01529031,-0.09396785
0.00144333,-0.9954568,0.01529031,-0.09396785
0.00144333,-0.9954568,0.01529031,-0.09396785
0.00144333,-0.9954568,0.01529031,-0.09396785
0.00144333,-0.9954568,0.01529031,-0.09396785
0.00144333,-0.9954568,0.01529031,-0.09396785
0.00144333,-0.9954568,0.01529031,-0.09396785
0.00144333,-0.9954568,0.01529031,-0.09396785
0.00144333,-0.9954568,0.01529031,-0.09396785
0.00144333,-0.9954568,0.01529031,-0.09396785
0.00144333,-0.9954568,0.01529031,-0.09396785
0.00144333,-0.9954568,0.01529031,-0.09396785
0.00144333,-0.9954568,0.01529031,-0.09396785
0.00144333,-0.9954568,0.01529031,-0.09396785
0.00144333,-0.9954568,0.01529031,-0.09396785
0.00144333,-0.9954568,0.01529031,-0.09396785
0.00144333,-0.9954568,0.01529031,-0.09396785
0.00144333,-0.9954568,0.01529031,-0.09396785
0.00144333,-0.9954568,0.01529031,-0.09396785
0.00144333,-0.9954568,0.01529031,-0.09396785
0.00144333,-0.9954568,0.01529031,-0.09396785
0.00144333,-0.9954568,0.01529031,-0.09396785
0.00144333,-0.9954568,0.01529031,-0.09396785
0.00144333,-0.9954568,0.01529031,-0.09396785
0.00144333,-0.9954568,0.01529031,-0.09396785
0.00144333,-0.9954568,0.01529031,-0.09396785
0.00144333,-0.9954568,0.01529031,-0.09396785
0.00144333,-0.9954568,0.01529031,-0.09396785
0.001440134,-0.9954764,0.01529062,-0.09375973
0.001436929,-0.9954961,0.01529092,-0.09355106
0.00143237,-0.9955239,0.01529134,-0.09325426
0.001426743,-0.9955582,0.01529187,-0.09288795
0.001420063,-0.9955986,0.01529249,-0.09245306
0.001403513,-0.9956981,0.01529402,-0.0913756
0.001393635,-0.9957569,0.01529492,-0.09073251
0.001382416,-0.9958232,0.01529594,-0.09000209
0.001370407,-0.9958935,0.01529702,-0.08922029
0.001357056,-0.995971,0.01529821,-0.08835105
0.001327165,-0.9961417,0.01530083,-0.08640502
0.001310609,-0.9962346,0.01530226,-0.08532717
0.001292707,-0.9963338,0.01530378,-0.08416168
0.001273748,-0.9964373,0.01530537,-0.08292738
0.001253709,-0.996545,0.01530703,-0.08162276
0.001232615,-0.9966565,0.01530874,-0.0802495
0.001186913,-0.9968916,0.01531235,-0.07727411
0.001162314,-0.9970144,0.01531424,-0.07567262
0.001136631,-0.9971399,0.01531616,-0.07400056
0.001109897,-0.9972675,0.01531812,-0.07226009
0.001082089,-0.9973971,0.01532011,-0.0704497
0.001022984,-0.9976614,0.01532417,-0.06660169
0.000991685,-0.9977954,0.01532623,-0.06456404
0.0009593059,-0.9979296,0.01532829,-0.06245604
0.000925868,-0.9980634,0.01533035,-0.0602791
0.0008913442,-0.9981966,0.01533239,-0.05803147
0.0008188073,-0.99846,0.01533644,-0.05330905
0.0007807822,-0.9985891,0.01533842,-0.05083347
0.0007416826,-0.9987154,0.01534036,-0.04828794
0.0007015266,-0.9988384,0.01534225,-0.04567363
0.0006179748,-0.9990723,0.01534585,-0.0402341
0.0005745923,-0.999182,0.01534753,-0.03740973
0.0005298443,-0.9992868,0.01534914,-0.03449646
0.0004840246,-0.9993854,0.01535065,-0.03151343
0.0004371344,-0.999477,0.01535206,-0.0284607
0.0003891674,-0.999561,0.01535335,-0.02533787
0.0002897349,-0.9997041,0.01535555,-0.01886444
0.0002382676,-0.9997618,0.01535644,-0.01551373
0.0001857161,-0.9998089,0.01535716,-0.01209243
0.0001321056,-0.9998451,0.01535772,-0.008602182
7.742859E-05,-0.9998694,0.01535809,-0.005042503
-3.543093E-05,-0.9998795,0.01535824,0.002305077
-5.125067E-05,-0.9998766,0.0153582,0.003335002
-5.125067E-05,-0.9998766,0.0153582,0.003335002
-5.125067E-05,-0.9998766,0.0153582,0.003335002
-5.125067E-05,-0.9998766,0.0153582,0.003335002
-5.125067E-05,-0.9998766,0.0153582,0.003335002
-5.125067E-05,-0.9998766,0.0153582,0.003335002
-5.125067E-05,-0.9998766,0.0153582,0.003335002
-5.125067E-05,-0.9998766,0.0153582,0.003335002
-5.125067E-05,-0.9998766,0.0153582,0.003335002
-5.125067E-05,-0.9998766,0.0153582,0.003335002
-5.125067E-05,-0.9998766,0.0153582,0.003335002
-5.125067E-05,-0.9998766,0.0153582,0.003335002
-5.125067E-05,-0.9998766,0.0153582,0.003335002
-5.125067E-05,-0.9998766,0.0153582,0.003335002
-5.125067E-05,-0.9998766,0.0153582,0.003335002
-5.125067E-05,-0.9998766,0.0153582,0.003335002
-5.125067E-05,-0.9998766,0.0153582,0.003335002
-5.125067E-05,-0.9998766,0.0153582,0.003335002
-5.125067E-05,-0.9998766,0.0153582,0.003335002
-5.125067E-05,-0.9998766,0.0153582,0.003335002
-5.125067E-05,-0.9998766,0.0153582,0.003335002
-5.125067E-05,-0.9998766,0.0153582,0.003335002
-5.125067E-05,-0.9998766,0.0153582,0.003335002
-5.125067E-05,-0.9998766,0.0153582,0.003335002
-5.125067E-05,-0.9998766,0.0153582,0.003335002
-5.125067E-05,-0.9998766,0.0153582,0.003335002
-5.125067E-05,-0.9998766,0.0153582,0.003335002
-5.125067E-05,-0.9998766,0.0153582,0.003335002
-5.125067E-05,-0.9998766,0.0153582,0.003335002
-5.125067E-05,-0.9998766,0.0153582,0.003335002
-5.125067E-05,-0.9998766,0.0153582,0.003335002
-5.125067E-05,-0.9998766,0.0153582,0.003335002
-5.125067E-05,-0.9998766,0.0153582,0.003335002
-5.125067E-05,-0.9998766,0.0153582,0.003335002
-5.125067E-05,-0.9998766,0.0153582,0.003335002
-5.125067E-05,-0.9998766,0.0153582,0.003335002
-5.125067E-05,-0.9998766,0.0153582,0.003335002
-5.229687E-05,-0.9998763,0.01535819,0.003403114
-5.441025E-05,-0.9998758,0.01535819,0.003540703
-6.215317E-05,-0.9998739,0.01535816,0.004044795
-6.778155E-05,-0.9998724,0.01535813,0.004411224
-7.447683E-05,-0.9998704,0.0153581,0.004847112
-8.223082E-05,-0.9998678,0.01535806,0.005351926
-9.105604E-05,-0.9998645,0.01535801,0.005926481
-0.0001125045,-0.9998553,0.01535787,0.007322855
-0.0001248228,-0.9998491,0.01535778,0.008124825
-0.0001382011,-0.9998416,0.01535766,0.008995801
-0.0001526534,-0.9998327,0.01535752,0.009936703
-0.0001681809,-0.9998221,0.01535736,0.0109476
-0.0002030304,-0.9997947,0.01535694,0.01321643
-0.0002220476,-0.9997776,0.01535668,0.01445452
-0.0002421402,-0.9997578,0.01535637,0.01576263
-0.0002632898,-0.9997352,0.01535602,0.01713955
-0.000285521,-0.9997093,0.01535563,0.01858688
-0.0003337617,-0.999646,0.01535465,0.02172753
-0.0003594749,-0.9996082,0.01535407,0.02340156
-0.0003862614,-0.9995658,0.01535342,0.02514546
-0.0004141067,-0.9995186,0.0153527,0.0269583
-0.0004430242,-0.9994661,0.01535189,0.02884093
-0.0005046385,-0.9993423,0.01534999,0.03285225
-0.0005370391,-0.9992706,0.01534889,0.03496166
-0.0005705067,-0.9991921,0.01534768,0.03714052
-0.0006053288,-0.9991052,0.01534635,0.03940757
-0.0006409307,-0.9990111,0.0153449,0.04172539
-0.0007159036,-0.9987953,0.01534159,0.04660641
-0.0007549865,-0.9986733,0.01533971,0.04915085
-0.000795151,-0.9985412,0.01533768,0.05176572
-0.0008363508,-0.9983985,0.01533549,0.05444798
-0.0008786084,-0.9982446,0.01533313,0.05719911
-0.0009668947,-0.9978987,0.01532781,0.06294689
-0.001012625,-0.9977065,0.01532486,0.06592411
-0.001059412,-0.9975005,0.0153217,0.06897012
-0.001074355,-0.9974328,0.01532066,0.06994294
-0.001074355,-0.9974328,0.01532066,0.06994294
-0.001074355,-0.9974328,0.01532066,0.06994294
-0.001074355,-0.9974328,0.01532066,0.06994294
-0.001074355,-0.9974328,0.01532066,0.06994294
-0.001074355,-0.9974328,0.01532066,0.06994294
-0.001074355,-0.9974328,0.01532066,0.06994294
-0.001074355,-0.9974328,0.01532066,0.06994294
-0.001074355,-0.9974328,0.01532066,0.06994294
-0.001074355,-0.9974328,0.01532066,0.06994294
-0.001074355,-0.9974328,0.01532066,0.06994294
-0.001074355,-0.9974328,0.01532066,0.06994294
-0.001074355,-0.9974328,0.01532066,0.06994294
-0.001074355,-0.9974328,0.01532066,0.06994294
-0.001074355,-0.9974328,0.01532066,0.06994294
-0.001074355,-0.9974328,0.01532066,0.06994294
-0.001074355,-0.9974328,0.01532066,0.06994294
-0.001074355,-0.9974328,0.01532066,0.06994294
-0.001074355,-0.9974328,0.01532066,0.06994294
-0.001074355,-0.9974328,0.01532066,0.06994294
-0.001074355,-0.9974328,0.01532066,0.06994294
-0.001074355,-0.9974328,0.01532066,0.06994294
-0.001074355,-0.9974328,0.01532066,0.06994294
-0.001074355,-0.9974328,0.01532066,0.06994294
-0.001074355,-0.9974328,0.01532066,0.06994294
-0.001074355,-0.9974328,0.01532066,0.06994294
-0.001074355,-0.9974328,0.01532066,0.06994294
-0.001074355,-0.9974328,0.01532066,0.06994294
-0.001074355,-0.9974328,0.01532066,0.06994294
-0.001074355,-0.9974328,0.01532066,0.06994294
-0.001074355,-0.9974328,0.01532066,0.06994294
-0.001074355,-0.9974328,0.01532066,0.06994294
-0.001074355,-0.9974328,0.01532066,0.06994294
-0.001074355,-0.9974328,0.01532066,0.06994294
-0.001074355,-0.9974328,0.01532066,0.06994294
-0.001074355,-0.9974328,0.01532066,0.06994294
-0.001074355,-0.9974328,0.01532066,0.06994294
-0.001074355,-0.9974328,0.01532066,0.06994294
-0.001074355,-0.9974328,0.01532066,0.06994294
-0.001074355,-0.9974328,0.01532066,0.06994294
-0.001074355,-0.9974328,0.01532066,0.06994294
-0.001074355,-0.9974328,0.01532066,0.06994294
-0.001074355,-0.9974328,0.01532066,0.06994294
-0.001074355,-0.9974328,0.01532066,0.06994294
-0.001074355,-0.9974328,0.01532066,0.06994294
-0.001074355,-0.9974328,0.01532066,0.06994294
-0.001074355,-0.9974328,0.01532066,0.06994294
-0.001074355,-0.9974328,0.01532066,0.06994294
-0.001074355,-0.9974328,0.01532066,0.06994294
-0.001074355,-0.9974328,0.01532066,0.06994294
-0.001074355,-0.9974328,0.01532066,0.06994294
-0.001074355,-0.9974328,0.01532066,0.06994294
-0.001074355,-0.9974328,0.01532066,0.06994294
-0.001074355,-0.9974328,0.01532066,0.06994294
-0.001074355,-0.9974328,0.01532066,0.06994294
-0.001074355,-0.9974328,0.01532066,0.06994294
-0.001074355,-0.9974328,0.01532066,0.06994294
-0.001074355,-0.9974328,0.01532066,0.06994294
-0.001074355,-0.9974328,0.01532066,0.06994294
-0.001074355,-0.9974328,0.01532066,0.06994294
-0.001074355,-0.9974328,0.01532066,0.06994294
-0.001074355,-0.9974328,0.01532066,0.06994294
-0.001074355,-0.9974328,0.01532066,0.06994294
-0.001074355,-0.9974328,0.01532066,0.06994294
-0.001074355,-0.9974328,0.01532066,0.06994294
-0.001073017,-0.9974389,0.01532075,0.06985585
-0.001070894,-0.9974486,0.0153209,0.06971764
-0.001062884,-0.9974849,0.01532146,0.06919614
-0.001057284,-0.9975101,0.01532185,0.06883152
-0.001050602,-0.9975399,0.01532231,0.0683965
-0.001042572,-0.9975757,0.01532285,0.06787373
-0.00103347,-0.9976159,0.01532347,0.06728119
-0.001012087,-0.9977088,0.0153249,0.06588902
-0.000999794,-0.9977612,0.0153257,0.06508873
-0.0009864299,-0.9978177,0.01532657,0.06421869
-0.0009717072,-0.9978789,0.01532751,0.06326018
-0.0009559157,-0.9979436,0.01532851,0.0622321
-0.0009211466,-0.9980821,0.01533063,0.0599685
-0.0009021706,-0.9981556,0.01533176,0.05873309
-0.0008821191,-0.9982316,0.01533293,0.05742767
-0.0008607169,-0.9983108,0.01533415,0.0560343
-0.0008382252,-0.9983918,0.01533539,0.05457001
-0.0007900476,-0.9985583,0.01533795,0.05143347
-0.0007643686,-0.998643,0.01533925,0.04976166
-0.0007376124,-0.9987283,0.01534056,0.04801973
-0.000709491,-0.9988147,0.01534188,0.04618892
-0.0006803193,-0.9989007,0.01534321,0.04428973
-0.0006187346,-0.9990704,0.01534581,0.04028033
-0.0005863335,-0.9991533,0.01534708,0.0381709
-0.0005528622,-0.9992341,0.01534833,0.0359918
-0.0005180391,-0.9993131,0.01534954,0.03372468
-0.0004821307,-0.9993894,0.01535071,0.0313869
-0.0004071074,-0.9995307,0.01535288,0.0265026
-0.0003680018,-0.999595,0.01535387,0.02395668
-0.0003278228,-0.9996544,0.01535478,0.02134087
-0.0002862788,-0.9997085,0.01535561,0.01863621
-0.0002436502,-0.9997563,0.01535635,0.01586092
-0.0001552136,-0.999831,0.01535749,0.01010336
-0.0001091017,-0.9998569,0.01535789,0.007101306
-6.221289E-05,-0.9998739,0.01535815,0.004048667
-1.397285E-05,-0.9998817,0.01535827,0.0009080583
3.535916E-05,-0.9998794,0.01535824,-0.002303642
0.0001371933,-0.9998422,0.01535767,-0.008933433
0.0001900151,-0.9998055,0.0153571,-0.01237233
0.0002436053,-0.9997563,0.01535635,-0.01586125
0.0002985483,-0.9996932,0.01535538,-0.01943826
0.0003545446,-0.9996156,0.01535419,-0.02308383
0.0004697292,-0.9994142,0.01535109,-0.03058278
0.0005289218,-0.9992889,0.01534917,-0.03443644
0.0005891735,-0.999146,0.01534697,-0.03835906
0.0006507719,-0.998984,0.01534448,-0.04236935
